40	33	23	
38	24	15	
34	48	0	
46	28	32	
17	13	22	
24	14	9	
43	3	47	
34	13	12	
23	20	24	
44	11	9	
49	2	13	
26	27	19	
16	26	38	
27	29	26	
41	24	21	
0	5	22	
5	47	26	
9	8	21	
37	12	17	
19	26	14	
8	43	38	
42	47	37	
16	2	41	
46	39	17	
18	37	3	
31	44	2	
15	47	32	
32	25	0	
27	32	21	
8	5	30	
15	45	47	
10	38	13	
24	6	31	
21	23	19	
32	33	23	
14	40	37	
2	0	41	
30	43	13	
40	23	48	
8	34	36	
8	3	41	
37	11	42	
9	27	37	
11	2	44	
36	12	45	
49	30	28	
35	33	23	
20	6	0	
31	17	39	
37	13	3	
86	65	55	
64	88	51	
62	53	52	
54	99	86	
84	51	71	
55	63	76	
64	88	98	
63	99	83	
94	58	85	
98	90	51	
83	85	64	
86	53	84	
69	78	75	
85	93	58	
82	63	68	
66	98	78	
85	95	87	
72	74	87	
66	85	93	
98	64	61	
95	76	63	
88	81	55	
91	85	68	
91	68	55	
97	94	69	
83	52	70	
75	91	97	
51	50	98	
78	63	58	
90	74	69	
87	76	95	
81	92	62	
74	97	50	
68	87	99	
77	85	97	
64	52	57	
81	55	56	
92	91	53	
57	90	55	
98	86	96	
89	56	67	
84	74	63	
85	79	84	
98	56	59	
72	57	69	
89	81	56	
72	99	61	
81	89	85	
74	66	89	
59	51	63	
123	108	122	
149	148	146	
149	134	111	
125	123	130	
135	104	138	
128	109	136	
149	134	147	
136	142	122	
129	114	146	
122	130	116	
140	105	123	
144	105	119	
108	121	111	
147	149	119	
102	119	116	
102	145	148	
102	133	119	
111	119	120	
140	149	139	
139	105	124	
129	146	145	
112	102	123	
146	133	104	
104	137	148	
133	132	125	
145	144	100	
100	148	118	
114	135	131	
135	109	105	
119	149	102	
123	106	148	
126	125	116	
129	107	106	
133	113	140	
127	109	117	
117	101	100	
117	134	102	
108	136	127	
111	130	139	
122	125	104	
111	147	115	
109	134	128	
141	133	120	
117	147	125	
142	100	127	
121	142	122	
101	117	139	
105	125	109	
135	100	117	
117	139	125	
152	199	197	
168	154	172	
188	196	197	
157	167	190	
167	183	194	
176	188	192	
160	198	183	
152	151	195	
189	187	170	
185	189	182	
166	184	186	
177	197	164	
152	190	189	
199	182	166	
179	169	187	
153	166	174	
157	173	170	
168	164	171	
184	198	176	
156	164	179	
165	177	151	
171	169	172	
196	174	166	
197	168	193	
153	180	156	
173	199	153	
162	188	180	
190	185	165	
159	155	157	
174	185	164	
160	173	178	
164	195	196	
176	189	199	
158	163	179	
164	185	186	
169	157	185	
193	175	187	
186	177	185	
165	168	188	
153	196	150	
196	197	180	
151	156	196	
195	193	192	
171	175	172	
199	182	154	
184	182	190	
158	159	196	
182	186	168	
186	161	191	
178	164	188	
228	206	208	
214	242	208	
229	217	222	
206	200	231	
229	233	247	
211	236	230	
234	226	202	
247	206	248	
228	216	236	
244	239	205	
241	212	248	
204	234	238	
240	220	213	
224	244	211	
229	244	211	
242	201	237	
236	244	206	
227	214	244	
214	201	213	
231	204	214	
222	239	206	
240	230	216	
239	244	206	
204	243	219	
235	218	228	
236	222	228	
226	233	239	
234	217	208	
229	227	214	
234	229	236	
248	223	211	
237	243	206	
220	218	213	
204	211	245	
210	246	200	
236	223	216	
225	208	249	
249	226	235	
226	211	241	
206	228	220	
220	233	200	
218	224	247	
242	225	207	
244	234	225	
204	235	246	
229	233	200	
240	200	233	
201	239	209	
207	225	211	
217	215	228	
288	252	264	
270	260	299	
254	250	269	
293	279	285	
252	285	284	
277	251	262	
299	271	277	
268	263	284	
250	297	279	
265	251	278	
272	254	258	
275	253	289	
266	284	294	
272	267	277	
287	270	250	
291	270	287	
252	296	285	
285	292	271	
279	294	284	
286	268	254	
296	289	261	
252	283	257	
276	270	252	
255	277	261	
295	256	266	
275	251	270	
265	288	258	
286	265	296	
290	280	270	
250	282	279	
287	263	273	
296	267	294	
276	290	250	
274	298	272	
270	267	272	
272	283	295	
280	281	297	
274	253	286	
251	260	266	
257	253	288	
273	299	290	
260	278	291	
283	257	280	
284	256	279	
266	274	255	
287	264	285	
283	291	271	
277	267	278	
273	298	267	
268	277	254	
346	343	338	
333	344	322	
343	339	342	
338	306	326	
324	301	333	
345	325	344	
302	328	317	
341	306	332	
326	334	313	
348	339	349	
303	326	306	
321	342	328	
326	310	336	
333	312	343	
342	321	346	
338	342	301	
309	339	345	
320	304	301	
335	313	306	
302	327	315	
305	330	306	
337	345	307	
316	305	321	
339	346	318	
329	307	344	
347	318	326	
314	308	321	
327	301	348	
334	338	300	
319	341	315	
325	310	304	
341	318	308	
331	301	319	
326	333	343	
345	331	311	
329	305	336	
330	321	303	
319	349	305	
309	307	346	
348	346	321	
342	341	322	
335	344	300	
336	333	322	
319	343	328	
309	340	338	
331	334	346	
348	334	339	
328	325	333	
324	317	302	
344	349	323	
350	368	383	
360	353	379	
386	392	363	
376	390	381	
356	357	397	
390	355	396	
363	399	370	
392	370	356	
365	380	396	
379	356	389	
362	375	351	
357	392	360	
368	399	358	
390	371	379	
375	397	388	
383	359	393	
386	372	398	
357	380	363	
360	387	374	
364	353	392	
399	350	358	
394	361	386	
360	355	394	
359	381	389	
365	361	371	
374	350	371	
369	382	372	
378	379	369	
367	365	377	
356	371	378	
373	386	359	
355	388	376	
365	360	374	
390	375	377	
373	375	390	
391	392	358	
377	393	394	
385	356	360	
361	396	390	
379	391	398	
356	384	357	
380	398	356	
352	383	353	
357	351	376	
394	385	386	
397	396	393	
396	376	380	
362	352	385	
375	389	372	
383	355	377	
446	423	432	
426	428	416	
425	440	418	
407	401	403	
425	446	438	
412	444	418	
420	439	441	
406	432	408	
417	423	416	
408	409	400	
441	411	445	
435	433	402	
419	433	406	
402	413	448	
448	436	405	
403	427	426	
426	406	448	
429	440	409	
414	433	432	
448	442	427	
422	409	401	
400	424	449	
427	400	424	
434	430	420	
438	447	416	
439	425	441	
438	426	422	
408	448	414	
421	430	436	
434	409	421	
403	404	441	
443	432	403	
422	414	446	
443	400	419	
421	433	404	
434	416	436	
437	431	416	
412	428	414	
416	408	424	
426	406	400	
402	431	449	
424	429	449	
414	442	411	
430	423	400	
401	423	421	
422	415	440	
443	440	434	
426	437	444	
411	424	400	
401	439	406	
457	489	466	
477	485	468	
465	473	496	
473	490	467	
461	492	482	
474	485	486	
450	461	481	
460	475	459	
462	479	460	
480	456	490	
480	464	491	
482	458	491	
463	482	479	
468	469	465	
488	455	462	
460	464	495	
462	459	475	
468	458	497	
455	484	452	
473	464	470	
493	487	495	
481	461	471	
476	491	455	
452	470	497	
478	466	459	
489	469	488	
492	459	499	
469	488	487	
474	461	489	
454	455	476	
474	498	489	
499	453	457	
468	480	490	
475	492	493	
466	494	487	
494	489	450	
497	492	457	
490	499	467	
450	454	497	
485	490	472	
496	471	487	
458	470	478	
479	484	460	
463	456	461	
457	475	450	
474	455	494	
499	470	467	
464	454	468	
487	490	491	
450	485	489	
7	19	17	40	
28	33	45	47	
23	15	16	2	
13	34	44	41	
30	14	46	13	
9	10	37	5	
1	49	11	33	
27	3	6	23	
17	43	49	38	
9	49	27	16	
5	26	40	0	
32	40	33	44	
23	43	27	15	
1	25	2	41	
28	19	20	38	
20	33	10	19	
35	21	13	23	
16	36	28	27	
37	47	8	40	
48	1	23	15	
33	48	41	45	
35	21	41	13	
23	32	18	48	
37	42	12	18	
47	7	31	24	
46	36	37	3	
33	6	12	5	
46	1	18	2	
4	41	2	20	
32	49	17	14	
41	42	25	47	
4	20	42	49	
34	32	33	12	
3	35	44	48	
13	44	5	14	
15	5	1	4	
30	4	25	27	
26	43	8	21	
16	19	32	33	
49	10	13	22	
48	36	7	37	
18	24	13	49	
31	43	6	23	
47	30	4	39	
2	4	38	39	
13	22	29	43	
28	22	26	6	
15	37	19	45	
46	29	4	1	
1	42	21	47	
76	78	50	63	
80	98	84	74	
72	78	61	81	
84	85	74	61	
76	64	96	94	
60	66	54	97	
88	62	64	55	
61	91	57	51	
64	92	74	63	
83	66	57	76	
77	74	57	63	
73	79	59	89	
88	83	50	81	
71	96	60	52	
92	79	55	73	
80	88	90	82	
74	92	50	58	
82	94	53	76	
73	90	53	78	
93	86	51	91	
70	98	57	94	
90	85	78	95	
80	92	85	99	
76	96	94	80	
97	70	65	82	
84	66	65	87	
59	88	93	62	
87	57	51	94	
90	75	63	86	
87	96	95	57	
86	63	96	87	
79	98	84	91	
94	52	79	63	
62	91	69	57	
59	57	99	54	
59	78	94	54	
66	74	91	59	
74	73	60	97	
92	58	77	89	
71	57	58	55	
74	82	59	76	
61	76	88	56	
82	80	70	72	
79	93	91	98	
76	83	60	98	
64	99	59	51	
83	96	87	90	
91	76	92	54	
99	84	72	96	
94	78	83	58	
112	128	105	123	
129	133	101	145	
110	139	146	134	
136	127	119	116	
108	100	135	107	
101	119	140	108	
123	139	111	136	
142	104	108	113	
148	107	131	117	
113	133	128	130	
117	138	137	142	
113	119	121	102	
134	102	101	142	
118	148	104	116	
124	115	104	127	
104	133	110	126	
113	130	101	115	
100	112	128	131	
111	103	145	126	
112	148	133	129	
131	108	112	111	
144	109	123	136	
122	139	147	146	
135	118	105	124	
139	135	107	106	
135	131	106	141	
101	118	139	147	
142	145	117	114	
120	113	116	147	
138	102	110	120	
123	149	103	105	
133	101	110	141	
127	126	147	133	
143	113	114	122	
126	106	138	114	
141	148	133	135	
103	109	117	132	
119	116	121	142	
148	132	108	104	
128	136	113	130	
108	146	103	110	
136	108	137	146	
133	123	121	111	
121	148	147	122	
125	143	100	133	
132	139	143	144	
136	100	146	112	
149	102	124	125	
112	143	120	110	
132	112	147	142	
193	189	157	181	
159	177	168	160	
165	171	184	175	
173	183	182	175	
163	166	154	195	
177	196	172	162	
171	155	184	191	
174	197	189	158	
179	182	150	175	
179	168	155	183	
150	157	164	171	
160	181	155	165	
177	170	193	161	
197	176	190	168	
197	184	191	168	
185	170	178	152	
156	176	181	162	
165	176	192	185	
197	170	152	151	
165	169	189	163	
150	155	167	187	
188	171	152	164	
185	179	160	162	
198	187	176	185	
178	197	183	154	
152	154	183	172	
181	150	187	152	
157	163	177	155	
185	167	170	180	
171	179	163	168	
157	165	164	175	
196	184	173	158	
178	151	154	186	
158	197	152	185	
186	154	168	189	
178	165	197	191	
181	189	159	195	
186	161	173	159	
168	166	193	176	
189	186	184	156	
181	182	167	188	
177	192	180	170	
182	152	185	192	
168	167	183	173	
172	161	187	158	
184	165	167	150	
150	167	174	183	
169	163	171	151	
173	168	181	165	
177	182	159	151	
215	226	218	243	
208	205	202	203	
205	221	214	200	
206	217	223	229	
246	233	221	228	
214	248	231	205	
245	247	206	234	
225	214	218	249	
227	205	218	210	
224	242	227	216	
219	204	236	228	
245	205	227	242	
212	232	201	249	
203	200	249	236	
230	227	217	223	
216	207	208	225	
229	233	235	219	
206	249	212	226	
218	232	205	214	
202	230	208	245	
210	211	221	228	
229	247	204	218	
211	221	248	238	
206	205	203	211	
214	233	215	236	
249	208	206	231	
243	225	220	235	
242	246	231	225	
212	216	220	206	
204	202	235	220	
212	203	207	216	
243	229	211	203	
207	218	211	220	
249	245	216	226	
209	221	244	231	
206	202	232	231	
210	224	201	222	
212	209	233	203	
215	201	210	233	
245	217	239	229	
207	237	238	232	
215	218	208	235	
223	224	221	205	
223	231	211	218	
232	235	237	227	
220	210	233	237	
244	239	238	223	
215	206	224	204	
220	246	239	227	
203	228	224	225	
256	253	293	298	
256	285	268	274	
252	286	298	299	
262	269	273	297	
277	294	288	291	
250	296	276	254	
250	295	270	293	
296	295	274	297	
262	285	279	254	
256	274	272	298	
270	282	253	257	
291	296	267	251	
285	291	268	282	
250	279	285	299	
291	271	290	273	
284	269	266	265	
298	276	259	280	
256	283	298	296	
284	287	268	267	
256	273	294	261	
281	273	291	298	
285	282	292	257	
276	283	268	271	
254	259	281	251	
293	264	275	252	
257	285	272	293	
294	285	272	279	
270	260	257	292	
255	260	280	267	
268	264	262	292	
260	261	272	283	
252	294	287	260	
265	299	284	275	
267	283	280	282	
292	259	265	277	
285	288	275	262	
269	287	289	295	
293	292	263	272	
281	280	260	254	
286	295	272	275	
292	277	267	269	
274	277	254	279	
268	290	260	274	
252	251	297	291	
256	299	258	267	
269	262	296	277	
272	276	284	278	
290	280	274	271	
264	289	262	292	
256	296	284	264	
335	319	307	332	
330	345	325	342	
300	306	317	342	
302	349	330	331	
329	321	305	307	
324	308	328	348	
347	324	340	335	
316	328	331	334	
348	333	307	315	
332	308	301	326	
336	329	315	337	
302	336	340	328	
312	317	300	328	
311	308	322	344	
346	349	317	342	
348	336	304	340	
341	345	329	304	
314	342	307	325	
339	323	312	317	
341	305	318	309	
317	330	322	341	
344	340	330	326	
316	326	332	311	
348	322	343	317	
324	326	349	347	
301	347	343	344	
336	323	300	339	
349	326	319	311	
335	333	316	302	
321	318	344	304	
300	341	337	305	
320	337	326	344	
344	307	317	343	
334	324	340	305	
341	336	318	306	
315	322	335	314	
323	321	319	335	
311	324	326	310	
340	321	308	320	
342	303	331	334	
303	317	344	338	
300	340	313	315	
320	341	343	302	
318	334	339	346	
337	309	304	329	
300	328	340	319	
318	305	310	301	
346	314	307	329	
342	337	301	305	
323	331	308	325	
371	364	383	376	
353	359	396	370	
366	393	390	372	
393	375	366	390	
379	399	351	368	
363	351	364	373	
366	389	356	392	
380	383	351	370	
388	393	356	350	
383	351	367	358	
386	357	392	362	
380	375	394	373	
372	360	369	366	
375	390	356	362	
357	380	352	375	
379	396	399	385	
361	353	376	375	
382	380	379	387	
366	391	355	384	
368	352	355	380	
386	358	395	372	
368	393	396	395	
350	366	368	357	
354	393	366	377	
386	392	373	357	
362	385	383	365	
354	389	376	391	
368	374	367	396	
398	357	366	372	
391	377	384	383	
385	394	362	377	
391	390	351	358	
370	367	372	392	
375	350	376	380	
364	395	365	367	
385	391	363	370	
371	382	376	398	
392	371	367	383	
369	393	365	378	
389	385	363	355	
388	396	367	364	
368	385	357	384	
364	381	385	395	
352	378	359	383	
385	394	382	356	
356	396	369	392	
379	371	353	382	
361	381	363	393	
378	363	354	357	
369	391	353	357	
421	425	409	430	
409	410	408	430	
409	403	418	420	
429	406	411	436	
400	417	402	435	
425	430	406	447	
431	445	437	406	
414	402	405	445	
442	437	412	435	
420	411	424	438	
437	440	401	413	
431	443	432	428	
423	427	431	404	
446	402	413	425	
434	400	407	405	
405	437	447	449	
405	408	423	417	
410	439	423	437	
443	405	445	424	
424	426	407	403	
429	448	402	407	
436	430	410	443	
443	414	421	409	
439	406	445	404	
404	449	429	434	
421	444	441	434	
434	401	422	403	
447	433	428	443	
413	430	443	441	
422	426	427	438	
409	422	437	425	
434	437	414	444	
411	449	420	444	
447	438	442	402	
422	439	433	409	
403	432	412	401	
437	431	423	409	
447	411	428	403	
404	412	423	432	
405	411	413	419	
440	401	443	402	
426	441	420	415	
428	444	416	408	
433	423	416	413	
440	407	413	439	
439	412	426	434	
420	443	430	425	
411	436	423	400	
447	410	414	404	
420	440	405	432	
455	468	451	456	
477	485	468	475	
469	481	456	459	
472	466	468	499	
463	491	490	476	
490	454	485	463	
460	465	454	475	
490	493	474	487	
457	456	465	468	
474	485	499	459	
499	460	487	458	
451	485	499	455	
471	485	465	464	
472	466	451	461	
457	479	467	456	
495	472	478	470	
489	488	498	475	
471	476	489	491	
468	476	461	483	
483	452	487	461	
494	452	450	496	
496	473	461	481	
451	469	479	487	
485	454	459	455	
498	459	462	467	
451	468	480	493	
460	458	456	468	
458	498	496	455	
457	478	496	460	
457	472	490	467	
458	472	450	485	
490	491	479	492	
483	480	457	488	
480	456	493	473	
464	484	469	499	
491	478	464	495	
451	475	467	464	
467	497	453	456	
468	466	491	489	
490	495	479	461	
499	487	476	480	
493	499	474	455	
456	458	453	489	
495	456	472	466	
461	467	487	457	
467	482	463	455	
482	454	493	480	
450	499	452	459	
482	471	480	461	
465	490	461	479	
47	45	29	15	7	
30	15	3	1	27	
28	37	0	36	25	
27	41	6	42	5	
19	40	5	38	0	
33	11	44	40	3	
15	24	2	0	33	
49	8	10	16	35	
37	27	45	31	24	
13	39	40	12	8	
44	9	38	32	42	
39	33	24	21	37	
13	37	2	49	24	
0	19	1	2	11	
12	27	21	28	34	
32	44	19	31	27	
26	31	43	46	20	
31	40	33	49	48	
13	1	28	49	32	
18	35	36	40	49	
44	28	7	14	43	
41	3	19	42	23	
40	36	8	3	10	
7	44	27	19	42	
45	44	12	42	40	
8	47	42	26	30	
21	48	45	18	34	
27	10	39	47	31	
41	14	6	19	36	
9	42	13	0	45	
15	45	16	1	28	
12	19	35	3	33	
47	13	33	40	42	
38	22	47	9	12	
35	45	41	1	22	
12	23	33	42	47	
47	27	33	37	31	
19	10	45	47	25	
5	34	39	40	12	
49	45	32	40	6	
28	7	26	18	21	
33	24	31	1	27	
14	12	15	44	24	
13	20	32	40	1	
32	21	36	22	20	
35	32	45	16	14	
39	10	42	23	16	
12	27	2	43	15	
0	21	28	12	42	
3	35	6	37	48	
68	99	51	60	91	
56	74	55	53	78	
70	81	60	91	58	
68	78	66	76	86	
97	74	75	58	96	
72	79	57	98	62	
98	86	59	53	84	
87	75	51	82	89	
73	63	50	56	81	
95	69	79	62	75	
56	89	80	50	63	
74	53	63	90	86	
76	51	78	52	61	
63	84	61	85	74	
71	60	87	64	92	
71	68	96	74	72	
61	58	84	90	54	
75	72	69	93	51	
61	55	51	63	83	
88	51	87	92	76	
86	59	61	55	53	
86	62	98	76	74	
50	73	82	92	93	
75	67	55	53	98	
94	89	78	65	63	
85	90	58	77	96	
92	51	91	52	88	
54	60	87	92	74	
67	71	60	61	70	
88	57	65	56	72	
91	78	50	73	86	
56	53	58	70	64	
55	75	66	95	61	
56	53	76	88	71	
88	80	79	75	92	
62	90	88	58	84	
89	57	75	58	85	
98	67	72	79	90	
98	97	89	56	83	
93	87	80	50	85	
57	81	52	92	77	
85	50	80	77	96	
54	57	62	89	59	
64	53	93	71	52	
55	84	94	87	98	
79	62	69	77	72	
67	68	56	85	52	
70	66	86	52	75	
92	62	90	96	82	
70	72	75	57	91	
148	140	121	115	141	
148	128	114	136	123	
116	121	146	126	115	
141	105	134	120	137	
137	134	126	123	117	
132	118	114	133	105	
107	120	116	147	113	
130	145	107	105	147	
133	126	132	116	135	
127	143	129	102	130	
137	147	130	125	145	
105	138	107	130	122	
115	122	100	142	126	
100	123	113	108	116	
110	115	141	106	137	
134	146	109	147	145	
109	113	138	136	108	
143	140	117	147	133	
139	102	148	128	113	
108	137	111	120	119	
100	135	123	108	105	
103	126	145	128	132	
124	107	103	119	104	
101	115	121	138	131	
118	125	116	113	110	
119	124	142	140	112	
113	120	112	132	140	
108	134	114	148	126	
140	105	145	102	115	
111	148	116	103	118	
100	135	149	113	143	
107	128	140	126	110	
117	139	130	107	144	
126	109	112	139	130	
108	133	140	139	122	
109	100	107	106	116	
123	122	106	103	128	
124	140	126	131	104	
134	131	147	132	103	
117	145	147	133	100	
128	117	135	103	109	
100	132	128	121	134	
134	132	112	118	120	
140	118	120	104	115	
147	112	127	149	102	
140	111	142	121	134	
112	124	131	139	129	
109	102	144	118	125	
110	100	109	125	108	
125	115	145	114	147	
172	169	185	153	192	
168	194	175	192	169	
165	175	196	160	152	
157	198	174	186	197	
176	191	178	175	164	
198	167	156	170	176	
156	186	190	177	196	
173	190	194	162	192	
172	165	159	181	162	
191	153	165	196	160	
185	162	174	198	172	
174	194	163	162	165	
183	164	178	182	189	
162	176	180	163	187	
179	176	174	152	175	
198	183	187	151	190	
190	182	193	191	188	
175	186	183	153	172	
174	196	163	176	179	
167	188	161	194	173	
165	176	163	174	159	
155	178	181	186	173	
180	171	162	159	193	
184	168	157	196	164	
157	176	182	159	187	
150	174	154	180	169	
195	197	188	163	156	
153	197	187	189	183	
190	165	192	155	151	
179	163	196	189	153	
189	196	176	197	154	
163	162	160	172	178	
154	184	188	186	150	
176	173	191	196	181	
162	185	154	160	186	
173	179	166	175	170	
182	196	178	153	184	
190	166	157	178	159	
182	166	180	170	185	
187	196	157	179	152	
168	156	190	192	180	
162	196	165	155	199	
161	167	175	177	172	
157	170	173	154	153	
184	198	193	154	158	
195	162	189	168	171	
173	157	160	182	170	
160	190	198	181	183	
195	164	190	174	181	
183	175	180	173	156	
201	213	209	236	206	
233	219	230	235	245	
223	241	245	200	226	
248	230	223	239	233	
230	211	222	219	236	
208	212	232	247	226	
247	220	248	233	224	
248	214	219	226	211	
221	234	230	218	205	
208	240	233	243	247	
249	245	239	206	236	
244	204	210	234	207	
202	229	249	224	213	
210	235	234	222	239	
223	214	225	247	233	
235	206	215	246	202	
222	205	204	202	221	
243	221	218	214	247	
242	230	235	231	227	
215	206	220	212	236	
248	219	238	216	236	
224	226	223	245	234	
222	203	218	244	204	
203	206	214	242	232	
215	209	222	246	221	
211	231	237	241	236	
204	247	239	216	218	
218	237	241	243	212	
240	222	244	247	239	
243	214	224	239	245	
246	220	235	249	240	
232	220	211	240	204	
224	242	241	209	214	
233	235	237	215	230	
237	240	217	229	249	
231	243	245	209	223	
203	220	214	242	235	
238	211	239	236	247	
220	209	246	228	221	
218	205	216	211	201	
201	244	203	238	211	
226	207	245	224	205	
235	232	215	228	206	
223	235	205	209	204	
206	239	229	225	228	
215	241	206	238	200	
227	244	221	240	241	
213	203	215	232	239	
248	222	215	200	219	
203	200	208	229	248	
256	281	297	299	271	
269	292	299	276	275	
271	297	269	296	256	
296	268	295	273	281	
270	274	286	252	261	
251	293	276	297	295	
292	274	263	261	267	
263	267	260	275	254	
266	273	259	292	271	
297	288	281	253	293	
278	290	265	268	295	
264	259	273	289	279	
275	274	297	278	252	
260	281	278	270	271	
280	296	268	275	294	
273	298	290	253	284	
293	290	299	273	253	
267	257	252	253	270	
261	287	262	268	286	
257	259	279	253	252	
278	291	299	276	277	
258	255	296	280	257	
288	292	275	299	250	
256	284	272	294	297	
270	295	277	258	262	
267	281	261	291	274	
262	295	280	268	275	
254	267	250	291	260	
250	264	259	275	252	
277	283	299	267	251	
288	259	286	273	258	
279	297	265	260	299	
266	265	277	264	289	
276	299	281	272	259	
253	251	265	291	267	
279	288	272	277	286	
257	277	259	263	275	
257	281	276	258	288	
272	291	270	256	283	
278	293	298	299	289	
255	275	258	268	254	
255	291	259	282	299	
263	287	286	288	299	
262	294	256	289	298	
252	272	292	271	298	
291	265	284	297	280	
292	299	287	281	262	
265	292	273	293	256	
254	256	271	272	284	
259	266	261	294	289	
331	345	332	304	308	
335	334	321	313	342	
306	344	318	316	315	
320	310	309	325	347	
329	313	309	319	310	
330	323	329	345	347	
302	329	322	343	301	
325	321	300	324	319	
346	310	319	344	312	
331	338	302	334	316	
303	331	312	300	322	
339	307	334	312	315	
305	303	314	349	313	
307	334	304	338	335	
330	327	338	336	329	
342	312	339	302	307	
330	348	305	307	322	
318	313	300	321	327	
338	300	342	334	324	
345	335	327	322	305	
328	315	347	312	330	
327	349	308	342	312	
301	303	306	326	317	
338	301	344	326	312	
335	349	327	301	314	
305	306	313	344	347	
323	327	302	311	322	
308	325	334	332	349	
343	312	332	303	338	
312	314	303	304	345	
321	339	336	332	327	
337	326	344	304	331	
348	307	327	300	328	
314	334	309	302	310	
330	331	329	341	344	
326	312	349	302	334	
321	315	317	340	320	
302	311	346	300	318	
322	304	334	307	314	
307	335	344	310	309	
328	311	308	312	307	
323	347	325	335	327	
341	301	331	324	305	
313	345	343	305	302	
330	337	302	318	309	
315	345	346	330	327	
327	307	321	302	310	
332	319	315	302	322	
306	322	318	336	328	
314	312	345	347	310	
360	385	389	371	384	
364	373	382	360	368	
392	377	363	354	378	
350	391	352	392	387	
362	389	351	366	393	
399	395	392	373	389	
385	396	352	356	371	
380	378	365	359	368	
373	374	383	351	369	
398	395	389	392	362	
355	397	368	376	394	
385	363	390	380	369	
368	351	398	353	383	
351	387	373	365	374	
381	360	366	367	372	
382	354	376	365	362	
367	386	359	377	376	
375	361	396	359	387	
362	358	392	387	350	
388	396	365	385	361	
390	361	367	351	364	
388	369	398	397	358	
377	369	363	387	384	
371	366	386	350	383	
360	367	351	355	393	
388	389	372	368	370	
350	395	393	381	391	
389	375	366	355	395	
369	354	383	351	357	
376	371	361	378	353	
355	381	398	351	384	
383	353	397	380	386	
366	378	371	354	381	
350	382	361	398	368	
362	397	394	385	370	
363	384	360	379	381	
394	365	387	374	356	
382	377	387	388	385	
385	395	360	379	394	
357	367	370	381	374	
352	373	398	371	380	
391	370	354	365	385	
359	364	397	369	376	
383	386	358	370	373	
350	374	364	394	372	
357	370	395	379	352	
382	352	397	361	369	
374	389	359	382	353	
393	381	374	362	395	
393	379	380	391	358	
447	415	418	420	414	
411	414	443	447	431	
418	425	415	408	430	
444	431	422	437	401	
414	421	416	415	441	
400	414	436	412	403	
428	438	449	433	420	
410	421	440	415	441	
407	432	446	416	415	
441	439	436	400	425	
436	444	448	433	407	
447	405	406	424	423	
410	447	407	429	415	
413	447	400	423	445	
400	406	410	446	401	
428	419	409	408	424	
415	407	443	447	436	
422	428	431	411	417	
407	436	411	442	447	
415	416	439	430	444	
434	427	428	409	401	
410	435	427	413	404	
418	401	400	437	422	
437	411	442	430	431	
402	435	449	418	426	
413	406	444	405	439	
416	441	444	426	443	
446	434	416	401	429	
407	401	445	421	406	
444	442	427	437	422	
418	448	443	409	413	
419	411	447	423	406	
440	413	447	439	444	
447	404	400	406	427	
403	440	420	437	404	
424	437	407	416	421	
427	431	419	448	428	
442	413	423	411	419	
423	415	420	406	434	
417	405	404	428	420	
447	403	445	417	434	
433	436	442	412	427	
441	438	421	447	434	
425	405	447	411	418	
404	444	402	427	406	
411	434	432	414	403	
435	445	417	407	419	
427	411	418	445	433	
435	429	424	426	447	
400	424	401	427	428	
459	458	465	498	494	
496	450	475	489	463	
490	499	454	453	480	
451	466	452	479	478	
487	493	471	472	454	
490	498	483	471	450	
483	455	471	456	462	
467	483	451	478	470	
473	495	457	497	488	
481	457	475	459	484	
457	467	468	450	492	
476	495	459	498	483	
458	450	481	451	474	
485	480	476	455	495	
465	478	452	461	486	
473	480	468	462	483	
480	466	467	486	477	
475	461	497	487	471	
490	476	458	452	467	
475	474	481	473	479	
470	495	451	478	460	
480	491	457	495	460	
468	480	485	486	497	
476	450	482	455	483	
494	474	465	479	463	
481	456	491	498	451	
454	479	495	464	486	
457	498	477	454	491	
478	497	453	496	490	
467	456	469	459	473	
472	477	473	484	487	
460	484	492	480	478	
454	490	464	493	474	
485	469	464	480	455	
457	484	466	476	481	
456	485	463	481	482	
479	467	481	487	463	
485	469	465	483	463	
454	462	469	492	459	
469	465	467	473	464	
494	498	488	481	482	
478	496	473	486	476	
450	451	499	493	454	
461	452	469	477	459	
478	455	491	490	459	
493	491	490	464	477	
467	466	477	478	490	
467	476	466	455	477	
487	477	457	468	494	
497	455	451	481	450	
374	391	276	439	442	432	
243	176	301	122	470	323	
120	239	495	276	248	434	
41	369	179	136	95	375	
410	49	153	414	135	471	
467	63	334	24	156	409	
448	91	275	247	439	18	
74	209	424	476	390	29	
493	325	489	26	217	322	
372	478	131	390	84	51	
350	224	15	352	400	198	
327	285	335	167	72	227	
483	412	8	270	59	410	
68	154	462	209	446	137	
495	484	266	101	375	5	
391	371	87	333	86	457	
114	219	188	418	222	131	
97	355	185	485	435	165	
336	127	351	166	75	33	
59	188	498	268	345	429	
255	189	391	155	258	283	
452	20	488	113	32	264	
440	453	255	124	443	295	
362	6	192	244	309	239	
79	150	399	118	289	194	
421	333	39	366	216	120	
320	139	326	34	412	433	
409	478	260	189	438	396	
246	40	426	202	316	465	
74	324	303	406	398	362	
83	488	205	77	122	287	
262	117	234	246	377	297	
196	403	412	444	436	15	
166	73	463	149	57	278	
319	442	453	69	81	337	
97	215	338	350	318	412	
189	165	292	342	327	362	
368	43	175	214	159	321	
161	140	373	110	473	362	
435	347	259	454	44	195	
464	448	9	245	291	157	
495	93	104	367	5	337	
137	232	78	177	109	381	
380	222	337	473	348	367	
458	211	327	33	292	14	
147	91	448	307	462	5	
402	35	11	77	426	198	
137	141	330	338	255	331	
453	41	11	95	285	91	
464	168	452	49	95	128	
90	359	54	77	41	417	
151	180	438	432	232	495	
317	177	488	62	138	371	
238	288	175	332	402	409	
218	192	462	245	364	470	
321	224	327	112	259	34	
41	332	283	346	180	60	
475	427	489	478	364	302	
467	48	252	232	150	197	
233	25	472	222	84	69	
215	350	212	320	412	229	
41	434	109	455	99	42	
114	218	321	189	480	259	
234	133	122	329	452	170	
63	436	12	39	50	371	
124	71	489	485	352	274	
403	302	173	62	9	3	
497	310	10	265	106	323	
301	368	152	181	345	389	
493	171	362	58	168	368	
356	196	135	326	98	470	
266	330	331	388	371	438	
259	75	226	332	247	278	
56	241	443	27	68	455	
459	392	143	19	46	307	
476	193	291	114	231	144	
274	243	364	284	355	119	
294	107	25	382	406	215	
228	416	328	264	204	347	
63	101	200	313	142	215	
328	484	183	368	375	466	
398	323	324	384	32	225	
72	411	279	87	241	134	
461	495	288	247	254	327	
83	305	329	460	379	42	
4	418	328	333	217	26	
314	95	335	275	261	154	
285	186	394	116	420	50	
266	220	294	115	110	267	
171	476	23	103	237	252	
235	340	474	203	58	456	
228	271	63	142	13	485	
486	274	487	240	450	200	
363	424	161	445	28	247	
109	302	480	490	375	214	
355	251	107	218	186	429	
243	61	9	98	336	27	
308	76	469	403	138	146	
471	254	92	381	9	184	
28	55	324	39	308	252	
270	139	349	309	449	156	
307	182	456	268	494	377	
188	352	28	190	118	39	
54	90	485	177	71	336	
70	291	295	211	114	273	
14	80	199	431	477	377	
428	394	410	84	479	170	
222	25	277	165	324	288	
312	180	355	376	277	268	
172	203	344	349	473	165	
489	257	236	120	408	209	
357	81	380	354	417	207	
128	241	366	77	496	44	
389	167	315	324	198	332	
397	142	235	18	443	378	
296	395	453	414	3	42	
102	321	341	40	65	24	
426	106	272	466	330	43	
28	146	256	1	380	110	
377	232	383	20	187	179	
252	137	43	88	62	212	
211	467	451	99	425	447	
64	345	39	43	72	299	
77	434	195	25	97	268	
156	201	51	7	130	443	
185	121	106	430	282	263	
273	176	366	459	50	213	
270	84	439	10	371	425	
412	290	455	155	386	308	
150	316	243	323	36	329	
73	321	435	218	271	196	
458	195	79	40	169	278	
42	299	234	452	30	26	
71	183	415	257	46	461	
493	265	318	358	34	163	
86	423	250	50	206	255	
261	197	222	313	164	275	
127	67	23	371	59	438	
227	463	405	167	380	180	
115	202	252	19	355	129	
151	348	241	495	471	334	
404	51	67	250	103	338	
255	444	128	118	369	420	
488	207	79	125	331	227	
38	224	448	274	430	105	
185	366	478	281	10	133	
306	340	328	136	362	412	
204	28	388	412	216	286	
386	126	135	484	49	333	
86	445	363	3	74	259	
105	331	110	1	12	159	329	
267	402	421	162	233	334	414	
216	391	308	163	196	121	447	
81	478	56	211	97	266	29	
452	156	113	350	314	498	124	
448	98	160	348	59	171	192	
224	309	200	79	498	238	165	
475	416	105	163	270	133	403	
435	104	33	52	245	288	262	
15	407	444	8	80	72	143	
460	210	31	157	470	17	244	
424	342	464	290	132	111	482	
117	397	354	49	473	20	128	
408	435	459	363	329	256	172	
353	229	191	188	267	166	342	
290	147	366	3	135	203	475	
101	224	459	258	3	244	209	
140	205	361	173	239	35	185	
241	457	424	361	373	139	181	
50	381	71	216	316	73	171	
227	123	299	411	313	275	245	
424	477	106	316	122	44	120	
220	105	230	145	195	388	53	
184	387	92	397	492	132	234	
175	265	239	482	371	373	319	
450	353	254	416	273	166	172	
495	178	156	232	219	65	10	
153	325	8	302	416	57	134	
392	120	289	390	366	215	123	
21	252	273	232	354	253	19	
308	282	242	39	44	245	195	
302	213	485	287	487	207	91	
307	300	68	348	86	93	4	
89	280	177	53	126	299	364	
410	92	124	221	276	422	233	
470	16	51	177	451	174	18	
485	99	482	218	69	181	406	
368	101	76	25	227	154	91	
126	495	306	410	181	117	8	
491	421	244	158	450	266	259	
144	468	306	410	423	375	470	
349	429	134	248	150	332	125	
47	178	433	130	427	461	133	
395	477	236	407	7	37	163	
396	479	446	282	89	404	197	
7	291	373	21	423	346	54	
15	380	195	144	439	366	73	
28	410	389	449	447	257	458	
111	382	187	329	284	487	59	
315	456	232	124	220	26	377	
296	297	483	123	401	347	317	
128	278	471	255	438	259	242	
259	24	267	18	98	155	122	
43	443	28	433	127	41	323	
480	27	178	379	79	498	429	
128	441	169	413	184	25	74	
391	154	106	15	233	179	493	
234	403	3	263	367	427	130	
131	56	99	101	254	379	201	
337	394	190	377	234	7	334	
308	278	439	349	43	356	397	
346	211	307	284	171	206	248	
365	202	120	49	428	389	432	
195	435	483	220	140	44	348	
329	421	216	370	424	34	476	
113	227	77	236	369	205	332	
492	387	183	349	162	428	231	
50	347	369	128	219	322	291	
280	43	197	191	357	303	346	
48	221	379	32	416	35	94	
490	211	209	190	37	231	168	
124	192	217	370	303	274	164	
29	33	230	15	140	412	336	
266	252	77	60	183	430	54	
128	103	351	32	249	469	364	
94	416	310	371	434	368	117	
264	424	153	188	53	342	2	
31	489	138	54	431	234	382	
3	9	80	309	274	463	279	
204	236	445	420	73	122	347	
227	498	316	421	269	224	390	
417	366	397	231	111	1	403	
310	379	204	265	407	343	75	
430	281	442	316	151	433	408	
23	29	414	111	194	326	227	
369	445	212	438	324	330	29	
435	252	397	492	365	109	354	
282	423	352	482	286	244	288	
472	386	341	370	343	283	86	
471	200	151	401	230	68	204	
60	387	433	471	4	334	301	
353	205	299	326	98	236	222	
109	397	113	357	251	275	143	
11	222	382	140	52	210	489	
157	260	293	296	406	315	461	
253	102	87	118	484	38	364	
404	340	253	12	237	86	124	
222	88	302	338	251	226	356	
269	112	44	482	96	399	303	
229	188	402	409	392	242	158	
162	271	160	369	142	356	391	
70	409	482	257	335	345	284	
304	484	306	133	247	441	211	
373	3	199	152	138	407	105	
461	356	465	359	491	496	8	
96	81	372	32	163	331	485	
470	23	196	92	322	320	17	
52	276	120	459	315	374	420	
182	462	264	341	10	36	238	
136	117	24	68	76	218	118	
185	89	155	192	496	146	60	
126	398	199	108	321	70	98	
430	447	112	8	188	6	434	
275	295	207	44	185	332	358	
313	461	292	349	137	419	208	
170	281	412	328	198	303	248	
410	462	295	403	384	450	405	
389	421	100	423	19	371	460	
30	326	327	338	15	175	486	
417	161	425	8	45	179	487	
242	182	148	367	114	174	441	
196	292	425	129	260	324	149	
246	492	143	498	43	15	91	
491	457	484	147	424	486	35	
250	372	345	371	186	70	249	
470	135	119	303	376	211	164	
190	129	247	464	223	138	206	
215	402	488	257	100	381	371	
36	80	7	442	206	209	327	
126	133	364	159	366	469	1	
109	419	129	133	342	119	437	
423	215	298	249	308	53	276	
260	60	89	111	156	326	248	
460	385	141	356	188	390	74	
424	431	208	383	391	29	286	
323	471	329	444	226	326	431	
24	119	203	75	397	282	352	
412	357	59	36	195	148	74	
411	483	206	334	82	268	226	
275	57	96	88	189	429	254	
159	163	29	414	140	394	66	
27	338	164	266	393	36	211	
240	100	319	138	268	28	175	
338	356	375	272	329	271	276	
0	110	263	63	328	225	308	
234	34	215	47	235	476	68	
133	459	102	167	396	39	181	
211	11	332	90	328	61	424	
357	460	184	313	136	105	40	
458	481	420	261	315	133	462	
163	252	61	481	37	264	267	490	
365	455	124	230	10	155	91	269	
11	424	334	269	23	436	228	126	
384	151	98	391	38	134	337	467	
467	66	321	425	470	138	83	157	
299	377	57	135	290	209	437	11	
415	440	20	117	301	421	81	476	
169	432	176	365	321	64	271	357	
15	14	20	23	173	106	352	200	
438	429	461	270	494	469	223	366	
176	311	211	413	100	206	190	447	
149	44	76	314	94	384	340	243	
442	62	163	405	329	295	18	333	
497	431	356	362	434	321	271	259	
253	65	366	337	321	368	269	278	
155	446	74	35	498	161	291	166	
227	452	111	100	420	13	313	198	
481	66	485	173	290	364	208	200	
142	404	270	193	289	435	318	77	
259	97	219	473	425	375	353	131	
214	463	370	147	323	135	281	341	
484	349	385	454	60	254	195	89	
282	6	481	206	252	305	183	174	
473	15	365	45	490	206	78	60	
427	54	159	361	411	17	148	292	
34	471	136	281	109	253	233	163	
190	158	397	260	124	342	224	286	
456	116	185	119	149	313	51	419	
133	471	305	374	428	301	327	209	
179	461	409	194	254	257	319	341	
313	246	229	40	252	93	415	0	
405	498	110	334	55	463	170	189	
298	189	143	382	318	306	240	141	
97	412	443	191	50	54	114	496	
4	378	356	115	408	270	436	267	
218	342	334	273	412	22	198	8	
280	221	183	240	454	418	487	291	
412	169	499	118	26	489	213	218	
406	165	54	436	446	494	76	232	
46	308	132	271	286	456	88	241	
1	174	207	30	332	340	248	55	
454	39	68	372	94	1	346	423	
108	276	18	180	145	223	410	399	
476	154	302	253	280	168	429	211	
13	229	383	373	324	207	433	498	
317	379	374	145	4	388	212	492	
456	454	199	270	247	110	75	181	
474	48	52	493	239	16	467	448	
380	45	286	21	290	326	466	155	
326	441	208	112	83	293	145	409	
374	182	205	350	50	373	288	296	
245	254	417	75	37	195	115	424	
63	364	73	223	166	163	141	371	
71	412	381	268	179	193	427	476	
336	430	49	209	7	101	273	356	
92	285	482	444	126	91	199	348	
361	126	162	176	191	227	213	243	
159	443	303	9	7	50	383	162	
120	168	78	366	166	498	125	415	
20	389	393	126	42	429	352	251	
435	410	215	448	88	247	54	232	
60	32	468	10	94	315	202	49	
281	106	413	387	56	469	217	3	
167	64	222	27	148	473	79	342	
149	339	370	21	40	358	495	164	
291	68	79	223	457	165	363	282	
453	142	127	91	47	173	104	252	
216	286	175	426	358	200	279	402	
68	81	43	383	66	243	456	245	
350	141	281	177	71	93	462	313	
488	175	11	392	27	356	477	132	
154	124	20	303	404	157	376	35	
316	141	15	1	484	181	347	218	
15	129	243	310	225	93	134	478	
71	302	451	309	262	222	258	233	
431	186	399	332	444	290	380	192	
101	149	28	402	118	389	398	332	
398	465	107	236	467	333	174	495	
33	447	218	436	367	363	75	435	
440	291	161	366	452	335	142	0	
239	64	340	472	358	483	89	62	
436	286	414	176	29	418	407	487	
474	222	204	217	79	229	382	141	
20	60	200	424	156	0	312	390	
161	486	66	371	299	487	283	145	
118	452	411	158	382	45	2	152	
173	294	260	461	290	457	167	210	
340	396	48	378	64	399	320	364	
40	181	402	307	176	310	431	311	
387	479	40	176	324	70	52	416	
192	495	96	365	84	281	343	4	
342	456	141	206	428	182	258	52	
94	438	480	448	242	3	57	247	
382	98	337	120	54	345	362	229	
85	162	277	243	364	380	141	396	
18	271	66	161	31	372	17	20	
447	181	188	303	25	346	375	98	
356	455	178	376	370	271	304	38	
226	60	186	177	425	333	383	417	
479	73	305	123	219	359	154	372	
288	324	122	199	382	29	387	264	
463	36	201	140	499	12	187	115	
289	485	254	196	157	207	71	152	
370	54	338	59	180	142	150	172	
180	58	391	138	57	446	283	415	
155	349	43	234	194	458	176	9	
485	474	493	78	258	32	286	248	
199	427	335	369	117	275	186	129	
254	211	45	457	360	371	339	440	
85	6	425	428	265	389	206	354	
482	139	108	213	238	112	485	44	
354	298	479	43	140	486	189	193	
358	250	487	262	201	482	19	316	
92	358	113	292	146	457	133	163	
81	141	310	386	441	22	361	232	
16	176	394	236	458	386	413	446	
414	68	410	200	16	51	216	247	
261	442	88	16	99	398	474	380	
62	431	384	90	200	256	343	201	
165	75	484	82	394	311	447	87	
371	475	449	247	397	290	14	45	
400	18	467	32	432	117	119	486	
97	156	116	75	39	138	134	392	
496	389	403	204	182	492	205	317	
93	499	388	304	32	118	392	197	
476	174	349	373	475	175	342	173	
120	402	431	25	113	287	318	271	
205	371	209	223	238	414	163	162	
358	476	339	299	147	89	317	140	
99	37	184	3	120	101	467	244	
472	116	58	139	197	339	225	83	
422	179	52	284	44	213	124	63	
245	1	9	479	349	350	403	240	
148	51	450	198	420	102	462	442	
51	5	229	298	447	472	186	225	
189	321	344	66	294	424	222	15	
323	97	121	459	372	80	1	187	
352	5	40	482	228	447	172	367	
400	325	480	114	497	176	227	441	
464	459	173	20	326	119	148	406	
219	319	496	312	443	12	460	315	
202	77	324	81	142	468	0	423	
312	114	24	271	57	318	428	216	
377	158	128	146	440	5	157	423	
165	327	420	401	91	163	391	263	
451	428	308	181	33	1	405	475	
48	216	338	448	356	27	328	324	
289	186	87	161	224	329	118	351	
431	415	349	482	364	468	64	168	
431	169	128	70	307	136	313	165	
