2	0	9	
16	37	30	
22	42	27	
35	18	28	
22	44	8	
0	12	1	
8	37	24	
32	0	37	
32	34	24	
14	29	9	
26	37	8	
36	0	32	
47	6	36	
12	23	29	
25	22	41	
20	25	39	
37	44	14	
30	36	4	
28	2	37	
4	42	45	
5	2	46	
17	34	46	
6	7	43	
6	13	0	
11	37	18	
20	10	44	
32	6	18	
30	41	39	
48	20	2	
49	22	15	
7	49	15	
42	22	43	
36	34	17	
12	24	13	
0	44	34	
29	6	44	
20	10	40	
39	46	18	
10	5	34	
27	46	25	
0	13	38	
3	4	45	
11	19	38	
38	9	26	
49	42	38	
37	34	28	
24	4	6	
13	39	37	
36	31	23	
25	5	0	
94	64	67	
89	82	64	
87	75	84	
82	96	75	
91	90	57	
73	74	51	
88	72	79	
57	92	95	
57	73	99	
73	65	94	
93	89	80	
74	93	75	
68	65	66	
65	97	54	
81	62	59	
98	73	51	
63	57	86	
73	64	87	
77	70	63	
55	81	92	
99	61	50	
91	92	61	
95	77	83	
85	62	90	
91	78	84	
58	72	77	
52	61	57	
71	60	57	
58	75	72	
57	69	80	
64	68	73	
89	57	62	
80	94	96	
61	97	55	
94	50	62	
69	80	86	
50	88	60	
69	87	57	
83	73	99	
76	53	87	
71	52	65	
95	68	98	
64	75	52	
75	61	83	
71	84	59	
75	87	96	
85	95	57	
92	95	99	
68	78	65	
68	57	85	
146	139	123	
144	126	115	
111	129	138	
100	116	142	
138	137	143	
118	119	112	
124	115	120	
133	145	114	
105	114	107	
118	107	141	
137	132	147	
134	137	113	
137	117	116	
126	103	111	
127	129	118	
109	128	121	
103	139	144	
131	142	105	
142	139	116	
121	125	139	
103	136	102	
139	114	131	
102	122	128	
111	115	130	
123	132	147	
131	132	119	
128	105	116	
106	130	101	
135	109	118	
128	104	134	
137	118	116	
148	103	124	
117	144	138	
119	142	108	
117	104	123	
103	110	146	
136	135	116	
106	136	110	
141	148	123	
128	140	123	
142	138	137	
139	118	108	
123	113	121	
146	139	108	
106	128	140	
141	123	126	
123	136	127	
142	140	123	
146	100	147	
123	121	124	
162	165	194	
188	150	153	
187	188	186	
163	185	156	
173	154	163	
152	172	187	
151	153	172	
170	162	187	
181	193	159	
153	180	189	
183	167	185	
191	171	183	
178	184	179	
174	160	161	
154	193	192	
156	158	195	
195	186	153	
192	152	187	
172	180	166	
178	171	150	
176	152	179	
156	171	150	
170	161	156	
150	175	174	
153	199	157	
166	180	165	
171	170	162	
174	191	190	
191	167	156	
190	170	171	
174	173	182	
198	176	197	
190	199	155	
194	153	170	
184	173	185	
181	166	177	
195	170	167	
159	170	165	
189	197	198	
171	180	161	
197	175	195	
167	152	178	
174	152	197	
167	191	184	
178	199	183	
175	181	196	
172	152	189	
171	172	168	
192	155	150	
188	164	198	
211	219	242	
231	221	225	
243	208	233	
220	238	224	
246	247	220	
240	218	233	
232	209	245	
204	207	235	
222	227	220	
224	227	228	
242	238	219	
248	221	241	
243	201	240	
203	200	218	
222	231	212	
229	216	201	
230	206	218	
201	241	244	
247	233	241	
224	228	245	
245	232	223	
211	227	248	
223	204	239	
234	235	231	
224	221	223	
214	238	200	
222	233	217	
245	238	242	
206	202	219	
207	217	240	
207	232	244	
238	225	233	
200	204	216	
223	212	222	
202	223	214	
221	223	201	
202	243	203	
240	208	228	
202	244	200	
248	228	214	
246	244	221	
205	242	229	
222	227	221	
209	216	228	
243	237	206	
231	208	241	
230	228	233	
213	219	236	
204	220	215	
248	206	207	
278	275	276	
286	291	288	
290	260	264	
288	281	272	
258	289	274	
293	282	271	
281	264	276	
288	254	271	
251	278	266	
276	289	268	
259	295	255	
262	285	263	
251	257	293	
257	265	260	
269	298	295	
281	286	254	
274	279	264	
286	260	253	
260	287	257	
292	296	283	
283	287	266	
281	298	267	
254	298	265	
254	257	253	
296	270	267	
284	291	257	
295	293	294	
255	290	294	
262	271	278	
270	256	258	
254	294	281	
256	279	278	
264	286	288	
268	280	270	
287	276	269	
257	269	260	
265	281	283	
254	282	256	
281	293	263	
293	259	297	
281	295	287	
272	264	251	
288	271	255	
250	284	251	
281	255	252	
281	274	299	
297	261	291	
296	261	257	
294	254	257	
259	296	257	
309	324	312	
321	343	310	
346	336	317	
333	313	327	
305	322	310	
332	324	307	
346	328	333	
326	337	325	
306	336	337	
314	347	308	
341	335	329	
337	343	311	
320	342	316	
301	321	324	
315	337	321	
321	328	332	
343	324	318	
349	301	329	
341	306	330	
329	347	313	
303	328	334	
344	346	300	
303	304	301	
331	346	334	
328	346	327	
341	301	303	
345	335	316	
321	338	314	
309	331	313	
322	335	330	
319	328	306	
306	314	303	
348	307	341	
317	302	306	
305	344	335	
349	310	329	
318	319	338	
335	342	337	
314	319	321	
324	318	317	
303	321	306	
310	336	337	
305	333	325	
320	328	341	
334	306	318	
309	338	346	
328	311	331	
306	315	302	
310	304	345	
308	325	303	
354	383	350	
375	369	397	
398	376	384	
350	353	396	
381	356	374	
396	370	369	
395	365	356	
369	355	399	
363	386	357	
397	355	374	
369	354	356	
397	365	381	
377	363	390	
375	374	392	
369	389	380	
369	354	391	
363	376	360	
374	350	378	
384	378	359	
351	373	371	
371	364	359	
378	384	356	
399	376	377	
378	374	354	
399	359	394	
396	394	381	
357	394	372	
359	394	386	
370	378	353	
380	395	361	
360	364	382	
394	371	383	
379	377	399	
361	359	371	
375	376	382	
376	362	390	
352	396	371	
353	362	354	
372	361	380	
356	395	366	
365	384	381	
386	358	360	
364	398	354	
376	399	378	
367	380	395	
395	362	351	
370	369	367	
391	354	351	
397	364	366	
364	354	360	
430	413	448	
401	414	412	
420	428	403	
426	441	443	
420	400	441	
433	435	438	
440	439	444	
418	417	413	
404	446	401	
449	412	417	
428	434	422	
439	400	418	
430	448	410	
423	426	416	
403	435	445	
444	424	408	
414	424	438	
402	444	446	
439	448	443	
404	413	417	
400	435	402	
431	410	422	
444	401	430	
414	439	431	
406	420	435	
443	401	416	
406	444	431	
446	438	418	
419	444	406	
439	416	403	
404	420	411	
408	443	441	
444	417	402	
413	407	441	
441	408	444	
431	408	400	
402	437	401	
427	414	408	
447	433	442	
447	418	432	
418	437	440	
412	418	433	
408	409	415	
420	400	421	
419	440	441	
449	428	426	
401	428	438	
426	449	419	
409	443	438	
429	415	448	
496	456	451	
477	458	455	
484	461	485	
463	480	476	
452	488	470	
463	496	468	
472	468	450	
454	494	477	
478	488	475	
457	495	492	
481	468	477	
466	498	474	
494	479	491	
492	470	472	
465	496	466	
470	474	492	
485	493	474	
477	456	468	
456	492	469	
461	467	463	
484	476	497	
496	453	475	
486	493	468	
495	492	470	
489	497	494	
468	495	470	
482	478	459	
453	472	491	
475	454	488	
464	493	465	
476	496	464	
496	484	498	
486	499	473	
481	466	496	
455	496	460	
484	498	486	
477	473	468	
453	470	459	
481	493	499	
459	455	462	
470	488	474	
486	450	455	
461	470	472	
478	487	476	
452	463	496	
489	466	476	
492	453	466	
471	470	465	
481	461	499	
459	498	452	
2	22	16	24	
20	19	40	23	
46	21	30	26	
31	40	25	42	
48	7	2	26	
17	34	10	7	
2	9	3	40	
29	14	12	22	
10	39	40	31	
43	36	39	22	
46	30	21	38	
0	11	29	45	
26	2	6	15	
32	19	36	30	
8	18	48	14	
37	43	41	32	
1	36	38	9	
44	27	30	36	
19	28	40	45	
1	26	16	0	
35	25	0	43	
4	23	26	38	
18	43	8	14	
22	28	3	16	
22	7	15	47	
14	24	8	7	
45	19	28	38	
14	6	1	49	
46	10	44	16	
47	10	1	2	
15	32	18	31	
47	33	2	46	
5	12	9	43	
44	49	7	21	
16	33	39	29	
23	13	34	38	
7	11	27	43	
47	3	32	1	
8	44	21	1	
22	32	46	24	
14	43	41	25	
7	24	17	45	
37	5	33	36	
32	47	1	15	
49	9	28	46	
12	42	28	17	
49	15	23	20	
7	39	4	1	
23	0	49	25	
13	46	27	20	
97	50	72	73	
68	92	61	91	
78	57	64	77	
81	94	92	84	
93	67	98	52	
61	80	62	84	
83	93	61	92	
81	68	98	52	
99	69	89	83	
78	57	99	95	
76	55	52	61	
96	70	98	91	
53	88	50	69	
89	62	67	88	
68	50	71	63	
89	78	64	54	
57	63	73	86	
74	52	70	98	
85	79	74	72	
91	66	88	92	
84	55	93	88	
67	53	97	99	
58	84	80	85	
59	90	95	74	
92	95	96	69	
94	56	77	83	
81	73	62	76	
64	83	87	72	
57	78	65	53	
50	88	58	74	
78	73	77	90	
64	81	90	85	
98	79	89	65	
51	68	92	69	
60	85	70	76	
53	69	86	76	
83	53	73	80	
85	71	96	94	
80	87	50	72	
56	82	97	87	
50	95	75	79	
75	88	58	65	
92	70	81	64	
54	77	91	97	
69	66	83	53	
56	85	61	63	
59	61	72	52	
94	83	58	64	
98	73	97	63	
55	91	59	95	
126	113	105	101	
114	116	147	110	
127	116	142	120	
133	135	132	111	
146	145	143	136	
123	135	149	115	
133	106	100	114	
137	112	111	118	
144	131	145	133	
130	138	104	134	
120	124	146	140	
114	138	147	110	
147	108	102	116	
134	142	101	108	
130	111	134	129	
118	111	117	125	
138	110	109	112	
110	102	106	105	
123	126	130	110	
104	138	143	103	
114	113	101	126	
101	100	108	113	
109	129	116	112	
111	124	123	147	
143	116	105	117	
139	126	112	102	
121	139	122	116	
137	122	126	106	
112	128	129	145	
145	114	128	108	
118	141	122	115	
142	116	112	125	
136	149	137	132	
127	114	133	108	
144	141	123	120	
147	116	146	128	
140	132	123	111	
108	109	115	131	
126	116	104	133	
130	141	149	109	
137	119	134	148	
108	129	110	117	
137	139	129	117	
104	124	130	148	
124	100	146	135	
138	109	110	133	
132	102	139	107	
109	129	137	115	
145	146	120	129	
116	119	135	118	
184	175	192	172	
197	191	157	196	
160	172	193	186	
199	191	183	154	
183	182	192	168	
172	169	176	162	
172	199	154	167	
157	188	176	184	
156	151	165	158	
190	167	170	183	
173	170	152	158	
181	168	151	189	
159	197	152	165	
190	178	195	157	
184	161	196	175	
190	155	179	187	
198	162	176	181	
175	170	173	163	
177	173	176	186	
172	183	165	173	
170	178	199	179	
176	159	195	167	
188	179	170	190	
155	174	176	153	
195	172	179	194	
189	162	184	169	
156	183	155	162	
194	198	164	165	
191	196	175	154	
156	152	163	158	
161	153	173	172	
177	152	185	160	
199	153	160	196	
171	186	175	166	
161	172	164	155	
192	173	168	178	
189	170	179	154	
199	157	163	170	
194	159	166	196	
171	156	187	186	
181	162	165	183	
158	192	190	164	
165	163	189	181	
157	153	175	179	
199	185	188	175	
166	175	184	158	
178	169	152	179	
185	186	179	159	
186	162	180	192	
194	191	198	183	
241	207	209	202	
225	243	204	245	
211	204	200	241	
200	249	209	217	
221	243	213	201	
217	230	225	227	
226	225	224	246	
221	241	214	231	
208	214	223	240	
237	246	211	205	
201	229	237	240	
228	235	226	240	
205	246	226	210	
211	223	245	236	
209	224	231	230	
240	230	219	232	
242	221	215	229	
216	203	245	222	
209	242	206	243	
211	204	245	236	
205	209	228	210	
246	221	249	200	
226	240	215	242	
238	200	242	230	
242	232	209	204	
221	204	222	211	
211	204	233	220	
231	217	228	213	
215	204	217	228	
201	203	242	225	
235	220	203	231	
201	237	240	220	
237	239	247	212	
239	230	225	245	
247	249	220	245	
202	230	249	238	
244	226	224	209	
242	246	203	217	
247	231	240	230	
237	225	240	235	
203	232	242	235	
202	221	233	211	
218	246	200	221	
217	204	249	248	
225	207	227	212	
227	209	236	224	
231	238	229	230	
236	217	216	228	
234	206	216	243	
230	241	235	245	
296	273	250	251	
270	279	277	250	
273	253	298	277	
250	295	276	261	
297	279	299	283	
277	252	253	262	
298	258	262	261	
275	276	289	297	
259	274	266	299	
254	253	266	282	
297	296	294	275	
259	264	278	295	
286	254	281	255	
262	273	285	289	
258	298	290	275	
261	281	254	258	
286	291	290	298	
284	288	274	293	
263	277	267	287	
284	252	258	299	
271	270	280	284	
271	254	272	278	
271	282	287	252	
277	261	273	289	
255	284	252	290	
284	267	253	259	
268	271	251	293	
275	273	261	277	
264	299	271	273	
284	297	251	283	
285	291	275	261	
263	288	256	297	
268	275	294	253	
264	293	260	280	
284	299	265	266	
259	299	253	293	
260	294	262	256	
270	288	298	299	
258	284	259	288	
255	269	275	266	
294	280	298	288	
262	252	270	297	
297	286	290	289	
261	293	259	282	
291	281	294	279	
266	286	281	285	
273	258	262	281	
255	274	260	262	
290	288	278	289	
289	254	262	281	
326	327	312	343	
319	321	325	322	
304	349	329	345	
302	343	307	312	
329	316	343	322	
300	340	338	301	
340	341	312	306	
301	304	327	329	
319	343	346	321	
303	349	330	307	
342	333	318	305	
311	330	320	323	
326	309	304	322	
302	342	324	333	
340	311	342	303	
337	336	341	318	
345	318	330	327	
302	347	337	317	
314	313	330	335	
301	307	329	300	
309	308	343	341	
344	330	349	338	
344	312	301	325	
347	312	328	300	
342	326	332	304	
329	321	346	316	
333	339	345	303	
346	337	316	309	
305	313	335	340	
342	311	315	310	
333	308	327	321	
339	318	344	347	
336	344	342	330	
314	312	301	331	
333	314	326	336	
332	329	310	327	
343	344	317	301	
337	312	314	309	
337	324	322	349	
314	332	319	316	
345	341	312	315	
348	332	345	335	
334	346	338	327	
321	349	323	330	
348	308	349	339	
329	325	339	320	
308	331	325	337	
343	342	347	320	
343	325	305	336	
301	331	334	341	
399	359	383	390	
378	366	350	373	
362	367	350	364	
377	392	399	396	
399	358	363	357	
369	398	374	359	
364	351	378	392	
380	375	388	361	
378	383	354	391	
373	380	392	378	
379	391	373	371	
357	395	369	377	
352	389	370	351	
382	376	395	368	
389	375	395	357	
366	363	372	355	
382	379	367	393	
392	369	390	359	
388	357	382	373	
394	392	371	350	
371	396	395	398	
385	398	389	376	
375	397	379	354	
395	398	363	389	
371	393	360	351	
357	398	364	371	
358	393	378	392	
376	371	384	385	
377	353	371	352	
394	399	354	373	
395	350	389	373	
379	395	385	381	
369	351	382	390	
388	390	376	398	
362	380	386	358	
358	363	360	382	
395	381	379	377	
370	357	379	359	
390	369	352	379	
355	367	358	374	
356	371	366	397	
356	361	363	392	
352	375	381	399	
376	358	396	372	
367	352	392	399	
380	374	385	369	
378	396	361	368	
378	357	372	359	
395	365	392	369	
386	360	373	358	
433	446	423	404	
427	404	407	418	
410	428	419	416	
438	447	422	409	
446	443	431	426	
430	417	432	438	
428	441	410	435	
431	415	443	432	
414	417	438	427	
434	448	431	443	
410	431	438	422	
418	422	435	437	
425	441	433	418	
410	402	434	401	
413	432	438	447	
441	408	414	401	
415	422	428	403	
406	442	401	412	
406	426	423	448	
433	410	437	434	
438	406	418	411	
413	440	444	430	
411	433	436	403	
436	442	429	415	
430	415	440	435	
422	442	413	418	
419	424	421	449	
406	432	433	427	
404	407	441	427	
435	432	431	413	
421	410	436	422	
428	449	410	444	
428	412	423	448	
426	446	406	412	
413	423	419	431	
431	410	422	402	
400	434	433	411	
442	436	405	404	
405	448	433	408	
419	403	417	439	
408	436	433	427	
425	403	407	410	
427	413	432	446	
413	414	448	422	
403	443	448	402	
413	433	416	444	
406	448	425	411	
424	447	431	410	
408	403	431	420	
415	438	407	436	
483	471	493	474	
450	467	491	451	
457	497	452	458	
486	475	479	498	
450	468	487	479	
455	479	475	458	
459	460	475	480	
495	481	459	469	
468	483	464	477	
456	461	457	475	
496	468	451	466	
482	479	459	461	
459	465	491	461	
497	464	462	467	
476	460	487	483	
487	454	492	461	
464	453	489	495	
459	488	466	450	
495	452	487	457	
479	467	490	457	
470	463	478	498	
498	479	461	465	
482	485	495	489	
456	466	463	487	
493	498	460	483	
450	455	475	457	
455	485	450	472	
482	492	491	459	
480	457	472	476	
462	499	456	494	
469	481	450	464	
469	467	460	493	
451	486	462	479	
495	461	498	481	
498	454	491	481	
459	484	482	495	
485	464	489	467	
452	481	490	451	
489	488	450	469	
483	461	495	497	
461	470	499	458	
488	457	465	464	
451	491	461	465	
481	457	462	483	
470	482	474	493	
471	477	466	454	
473	499	493	463	
492	466	496	489	
460	489	491	473	
488	485	458	487	
31	24	19	11	42	
45	27	9	30	34	
13	38	10	47	34	
5	36	13	38	45	
37	30	28	16	3	
26	22	10	7	36	
25	10	42	18	15	
40	47	34	26	14	
46	19	0	29	43	
42	23	32	27	5	
47	27	20	19	23	
21	45	6	3	25	
9	22	44	29	15	
33	49	46	25	21	
31	46	39	42	33	
32	36	29	38	0	
39	36	1	10	23	
36	45	13	35	24	
32	22	19	13	33	
42	10	28	11	41	
29	8	33	23	46	
41	34	49	24	14	
7	6	15	39	48	
34	48	21	25	36	
23	49	19	42	24	
18	29	25	12	24	
20	47	23	38	48	
5	3	40	42	11	
7	44	23	21	25	
11	44	45	7	38	
41	17	20	27	48	
32	14	10	44	7	
38	17	19	15	31	
0	33	12	41	42	
49	1	39	40	10	
37	27	29	25	9	
31	8	23	33	14	
0	11	32	29	37	
23	19	47	42	18	
28	36	6	1	32	
44	16	1	20	43	
28	11	8	41	2	
33	15	43	18	20	
34	39	17	5	32	
46	7	48	44	12	
19	21	7	46	44	
30	21	44	46	32	
27	23	31	10	34	
1	38	49	16	24	
14	39	11	5	16	
70	66	84	92	78	
93	54	90	86	71	
85	84	67	90	62	
93	74	94	65	86	
60	76	88	97	96	
90	83	62	94	75	
98	53	96	65	70	
66	79	74	54	70	
60	77	61	76	93	
97	84	75	52	67	
63	57	60	96	95	
68	66	87	94	96	
98	77	74	60	84	
68	50	82	95	52	
77	97	54	79	50	
80	76	57	85	89	
78	99	98	96	65	
54	55	82	65	95	
82	74	50	71	96	
83	90	55	60	77	
91	75	69	68	67	
55	66	63	67	98	
81	77	66	78	60	
72	64	86	79	82	
60	82	92	69	71	
52	50	96	80	95	
91	84	76	72	65	
98	54	89	65	97	
82	62	63	92	79	
53	92	78	79	90	
84	86	53	83	89	
78	69	93	67	98	
53	86	87	73	61	
74	79	50	99	97	
99	71	65	82	69	
57	97	94	76	95	
86	75	60	68	67	
60	91	54	86	83	
87	76	73	97	92	
53	56	97	72	85	
55	64	75	94	84	
67	96	83	65	93	
73	63	83	55	57	
76	95	98	81	89	
70	50	97	53	96	
77	99	64	71	56	
93	53	70	57	82	
88	98	55	89	51	
99	83	97	51	94	
51	60	72	94	93	
126	124	119	128	122	
124	104	146	126	135	
110	111	149	123	124	
115	148	145	120	119	
121	128	114	101	149	
116	121	149	146	114	
115	140	132	129	105	
101	132	133	113	115	
143	114	112	101	132	
139	120	109	141	119	
120	149	133	108	106	
105	111	121	140	125	
131	140	107	133	126	
147	131	122	139	101	
126	110	129	130	121	
128	111	114	110	106	
104	145	142	113	143	
106	141	105	125	109	
133	119	146	116	117	
145	106	112	103	115	
134	113	135	105	107	
103	119	136	114	108	
115	145	134	125	119	
102	148	141	123	137	
134	136	133	100	129	
109	114	133	132	135	
125	139	116	138	103	
148	103	106	136	121	
109	119	137	142	110	
142	132	127	146	118	
122	140	115	147	121	
141	122	133	108	118	
127	116	137	134	142	
138	131	101	142	135	
137	130	119	101	131	
134	135	105	148	126	
120	111	125	103	128	
121	126	134	131	100	
121	127	130	141	108	
124	134	120	125	122	
147	128	132	100	131	
117	120	122	141	136	
106	130	148	124	101	
100	136	115	126	119	
114	109	111	119	112	
149	122	113	115	146	
137	135	101	117	111	
138	126	143	129	122	
119	140	108	103	117	
130	101	104	139	116	
185	151	186	183	160	
179	188	166	183	151	
187	189	157	197	174	
163	153	187	185	199	
160	194	190	157	175	
178	164	186	190	163	
171	184	174	150	167	
197	162	166	175	194	
166	198	155	195	153	
154	185	192	169	181	
155	172	176	186	178	
153	187	161	193	185	
181	178	162	156	176	
150	198	177	166	189	
152	154	194	153	193	
169	179	198	158	196	
177	159	173	167	189	
192	180	179	175	163	
159	188	184	150	157	
187	177	194	159	162	
151	183	189	156	185	
171	173	195	176	164	
166	195	172	153	170	
170	199	182	175	191	
161	167	164	197	157	
196	199	183	165	181	
161	155	195	199	198	
183	153	157	182	177	
197	164	154	168	157	
176	165	160	180	163	
154	151	190	170	199	
182	154	192	184	183	
193	172	161	158	171	
188	191	199	155	170	
187	178	172	169	179	
199	161	193	153	198	
174	165	154	166	188	
155	187	160	159	174	
196	198	195	182	192	
189	162	173	169	196	
169	196	178	184	186	
182	165	159	194	179	
153	185	162	165	154	
163	194	180	191	183	
176	192	198	195	152	
175	194	176	192	154	
181	166	186	196	191	
177	162	185	172	150	
154	155	193	170	164	
152	153	173	183	167	
218	240	231	237	212	
248	221	240	207	228	
224	200	246	244	209	
217	248	238	205	213	
240	245	203	217	235	
202	221	205	238	245	
243	219	240	228	222	
226	230	244	247	238	
235	247	226	220	221	
230	245	224	242	219	
223	241	215	205	234	
203	205	224	238	200	
242	221	201	219	240	
202	208	225	216	242	
223	246	242	203	202	
244	225	234	230	201	
239	210	206	213	243	
243	229	204	236	207	
236	232	221	216	219	
246	206	229	238	241	
214	221	238	206	231	
238	224	234	233	202	
237	226	235	218	246	
219	210	208	215	220	
219	208	217	211	232	
201	204	242	220	207	
203	224	232	215	225	
232	230	239	213	200	
218	226	248	204	245	
249	211	239	221	207	
236	221	230	224	227	
206	203	212	231	219	
224	242	228	218	239	
239	245	231	224	234	
239	227	211	241	226	
213	204	227	240	207	
222	247	224	209	204	
207	209	221	203	241	
230	235	248	245	204	
248	246	242	249	225	
226	207	244	220	231	
221	206	229	218	210	
238	244	240	246	215	
219	237	239	231	232	
226	231	244	224	249	
221	244	218	241	231	
235	217	230	208	227	
219	224	208	237	248	
229	243	201	227	228	
204	234	227	215	238	
252	279	287	266	250	
269	261	294	251	270	
255	275	287	270	261	
257	294	256	266	264	
251	280	292	260	295	
258	276	292	283	295	
260	282	277	259	283	
277	278	286	268	251	
270	256	257	271	262	
277	276	296	280	285	
254	289	268	282	279	
262	296	270	269	275	
284	256	289	297	285	
288	265	292	287	299	
287	257	254	262	282	
252	286	298	297	273	
267	270	262	258	295	
257	272	253	261	258	
275	263	268	288	296	
265	257	282	281	270	
273	284	278	291	290	
260	285	250	292	257	
252	260	273	284	280	
271	284	276	277	294	
270	276	290	255	288	
257	275	263	266	277	
283	251	279	254	260	
299	254	286	289	269	
257	279	266	254	294	
293	256	294	258	282	
271	265	285	250	293	
294	276	265	293	295	
266	280	281	294	269	
267	286	283	272	284	
265	260	274	289	263	
287	297	295	293	258	
277	276	293	287	297	
252	287	257	278	279	
277	284	273	292	251	
290	295	288	286	270	
250	255	280	267	271	
290	270	279	257	285	
250	259	252	271	298	
267	275	299	257	271	
259	297	255	284	268	
282	251	288	275	271	
291	271	256	299	270	
273	251	297	282	278	
254	260	297	270	295	
257	259	293	278	272	
327	332	304	318	324	
336	343	314	339	342	
327	321	322	330	339	
315	312	343	313	328	
338	336	348	315	327	
339	300	325	308	320	
345	332	324	339	315	
336	330	314	342	333	
308	324	331	347	335	
308	340	318	337	304	
340	321	307	331	301	
345	330	320	335	334	
300	307	318	341	319	
333	317	309	345	303	
303	322	339	327	306	
305	344	308	302	323	
347	316	322	344	338	
327	319	317	301	322	
339	315	310	302	328	
318	302	312	338	321	
305	309	334	345	320	
318	313	314	309	347	
306	332	305	309	327	
328	303	305	342	306	
318	341	346	300	337	
336	345	327	322	307	
312	337	321	340	348	
310	316	306	313	325	
324	344	316	334	314	
326	332	335	317	316	
347	309	303	312	315	
338	310	328	321	309	
323	336	335	312	301	
320	314	315	330	340	
318	303	348	337	336	
344	316	301	328	332	
308	326	323	338	315	
336	301	300	308	339	
334	310	301	325	329	
339	324	348	311	347	
346	301	328	333	327	
329	322	318	323	302	
334	305	326	333	315	
322	308	310	316	304	
345	311	319	323	303	
347	341	349	342	323	
328	339	304	330	349	
330	305	308	304	347	
325	343	319	347	344	
328	322	301	324	334	
377	364	365	351	360	
370	361	356	377	386	
391	381	377	373	360	
357	382	380	363	392	
361	378	386	376	397	
391	383	380	395	360	
389	356	357	361	368	
373	387	382	354	371	
350	376	361	357	380	
356	369	383	351	398	
368	352	383	392	381	
359	357	383	399	390	
376	353	383	394	350	
390	376	396	357	358	
390	364	369	394	388	
385	358	387	381	397	
371	399	374	392	396	
354	374	396	375	351	
395	387	353	359	380	
370	356	396	372	398	
366	399	398	383	357	
370	386	373	381	388	
399	374	351	368	382	
370	365	389	385	392	
369	387	376	381	380	
365	376	396	364	381	
398	394	358	399	383	
360	396	358	375	369	
364	360	386	399	375	
380	360	388	357	393	
361	378	396	369	368	
362	354	365	368	391	
397	382	359	389	379	
386	369	399	366	354	
389	370	373	376	361	
376	381	377	357	383	
365	387	363	371	376	
387	398	371	389	369	
367	359	385	378	383	
368	381	358	390	354	
376	357	367	396	360	
385	364	384	392	366	
366	394	391	365	374	
380	383	399	364	371	
394	372	354	355	395	
363	392	353	394	374	
350	362	365	376	354	
373	371	382	374	398	
393	385	391	383	350	
386	389	362	371	380	
435	440	414	417	423	
431	427	401	425	432	
438	447	422	442	426	
434	449	443	433	405	
405	406	438	402	404	
430	449	412	414	431	
446	445	421	407	431	
448	421	444	426	437	
401	436	447	439	420	
423	402	403	430	420	
408	437	431	446	417	
447	420	435	425	401	
409	431	417	412	419	
413	421	402	408	443	
441	437	428	435	408	
411	441	435	410	402	
449	446	429	404	408	
443	410	436	414	409	
418	430	421	409	437	
440	426	415	422	443	
409	438	407	432	410	
427	439	400	444	401	
405	404	442	402	416	
417	412	413	448	438	
446	400	436	435	401	
437	422	426	432	439	
444	400	414	431	447	
439	440	437	416	406	
427	417	443	413	447	
426	446	408	400	413	
421	430	425	427	420	
449	404	439	447	417	
416	417	430	449	400	
405	430	437	440	429	
406	435	441	434	425	
446	435	425	433	410	
417	403	446	429	427	
426	415	419	430	400	
418	424	429	439	409	
404	403	438	406	434	
444	436	427	429	425	
416	423	409	444	412	
445	438	441	447	448	
404	424	446	439	415	
435	427	430	426	400	
428	446	438	402	439	
407	445	403	429	401	
444	417	447	403	418	
449	427	429	405	401	
438	445	406	414	448	
463	461	497	491	487	
463	462	498	477	475	
451	491	477	457	489	
476	452	496	492	482	
498	486	466	480	471	
484	471	467	460	482	
466	456	480	473	457	
461	458	484	456	490	
495	462	451	465	491	
456	482	460	483	495	
456	458	460	498	462	
481	458	486	477	466	
477	469	454	473	475	
471	492	457	477	452	
477	480	470	497	492	
482	451	452	469	472	
499	475	495	467	489	
473	471	461	490	498	
494	470	481	451	493	
499	460	487	489	479	
456	479	480	464	489	
498	493	489	486	457	
463	487	450	466	457	
479	451	460	453	474	
456	480	452	490	489	
464	461	477	467	451	
476	493	460	491	468	
476	456	486	471	492	
451	468	474	487	473	
476	456	493	472	481	
498	473	496	452	487	
464	454	465	489	478	
494	464	491	495	460	
472	495	485	492	468	
458	499	456	454	469	
480	473	452	457	459	
466	480	474	473	451	
466	452	477	480	474	
450	454	499	463	465	
455	471	469	488	454	
461	479	468	459	475	
487	491	495	498	477	
466	488	482	475	467	
462	461	490	482	481	
463	476	496	498	485	
469	457	461	474	460	
450	455	476	473	459	
483	484	456	490	487	
467	456	491	498	499	
470	459	498	473	463	
