24	26	45	
29	43	2	
38	49	2	
45	3	5	
32	2	11	
18	15	27	
18	2	19	
32	17	12	
1	30	3	
28	31	23	
0	34	17	
48	43	0	
18	30	15	
5	1	47	
24	0	13	
37	14	49	
14	4	17	
7	37	12	
17	20	23	
11	13	27	
40	0	21	
31	21	2	
36	28	27	
29	49	37	
5	7	6	
30	5	36	
21	47	24	
47	29	9	
28	15	35	
1	0	17	
14	5	41	
37	38	12	
39	20	24	
48	14	19	
35	7	5	
7	30	29	
44	16	9	
26	31	29	
46	2	14	
7	17	37	
34	46	40	
32	20	33	
7	20	31	
17	40	46	
22	45	49	
28	6	44	
5	34	39	
48	42	20	
24	3	49	
25	46	44	
84	96	58	
86	57	99	
73	78	89	
67	96	99	
95	66	80	
76	66	67	
79	73	74	
70	94	63	
58	83	70	
56	87	89	
83	57	58	
56	92	64	
68	85	61	
96	70	95	
74	83	52	
62	96	63	
86	57	76	
54	87	66	
87	71	61	
74	79	92	
82	87	69	
75	51	82	
68	58	77	
95	93	53	
59	74	61	
88	58	96	
92	62	87	
74	91	58	
68	96	69	
84	91	75	
67	63	98	
91	81	92	
66	76	91	
80	88	63	
81	74	99	
57	65	67	
91	78	63	
54	62	75	
54	84	57	
62	59	76	
64	72	65	
74	59	81	
84	55	74	
70	80	63	
84	58	72	
94	56	90	
95	53	98	
83	96	70	
50	84	85	
54	86	79	
103	112	100	
146	149	144	
103	118	110	
101	124	119	
125	123	127	
127	107	117	
104	135	117	
104	125	114	
102	149	129	
100	128	132	
128	145	144	
113	116	126	
113	110	142	
114	115	109	
133	130	118	
106	119	118	
139	129	127	
106	112	143	
124	132	128	
133	119	107	
138	100	103	
103	131	128	
141	126	100	
118	138	126	
130	122	131	
123	142	107	
144	123	143	
123	128	126	
142	147	134	
142	101	146	
112	114	134	
133	121	100	
134	110	129	
141	118	146	
137	118	142	
131	124	116	
136	148	124	
100	122	128	
147	132	105	
113	126	109	
132	145	120	
103	128	140	
100	121	119	
128	132	125	
104	115	117	
116	139	124	
120	140	125	
123	133	127	
105	103	106	
109	117	136	
181	194	191	
198	162	150	
198	193	180	
198	196	150	
196	198	197	
172	188	154	
174	194	172	
193	181	168	
180	196	176	
163	167	153	
169	192	188	
185	162	166	
180	155	173	
192	153	190	
166	183	188	
175	185	199	
167	170	183	
191	185	188	
199	188	196	
161	198	190	
185	184	163	
181	177	188	
155	161	196	
159	185	184	
154	166	189	
196	170	191	
192	176	196	
154	187	155	
180	155	177	
182	197	190	
190	163	182	
196	179	167	
151	170	190	
171	198	176	
181	189	179	
172	177	151	
177	188	197	
185	152	181	
175	171	191	
185	197	153	
184	195	180	
165	199	191	
196	167	153	
180	197	181	
170	153	194	
158	179	155	
166	157	168	
189	187	178	
184	170	151	
196	188	157	
216	211	230	
245	216	236	
204	223	224	
219	225	204	
219	211	202	
227	209	247	
228	202	223	
218	236	249	
203	208	249	
207	233	211	
237	207	224	
225	226	242	
224	231	239	
215	206	235	
211	244	221	
217	200	238	
209	223	208	
242	233	235	
241	201	237	
209	215	205	
220	221	225	
237	244	245	
205	229	231	
238	203	206	
203	208	236	
226	243	207	
249	200	211	
239	220	204	
213	223	239	
239	248	203	
211	222	237	
237	212	203	
226	244	232	
242	223	218	
204	241	222	
228	248	221	
230	221	222	
223	215	227	
208	246	233	
249	235	220	
242	206	246	
232	228	224	
236	212	220	
208	249	243	
217	224	213	
226	237	246	
220	242	230	
205	213	243	
227	211	240	
243	207	219	
275	298	285	
281	278	256	
251	287	292	
281	283	275	
282	251	256	
282	259	291	
282	250	253	
257	254	258	
250	267	256	
281	251	297	
267	274	279	
272	276	297	
282	259	299	
291	259	264	
254	294	253	
271	265	279	
269	272	276	
267	276	283	
256	297	266	
250	280	295	
298	293	265	
292	298	272	
291	299	278	
278	281	265	
289	261	299	
274	252	272	
257	268	285	
266	262	283	
265	296	292	
266	265	292	
272	286	256	
261	274	259	
290	295	250	
266	260	265	
257	269	271	
251	293	294	
299	291	285	
299	254	253	
286	287	264	
284	293	297	
284	277	270	
267	253	291	
259	267	299	
293	265	273	
266	259	263	
269	263	271	
299	253	282	
279	272	280	
287	267	260	
256	258	289	
347	345	301	
324	323	310	
304	306	309	
348	345	311	
303	309	308	
311	304	341	
318	305	326	
312	337	315	
305	337	321	
331	300	324	
338	325	300	
330	306	345	
325	333	309	
333	308	344	
312	345	302	
316	301	333	
327	307	322	
318	332	315	
325	310	320	
304	320	338	
301	326	343	
318	315	336	
340	323	310	
309	323	306	
304	323	337	
306	340	315	
341	329	347	
306	301	327	
300	323	331	
343	318	310	
333	347	334	
343	301	344	
308	332	303	
321	328	317	
302	320	304	
314	318	348	
346	311	323	
339	318	341	
330	316	314	
344	308	311	
320	338	309	
310	318	338	
313	341	331	
346	312	323	
309	301	349	
326	321	332	
328	336	308	
318	342	309	
348	331	339	
320	333	305	
392	373	393	
364	365	383	
396	356	379	
378	373	351	
377	399	379	
364	385	396	
376	362	361	
371	399	398	
369	374	360	
392	376	356	
399	393	386	
395	382	387	
351	368	384	
360	390	350	
389	390	380	
376	382	396	
389	364	362	
364	375	372	
381	375	363	
378	392	383	
385	377	388	
394	368	376	
393	373	355	
384	392	394	
390	399	372	
356	363	354	
373	353	366	
360	367	374	
379	391	392	
371	366	387	
350	362	375	
375	379	396	
377	380	362	
373	384	378	
397	399	373	
377	399	350	
352	392	378	
385	363	370	
381	391	359	
353	360	359	
356	353	397	
391	365	372	
383	386	374	
351	378	360	
386	392	393	
359	362	384	
378	360	396	
393	390	383	
358	351	380	
375	396	368	
438	406	400	
404	412	432	
400	425	410	
411	444	410	
435	416	437	
434	423	439	
424	438	409	
404	416	447	
403	443	423	
421	407	426	
416	433	442	
448	426	405	
425	400	411	
417	420	404	
408	414	427	
429	411	432	
406	444	428	
439	420	444	
427	431	432	
419	412	424	
426	405	413	
419	444	412	
426	437	447	
406	437	427	
429	416	408	
415	439	430	
422	427	410	
403	421	438	
425	416	412	
415	407	402	
407	420	444	
426	410	434	
411	444	443	
416	431	438	
445	422	440	
439	432	443	
414	437	405	
430	443	429	
432	403	447	
413	407	425	
431	444	415	
441	442	449	
412	413	418	
444	415	431	
449	416	417	
437	449	445	
422	433	421	
448	438	420	
447	427	435	
437	402	445	
472	470	450	
497	495	489	
493	477	480	
478	452	497	
471	483	463	
478	455	474	
457	477	470	
450	468	486	
496	456	455	
464	463	466	
486	461	484	
452	453	488	
455	481	462	
454	459	481	
488	464	492	
494	478	495	
463	488	469	
479	457	499	
486	475	476	
479	480	461	
476	458	485	
466	471	459	
468	451	484	
466	494	453	
454	483	496	
497	491	460	
450	488	475	
475	495	472	
459	491	452	
464	477	491	
489	484	475	
490	458	498	
472	475	491	
483	484	462	
461	452	455	
456	471	470	
485	476	486	
478	484	465	
453	472	495	
489	469	477	
461	452	460	
483	468	491	
496	497	450	
465	461	450	
466	469	494	
470	478	477	
497	454	464	
490	468	461	
451	499	490	
459	450	464	
3	34	33	17	
3	49	38	17	
47	34	3	11	
36	26	34	1	
29	44	30	46	
1	0	18	43	
46	49	40	27	
18	21	6	12	
10	28	24	5	
3	17	46	45	
16	14	38	22	
43	19	45	12	
5	24	44	12	
5	8	25	48	
3	22	47	8	
42	27	30	14	
23	41	30	22	
35	19	8	13	
20	24	11	2	
43	1	20	19	
35	5	38	2	
27	8	42	37	
17	12	35	44	
5	18	37	9	
44	24	40	17	
41	12	49	33	
43	40	45	38	
48	46	24	11	
26	17	45	33	
42	6	19	0	
3	35	29	11	
32	23	9	39	
24	6	30	37	
44	39	27	18	
46	48	12	3	
45	39	23	29	
1	49	18	17	
9	16	17	12	
9	48	45	10	
39	3	17	27	
45	40	9	8	
15	6	34	22	
41	3	23	33	
25	6	36	28	
39	4	45	22	
9	18	43	13	
47	46	33	7	
29	38	2	48	
27	11	10	17	
5	6	2	23	
90	53	92	93	
89	73	65	98	
86	77	60	83	
84	98	54	65	
67	61	50	89	
84	52	60	63	
68	69	67	95	
72	54	83	71	
84	53	81	86	
66	63	73	92	
84	77	54	70	
56	80	61	59	
89	75	72	82	
93	78	88	72	
80	56	74	85	
53	78	62	55	
58	87	63	86	
72	64	78	80	
79	66	69	59	
68	87	60	53	
94	71	80	60	
55	79	97	98	
86	69	74	92	
78	80	75	97	
59	82	91	99	
84	77	59	61	
78	50	96	65	
80	95	51	64	
63	98	71	97	
83	70	65	80	
78	56	54	55	
74	66	70	87	
64	83	82	55	
86	72	74	94	
50	69	56	81	
54	79	60	87	
60	56	75	84	
65	78	81	60	
55	99	76	62	
99	72	69	62	
64	90	96	82	
69	70	86	58	
75	66	72	58	
84	70	82	81	
86	85	87	71	
67	92	77	62	
93	61	52	91	
52	63	58	88	
55	63	99	81	
97	93	61	75	
116	142	145	110	
108	121	105	114	
113	145	149	121	
142	118	123	109	
148	104	129	115	
138	110	126	127	
121	146	142	106	
113	140	149	144	
130	100	106	115	
115	113	132	106	
141	121	130	122	
117	147	149	119	
127	146	125	121	
111	104	146	149	
141	112	119	117	
107	122	135	103	
120	116	141	108	
125	126	145	121	
140	131	115	124	
145	142	122	124	
129	114	130	147	
105	109	107	149	
137	116	112	115	
108	129	118	121	
142	114	135	134	
122	142	126	104	
139	114	102	106	
148	142	126	129	
115	145	144	133	
105	133	115	149	
139	149	101	105	
118	133	129	123	
105	130	109	115	
102	133	138	136	
102	132	128	110	
143	102	147	120	
125	127	143	102	
111	126	112	105	
149	112	137	144	
101	148	131	126	
108	135	148	118	
146	102	114	126	
137	128	126	125	
101	133	149	136	
134	140	103	117	
120	129	106	117	
112	146	119	101	
119	106	149	131	
101	113	104	100	
141	134	149	123	
167	184	199	175	
151	170	180	193	
184	185	150	169	
179	195	191	199	
153	183	180	162	
167	178	196	166	
167	165	174	189	
167	168	197	182	
152	172	168	167	
168	169	177	159	
173	165	177	175	
152	188	159	157	
199	180	187	186	
154	171	155	175	
179	166	173	195	
166	151	199	175	
179	190	163	186	
197	169	155	159	
196	170	161	180	
182	199	161	197	
169	153	186	178	
163	173	168	195	
175	178	191	160	
155	164	152	165	
190	194	169	160	
159	182	175	171	
168	195	167	184	
180	175	173	154	
171	161	152	194	
189	153	192	162	
164	160	172	195	
174	161	193	197	
162	166	184	165	
199	153	165	178	
196	197	175	177	
173	194	159	187	
178	180	190	152	
150	160	193	162	
173	178	186	189	
196	192	191	197	
154	189	156	150	
168	189	170	151	
152	171	175	164	
185	151	161	199	
193	188	189	177	
171	188	197	173	
197	178	179	184	
177	158	198	181	
182	193	164	160	
189	152	188	196	
225	217	200	239	
237	246	215	229	
234	200	229	238	
202	243	248	237	
205	228	230	237	
215	239	229	204	
221	243	202	235	
224	210	218	241	
215	211	221	202	
243	249	242	245	
236	238	233	225	
214	203	234	244	
242	210	219	216	
202	234	239	204	
227	249	219	245	
223	224	210	205	
212	246	203	233	
219	244	234	230	
206	240	216	238	
231	207	241	245	
247	246	215	209	
224	220	221	213	
220	223	215	208	
210	215	237	242	
201	212	237	209	
218	221	238	241	
237	233	239	240	
228	245	241	211	
214	207	244	227	
244	219	224	208	
244	235	233	212	
216	217	235	228	
219	240	210	209	
230	246	207	223	
244	229	225	211	
206	205	222	240	
249	223	248	219	
243	249	224	235	
245	224	213	211	
245	222	217	224	
210	249	233	235	
217	224	226	241	
209	227	225	239	
220	205	200	240	
225	240	229	228	
232	246	235	221	
219	214	231	234	
205	227	216	247	
249	220	207	225	
233	222	208	221	
250	296	264	269	
250	259	299	264	
288	252	253	275	
272	295	281	279	
272	295	283	280	
270	266	265	288	
269	267	299	268	
254	277	250	261	
253	295	254	292	
258	283	275	265	
276	288	294	291	
250	265	277	278	
275	286	277	266	
266	284	282	288	
260	294	272	283	
270	292	269	260	
267	266	269	280	
250	273	279	280	
271	273	282	269	
288	255	296	267	
297	254	276	298	
290	269	250	271	
298	252	289	280	
258	267	260	251	
280	299	294	273	
278	253	266	251	
284	293	255	279	
260	264	272	289	
296	276	277	257	
289	278	272	299	
280	281	283	296	
289	253	290	264	
289	280	256	285	
286	264	294	259	
264	298	259	297	
296	262	295	278	
294	287	290	278	
285	287	263	278	
284	276	269	260	
276	267	291	283	
288	284	287	274	
279	257	295	261	
275	289	294	250	
251	270	259	254	
298	252	269	270	
277	291	258	298	
273	251	288	295	
254	251	268	270	
293	252	294	286	
271	267	295	288	
316	300	336	344	
313	325	347	307	
345	328	339	321	
313	347	320	316	
305	316	343	333	
325	347	306	349	
331	306	311	317	
329	343	307	342	
325	311	328	313	
323	321	333	330	
344	308	343	322	
333	338	335	337	
325	300	321	330	
309	312	349	339	
331	322	327	320	
319	340	305	339	
346	305	328	311	
301	317	319	347	
334	345	309	318	
324	308	339	335	
325	334	307	309	
308	349	309	343	
324	343	323	303	
308	343	346	315	
305	306	308	323	
309	344	334	342	
339	315	341	321	
342	323	308	320	
341	332	331	303	
324	310	342	308	
300	304	337	336	
304	300	342	310	
314	308	326	329	
307	301	311	332	
304	346	336	323	
331	335	316	319	
339	340	312	332	
327	339	335	325	
337	303	320	341	
341	316	322	331	
328	312	317	322	
319	324	302	334	
334	318	307	325	
329	338	347	326	
321	323	337	310	
325	342	323	328	
301	321	310	316	
339	319	317	316	
303	348	321	343	
327	301	344	323	
391	369	399	389	
351	373	393	388	
386	351	378	389	
365	360	396	355	
371	357	368	364	
365	371	364	351	
393	396	368	392	
397	394	398	383	
370	375	355	376	
372	352	353	399	
378	399	371	392	
357	366	368	361	
367	363	364	355	
383	373	397	370	
374	359	357	386	
386	391	379	352	
380	354	385	372	
354	359	350	396	
360	394	377	392	
360	393	355	381	
393	356	376	370	
387	373	393	381	
393	382	354	364	
398	386	380	379	
378	394	384	395	
365	375	398	360	
379	350	388	391	
390	395	382	352	
380	370	371	389	
396	381	386	383	
390	372	396	394	
366	390	379	355	
366	374	377	362	
357	352	386	390	
372	397	370	354	
395	380	376	399	
394	366	355	359	
380	366	397	388	
365	359	382	366	
383	375	395	351	
381	387	379	385	
377	385	365	372	
373	397	351	361	
353	357	387	352	
385	360	362	387	
376	360	365	389	
350	351	353	395	
387	384	389	359	
375	374	367	397	
398	357	355	387	
405	447	409	400	
408	437	427	406	
437	428	423	408	
401	415	420	427	
439	432	441	415	
443	441	434	408	
448	437	427	439	
414	426	417	435	
417	444	419	410	
413	422	431	401	
446	436	420	403	
422	408	431	445	
425	417	409	424	
422	413	406	416	
423	443	429	446	
429	430	441	437	
434	422	407	438	
429	417	446	436	
430	443	435	422	
434	423	425	403	
432	448	407	440	
412	444	424	447	
422	414	426	419	
447	428	449	434	
439	407	419	433	
405	413	418	430	
437	449	438	405	
402	414	446	404	
407	449	441	427	
428	436	438	446	
404	421	435	419	
416	412	425	429	
433	414	402	401	
448	430	418	421	
418	448	426	416	
420	433	403	421	
438	428	439	416	
449	424	419	445	
429	436	434	417	
435	441	401	421	
415	404	402	424	
433	440	449	441	
447	415	432	440	
443	400	441	431	
416	442	424	445	
410	449	407	412	
411	446	413	422	
419	408	423	402	
412	435	405	403	
403	429	410	421	
497	472	454	463	
469	474	466	458	
490	476	464	455	
464	459	486	452	
499	478	492	491	
478	497	469	492	
454	489	497	488	
478	493	479	482	
486	480	467	492	
491	496	469	494	
457	456	497	472	
464	489	498	485	
468	498	484	476	
487	456	498	471	
461	487	470	465	
461	465	474	458	
491	450	488	490	
463	478	487	476	
450	483	486	497	
475	480	472	495	
451	455	475	470	
461	489	492	455	
497	492	467	465	
491	486	474	487	
452	463	483	464	
461	456	497	468	
472	469	476	481	
477	495	484	460	
474	468	450	466	
488	486	464	490	
476	467	458	459	
497	484	467	488	
454	450	488	497	
473	475	461	479	
499	480	489	471	
453	493	499	472	
469	481	474	491	
454	476	462	471	
486	495	469	468	
456	481	452	468	
477	463	483	455	
469	470	487	458	
487	475	466	470	
458	498	490	468	
482	487	481	455	
490	453	452	478	
475	493	452	472	
481	493	488	454	
469	452	459	458	
484	499	479	455	
47	10	33	46	18	
31	25	42	28	2	
20	23	15	12	44	
11	47	14	31	17	
23	24	35	34	25	
12	41	21	9	44	
22	8	6	3	5	
22	35	4	16	21	
47	36	38	37	49	
23	21	31	49	12	
24	0	25	21	35	
9	39	41	29	35	
13	14	2	15	36	
41	4	21	0	36	
23	22	36	18	4	
7	27	9	41	11	
38	3	17	33	45	
46	49	15	17	20	
34	46	10	48	44	
22	8	17	4	28	
39	34	26	28	45	
42	15	11	40	18	
2	45	36	18	44	
24	1	34	47	9	
20	40	49	35	12	
6	49	40	34	15	
25	19	27	42	21	
39	4	36	8	42	
35	26	0	23	29	
1	38	9	11	23	
14	41	12	25	8	
33	12	9	24	21	
6	35	10	23	30	
42	8	18	38	33	
14	10	26	11	15	
24	41	19	2	29	
5	21	49	16	46	
17	10	40	31	20	
20	25	10	48	11	
9	31	40	7	47	
40	21	16	3	24	
49	38	8	36	48	
34	22	6	40	41	
6	21	47	9	3	
32	48	24	49	31	
12	9	26	11	34	
19	26	37	43	29	
5	49	1	43	27	
46	48	21	14	15	
3	0	5	7	8	
87	82	71	80	81	
79	54	67	90	94	
58	89	65	70	80	
90	60	74	94	88	
67	89	68	95	97	
69	54	56	99	61	
74	88	65	93	82	
94	85	97	96	89	
72	77	64	93	88	
70	90	99	79	95	
53	71	79	55	84	
92	65	76	93	96	
73	63	77	95	76	
69	64	98	99	96	
65	55	75	90	61	
57	78	68	59	69	
88	76	66	79	68	
72	73	86	57	96	
51	60	90	82	72	
69	57	59	79	66	
62	83	99	84	94	
94	58	56	99	89	
52	65	96	90	79	
52	95	71	85	51	
94	74	81	73	84	
55	59	71	62	63	
99	56	97	78	54	
77	78	85	65	71	
85	94	88	52	62	
78	63	88	86	68	
89	95	98	52	72	
76	74	62	70	92	
78	63	96	50	71	
68	90	97	88	95	
61	64	74	89	83	
79	69	98	67	66	
92	87	94	70	91	
79	93	72	62	63	
69	97	50	56	96	
66	61	81	68	94	
80	54	68	85	66	
55	85	65	79	89	
94	67	85	90	63	
50	80	98	78	52	
65	50	87	61	78	
77	62	58	80	81	
74	56	68	71	60	
74	51	83	59	61	
61	90	87	71	99	
84	58	78	88	62	
118	136	115	123	141	
109	145	113	111	104	
115	134	118	112	119	
106	147	136	102	141	
134	101	103	122	115	
119	124	129	100	102	
145	121	130	138	117	
146	136	118	145	108	
135	142	113	104	100	
116	135	129	142	148	
126	115	122	125	141	
110	106	116	137	143	
110	111	112	144	134	
103	130	118	147	127	
108	104	123	112	147	
124	148	135	109	143	
108	106	148	144	113	
108	141	104	125	129	
116	130	122	148	114	
111	138	147	143	112	
102	147	126	146	114	
120	100	128	102	123	
111	146	133	121	122	
117	125	146	103	120	
111	125	129	120	144	
123	135	113	136	111	
120	117	125	129	132	
133	120	126	147	131	
149	108	106	121	114	
146	147	123	126	148	
149	125	116	145	114	
107	136	124	108	147	
121	118	100	119	128	
107	119	137	134	112	
148	136	137	111	106	
143	129	141	120	116	
127	121	102	105	115	
100	142	147	124	137	
110	142	145	119	122	
134	101	135	102	148	
132	142	133	129	118	
116	132	142	127	130	
133	125	129	105	127	
126	138	142	128	119	
127	146	104	115	143	
122	145	130	112	149	
115	113	139	121	118	
136	138	129	139	133	
115	106	113	144	103	
149	133	111	128	108	
181	164	199	161	187	
184	168	179	174	188	
158	167	181	182	153	
158	192	156	164	160	
196	160	186	177	151	
151	156	153	164	162	
163	189	157	194	197	
153	158	150	193	157	
164	186	153	191	192	
190	195	197	178	175	
198	183	162	193	186	
166	179	172	183	150	
155	182	168	194	183	
174	183	189	164	197	
197	157	184	161	187	
168	157	167	195	192	
168	191	163	186	194	
181	161	177	171	190	
156	180	189	172	158	
163	161	182	195	152	
184	198	177	176	171	
170	161	150	162	155	
176	187	186	178	167	
189	164	161	184	159	
197	192	153	162	161	
198	180	171	158	188	
158	198	176	173	171	
184	156	180	182	168	
186	173	179	153	194	
174	185	183	193	165	
170	169	174	188	158	
181	165	163	164	187	
199	154	172	174	180	
199	190	160	163	151	
155	164	169	198	181	
189	175	186	170	160	
177	197	189	179	183	
177	196	153	155	170	
190	191	189	192	197	
177	190	155	153	198	
181	175	189	156	165	
187	178	161	188	165	
159	185	156	190	186	
156	177	150	155	154	
197	184	185	163	159	
162	156	186	163	167	
187	162	197	155	195	
152	163	165	161	189	
170	190	195	154	178	
182	166	163	184	154	
235	213	238	245	249	
242	200	235	216	218	
201	210	230	235	227	
242	221	236	233	227	
237	248	202	219	211	
239	212	214	216	243	
221	240	229	212	227	
230	214	201	210	238	
228	245	224	242	226	
228	247	242	212	208	
204	209	206	205	237	
244	249	210	202	206	
228	206	224	200	234	
226	244	217	210	202	
245	213	241	246	221	
237	225	244	246	230	
226	234	241	210	236	
213	200	212	204	230	
217	205	216	241	247	
216	219	221	246	215	
221	219	248	232	231	
204	227	230	242	208	
242	221	212	208	220	
233	241	247	218	239	
212	201	228	247	222	
247	248	217	227	221	
206	247	216	201	208	
222	212	242	213	226	
224	223	248	219	231	
233	231	206	214	225	
201	200	244	245	205	
239	240	245	220	237	
225	236	224	207	215	
226	225	244	205	203	
202	218	210	201	212	
244	216	209	223	215	
221	205	217	203	201	
202	245	234	224	243	
226	209	231	232	220	
245	201	220	235	217	
243	201	245	211	242	
201	245	239	200	215	
214	247	224	233	211	
240	205	203	225	228	
218	243	201	213	237	
249	223	222	227	246	
213	209	229	222	217	
229	223	235	224	228	
215	220	247	221	207	
225	246	219	212	232	
295	262	260	269	270	
283	294	276	261	297	
257	296	284	251	297	
265	286	268	261	264	
252	294	250	297	289	
262	288	293	276	299	
286	276	299	293	273	
296	268	279	273	276	
290	292	255	293	276	
268	282	299	270	296	
278	276	266	267	296	
269	280	257	282	286	
282	256	278	267	291	
295	272	265	282	264	
278	284	259	268	265	
291	298	281	288	252	
284	298	270	256	254	
268	292	253	288	293	
261	287	255	254	285	
298	281	265	267	274	
281	293	288	296	279	
264	251	259	252	296	
277	288	279	276	270	
282	265	281	290	289	
291	251	252	255	277	
292	273	261	264	272	
264	289	277	275	290	
260	279	267	292	286	
273	296	295	272	290	
282	277	287	271	286	
283	266	271	289	263	
255	299	264	275	252	
287	262	299	290	291	
287	260	282	279	295	
268	296	298	270	287	
261	253	296	298	252	
281	274	262	287	270	
299	296	260	288	269	
252	264	266	265	281	
256	281	278	263	270	
285	254	264	258	278	
252	258	251	256	262	
261	279	292	296	277	
290	271	270	268	278	
291	260	273	263	270	
263	290	297	285	252	
294	289	270	290	252	
293	274	297	262	269	
285	257	287	289	267	
282	252	263	260	280	
322	336	345	310	307	
307	345	329	334	314	
304	340	345	324	307	
313	305	334	339	323	
301	345	315	319	341	
334	311	303	346	326	
326	315	308	304	312	
336	346	315	314	312	
313	341	302	323	343	
321	335	306	329	343	
314	344	303	333	335	
315	338	331	319	326	
336	333	314	300	343	
344	325	340	315	301	
318	324	334	340	325	
310	327	329	312	316	
347	349	333	305	300	
307	329	301	315	314	
338	312	345	311	328	
323	332	325	328	307	
325	317	342	343	300	
347	306	346	329	338	
340	315	345	312	347	
340	335	338	325	304	
332	302	346	343	336	
320	321	335	300	341	
320	335	312	346	306	
309	310	341	338	331	
310	342	300	332	328	
343	332	303	308	309	
347	308	346	324	322	
329	314	337	321	349	
301	305	337	331	316	
314	330	313	319	335	
302	338	342	327	345	
339	334	332	344	329	
342	346	319	337	311	
306	320	329	301	325	
303	345	331	347	321	
329	310	312	316	331	
318	336	342	327	333	
332	305	329	341	344	
335	319	310	315	326	
308	315	340	343	316	
320	335	347	310	301	
346	331	334	304	303	
302	340	324	322	337	
322	339	330	337	338	
338	347	311	335	331	
343	308	346	344	313	
378	373	375	395	351	
384	373	389	370	364	
357	356	367	362	369	
350	357	381	392	354	
375	350	365	370	392	
355	388	395	385	390	
368	357	376	396	378	
373	394	380	383	396	
375	365	388	361	364	
363	359	379	357	392	
355	398	359	367	394	
397	399	375	379	368	
386	374	395	372	388	
388	358	397	398	370	
361	360	387	380	369	
375	354	368	393	396	
359	368	398	352	361	
367	369	394	370	392	
380	396	374	387	356	
392	364	395	391	366	
352	372	387	399	390	
389	361	395	356	354	
376	368	378	354	392	
357	370	395	360	355	
375	399	351	369	395	
364	386	368	359	377	
385	350	372	374	393	
362	377	373	392	361	
363	352	394	392	369	
364	378	356	399	394	
375	395	389	396	381	
397	367	396	385	389	
390	366	389	379	386	
371	375	382	359	351	
385	355	390	375	397	
350	387	390	384	388	
352	382	361	389	387	
366	392	364	397	393	
393	380	362	360	367	
387	363	377	366	394	
372	359	387	350	379	
378	358	374	395	389	
387	375	369	388	389	
388	361	364	351	362	
392	383	350	367	373	
365	395	374	350	377	
356	373	375	367	386	
397	386	367	359	366	
395	392	390	397	382	
352	360	393	367	379	
447	422	443	419	427	
436	442	403	410	405	
441	428	415	448	420	
414	440	435	443	431	
423	419	429	401	425	
417	406	424	411	435	
427	433	408	416	447	
414	411	430	447	401	
415	407	417	416	446	
436	405	409	416	446	
429	436	404	419	420	
412	421	432	404	411	
440	417	414	447	449	
420	418	402	401	424	
447	448	421	434	405	
419	429	420	436	424	
417	448	444	439	412	
440	400	441	431	401	
421	412	430	440	415	
439	443	430	409	428	
425	419	406	448	446	
432	407	440	404	425	
442	438	416	425	418	
422	429	403	446	431	
417	434	444	427	438	
429	418	449	439	414	
405	447	418	407	400	
422	442	419	430	410	
438	436	449	404	433	
448	402	430	446	433	
404	413	400	429	444	
420	417	402	435	434	
411	413	400	405	422	
437	429	415	436	438	
424	400	445	427	418	
443	445	431	433	434	
448	416	409	403	423	
405	418	440	416	445	
427	430	417	437	429	
420	419	444	425	424	
404	433	427	428	407	
406	438	405	408	430	
411	420	426	418	427	
449	411	403	416	423	
441	422	436	413	417	
416	436	435	438	428	
404	412	436	413	405	
431	448	438	417	416	
403	417	445	434	423	
422	442	401	435	426	
476	499	489	463	457	
492	493	471	474	450	
465	475	458	491	467	
473	453	490	468	487	
490	467	460	494	458	
485	468	475	491	495	
452	472	490	451	476	
490	472	469	479	478	
451	494	467	453	486	
488	494	459	492	463	
491	496	481	461	486	
492	475	479	459	476	
455	452	467	472	460	
475	497	468	461	487	
455	492	474	476	467	
468	465	450	469	451	
474	461	472	466	489	
465	453	493	469	479	
464	499	453	467	497	
460	464	489	499	456	
493	456	465	485	468	
465	487	451	483	473	
450	482	476	466	461	
470	484	457	474	451	
464	460	458	477	454	
486	491	488	470	451	
493	461	467	483	477	
491	493	482	450	492	
451	458	478	488	463	
482	485	496	480	472	
475	499	498	484	489	
453	495	486	469	499	
460	490	463	498	478	
453	486	481	499	458	
496	474	484	488	492	
494	462	493	491	477	
466	456	457	472	460	
484	492	461	498	474	
471	470	457	451	456	
462	479	452	459	494	
469	452	499	470	471	
453	464	475	452	461	
476	475	486	477	460	
484	459	495	466	481	
498	455	473	499	465	
453	487	473	477	456	
451	479	491	478	490	
457	456	491	483	453	
463	487	458	460	465	
472	458	478	496	476	
451	484	221	369	416	27	
72	162	362	228	309	121	
376	255	49	359	42	374	
225	314	13	310	151	459	
251	142	203	467	79	395	
109	236	14	417	26	391	
208	189	313	403	12	432	
245	349	438	122	205	131	
148	410	455	224	499	290	
310	377	249	69	144	116	
492	129	62	33	255	58	
253	239	397	66	86	377	
216	464	88	315	92	181	
138	83	352	119	276	250	
2	165	335	211	190	51	
189	76	23	490	51	70	
91	369	288	248	308	95	
89	193	261	205	86	163	
46	394	211	66	170	404	
244	128	406	81	233	220	
112	38	197	170	182	225	
409	327	337	390	353	151	
436	219	113	367	271	459	
92	352	204	442	184	15	
380	93	487	257	447	448	
163	19	336	300	313	296	
492	165	291	475	193	340	
3	319	198	411	487	35	
64	268	455	263	492	99	
471	476	356	3	263	97	
219	391	51	344	303	71	
376	121	471	297	364	291	
233	292	112	56	123	250	
104	345	183	84	484	238	
262	484	67	427	378	225	
182	477	79	305	433	7	
334	444	0	478	23	94	
104	70	395	21	468	499	
455	453	128	265	218	358	
154	413	361	405	134	452	
450	93	249	385	134	27	
139	333	284	385	353	30	
296	108	170	50	38	392	
300	220	102	298	120	295	
158	82	366	267	446	316	
111	427	264	74	230	495	
288	229	212	475	383	83	
39	452	201	62	429	405	
200	136	40	27	359	273	
411	357	337	157	182	212	
42	39	231	393	332	206	
5	156	416	175	11	374	
328	368	467	38	422	51	
226	383	270	59	69	474	
92	199	217	176	191	336	
348	334	246	229	487	22	
252	77	257	21	405	465	
468	465	445	123	456	75	
24	404	416	78	135	446	
41	404	243	213	262	466	
106	265	333	273	67	112	
270	293	3	199	284	31	
296	37	358	301	401	354	
379	156	88	154	351	244	
126	29	106	340	179	173	
126	155	168	170	144	329	
359	224	293	189	182	95	
454	25	106	335	328	333	
28	406	67	14	191	366	
493	179	221	255	8	416	
179	142	385	147	109	94	
146	408	483	402	278	45	
296	58	260	9	251	10	
191	346	496	233	132	257	
106	416	452	394	411	278	
264	471	10	139	193	124	
488	89	107	99	253	319	
56	372	197	473	310	102	
159	341	400	185	62	112	
390	456	113	461	18	29	
358	77	344	474	31	131	
241	453	102	467	131	273	
295	462	437	317	421	465	
262	485	462	84	431	86	
5	80	275	259	199	341	
173	262	325	438	320	230	
335	194	228	157	38	160	
128	472	248	124	290	100	
131	136	306	112	56	266	
292	194	425	163	50	109	
217	428	242	101	235	221	
421	416	43	14	356	429	
352	146	447	99	138	123	
180	291	115	256	407	358	
209	354	317	190	212	154	
344	319	30	208	121	377	
258	352	58	363	490	411	
59	52	30	210	457	300	
484	290	487	295	360	103	
129	414	230	59	293	16	
233	379	11	195	444	270	
103	308	202	341	2	280	
325	252	243	484	109	496	
235	172	265	298	275	46	
425	134	458	113	392	387	
246	89	17	482	261	69	
319	258	277	10	276	347	
304	307	54	82	62	283	
339	482	141	453	3	144	
76	194	23	253	128	485	
427	431	12	392	215	400	
32	380	72	495	106	86	
377	163	137	336	467	241	
476	37	389	227	403	376	
463	291	371	89	1	9	
303	390	149	41	97	31	
474	112	275	362	11	236	
190	366	443	62	409	238	
412	111	287	227	402	152	
1	278	63	175	312	296	
360	416	28	145	222	397	
236	185	365	142	445	246	
473	154	382	251	415	370	
383	162	314	49	29	80	
185	245	388	7	344	483	
214	416	249	156	245	470	
289	147	445	466	186	266	
67	111	370	104	121	219	
60	197	247	32	204	356	
230	235	115	78	348	5	
413	434	401	283	91	166	
442	485	496	45	177	388	
449	139	497	165	357	318	
408	162	494	283	52	301	
175	366	268	357	324	210	
196	326	134	250	102	483	
236	99	360	67	157	122	
189	282	341	263	285	51	
68	17	50	316	138	104	
290	326	388	340	168	139	
337	108	350	448	339	112	
52	206	399	250	339	33	
492	227	230	461	83	321	
450	4	443	233	476	455	
394	302	145	210	271	346	
461	485	13	103	214	402	
161	222	397	38	237	201	
76	26	241	381	213	370	
336	279	29	344	246	168	
210	312	33	381	447	449	
496	113	45	257	239	147	432	
59	486	271	437	211	340	335	
143	307	161	2	88	336	50	
301	185	468	332	59	463	138	
430	68	244	350	44	385	380	
121	8	238	264	250	59	423	
161	334	236	284	340	36	9	
346	131	142	200	362	137	192	
236	93	221	352	409	317	52	
429	139	279	180	253	230	375	
301	19	409	309	428	42	332	
118	378	199	275	119	14	407	
311	101	304	410	85	293	306	
343	123	255	261	310	350	162	
60	263	96	257	270	39	311	
403	463	114	347	301	136	236	
8	401	166	472	321	330	170	
385	44	471	149	34	486	251	
41	237	429	293	76	278	282	
128	488	471	234	138	285	479	
197	281	422	41	22	96	395	
9	339	264	383	410	244	421	
476	211	218	163	164	56	452	
404	194	56	382	492	496	114	
452	225	65	241	424	302	194	
363	458	223	374	164	255	147	
84	244	250	113	495	238	26	
462	83	152	391	376	270	322	
399	6	116	358	390	496	249	
276	148	428	324	165	437	381	
34	385	265	4	322	268	430	
490	27	390	281	300	354	32	
341	156	82	307	240	239	94	
148	321	456	343	432	143	128	
311	137	261	27	159	434	182	
408	91	196	477	85	424	405	
149	108	294	186	204	276	210	
151	352	458	365	57	106	266	
164	187	21	489	169	249	311	
110	409	408	385	66	137	176	
23	34	164	33	141	174	475	
305	152	148	299	283	244	222	
443	106	478	59	113	444	389	
345	217	21	210	284	45	193	
178	480	280	301	297	364	182	
391	192	455	315	52	331	407	
474	224	71	348	89	314	139	
407	77	12	275	217	433	153	
111	414	235	349	283	407	319	
463	50	325	198	395	413	417	
459	286	280	309	125	145	490	
252	119	470	362	449	349	196	
312	279	144	73	489	451	441	
455	378	81	386	334	122	246	
404	65	229	144	171	395	422	
85	428	121	179	34	20	446	
250	415	362	181	421	139	37	
353	127	338	448	23	200	403	
251	172	31	132	471	95	163	
212	265	81	371	33	117	191	
467	287	196	107	91	263	18	
363	32	65	175	341	255	170	
264	73	21	175	126	29	333	
16	19	128	357	310	175	462	
142	99	466	361	225	200	189	
134	81	429	415	194	359	158	
22	370	175	260	476	409	15	
371	364	471	13	325	254	174	
328	278	291	478	397	173	499	
258	92	33	173	191	102	361	
425	415	281	427	121	90	467	
283	234	342	258	331	286	285	
331	369	295	351	471	244	313	
58	9	132	330	172	331	140	
466	441	232	270	182	356	75	
366	254	153	132	53	327	251	
346	170	352	473	362	459	236	
174	354	47	431	230	394	337	
398	336	35	260	286	258	411	
498	485	377	403	427	410	326	
272	112	319	75	195	285	399	
442	437	481	76	135	273	282	
88	319	376	176	15	1	160	
188	146	325	158	247	255	485	
40	433	456	459	11	359	145	
184	359	232	378	280	4	14	
172	90	238	12	463	499	206	
335	250	238	80	496	339	252	
386	469	227	224	238	437	222	
227	411	383	421	413	55	0	
227	39	377	42	206	378	83	
385	462	227	184	74	255	479	
351	289	497	138	369	65	430	
298	464	10	94	159	278	441	
391	20	294	296	244	247	84	
133	310	261	97	492	13	250	
91	446	349	373	244	1	353	
2	265	418	182	208	492	22	
461	312	115	422	316	66	161	
419	80	9	195	454	240	399	
457	292	140	443	150	304	341	
61	483	16	382	41	242	347	
195	253	243	210	301	271	423	
1	184	12	44	162	264	178	
186	14	267	102	469	360	30	
127	469	465	286	17	159	42	
269	226	80	140	222	126	120	
379	426	36	334	338	148	420	
302	451	465	208	15	170	38	
103	324	465	191	185	70	76	
67	41	293	372	359	56	262	
57	399	395	105	356	392	422	
341	352	48	279	221	342	3	
275	39	408	476	269	172	342	
472	119	494	406	386	379	485	
487	451	119	32	83	400	323	
41	162	472	27	214	29	449	
191	347	367	408	230	255	77	
459	33	327	22	455	146	398	
145	169	323	322	353	330	109	
260	334	185	439	410	230	198	
26	368	24	165	421	475	330	
292	154	163	169	319	146	142	
298	346	102	391	49	290	367	
146	307	218	109	63	260	495	
441	473	154	366	389	295	95	
453	482	82	340	147	165	92	
161	442	224	222	335	121	284	
50	110	467	463	384	249	413	
146	129	356	148	141	232	335	
295	334	344	339	494	463	465	
459	270	265	94	157	110	470	
38	79	106	385	240	446	368	
405	293	237	267	311	147	247	
491	8	14	483	28	248	20	
289	404	210	339	320	110	283	
132	177	195	345	340	381	292	
211	155	454	467	275	75	68	
479	334	344	314	161	199	205	
108	62	402	133	4	307	444	
76	168	193	185	135	11	423	
292	52	290	9	137	69	104	
83	31	357	336	478	77	471	
236	434	219	199	475	168	452	
469	338	393	333	313	479	111	
202	402	415	89	222	244	155	
65	439	62	484	343	64	266	
428	134	169	295	188	260	498	
349	305	229	259	434	219	246	
493	153	272	60	297	385	65	
449	189	284	55	63	106	205	81	
252	185	336	156	89	299	413	250	
387	203	380	205	209	400	299	125	
297	168	65	7	32	110	201	397	
324	123	364	495	221	215	349	296	
151	93	278	21	41	455	163	451	
78	309	225	24	165	298	443	348	
190	413	297	418	92	157	352	482	
411	92	181	483	274	13	241	294	
95	133	387	459	251	315	131	124	
459	176	413	134	399	4	249	360	
421	364	41	224	30	352	409	47	
469	111	159	170	13	287	36	286	
188	412	162	315	474	467	364	256	
301	232	138	281	53	35	349	249	
411	191	254	321	214	447	300	299	
116	214	305	486	499	425	297	481	
350	432	442	195	176	357	291	253	
429	384	186	314	134	180	54	56	
102	498	345	365	19	97	434	45	
496	83	408	457	229	114	396	128	
223	462	213	81	83	379	65	399	
101	59	249	439	143	98	283	285	
253	421	198	232	388	480	306	22	
95	382	357	396	106	379	306	213	
271	473	373	74	439	160	147	259	
169	417	366	109	43	40	115	348	
102	370	366	385	469	326	473	335	
98	351	145	425	408	380	77	470	
119	76	70	429	388	347	483	235	
239	141	396	412	263	72	361	235	
430	388	213	269	176	362	68	132	
461	497	23	165	239	290	19	226	
431	75	420	201	311	386	58	197	
93	206	55	194	463	128	63	440	
438	484	1	60	279	68	84	405	
372	492	338	419	250	256	449	318	
181	364	477	168	64	381	232	10	
456	336	288	169	58	492	268	113	
130	366	354	410	293	176	308	138	
141	31	111	495	121	358	211	320	
60	198	277	490	41	480	346	252	
383	48	153	273	437	350	12	387	
248	125	41	308	275	342	315	206	
441	164	95	266	30	341	363	347	
287	70	390	475	20	348	495	407	
438	366	375	330	13	358	127	139	
467	463	107	482	26	131	255	288	
11	409	470	117	245	252	469	387	
107	273	102	94	229	180	380	113	
312	88	77	132	244	59	25	82	
53	488	371	296	279	459	25	358	
3	429	26	316	40	121	481	183	
423	416	221	365	370	26	362	392	
291	63	287	86	38	296	59	226	
467	106	116	105	472	272	43	442	
230	332	359	187	348	397	75	325	
158	101	413	103	370	79	444	22	
417	219	139	80	115	476	366	171	
290	182	51	324	405	48	354	406	
444	158	380	160	319	91	239	427	
285	252	389	383	319	200	437	270	
268	35	463	213	468	89	49	124	
318	23	493	341	138	396	338	233	
140	286	460	129	434	475	2	132	
99	248	145	40	48	241	148	108	
44	326	482	113	496	214	277	440	
110	16	206	212	443	431	120	21	
403	206	76	161	345	356	425	421	
181	376	321	396	8	210	163	461	
157	305	399	423	358	492	88	62	
75	483	314	182	210	224	359	132	
79	230	157	473	99	280	468	18	
325	151	426	492	457	76	448	424	
176	326	304	278	299	339	415	478	
375	60	24	46	114	294	220	11	
441	165	181	266	161	354	478	357	
189	420	429	193	446	430	204	68	
116	398	239	488	3	244	173	141	
373	372	24	98	165	362	399	4	
41	92	493	282	366	229	130	480	
389	156	314	352	62	346	151	374	
331	446	474	493	171	383	297	122	
235	186	83	254	9	150	224	122	
271	83	424	14	57	70	93	261	
105	2	188	227	114	361	460	27	
450	294	254	355	399	17	367	139	
236	232	399	60	14	352	41	150	
292	423	269	212	356	202	393	9	
332	299	462	27	218	19	143	20	
458	334	212	244	409	323	55	11	
446	249	4	43	402	160	13	299	
400	337	368	51	336	276	450	341	
100	63	413	118	402	73	373	11	
380	159	190	27	461	399	140	157	
115	66	400	48	310	259	56	255	
114	323	367	372	451	263	463	329	
194	126	345	471	174	112	91	101	
160	122	499	138	284	448	295	222	
131	69	361	146	243	70	99	66	
497	96	254	269	327	371	297	190	
411	102	272	77	264	391	317	68	
170	193	99	474	293	301	453	464	
455	383	185	45	491	497	64	40	
17	84	283	177	19	337	312	251	
250	164	124	57	371	386	45	423	
468	36	124	385	427	405	42	462	
200	270	490	246	102	56	231	116	
217	421	277	250	107	194	393	63	
118	264	145	442	109	115	88	203	
147	204	143	12	10	304	207	5	
287	95	357	76	289	74	193	274	
91	187	9	155	438	293	78	152	
369	82	338	374	344	11	480	86	
127	276	307	264	119	112	182	385	
75	305	168	41	245	206	125	9	
98	297	491	113	402	142	353	130	
435	351	62	445	181	320	360	488	
448	127	275	103	205	141	47	306	
389	472	187	219	153	57	463	326	
163	128	336	465	179	238	40	80	
17	57	6	483	264	13	336	222	
436	297	434	178	189	134	82	496	
291	461	89	442	122	483	43	351	
378	449	73	428	93	128	472	286	
379	76	391	268	476	375	101	118	
485	480	115	102	448	32	337	19	
425	371	376	361	162	19	437	481	
185	396	175	361	292	235	328	42	
181	78	29	366	460	236	79	117	
108	408	462	427	256	22	347	450	
308	239	14	472	167	244	378	420	
97	425	103	221	392	452	5	8	
220	358	490	357	256	6	61	138	
247	259	272	192	246	120	416	492	
475	166	366	267	68	46	305	38	
110	218	248	175	139	493	145	389	
145	336	210	164	87	249	254	366	
359	70	478	102	27	257	208	164	
131	93	75	139	107	494	59	185	
130	17	33	414	359	372	304	458	
247	40	278	457	118	357	24	352	
440	370	460	377	472	268	2	175	
366	57	355	89	211	402	260	394	
371	414	440	26	30	268	341	113	
290	357	250	434	182	397	130	6	
87	152	336	255	274	148	211	344	
154	253	156	54	339	324	437	347	
119	6	155	53	266	146	223	260	
299	244	407	168	262	497	243	103	
