6	34	1	
14	20	33	
10	49	30	
27	41	43	
42	17	0	
39	30	33	
36	38	48	
0	9	42	
14	23	25	
43	31	17	
33	6	7	
18	37	34	
2	15	29	
3	16	44	
43	24	39	
46	40	1	
46	18	37	
4	30	6	
13	16	15	
4	44	46	
0	10	13	
24	5	20	
38	29	15	
4	36	40	
1	34	4	
12	30	19	
38	39	41	
32	38	47	
24	14	29	
33	41	24	
42	34	41	
0	6	39	
29	39	32	
22	21	17	
25	43	5	
6	35	30	
40	10	48	
14	41	27	
34	38	48	
13	5	11	
3	47	27	
14	13	38	
33	39	29	
45	30	10	
28	46	31	
36	37	27	
29	25	37	
11	28	30	
12	34	18	
19	34	6	
73	58	50	
91	58	51	
51	81	59	
50	66	99	
82	80	88	
71	84	61	
76	95	96	
53	81	70	
90	60	77	
94	58	69	
63	67	89	
92	83	72	
65	87	69	
57	55	80	
73	51	61	
73	58	88	
82	68	90	
89	70	97	
80	92	61	
90	75	69	
79	71	67	
87	55	86	
65	68	53	
59	88	82	
98	87	67	
83	93	64	
52	96	63	
86	87	61	
81	68	76	
81	80	76	
88	92	55	
80	62	57	
84	58	66	
62	67	60	
99	77	69	
54	67	92	
66	50	53	
94	61	69	
90	62	85	
83	54	78	
69	95	86	
62	72	90	
77	63	87	
95	67	79	
93	62	86	
89	56	81	
60	84	58	
70	61	77	
56	86	58	
78	52	63	
116	128	112	
149	123	126	
105	147	140	
141	116	114	
149	116	128	
115	105	147	
133	120	101	
102	106	111	
103	101	146	
110	117	118	
137	116	141	
109	123	140	
144	149	126	
147	143	137	
149	143	125	
118	112	120	
127	136	121	
122	101	120	
110	138	147	
136	134	108	
105	136	116	
113	141	134	
138	143	119	
120	106	130	
124	126	132	
127	123	136	
115	132	110	
142	144	114	
119	120	135	
126	131	115	
129	138	116	
136	135	108	
132	116	140	
147	141	117	
130	143	105	
102	145	111	
126	140	124	
107	109	112	
113	109	138	
102	140	134	
128	136	143	
147	138	112	
148	147	126	
137	120	119	
111	134	145	
131	139	149	
107	101	108	
101	134	117	
127	148	113	
126	112	130	
150	169	175	
160	175	179	
150	171	174	
170	157	165	
155	171	183	
159	197	198	
155	168	171	
194	199	171	
179	151	165	
171	177	179	
193	169	163	
194	198	160	
164	156	188	
176	168	169	
173	163	169	
182	187	188	
157	179	195	
168	154	159	
162	156	169	
153	152	183	
158	154	183	
164	155	159	
162	153	183	
175	185	179	
199	181	152	
198	192	151	
153	171	199	
153	151	156	
166	177	169	
177	151	181	
195	194	158	
177	184	179	
177	182	172	
180	193	181	
175	167	191	
177	159	153	
160	174	167	
198	150	182	
182	152	150	
186	159	154	
150	175	192	
151	160	186	
157	165	170	
170	151	178	
164	171	152	
186	192	159	
164	156	177	
192	188	181	
192	184	157	
166	154	189	
228	204	218	
220	229	236	
228	232	225	
219	215	212	
210	222	218	
241	229	206	
229	222	217	
241	208	211	
240	223	248	
205	203	245	
200	210	237	
246	226	235	
216	200	233	
219	238	209	
214	229	227	
245	223	210	
205	239	245	
217	228	234	
244	223	208	
219	245	206	
223	236	220	
235	231	221	
203	207	211	
233	235	209	
222	215	230	
223	243	233	
247	229	241	
228	220	249	
243	235	203	
209	235	214	
226	224	207	
238	213	227	
228	220	247	
204	219	212	
204	236	211	
201	200	233	
208	203	244	
237	248	238	
228	222	208	
227	231	234	
221	236	205	
205	214	212	
208	238	220	
210	245	212	
201	249	230	
241	219	246	
211	243	244	
209	217	227	
236	243	244	
236	242	238	
259	255	279	
275	268	253	
261	271	257	
291	262	269	
279	268	294	
251	270	257	
275	250	276	
297	282	271	
261	290	253	
294	275	273	
276	298	293	
250	275	271	
253	258	271	
262	274	284	
281	263	287	
287	257	288	
256	270	254	
266	294	282	
276	298	259	
290	296	253	
262	296	252	
256	267	273	
253	276	264	
266	293	287	
275	284	276	
284	283	296	
276	274	253	
294	266	257	
283	289	275	
290	283	259	
293	286	288	
273	252	283	
256	253	296	
296	289	265	
251	297	270	
293	277	288	
281	253	283	
297	261	273	
287	291	255	
251	250	295	
293	287	277	
252	291	297	
262	288	252	
279	258	280	
276	280	277	
261	273	279	
259	278	298	
280	287	271	
276	298	262	
278	280	295	
305	308	317	
322	329	347	
345	332	303	
321	341	324	
326	320	311	
309	336	347	
302	317	314	
300	315	332	
341	327	324	
338	308	344	
347	339	345	
314	334	348	
332	348	338	
300	327	306	
332	300	306	
321	306	307	
320	300	303	
307	301	323	
304	311	344	
311	331	325	
331	343	336	
348	346	338	
325	306	339	
303	320	309	
337	318	313	
312	324	320	
340	320	323	
344	301	333	
308	337	343	
308	331	332	
309	341	345	
318	341	310	
342	340	323	
323	307	313	
325	342	323	
302	320	345	
330	308	335	
320	310	321	
313	305	344	
328	347	321	
321	328	317	
344	319	332	
341	313	342	
349	342	316	
347	326	341	
340	348	306	
324	306	317	
337	331	317	
337	313	344	
322	342	336	
364	351	368	
352	396	358	
379	388	351	
393	375	390	
378	396	397	
358	378	395	
381	364	394	
379	375	371	
398	386	390	
370	368	398	
361	376	388	
376	369	357	
382	375	394	
393	369	396	
371	377	359	
361	366	364	
362	368	377	
382	377	359	
392	383	391	
362	393	353	
386	380	370	
355	388	395	
359	374	350	
376	363	384	
369	389	393	
361	352	365	
394	377	374	
398	385	366	
389	365	364	
359	353	360	
367	385	359	
379	397	361	
351	365	386	
372	394	374	
360	363	387	
376	353	357	
382	395	383	
366	374	354	
381	395	375	
362	396	394	
384	382	392	
386	371	351	
370	381	390	
361	378	354	
375	374	369	
363	393	374	
382	396	355	
362	367	378	
380	364	376	
390	399	374	
439	431	401	
401	416	402	
430	433	402	
426	442	425	
400	447	427	
400	401	446	
439	409	440	
407	410	433	
402	441	424	
441	430	409	
407	402	408	
415	403	441	
425	449	409	
415	414	404	
439	428	427	
421	442	407	
425	421	433	
429	418	401	
443	444	420	
429	439	443	
411	438	426	
443	413	444	
443	435	445	
428	433	447	
436	428	406	
447	413	445	
437	404	449	
412	434	402	
448	429	434	
439	411	419	
418	443	431	
417	447	436	
406	433	443	
416	409	400	
427	429	449	
419	405	440	
449	414	406	
440	424	426	
435	401	418	
446	422	404	
409	421	402	
420	400	410	
417	445	403	
411	409	435	
408	423	428	
413	422	424	
437	442	436	
429	434	408	
443	405	404	
411	419	405	
496	492	461	
466	486	468	
494	475	481	
458	454	481	
471	456	493	
463	480	499	
467	491	478	
479	454	485	
473	486	453	
456	457	477	
452	479	465	
494	461	484	
453	497	450	
494	474	473	
477	469	459	
486	453	451	
481	482	467	
460	482	465	
498	465	494	
456	471	463	
492	491	476	
479	497	459	
495	498	460	
480	454	497	
458	497	491	
475	490	499	
454	497	466	
484	489	487	
479	457	490	
487	493	468	
474	473	466	
487	476	488	
492	493	480	
494	470	452	
480	490	491	
484	473	497	
464	473	495	
460	465	487	
484	476	475	
498	486	489	
471	488	483	
494	459	462	
470	487	481	
488	473	457	
487	462	473	
456	488	497	
477	495	459	
470	472	468	
477	498	465	
470	480	471	
20	17	38	24	
8	27	0	37	
17	20	46	11	
32	39	25	42	
36	46	12	19	
35	23	45	26	
7	17	0	5	
32	44	1	8	
18	2	35	44	
23	34	0	47	
19	9	7	41	
34	36	18	25	
4	35	5	16	
4	36	26	8	
8	39	7	28	
35	34	42	30	
47	10	19	45	
0	12	4	16	
5	23	21	24	
44	12	28	30	
48	38	23	40	
41	39	25	28	
49	34	44	12	
2	49	3	35	
27	36	23	17	
1	28	27	32	
46	6	47	17	
2	7	1	13	
20	18	5	4	
11	2	5	48	
7	14	20	18	
3	34	47	18	
2	10	47	23	
31	0	25	28	
45	12	0	46	
28	2	27	49	
35	48	21	10	
27	15	43	16	
47	23	14	2	
6	7	26	13	
31	39	23	6	
8	28	22	49	
31	34	42	25	
25	1	8	10	
14	3	17	32	
0	39	26	17	
17	5	15	45	
49	21	29	27	
5	9	47	20	
4	11	28	40	
54	53	52	61	
92	75	76	58	
53	89	95	90	
67	77	76	60	
86	95	64	66	
79	85	76	77	
65	79	91	57	
65	57	97	98	
78	67	81	70	
95	98	81	97	
85	89	74	54	
82	91	96	58	
90	61	54	72	
89	97	82	73	
82	66	99	95	
63	97	87	53	
71	79	65	94	
60	63	87	90	
78	98	82	92	
95	56	72	58	
85	86	61	70	
69	88	76	56	
87	80	56	72	
52	91	96	59	
57	73	91	69	
70	80	96	55	
91	74	57	84	
99	51	93	98	
77	54	69	86	
60	74	50	72	
67	74	94	88	
61	50	56	53	
55	76	82	90	
57	95	76	92	
75	59	85	76	
88	66	63	52	
80	72	93	63	
83	86	62	72	
93	70	50	91	
66	73	80	59	
59	78	71	88	
83	50	53	60	
66	80	50	94	
57	87	77	65	
53	89	52	73	
91	64	87	94	
85	73	70	96	
84	71	56	73	
58	81	60	69	
59	66	86	61	
104	103	134	114	
145	121	127	142	
100	133	102	138	
113	129	131	119	
108	114	123	138	
143	141	101	111	
146	138	142	127	
147	133	104	126	
130	117	101	115	
125	128	131	130	
146	121	101	133	
122	107	112	127	
114	143	134	149	
119	117	111	110	
127	109	142	124	
121	115	134	123	
104	119	146	101	
115	107	126	130	
130	135	100	102	
133	127	132	129	
147	133	111	138	
148	113	129	130	
107	111	127	113	
138	140	144	133	
138	106	147	103	
128	137	136	138	
105	138	149	126	
108	117	122	139	
117	104	107	135	
105	144	102	130	
114	137	111	106	
107	115	130	148	
147	116	135	126	
143	115	119	116	
105	132	112	146	
138	131	103	124	
149	108	100	113	
118	126	109	130	
101	131	112	119	
148	137	146	102	
103	113	144	100	
148	100	106	126	
108	134	144	148	
131	121	118	116	
133	139	128	123	
130	100	120	141	
143	116	139	109	
108	134	138	130	
123	120	115	110	
111	149	122	115	
161	159	186	170	
165	192	176	158	
165	194	185	170	
156	168	171	160	
189	178	196	175	
177	197	183	151	
159	165	161	160	
182	188	198	184	
198	182	167	172	
183	173	169	189	
176	196	164	175	
151	175	160	169	
161	182	187	173	
156	180	188	166	
193	158	197	187	
167	155	187	183	
178	191	169	187	
162	179	161	194	
187	184	199	173	
160	170	168	196	
169	191	171	150	
170	153	187	152	
181	182	153	186	
166	155	152	172	
169	188	199	154	
157	165	158	166	
181	161	151	183	
152	155	176	183	
193	186	192	181	
187	193	194	165	
190	188	193	183	
184	189	165	157	
160	194	173	186	
183	176	184	165	
188	159	166	158	
183	166	185	180	
173	150	182	161	
199	191	171	158	
197	156	175	168	
197	196	167	152	
197	195	152	175	
181	155	167	188	
171	185	161	186	
190	164	155	179	
182	175	199	195	
169	189	161	155	
190	163	156	181	
182	196	174	188	
161	180	176	168	
177	174	199	182	
223	208	242	234	
222	249	210	211	
206	218	224	247	
222	242	238	223	
238	210	244	220	
230	206	226	220	
228	223	234	226	
233	245	213	205	
202	212	226	203	
238	203	242	220	
225	207	221	204	
229	242	211	217	
236	218	235	240	
240	206	232	235	
240	214	233	242	
238	230	233	243	
233	202	222	220	
215	236	223	217	
237	202	235	217	
244	238	242	201	
233	204	239	213	
205	207	241	219	
236	220	208	216	
246	217	212	210	
235	239	243	229	
244	230	235	234	
229	212	211	200	
221	220	239	214	
231	246	248	219	
211	246	207	244	
216	248	214	220	
220	248	238	227	
211	246	227	218	
228	243	223	200	
220	208	240	235	
208	248	229	213	
235	231	240	225	
233	213	220	227	
209	238	213	242	
216	211	244	230	
213	229	210	237	
249	209	240	231	
218	203	217	240	
222	247	207	244	
209	241	205	212	
221	211	230	233	
200	226	246	221	
212	211	234	204	
247	226	211	232	
209	242	208	245	
270	266	262	284	
283	251	290	266	
282	283	296	284	
258	295	266	257	
294	276	293	268	
267	271	297	269	
263	251	298	259	
265	275	290	264	
278	277	299	258	
280	265	267	258	
293	294	295	259	
271	262	264	282	
297	277	274	294	
290	292	296	262	
259	276	280	266	
294	256	297	291	
257	252	274	255	
274	251	277	289	
287	279	280	264	
265	285	278	282	
282	257	263	255	
290	280	283	272	
255	270	265	253	
272	286	282	299	
287	254	251	258	
287	278	262	267	
251	286	282	269	
267	258	273	280	
265	296	267	279	
256	258	285	279	
286	259	275	268	
260	285	256	284	
281	270	259	282	
258	260	275	288	
254	281	286	256	
252	258	280	283	
259	277	256	285	
275	293	257	266	
297	278	283	296	
289	274	298	250	
287	289	281	259	
274	286	263	298	
253	272	258	293	
285	296	290	269	
256	284	254	299	
258	271	291	279	
251	295	256	260	
282	297	263	292	
297	283	253	284	
287	260	290	274	
318	301	319	300	
321	346	320	304	
319	305	314	307	
325	302	334	312	
330	309	344	322	
344	300	336	337	
301	339	349	341	
341	303	349	318	
342	333	317	321	
315	324	345	346	
346	344	336	308	
335	324	345	344	
332	303	301	309	
338	315	310	349	
315	331	334	347	
344	329	307	304	
317	319	320	340	
338	320	331	330	
332	349	329	334	
315	308	312	303	
317	316	300	308	
330	304	335	321	
346	308	302	343	
333	330	328	312	
305	317	342	348	
305	325	307	318	
307	309	305	311	
327	308	342	310	
343	312	342	338	
322	320	328	319	
331	338	335	326	
341	345	326	339	
326	341	302	337	
306	333	337	305	
302	324	344	339	
327	349	324	307	
322	321	306	329	
325	347	336	348	
308	328	322	318	
300	339	329	340	
341	327	346	318	
319	334	336	300	
334	346	307	313	
345	305	312	322	
325	327	345	314	
339	335	325	327	
345	315	344	329	
316	349	308	337	
339	323	330	306	
316	322	348	326	
390	397	375	367	
366	399	372	363	
384	357	383	381	
392	356	364	378	
397	369	361	382	
395	397	391	387	
372	394	375	385	
380	353	369	359	
356	387	360	376	
359	378	390	354	
360	350	371	393	
380	361	399	382	
382	388	392	378	
392	352	375	380	
355	379	388	351	
398	353	369	381	
387	383	373	363	
386	357	395	373	
377	355	372	381	
359	353	355	370	
362	392	364	395	
365	382	361	352	
350	363	375	384	
350	368	395	378	
391	351	398	399	
390	393	356	383	
358	364	385	365	
396	361	389	354	
378	397	390	358	
388	393	396	365	
358	367	366	385	
392	372	369	390	
396	386	366	397	
356	361	369	358	
362	397	381	392	
388	351	370	364	
368	356	397	391	
389	353	363	399	
376	361	380	387	
390	375	394	357	
382	381	389	371	
362	369	383	368	
357	368	359	393	
375	359	354	396	
388	397	353	352	
352	370	366	374	
386	369	366	381	
368	382	364	386	
362	353	354	361	
350	358	396	364	
411	445	418	449	
415	435	433	423	
409	400	401	416	
434	433	405	446	
422	410	400	407	
424	419	444	425	
430	413	428	411	
438	413	449	405	
432	401	404	437	
423	438	419	417	
413	403	406	448	
428	440	424	411	
430	433	435	408	
446	420	429	406	
423	418	405	424	
447	414	443	445	
443	420	436	410	
433	437	442	431	
442	449	423	441	
447	403	410	446	
410	426	445	411	
429	435	428	414	
425	430	400	410	
431	428	437	426	
417	424	418	411	
436	424	410	444	
400	435	427	416	
441	403	413	422	
404	403	428	430	
404	421	415	416	
431	442	443	413	
421	440	438	439	
434	439	421	448	
449	415	441	420	
440	402	449	427	
419	448	428	423	
425	420	407	401	
414	417	431	442	
421	406	408	449	
400	442	410	412	
428	419	442	422	
434	402	413	417	
407	429	430	413	
444	401	413	405	
403	422	440	433	
404	440	434	438	
447	439	430	416	
447	427	419	429	
414	442	417	447	
438	404	446	427	
494	462	471	489	
499	468	497	450	
452	475	487	490	
469	458	482	459	
458	470	466	475	
464	452	462	476	
483	451	499	454	
475	455	469	460	
471	477	490	491	
467	497	498	496	
451	474	478	459	
461	457	465	460	
498	451	497	484	
493	463	498	490	
450	496	453	454	
495	451	497	484	
481	495	490	494	
457	465	475	455	
487	481	473	455	
481	472	480	468	
488	470	496	493	
477	483	461	450	
495	472	451	494	
497	492	456	473	
485	479	472	461	
499	495	475	470	
478	491	480	468	
481	492	456	485	
451	489	469	480	
459	488	483	455	
462	486	455	452	
479	489	469	468	
462	490	461	467	
478	481	484	458	
468	467	459	479	
451	492	482	464	
492	493	483	497	
476	456	450	480	
484	455	458	495	
475	450	461	486	
459	454	477	457	
490	477	493	451	
453	495	464	451	
469	484	462	460	
482	464	459	463	
495	488	474	477	
465	452	458	482	
476	498	482	478	
464	457	496	452	
476	457	477	460	
28	0	2	5	16	
16	38	45	47	9	
21	5	33	41	27	
9	25	8	1	37	
2	23	41	14	28	
25	15	3	16	6	
44	0	5	42	36	
24	45	31	2	29	
14	42	2	36	33	
18	8	30	11	5	
7	4	14	48	2	
10	22	38	42	21	
34	29	6	8	9	
7	35	30	8	9	
37	23	31	11	24	
39	48	23	32	25	
46	2	42	41	8	
42	36	17	37	25	
15	1	39	18	38	
18	39	49	3	22	
43	34	20	47	42	
49	26	5	46	32	
6	45	44	46	29	
23	31	37	11	39	
31	15	34	6	12	
20	18	12	25	41	
2	30	45	16	36	
46	19	37	5	42	
4	3	21	30	29	
39	4	30	37	31	
28	24	29	48	6	
37	3	18	42	30	
45	40	10	18	16	
33	25	30	37	46	
30	27	48	45	28	
48	10	1	34	36	
33	49	5	38	24	
4	15	22	48	0	
11	32	18	19	35	
19	17	34	27	44	
38	17	21	48	36	
25	6	41	33	14	
25	33	8	39	16	
33	48	14	42	34	
15	47	40	28	4	
10	30	32	34	11	
13	26	9	24	12	
12	28	43	34	9	
28	45	0	47	26	
44	28	18	40	39	
71	58	69	91	76	
67	88	71	64	77	
66	54	53	76	81	
78	88	92	70	73	
90	75	58	70	73	
67	55	87	84	75	
79	94	91	53	86	
52	63	98	60	67	
72	85	71	75	66	
76	91	89	96	90	
67	61	91	93	58	
72	93	82	70	59	
65	64	94	68	82	
61	60	73	97	58	
69	56	89	72	58	
66	55	93	98	99	
91	63	90	76	78	
91	82	64	83	80	
88	85	52	90	73	
66	85	52	69	80	
74	99	84	79	71	
80	55	82	62	90	
77	89	86	52	70	
54	63	87	64	55	
86	90	91	95	72	
52	76	53	54	73	
92	80	73	87	76	
66	76	91	61	87	
56	91	54	71	97	
52	81	99	98	65	
56	77	62	85	92	
68	66	77	57	89	
94	72	64	60	95	
77	61	99	54	83	
55	95	90	73	58	
92	71	89	73	62	
90	92	59	91	72	
56	53	69	78	63	
60	54	73	83	92	
94	72	66	97	53	
89	69	81	50	88	
95	68	69	78	86	
61	53	95	52	60	
63	81	62	57	89	
64	97	56	73	86	
91	79	68	51	92	
71	56	90	81	87	
52	57	81	50	95	
69	59	71	74	93	
81	59	50	97	77	
119	114	127	133	137	
104	148	103	106	116	
122	104	119	123	112	
144	134	120	117	135	
121	112	123	148	117	
136	148	111	126	134	
128	136	126	146	107	
122	136	120	132	140	
106	139	117	102	124	
128	140	115	114	110	
123	101	148	132	128	
145	141	105	139	106	
108	130	125	147	114	
121	138	145	120	118	
108	130	142	148	143	
146	118	102	106	141	
123	110	132	116	130	
139	100	140	129	135	
104	137	120	147	119	
107	131	102	118	126	
134	130	128	122	123	
144	148	126	138	133	
104	119	109	107	123	
100	105	107	143	136	
128	129	118	136	131	
106	149	102	114	139	
137	112	136	107	143	
132	114	146	124	128	
141	145	103	100	134	
134	135	102	101	140	
142	124	106	101	130	
137	149	100	138	129	
131	143	116	138	149	
102	132	128	117	101	
125	144	100	122	112	
107	137	112	106	110	
130	120	144	131	138	
145	141	140	115	106	
110	109	123	124	116	
119	147	124	140	123	
108	127	143	120	109	
131	140	142	127	113	
103	116	110	127	108	
129	106	110	140	122	
117	132	126	137	108	
102	118	108	143	113	
121	120	133	103	107	
134	124	120	121	133	
131	108	117	142	104	
101	125	123	121	114	
191	164	167	179	153	
174	169	164	176	152	
167	171	194	166	168	
174	188	179	154	150	
188	184	155	172	190	
187	161	190	156	175	
168	197	183	177	190	
162	194	154	178	170	
174	180	153	151	167	
156	162	183	158	186	
191	151	152	181	174	
194	173	175	174	193	
174	164	172	170	171	
167	156	179	161	178	
156	182	191	195	184	
167	151	174	182	150	
152	174	161	196	172	
161	180	177	181	187	
159	161	179	178	155	
195	154	181	197	179	
190	165	178	198	175	
194	186	157	190	167	
186	196	194	157	199	
188	160	163	171	193	
177	167	151	168	161	
183	170	178	154	195	
197	190	192	185	160	
156	162	180	155	159	
183	157	197	156	186	
155	187	164	161	188	
180	156	185	199	151	
172	190	187	184	162	
178	160	196	165	154	
183	175	156	179	152	
159	157	153	152	182	
196	158	175	193	156	
193	192	170	167	196	
162	158	187	191	172	
160	162	193	197	158	
166	165	178	192	181	
183	178	152	155	175	
157	154	181	170	175	
188	195	176	189	164	
173	177	159	199	192	
188	197	156	160	168	
159	171	187	192	188	
183	182	190	176	158	
165	158	174	164	199	
161	162	171	173	151	
166	174	191	182	157	
239	221	235	225	236	
206	220	205	227	246	
241	212	229	205	234	
247	236	237	238	231	
209	231	235	213	217	
226	207	217	246	214	
230	214	210	226	245	
227	201	221	242	209	
225	247	223	244	230	
208	228	230	202	205	
228	208	206	212	249	
203	212	225	243	232	
201	246	210	235	226	
212	235	232	214	227	
233	212	215	225	220	
218	214	201	231	206	
235	202	230	233	218	
247	237	216	215	205	
216	227	237	235	201	
232	208	248	235	211	
239	219	207	218	235	
244	249	224	230	234	
236	221	203	220	228	
241	232	207	228	247	
210	244	233	247	234	
222	200	245	214	226	
205	206	230	214	223	
205	233	222	216	223	
209	245	242	203	210	
242	215	207	218	244	
248	243	220	202	222	
203	208	249	240	205	
225	231	234	244	227	
235	233	201	223	238	
233	206	216	244	225	
231	221	237	215	230	
219	224	242	216	238	
237	240	236	245	247	
201	212	222	239	218	
241	240	216	226	203	
224	233	219	203	206	
249	238	228	204	216	
244	237	206	229	235	
226	224	201	212	208	
225	226	232	211	246	
200	230	228	217	215	
215	206	238	234	218	
213	230	203	232	206	
206	229	237	249	240	
221	227	234	215	211	
281	286	272	258	270	
276	255	257	252	287	
251	285	266	265	263	
276	284	263	261	253	
256	282	284	258	279	
262	291	289	270	290	
253	250	289	266	255	
256	299	289	276	297	
256	284	266	268	258	
259	279	250	267	254	
251	271	259	295	278	
287	290	261	263	259	
299	264	284	269	252	
252	279	286	255	282	
278	251	254	294	250	
283	266	277	250	276	
269	250	291	258	252	
272	275	267	287	284	
251	252	280	265	274	
257	264	291	292	250	
299	270	286	276	262	
258	287	299	275	264	
273	268	269	293	262	
269	279	284	270	290	
262	284	296	251	287	
272	250	298	261	266	
279	288	255	267	259	
298	257	273	287	260	
280	295	270	299	286	
255	268	265	283	257	
297	250	278	260	299	
272	265	269	268	277	
286	250	282	295	288	
295	263	287	293	253	
295	294	292	286	260	
290	278	254	296	252	
252	257	258	290	282	
295	252	280	267	264	
270	256	291	290	286	
259	296	298	285	267	
275	282	258	290	263	
278	276	259	271	261	
271	266	284	254	251	
273	295	274	280	252	
258	254	252	289	287	
298	257	256	253	281	
274	299	258	287	282	
265	267	253	251	285	
260	284	295	290	296	
250	282	293	251	296	
334	342	325	349	330	
347	336	323	324	345	
321	334	346	341	306	
331	325	347	326	342	
313	328	330	346	315	
344	341	313	314	301	
300	344	346	324	315	
312	341	340	346	306	
323	305	320	316	341	
319	307	338	325	306	
320	339	314	305	304	
316	321	336	326	349	
312	334	338	327	324	
323	335	346	309	300	
302	338	339	303	315	
303	342	323	348	307	
332	328	308	327	334	
329	327	325	303	324	
333	343	337	301	319	
306	330	303	340	300	
331	333	326	318	303	
341	344	316	327	320	
344	305	335	310	332	
319	318	325	332	303	
323	348	329	314	345	
315	329	317	336	321	
348	307	327	305	311	
303	332	321	326	338	
328	319	314	304	317	
346	327	323	307	331	
342	309	312	348	343	
340	303	300	305	334	
301	319	338	304	340	
340	343	311	348	339	
323	306	321	312	344	
303	328	311	306	312	
332	307	344	310	305	
330	316	307	305	302	
344	347	304	335	312	
316	312	330	343	318	
304	339	308	311	340	
344	323	301	316	310	
333	304	345	334	310	
319	316	305	306	336	
338	308	319	301	312	
336	313	342	300	346	
323	333	332	319	345	
343	310	314	331	348	
345	315	309	306	319	
347	313	332	304	338	
379	398	355	362	365	
361	367	392	360	350	
381	358	398	375	372	
397	356	366	376	369	
380	351	365	385	372	
383	358	396	397	357	
379	385	371	358	350	
389	387	375	386	367	
368	363	355	385	384	
383	366	361	392	364	
397	386	371	368	383	
397	354	369	395	361	
353	363	389	372	378	
374	362	358	386	371	
364	363	388	387	357	
397	377	356	354	393	
361	396	370	389	360	
389	366	393	375	356	
351	383	365	355	379	
375	376	378	391	393	
354	356	399	369	357	
378	351	368	369	357	
384	371	391	373	385	
387	364	353	384	392	
389	350	365	353	367	
369	351	370	381	355	
367	392	351	383	391	
393	350	399	374	384	
386	389	391	376	397	
363	399	381	386	366	
382	397	369	356	396	
373	362	381	350	352	
355	364	382	398	367	
389	394	361	397	391	
369	384	356	360	380	
350	354	382	366	368	
362	366	354	377	384	
363	371	378	383	379	
391	395	366	370	350	
351	386	396	367	376	
392	369	388	386	366	
381	366	359	367	352	
367	362	394	376	386	
353	362	388	375	380	
355	391	377	356	376	
386	393	365	387	364	
362	358	380	379	370	
371	376	354	359	398	
375	356	357	366	384	
364	373	351	355	368	
410	446	436	430	423	
448	425	411	443	426	
440	414	428	437	423	
435	448	425	412	415	
429	400	419	409	430	
407	426	435	418	417	
428	443	404	437	448	
445	433	439	434	415	
445	410	405	413	446	
408	415	443	403	411	
432	448	418	441	444	
447	428	435	429	405	
435	415	425	443	431	
444	425	431	410	428	
435	443	411	429	448	
407	436	447	414	422	
410	444	420	403	408	
431	412	404	422	444	
443	419	408	422	433	
429	420	436	441	426	
429	445	417	412	435	
403	409	432	406	431	
402	421	404	437	407	
417	421	433	447	422	
420	410	422	415	413	
444	435	433	427	402	
438	418	404	447	430	
403	429	419	442	410	
432	401	413	414	411	
423	445	421	409	429	
434	416	445	423	430	
415	422	427	435	441	
431	409	438	446	439	
424	418	436	423	416	
428	430	425	434	427	
412	417	437	432	421	
408	445	439	400	407	
432	425	409	414	416	
439	435	423	429	403	
444	414	441	408	412	
441	444	428	417	434	
435	447	441	428	433	
444	410	443	422	429	
425	414	423	432	409	
418	428	425	413	430	
435	405	428	418	413	
421	427	400	442	420	
403	426	428	424	446	
415	433	408	407	411	
441	418	424	430	435	
472	461	498	475	452	
467	457	497	483	484	
498	456	463	479	487	
467	472	470	469	494	
485	473	455	458	470	
453	455	481	484	492	
465	494	463	467	482	
495	482	491	458	456	
471	467	498	485	459	
480	456	479	470	463	
466	471	455	476	481	
459	472	453	465	488	
481	476	473	450	457	
485	463	457	454	471	
478	469	466	486	468	
476	478	495	455	488	
496	460	499	471	478	
480	469	457	483	465	
493	475	455	451	453	
458	456	486	481	461	
451	470	456	474	487	
466	468	486	480	458	
460	468	472	469	473	
456	489	457	480	468	
454	485	477	474	458	
483	487	490	477	451	
466	462	476	498	454	
479	462	469	487	470	
452	479	450	457	491	
473	469	475	464	452	
477	471	459	455	495	
497	496	459	468	454	
494	464	450	471	470	
456	484	494	479	454	
487	462	474	480	454	
456	476	470	494	477	
488	475	491	472	461	
464	456	474	459	480	
465	455	485	486	454	
493	479	495	458	468	
459	496	460	451	462	
468	486	495	473	478	
465	479	457	462	487	
494	495	450	458	455	
488	487	467	476	494	
486	460	455	474	457	
466	452	491	458	492	
463	483	468	456	469	
457	484	498	456	488	
466	462	476	467	456	
381	121	321	82	95	215	
153	182	38	307	416	162	
211	425	165	431	352	27	
308	247	423	277	14	463	
295	29	456	252	131	364	
103	466	417	97	416	377	
218	157	359	456	333	481	
182	217	9	499	448	498	
368	180	312	54	267	269	
94	272	418	411	401	270	
461	416	152	477	64	94	
271	117	165	303	231	244	
368	48	136	61	299	105	
203	471	339	465	351	135	
312	347	64	308	135	11	
472	55	265	69	375	383	
460	50	319	455	233	436	
349	451	323	283	47	185	
101	183	383	65	121	449	
386	3	119	86	290	55	
181	120	34	166	65	212	
197	67	84	77	403	344	
295	487	294	106	73	218	
168	399	381	275	374	384	
359	261	263	1	398	93	
181	286	197	331	166	449	
297	264	499	8	93	238	
77	222	310	280	224	411	
314	14	180	432	93	71	
250	362	190	83	23	198	
333	82	460	249	290	47	
465	153	75	474	96	490	
331	458	370	100	150	236	
277	12	358	295	18	279	
365	214	275	177	307	197	
352	41	456	37	94	105	
474	391	350	493	121	491	
395	100	306	223	208	130	
205	280	304	12	453	80	
445	279	18	477	32	217	
216	140	30	388	359	92	
301	264	167	210	409	325	
35	4	59	40	196	250	
121	400	286	181	498	360	
106	470	72	385	396	125	
23	247	255	262	264	414	
111	483	189	303	77	310	
461	268	336	235	135	462	
255	389	443	367	85	92	
48	215	299	273	400	247	
54	303	281	160	14	291	
154	55	260	149	163	337	
156	82	325	414	396	94	
336	487	356	48	305	343	
222	302	162	375	347	329	
74	85	20	6	354	118	
449	200	154	97	74	128	
433	397	238	122	151	288	
435	230	474	25	146	438	
326	308	182	430	320	450	
234	79	446	361	330	424	
468	482	165	140	169	283	
20	118	125	78	87	256	
291	147	499	212	472	387	
145	327	273	185	344	291	
336	98	217	446	186	462	
354	484	455	229	15	32	
156	408	424	98	114	187	
138	88	481	344	92	41	
126	203	228	6	246	440	
430	483	325	349	230	137	
104	413	258	117	447	343	
219	314	10	429	178	0	
92	112	479	109	319	136	
239	117	373	131	334	5	
297	179	488	134	79	51	
170	270	129	460	203	328	
111	62	332	15	271	159	
160	254	36	184	181	170	
482	370	106	218	246	311	
109	299	183	369	420	15	
437	291	45	164	338	91	
389	310	345	312	464	118	
13	222	126	140	470	424	
420	105	380	224	437	74	
216	334	349	318	466	101	
165	279	334	304	128	400	
352	447	316	175	283	393	
470	1	436	37	188	484	
476	335	166	128	356	425	
359	217	260	255	10	355	
353	249	246	35	251	167	
393	17	151	430	273	345	
263	450	144	72	223	107	
84	194	191	13	237	434	
2	213	360	161	106	103	
346	482	431	295	309	61	
228	332	236	251	480	307	
13	304	244	243	479	414	
324	338	84	399	458	100	
456	167	115	425	328	8	
267	311	226	320	77	211	
445	150	311	458	281	137	
312	195	319	159	280	426	
27	147	80	423	307	363	
164	368	172	311	129	391	
475	390	115	261	302	98	
80	343	15	56	58	275	
210	404	340	254	440	427	
239	224	249	91	233	50	
438	352	176	362	145	205	
249	30	50	441	495	355	
51	471	133	380	392	138	
298	266	495	126	264	456	
82	401	443	432	29	41	
185	290	238	163	52	415	
40	435	26	224	220	166	
249	231	86	215	204	12	
343	83	472	384	1	393	
207	388	88	299	292	184	
452	134	91	240	300	75	
270	7	178	432	110	5	
365	457	422	72	164	195	
393	81	404	444	122	69	
131	4	165	58	187	300	
457	41	310	278	72	456	
493	215	139	355	410	317	
128	274	364	279	64	329	
69	462	148	372	52	193	
115	159	376	279	491	350	
448	223	179	3	31	478	
239	12	38	400	71	160	
85	49	435	235	310	289	
314	424	462	388	397	425	
258	326	271	69	130	125	
96	92	31	98	436	361	
169	270	459	323	343	361	
368	297	94	121	197	339	
476	272	350	218	8	378	
304	194	498	417	154	466	
255	53	354	106	382	279	
122	8	320	454	401	463	
4	34	1	205	332	218	
414	294	278	368	345	465	
314	79	497	165	234	468	
297	457	390	99	241	146	
268	491	195	288	409	116	
491	499	114	47	187	272	
435	47	461	255	2	439	
209	381	226	79	33	296	
347	431	482	99	497	160	340	
75	272	91	101	333	289	412	
442	428	49	414	441	35	0	
239	334	451	366	381	189	342	
38	253	0	140	17	267	262	
186	140	232	345	489	98	374	
122	187	348	294	279	266	64	
427	163	177	382	388	196	234	
40	243	359	198	149	213	147	
334	194	465	120	480	377	286	
259	465	140	26	280	42	270	
426	39	98	71	22	17	219	
70	237	311	239	249	499	333	
252	277	492	116	12	243	205	
269	232	65	117	357	158	410	
198	384	230	79	177	102	274	
405	38	340	94	448	287	254	
79	194	102	483	197	9	379	
365	449	87	472	216	261	63	
336	322	192	498	220	180	355	
60	302	227	206	129	254	367	
130	424	300	86	343	25	490	
456	431	127	54	182	107	387	
471	483	313	297	418	328	428	
488	316	213	402	87	64	8	
334	227	316	58	161	183	479	
1	488	68	310	98	194	330	
152	246	172	386	171	213	360	
316	343	146	425	342	313	296	
388	102	217	400	407	229	50	
465	55	278	128	332	318	245	
330	134	425	419	463	467	422	
135	257	151	406	29	229	56	
333	253	193	230	143	13	487	
177	429	38	346	321	272	259	
472	290	205	164	353	243	343	
217	148	427	300	474	115	278	
26	429	178	25	413	124	141	
130	462	109	345	149	281	339	
61	287	272	237	24	25	358	
15	20	47	136	445	235	301	
196	328	301	290	389	282	33	
32	373	371	4	395	63	194	
198	491	8	402	327	307	181	
109	184	446	55	351	159	246	
51	278	186	169	241	495	306	
371	138	476	157	12	115	254	
458	28	36	217	109	70	365	
69	260	22	168	203	456	117	
163	20	97	162	198	117	380	
16	199	247	212	109	458	429	
390	362	92	392	380	384	128	
50	389	117	413	465	133	54	
202	65	186	358	218	490	287	
184	351	246	479	250	32	292	
240	388	391	147	398	439	424	
31	197	476	383	242	496	432	
301	317	340	191	0	408	295	
194	112	161	387	40	269	382	
5	380	142	423	8	379	100	
127	119	168	230	443	132	195	
270	132	287	19	215	233	27	
42	408	11	47	371	233	279	
449	306	321	472	46	230	30	
476	110	141	131	142	148	398	
52	333	117	430	194	303	129	
344	473	150	415	50	11	201	
359	189	24	26	81	110	65	
252	335	161	278	254	470	233	
200	459	438	75	497	210	69	
271	385	215	432	113	99	441	
265	48	26	378	130	250	315	
21	418	309	266	123	38	9	
279	415	402	325	116	305	25	
22	360	168	302	100	58	107	
396	80	18	233	344	62	102	
319	137	396	225	102	463	110	
208	351	225	51	6	292	155	
274	237	173	32	484	306	263	
183	27	181	385	375	37	116	
63	289	292	31	208	342	286	
423	128	112	105	478	98	125	
17	243	466	73	266	339	395	
114	205	40	491	473	150	95	
158	370	477	279	68	272	405	
450	76	102	306	246	109	267	
48	435	353	343	58	83	490	
2	441	360	347	269	211	420	
245	121	109	172	443	107	45	
262	80	27	63	240	436	0	
58	476	372	358	46	35	250	
423	159	463	28	449	448	246	
318	385	54	302	410	225	182	
406	333	208	144	322	241	489	
150	496	289	238	204	145	270	
148	222	387	124	88	407	290	
322	485	190	340	455	356	275	
205	254	446	190	224	155	239	
155	483	63	225	423	355	402	
206	467	65	117	199	431	470	
46	20	347	133	449	428	334	
490	273	306	289	319	467	297	
391	258	43	285	300	163	401	
19	135	170	8	288	32	226	
406	124	314	141	326	429	185	
210	13	135	30	84	142	381	
356	117	242	266	48	56	480	
468	133	134	18	141	452	498	
301	172	78	209	154	12	322	
45	92	416	395	85	379	260	
473	430	212	248	115	369	498	
376	203	47	212	3	354	120	
107	148	286	38	11	417	383	
193	216	321	386	363	336	21	
369	271	470	335	177	415	173	
231	334	159	254	92	222	47	
456	412	281	206	94	453	330	
176	437	213	23	496	347	193	
402	470	56	286	460	208	150	
451	134	14	476	428	493	192	
313	449	278	357	386	31	491	
468	440	87	412	376	443	471	
212	350	494	72	392	390	215	
218	306	267	78	72	175	283	
289	109	94	359	307	131	270	
108	193	238	399	248	262	77	
212	392	424	280	391	210	370	
103	271	341	4	20	365	439	
382	352	446	470	226	26	231	
334	187	302	136	35	36	391	
124	229	187	479	298	477	20	
71	491	453	148	35	81	446	
276	241	341	166	219	402	408	
108	219	247	277	374	282	472	
211	178	107	387	92	256	116	
426	404	4	462	324	492	101	
292	454	148	289	80	358	447	
497	25	342	58	36	370	40	
459	137	4	378	104	392	127	
449	245	429	132	322	415	163	
101	17	22	394	111	29	138	
398	439	465	91	24	340	381	
261	234	466	251	275	213	419	
296	226	25	280	227	467	50	
74	60	191	251	13	481	214	
422	139	328	152	283	365	477	
407	457	338	34	255	271	104	
95	33	39	469	391	446	31	
368	327	395	349	277	455	477	
426	235	357	8	28	22	67	
1	57	306	429	344	60	230	180	
78	171	12	17	39	258	382	410	
411	150	201	95	39	398	123	190	
394	434	22	44	345	173	234	305	
242	456	221	331	48	401	117	76	
232	9	161	177	366	308	194	434	
274	160	315	157	177	353	343	438	
293	67	206	165	438	53	379	259	
353	453	253	321	5	85	262	334	
335	302	206	102	218	461	16	65	
304	435	200	371	41	54	208	26	
190	3	119	474	303	263	206	22	
34	435	45	350	363	352	226	338	
124	482	118	492	37	95	223	256	
396	125	476	221	25	402	175	119	
22	345	71	122	182	471	402	102	
449	364	486	417	274	78	34	368	
260	69	230	120	450	131	133	441	
343	169	93	331	78	117	418	234	
85	199	46	288	207	69	7	237	
479	303	123	324	243	447	449	229	
150	394	23	454	302	484	100	77	
220	252	99	54	296	238	367	264	
326	377	405	378	462	325	63	184	
88	128	229	321	159	377	109	31	
441	247	354	342	80	402	87	193	
374	137	305	44	66	51	478	306	
353	260	454	45	471	160	210	429	
156	98	482	476	457	475	221	262	
429	47	101	98	369	83	64	166	
233	41	398	227	137	498	458	445	
434	2	236	209	494	473	459	174	
339	35	305	223	13	487	444	495	
431	486	147	215	390	447	465	424	
210	413	415	33	343	302	334	398	
204	308	59	348	389	218	30	393	
262	57	82	449	244	337	304	475	
460	227	442	123	292	272	208	22	
285	388	410	357	482	153	269	16	
302	408	27	360	484	386	102	77	
393	394	73	385	308	287	332	47	
93	274	261	377	453	296	325	151	
126	367	87	269	385	43	481	81	
349	61	436	340	16	193	459	347	
317	419	429	463	347	151	304	466	
433	460	392	13	314	384	327	260	
199	326	494	203	450	385	126	173	
451	135	200	77	91	258	457	56	
480	456	194	308	475	440	58	419	
455	476	293	275	342	461	498	142	
105	245	87	50	17	372	375	475	
404	243	18	121	156	208	318	418	
79	133	50	13	324	403	35	448	
75	145	125	408	249	263	194	456	
5	161	407	375	127	388	485	363	
215	431	414	334	233	109	205	52	
284	148	496	402	481	450	497	133	
269	331	320	455	471	424	361	132	
48	226	123	477	356	180	436	403	
13	161	232	384	194	129	479	183	
100	425	339	432	11	389	343	454	
34	257	306	136	352	9	434	15	
233	244	322	97	102	144	253	219	
400	341	108	413	308	252	316	285	
475	328	430	4	276	491	233	411	
272	62	330	270	164	468	299	390	
413	189	152	338	301	259	309	389	
347	20	268	233	414	320	214	61	
49	467	379	395	325	62	468	239	
212	455	247	28	459	442	148	379	
132	279	154	381	476	301	81	143	
438	41	307	299	371	343	313	471	
465	391	398	260	248	364	265	425	
184	12	134	64	53	367	401	317	
424	444	460	34	227	85	368	244	
229	70	166	179	57	145	449	274	
456	43	100	361	224	379	382	494	
373	205	68	394	78	311	278	100	
372	46	299	23	197	358	64	356	
278	326	426	258	0	103	394	443	
278	303	486	126	482	28	181	112	
5	3	288	58	286	326	130	37	
481	18	441	300	279	475	15	407	
292	130	207	453	323	182	133	33	
139	78	286	475	27	499	453	322	
347	127	197	214	204	196	408	410	
391	9	375	322	472	149	357	405	
135	341	202	275	233	245	130	485	
223	240	413	177	293	425	347	322	
91	92	219	238	42	362	473	272	
392	253	307	154	130	164	411	473	
457	227	53	260	476	167	141	433	
79	114	228	14	326	301	53	140	
138	330	386	91	427	475	75	410	
199	376	30	407	358	424	202	404	
259	50	242	460	312	215	52	353	
381	259	237	297	495	53	93	103	
411	277	295	278	98	337	362	113	
238	133	161	420	36	35	184	152	
141	341	400	423	333	255	160	24	
421	354	308	381	64	216	292	195	
15	344	476	484	386	448	353	475	
307	342	437	143	257	418	320	360	
64	375	434	320	100	447	319	494	
47	314	461	138	356	323	271	300	
124	288	350	101	58	454	100	420	
404	58	438	181	222	300	276	398	
53	325	459	492	86	188	304	306	
110	461	93	27	86	127	8	15	
354	84	499	212	373	160	225	257	
326	95	97	315	18	406	89	74	
230	207	297	421	41	304	233	391	
69	239	492	324	372	59	429	173	
446	269	334	467	276	200	260	97	
103	372	219	172	163	196	117	80	
405	312	400	205	19	116	223	146	
117	133	266	438	67	437	350	105	
11	62	94	205	69	437	74	207	
235	5	156	328	270	11	272	67	
282	97	274	277	9	115	66	469	
34	210	12	475	392	366	235	103	
308	170	78	413	287	288	380	313	
234	358	443	41	150	201	337	62	
312	318	161	89	386	68	153	171	
233	128	298	293	434	179	251	467	
175	188	36	324	302	430	148	4	
59	156	438	27	112	373	232	42	
103	229	335	98	295	40	370	127	
127	466	394	288	452	463	393	303	
213	159	151	376	488	204	434	361	
370	492	305	176	417	298	249	73	
152	322	399	154	198	54	212	144	
39	3	12	55	433	317	453	364	
139	230	406	178	193	419	291	473	
264	53	114	455	129	486	75	151	
273	409	6	356	269	271	296	404	
141	199	26	373	293	229	487	113	
93	78	102	364	86	478	349	274	
331	230	288	92	383	124	107	375	
45	90	459	230	483	32	385	415	
465	254	187	350	26	294	103	34	
192	27	415	16	0	324	119	308	
113	434	383	466	263	338	200	232	
486	117	472	349	235	79	224	473	
274	294	332	459	28	10	296	247	
251	336	284	194	433	56	221	345	
433	168	431	33	392	147	422	247	
303	441	60	154	422	157	262	248	
177	204	343	410	110	424	238	194	
10	369	395	115	225	236	104	209	
