17	47	35	
31	33	2	
2	18	25	
18	37	45	
27	5	45	
36	40	49	
11	43	36	
9	32	20	
41	29	7	
10	12	11	
19	2	47	
43	38	21	
24	19	39	
31	35	15	
11	0	12	
21	4	24	
17	42	2	
29	44	36	
4	20	24	
14	16	6	
36	14	16	
12	30	36	
3	32	26	
38	45	13	
34	10	1	
23	29	14	
25	42	10	
17	43	21	
7	35	23	
42	34	18	
28	22	47	
15	2	7	
47	30	5	
44	13	4	
44	1	0	
49	30	45	
13	39	27	
44	35	45	
2	26	37	
37	29	2	
42	11	24	
12	26	37	
36	31	34	
26	31	4	
43	20	19	
2	22	43	
14	19	23	
12	5	30	
18	48	6	
45	24	41	
95	79	76	
83	59	99	
94	77	83	
97	61	52	
70	58	80	
80	71	98	
87	85	71	
68	89	97	
62	54	75	
88	81	55	
77	94	90	
62	87	58	
54	78	73	
80	54	92	
78	85	70	
63	90	93	
50	60	89	
93	52	92	
67	74	91	
57	54	76	
86	56	89	
62	81	82	
72	58	83	
81	82	76	
92	95	84	
93	60	70	
97	92	83	
89	59	78	
92	71	90	
75	74	77	
80	88	86	
65	93	95	
62	67	56	
72	50	79	
86	88	59	
67	65	80	
81	74	75	
95	50	56	
83	97	50	
76	75	61	
52	62	79	
53	99	83	
69	73	88	
74	55	70	
68	54	52	
64	80	82	
54	75	91	
87	72	74	
68	55	57	
57	82	56	
104	127	139	
149	139	141	
123	142	112	
102	122	139	
130	145	125	
126	139	108	
113	136	140	
149	111	117	
133	117	138	
102	129	121	
141	140	132	
132	115	110	
118	123	121	
125	105	131	
129	106	114	
134	107	123	
136	112	132	
145	137	148	
102	147	142	
135	146	101	
115	133	146	
141	129	122	
130	128	118	
139	145	119	
143	147	124	
139	132	127	
149	121	111	
114	102	143	
111	137	141	
146	109	143	
115	135	119	
136	115	112	
115	136	102	
127	135	108	
113	145	114	
102	109	131	
128	102	146	
138	141	126	
145	144	105	
135	148	146	
137	145	113	
103	147	131	
141	113	149	
134	132	129	
114	138	117	
126	138	107	
112	147	140	
108	145	123	
146	110	126	
121	128	122	
187	183	192	
181	191	189	
187	194	179	
151	155	193	
189	175	187	
180	174	181	
194	157	197	
168	166	153	
157	180	182	
187	166	185	
150	198	158	
161	185	174	
196	161	189	
190	185	173	
159	184	192	
190	191	166	
175	157	189	
172	165	190	
166	159	170	
176	162	155	
188	187	170	
162	159	192	
180	190	195	
161	154	169	
191	175	178	
181	193	182	
151	161	155	
185	199	188	
161	159	189	
171	157	199	
168	152	158	
151	194	185	
180	196	194	
182	195	198	
184	157	175	
193	158	197	
164	174	183	
188	169	187	
194	192	190	
178	158	164	
154	189	161	
175	151	177	
190	158	170	
158	185	186	
158	189	178	
196	151	198	
187	184	179	
166	175	194	
172	154	153	
194	168	160	
244	242	223	
220	229	223	
223	237	221	
229	244	240	
204	215	228	
210	213	237	
209	212	204	
243	200	233	
209	233	227	
211	224	210	
215	214	213	
230	202	221	
246	244	204	
205	247	203	
249	246	234	
222	240	234	
239	211	245	
223	233	211	
240	203	248	
206	204	231	
232	223	227	
232	222	218	
239	249	210	
202	221	226	
228	212	222	
230	212	244	
233	244	228	
206	249	237	
202	238	201	
248	203	223	
227	234	235	
236	207	241	
222	225	239	
240	202	227	
221	231	216	
212	225	201	
216	210	218	
231	246	248	
222	239	235	
239	247	221	
241	203	204	
235	216	206	
229	205	237	
209	211	244	
227	230	234	
219	248	234	
234	216	213	
249	238	220	
228	247	216	
242	203	246	
257	268	289	
286	255	268	
267	290	287	
253	287	256	
286	298	296	
274	263	275	
266	258	268	
298	294	296	
293	253	284	
266	251	268	
284	298	250	
261	270	276	
282	254	258	
257	287	283	
287	259	292	
294	262	258	
278	277	253	
280	270	289	
266	264	294	
295	274	285	
251	288	297	
297	282	296	
283	272	290	
296	254	289	
255	267	283	
279	291	252	
266	291	287	
281	259	266	
260	263	290	
267	263	264	
282	293	259	
285	278	280	
266	293	267	
282	265	297	
258	262	277	
262	278	293	
274	277	291	
270	289	268	
277	272	253	
253	264	266	
285	269	263	
266	260	291	
263	255	295	
270	289	271	
255	259	274	
283	257	273	
263	284	292	
251	299	287	
273	251	258	
278	258	250	
301	314	345	
327	318	348	
319	349	322	
322	337	328	
328	341	305	
343	308	328	
314	333	304	
342	336	337	
329	328	320	
326	330	336	
302	309	305	
318	301	311	
321	344	319	
348	325	327	
305	345	309	
319	327	305	
318	306	301	
338	332	324	
330	319	324	
326	343	312	
310	308	309	
315	335	338	
338	347	319	
321	333	339	
305	307	316	
341	344	319	
321	334	329	
316	347	300	
303	322	334	
317	328	320	
305	336	304	
313	300	339	
334	338	316	
310	320	333	
304	334	307	
332	344	313	
330	345	305	
327	318	315	
331	320	325	
319	342	339	
346	327	348	
325	309	341	
337	324	343	
313	335	312	
304	316	319	
344	307	309	
300	326	328	
326	310	312	
312	300	301	
339	325	308	
388	358	372	
384	363	354	
363	377	394	
368	370	381	
354	399	380	
362	395	386	
380	399	355	
371	383	350	
379	391	397	
388	398	357	
352	396	355	
371	379	364	
354	361	379	
365	352	389	
378	364	365	
363	372	383	
375	366	382	
376	393	356	
359	398	351	
364	357	367	
382	368	372	
357	361	356	
394	377	382	
391	358	359	
397	379	387	
396	360	362	
383	362	370	
383	389	396	
378	365	353	
365	396	364	
383	399	357	
365	356	350	
383	359	377	
362	381	399	
358	355	389	
385	382	394	
390	386	364	
364	380	398	
382	361	372	
373	365	379	
367	399	395	
361	396	375	
382	353	374	
381	382	390	
384	350	359	
356	367	388	
396	399	386	
361	389	390	
379	371	378	
379	369	392	
428	445	414	
421	445	427	
412	424	426	
410	416	401	
420	444	411	
412	424	435	
420	439	443	
429	443	415	
424	402	416	
433	444	407	
447	415	428	
441	438	401	
427	421	432	
426	428	408	
439	447	410	
435	429	426	
419	418	441	
445	449	418	
413	412	401	
400	410	419	
430	404	422	
405	401	402	
444	428	419	
428	426	413	
409	413	425	
424	414	433	
440	439	437	
429	401	421	
434	442	433	
439	426	443	
438	402	419	
441	421	429	
401	421	403	
408	435	413	
418	435	432	
420	414	427	
424	444	422	
420	421	431	
407	430	426	
414	406	404	
443	412	446	
449	423	401	
424	400	438	
419	414	428	
441	402	436	
437	438	445	
417	406	415	
400	443	430	
403	422	441	
418	421	404	
466	467	477	
456	464	475	
463	476	455	
456	496	487	
462	473	468	
455	479	488	
470	483	467	
466	458	484	
458	489	487	
467	452	462	
452	494	451	
450	469	498	
458	469	467	
491	461	465	
468	498	483	
477	497	463	
469	456	451	
464	468	459	
457	452	465	
455	499	457	
493	481	494	
461	493	462	
480	498	472	
454	479	475	
498	460	453	
479	454	462	
468	465	488	
462	484	457	
490	467	483	
456	499	494	
454	475	489	
456	496	479	
457	462	482	
493	490	453	
475	450	463	
452	472	496	
474	461	463	
462	481	460	
472	493	457	
472	480	462	
467	494	484	
479	478	462	
483	472	465	
466	471	484	
469	465	476	
470	478	485	
480	494	484	
480	474	487	
488	489	451	
458	464	466	
34	20	28	3	
17	6	16	3	
43	37	17	31	
44	45	4	23	
31	11	45	26	
16	26	40	23	
31	49	38	3	
41	12	23	32	
4	5	29	13	
41	0	11	6	
39	42	46	28	
0	13	19	21	
41	20	45	37	
49	36	24	14	
8	25	40	14	
25	35	43	9	
21	18	44	15	
22	25	44	37	
37	8	31	19	
4	47	15	17	
17	34	1	20	
39	30	31	18	
47	37	48	26	
10	6	25	40	
37	33	10	24	
44	46	32	1	
34	49	20	47	
5	19	16	33	
2	39	19	35	
20	2	21	49	
35	47	16	39	
0	38	25	42	
11	7	27	39	
30	11	49	28	
49	13	34	16	
7	35	16	36	
8	24	1	30	
44	10	37	23	
26	4	29	43	
22	13	45	37	
2	12	21	29	
25	43	39	34	
32	18	7	35	
31	3	39	14	
31	26	35	3	
17	20	19	36	
23	20	8	14	
4	46	49	33	
42	16	29	11	
10	8	45	1	
76	83	73	64	
97	50	57	75	
96	94	51	54	
52	78	83	59	
60	54	76	91	
70	90	53	54	
85	66	81	99	
79	95	77	63	
80	56	51	89	
78	61	83	55	
59	91	62	69	
52	71	98	89	
78	85	52	82	
70	89	91	82	
65	91	96	61	
69	84	79	75	
92	71	81	94	
51	90	92	79	
76	58	69	71	
92	67	68	59	
87	77	74	66	
56	53	71	80	
83	86	67	60	
93	67	74	60	
52	60	67	87	
74	92	94	87	
83	91	89	99	
98	80	63	50	
59	80	82	87	
90	65	84	97	
88	76	56	99	
66	74	82	86	
66	71	56	86	
63	62	52	73	
75	68	81	76	
55	80	79	84	
64	72	75	78	
64	77	62	99	
51	73	85	97	
93	79	96	70	
95	54	80	69	
88	75	58	87	
63	72	58	78	
85	95	70	58	
79	61	69	67	
58	50	51	99	
50	75	69	53	
60	80	79	71	
69	60	65	88	
82	53	84	96	
121	139	124	115	
104	135	134	148	
102	142	113	114	
148	103	102	133	
102	140	109	148	
105	102	110	147	
110	137	100	127	
142	130	140	129	
124	138	105	110	
116	126	144	112	
120	130	114	119	
138	120	119	114	
134	111	122	107	
146	130	142	148	
112	124	111	130	
118	137	147	116	
136	138	137	145	
103	139	109	143	
149	119	128	124	
146	135	124	143	
112	145	100	138	
146	114	108	148	
101	140	106	142	
126	140	119	145	
115	106	131	125	
147	119	143	103	
142	133	111	149	
148	111	112	105	
133	128	105	145	
123	115	110	149	
121	104	129	130	
111	119	127	142	
129	149	136	108	
132	139	147	101	
142	137	149	133	
125	142	107	148	
137	128	113	115	
108	131	128	124	
139	114	136	107	
129	102	141	127	
105	100	118	147	
127	136	104	134	
102	125	118	127	
148	116	136	131	
119	105	108	129	
102	146	113	101	
140	132	129	124	
110	106	108	133	
135	146	130	134	
145	103	121	122	
150	169	171	197	
179	181	195	180	
165	168	166	171	
153	186	174	168	
191	170	198	181	
154	184	180	198	
189	163	176	158	
184	154	161	197	
172	181	156	171	
158	188	195	192	
152	185	176	179	
161	166	153	199	
185	156	154	194	
172	159	186	150	
156	173	164	159	
195	150	166	186	
191	165	153	196	
170	181	150	192	
156	194	198	199	
173	152	194	160	
167	151	173	198	
186	191	181	174	
195	162	183	197	
187	157	177	192	
194	167	168	160	
172	180	165	163	
163	160	184	193	
174	156	177	159	
173	153	175	183	
179	175	185	155	
192	173	189	171	
189	165	182	163	
183	152	166	161	
173	174	182	165	
189	197	152	170	
162	154	177	188	
177	192	160	162	
152	163	165	167	
199	185	169	155	
154	161	188	176	
168	187	154	189	
150	181	175	167	
181	176	157	163	
179	191	188	153	
178	163	187	188	
193	162	173	160	
184	187	151	152	
155	150	160	188	
197	166	170	172	
178	191	169	189	
208	222	228	241	
208	241	229	228	
214	233	231	241	
221	230	229	215	
209	203	212	223	
212	209	238	232	
218	243	221	200	
226	249	217	234	
226	201	230	209	
223	220	239	206	
247	215	207	249	
202	238	233	216	
235	219	245	237	
241	225	209	205	
236	234	235	249	
243	244	232	241	
200	232	210	240	
233	236	240	209	
215	242	225	205	
246	206	205	208	
231	226	236	202	
215	229	220	214	
242	248	215	206	
223	214	244	235	
204	205	223	244	
244	221	248	224	
202	208	216	213	
231	219	217	239	
209	211	208	236	
228	243	241	233	
213	248	244	218	
228	208	246	203	
228	207	242	223	
203	201	249	222	
229	227	235	206	
242	235	215	213	
202	215	214	239	
243	241	222	231	
200	215	226	233	
227	203	237	240	
208	245	225	226	
218	209	229	206	
207	217	210	231	
206	203	238	204	
219	224	231	243	
232	241	249	242	
249	223	217	227	
243	222	201	245	
231	237	236	200	
248	226	229	212	
293	256	250	279	
291	256	260	268	
267	278	284	255	
263	269	265	281	
295	257	264	271	
289	274	275	295	
283	269	268	261	
281	257	293	272	
298	252	271	291	
275	262	292	276	
298	260	299	261	
286	252	256	267	
259	269	261	266	
289	255	276	288	
257	273	285	266	
266	263	267	270	
288	297	282	283	
262	297	282	254	
254	258	293	266	
256	281	295	265	
297	287	260	293	
268	257	279	285	
292	260	293	251	
297	298	289	273	
286	290	277	255	
295	286	282	297	
286	297	268	260	
261	254	260	298	
297	281	269	290	
282	294	268	281	
272	293	252	287	
262	289	287	255	
282	284	253	270	
293	260	292	278	
283	261	262	256	
257	265	268	254	
272	288	289	257	
272	294	277	251	
255	266	250	270	
257	261	252	266	
262	285	270	257	
280	255	283	285	
288	290	272	279	
293	294	282	289	
270	286	284	289	
279	298	260	292	
294	258	265	264	
277	288	261	257	
276	271	250	255	
253	279	281	274	
335	329	320	306	
331	314	323	344	
322	320	303	313	
328	323	333	327	
328	303	323	322	
305	348	332	303	
349	319	307	330	
329	317	323	322	
313	346	349	321	
318	323	300	304	
328	347	336	300	
324	321	337	301	
337	320	328	334	
303	337	339	307	
313	333	327	332	
307	326	327	348	
309	325	305	339	
344	343	319	317	
309	332	341	347	
325	302	300	341	
338	344	332	342	
305	322	333	329	
324	325	344	304	
305	343	317	315	
315	312	329	316	
327	324	322	310	
300	304	330	339	
322	338	319	329	
328	343	313	314	
323	343	305	318	
337	303	335	345	
327	318	324	329	
345	344	307	319	
304	330	313	348	
337	319	310	323	
316	326	324	334	
338	324	318	328	
314	347	332	307	
346	321	317	347	
310	303	332	346	
335	312	305	325	
323	304	332	331	
342	320	349	331	
335	311	326	319	
338	348	303	326	
301	348	300	302	
333	339	315	342	
349	308	343	328	
339	318	300	321	
304	314	325	339	
398	372	356	357	
370	397	373	375	
356	390	379	389	
368	389	373	358	
380	398	361	397	
356	390	368	370	
356	397	389	388	
366	359	397	354	
378	393	355	358	
360	357	388	378	
356	397	391	371	
375	357	373	366	
367	353	391	359	
398	357	382	394	
366	353	375	372	
378	373	355	393	
366	362	373	388	
370	398	385	365	
357	369	378	376	
375	398	355	383	
360	369	367	376	
365	396	399	359	
392	398	364	355	
358	376	361	396	
353	375	366	369	
396	383	392	364	
358	394	351	382	
398	353	394	351	
367	397	371	394	
382	378	380	390	
373	366	355	371	
358	376	350	399	
388	356	366	395	
376	370	371	383	
397	378	357	382	
353	365	378	366	
359	398	381	389	
360	377	390	396	
390	356	399	353	
391	365	356	394	
382	390	366	383	
358	359	351	376	
359	351	354	365	
393	362	350	392	
366	377	387	385	
387	357	391	356	
387	369	364	370	
354	380	399	366	
391	363	380	384	
392	370	368	385	
402	433	440	447	
434	443	429	440	
412	435	405	440	
419	407	421	432	
434	433	431	421	
430	413	412	426	
424	411	427	445	
416	419	415	446	
435	424	437	431	
416	403	425	446	
435	407	423	427	
411	413	405	416	
438	419	432	402	
449	409	436	420	
411	444	417	436	
421	432	424	418	
447	410	434	405	
448	410	413	412	
437	445	431	440	
415	409	414	407	
403	407	401	414	
405	417	404	443	
434	446	411	407	
445	427	447	432	
433	425	413	412	
413	416	433	404	
410	447	417	442	
415	433	417	441	
449	401	421	403	
447	446	403	436	
403	418	409	439	
436	427	428	447	
411	441	448	443	
442	449	404	422	
429	407	414	408	
444	408	416	447	
431	441	420	439	
415	418	433	411	
436	422	402	441	
449	400	433	401	
448	449	444	409	
401	417	424	442	
410	405	442	402	
402	426	411	440	
422	440	412	410	
402	445	407	408	
408	423	419	413	
418	406	427	417	
429	400	406	413	
440	428	409	419	
486	463	451	470	
472	497	493	476	
477	469	498	461	
492	487	466	465	
467	471	492	470	
485	468	477	481	
459	491	465	483	
455	476	450	496	
491	454	477	475	
490	495	476	474	
498	455	477	473	
465	451	499	498	
487	460	457	466	
485	465	461	464	
482	479	465	491	
481	461	450	456	
478	466	476	472	
479	450	456	497	
470	478	469	464	
495	466	467	458	
460	484	476	458	
472	488	451	496	
476	492	461	479	
465	458	462	459	
491	466	459	454	
497	490	453	492	
497	470	478	450	
498	478	476	481	
470	477	467	455	
450	493	452	496	
456	485	494	452	
483	450	458	497	
454	488	465	484	
474	475	480	489	
450	454	465	461	
450	455	462	457	
452	485	462	497	
484	465	451	480	
461	499	473	490	
497	460	494	477	
476	493	459	492	
488	485	498	450	
451	479	491	494	
472	497	496	492	
499	479	470	492	
488	481	482	459	
487	460	462	455	
455	470	474	451	
454	467	488	490	
452	474	499	496	
12	14	7	49	35	
42	40	45	17	20	
38	28	20	15	35	
39	4	30	42	10	
9	10	7	11	16	
43	21	27	14	24	
47	46	45	33	12	
29	21	13	2	9	
13	20	48	49	2	
2	29	6	27	11	
43	47	24	41	20	
14	21	22	12	3	
8	33	13	9	49	
23	34	16	35	15	
5	6	37	23	39	
48	8	13	5	43	
19	22	6	2	44	
27	14	37	5	3	
3	4	26	1	30	
49	12	35	24	43	
0	42	47	6	46	
34	20	4	5	48	
10	11	12	39	4	
33	30	6	32	7	
47	5	38	2	8	
18	23	3	25	31	
5	47	34	1	48	
35	36	23	19	18	
41	15	21	49	19	
45	42	20	7	21	
15	12	46	36	11	
7	15	26	27	43	
46	25	36	23	22	
36	47	44	20	24	
34	48	10	27	6	
20	22	29	28	10	
3	40	18	22	7	
16	36	28	35	43	
26	43	1	18	14	
14	36	16	48	35	
20	47	40	31	13	
27	25	43	6	41	
46	22	10	34	32	
42	47	41	15	9	
29	12	2	31	10	
6	0	46	19	7	
29	14	40	26	6	
13	31	21	37	39	
6	39	19	35	48	
7	34	37	46	10	
83	54	78	59	96	
95	88	81	82	89	
58	74	85	68	83	
80	70	96	52	95	
96	55	79	70	76	
65	77	55	63	87	
62	59	58	86	52	
51	76	70	63	71	
57	94	77	50	90	
60	57	68	59	85	
71	64	92	68	60	
67	80	59	86	84	
70	96	98	64	63	
71	81	82	86	79	
61	59	51	98	68	
53	50	67	95	86	
72	71	89	60	55	
91	68	88	76	81	
72	96	63	90	84	
75	76	61	84	62	
60	86	65	69	70	
51	50	96	84	95	
57	78	96	69	74	
87	82	78	85	75	
75	83	54	68	67	
74	80	71	84	67	
92	76	52	73	77	
99	87	80	93	78	
54	70	92	86	99	
64	66	52	81	69	
50	61	60	74	96	
93	79	95	56	83	
93	79	72	82	70	
77	63	91	68	95	
74	73	65	88	98	
74	80	82	83	71	
65	75	52	74	81	
54	82	69	72	83	
73	68	69	77	65	
70	86	58	56	94	
59	54	91	86	61	
94	97	57	70	78	
62	99	78	52	77	
94	91	67	96	98	
87	65	99	63	75	
50	73	57	59	60	
94	65	73	81	72	
69	78	83	54	85	
97	83	79	72	86	
72	82	54	70	90	
128	140	142	115	141	
121	134	136	142	111	
111	118	135	134	103	
103	109	126	113	117	
115	126	121	148	122	
111	117	103	121	112	
118	133	111	115	144	
133	136	100	132	144	
115	138	104	103	109	
142	134	109	100	129	
140	123	134	116	121	
114	103	132	125	113	
142	146	113	108	147	
138	114	123	135	111	
114	123	120	141	104	
104	129	127	149	140	
100	121	117	146	133	
148	104	124	100	117	
111	109	137	128	121	
131	143	130	103	102	
134	124	103	104	143	
119	115	126	146	130	
112	104	134	139	120	
145	130	101	144	113	
133	124	126	108	115	
135	110	111	132	139	
127	134	117	115	110	
142	129	113	137	143	
143	127	113	146	110	
141	139	142	123	104	
108	102	130	139	101	
136	125	129	109	106	
112	104	136	130	125	
149	146	113	148	119	
124	116	144	118	106	
116	129	148	141	118	
143	118	104	111	145	
137	100	129	118	110	
140	111	139	122	123	
146	131	105	125	135	
138	102	108	121	118	
149	113	112	132	147	
130	115	104	117	148	
147	102	119	124	101	
115	131	128	127	137	
124	110	144	109	146	
128	136	112	135	106	
103	142	122	138	126	
113	121	101	117	115	
131	123	104	109	139	
177	164	190	199	195	
166	191	197	195	155	
186	169	199	176	164	
170	190	192	175	187	
164	167	159	187	153	
175	180	158	195	159	
155	161	171	172	178	
154	188	153	150	177	
179	191	167	159	175	
179	160	197	165	168	
187	169	181	182	161	
161	177	154	193	158	
180	163	157	179	155	
192	158	174	185	156	
172	168	198	171	161	
198	171	176	160	164	
174	184	151	189	177	
168	196	187	190	158	
196	163	198	184	164	
161	150	177	168	165	
160	163	152	161	165	
171	165	160	184	156	
169	181	191	185	192	
167	175	159	160	185	
168	154	192	166	159	
168	160	167	191	181	
172	156	185	163	183	
196	173	181	188	195	
197	157	163	193	165	
152	185	155	189	171	
153	164	154	176	193	
198	164	195	169	188	
170	186	179	176	178	
193	161	183	176	150	
161	189	185	150	177	
169	164	150	192	156	
156	159	162	169	187	
153	160	186	189	190	
150	155	168	195	161	
188	171	184	172	186	
198	182	176	153	166	
157	167	163	180	159	
197	166	187	171	153	
162	157	151	194	164	
189	153	172	184	181	
156	196	171	161	198	
184	162	173	179	191	
150	199	195	172	168	
157	185	188	164	156	
175	154	197	150	170	
205	234	246	203	207	
207	240	202	242	243	
237	242	241	243	209	
213	244	215	202	234	
215	220	222	216	241	
234	204	200	210	236	
242	205	248	215	203	
212	223	220	221	207	
205	241	242	213	221	
237	244	200	236	201	
248	223	246	243	226	
233	212	216	223	221	
200	207	244	223	213	
221	247	216	214	207	
249	210	201	232	227	
206	220	230	228	249	
233	240	225	223	248	
200	204	242	205	222	
232	238	229	207	205	
202	208	211	243	231	
239	215	222	233	232	
203	211	246	222	212	
208	222	201	219	200	
243	205	242	233	231	
215	248	249	240	205	
246	245	216	235	248	
230	224	246	211	201	
219	241	230	229	249	
243	220	207	202	249	
208	226	245	235	247	
238	211	216	201	225	
210	244	227	228	221	
224	211	201	214	208	
234	233	202	211	238	
206	219	245	211	242	
213	208	205	227	240	
213	211	248	238	233	
211	229	243	242	228	
223	216	204	207	230	
211	215	225	204	235	
238	232	229	211	222	
213	222	234	224	223	
200	235	244	240	232	
214	246	232	216	200	
203	225	215	212	243	
240	235	239	203	216	
226	229	215	211	230	
246	226	209	232	223	
234	227	208	213	203	
225	239	241	235	218	
262	269	270	259	256	
261	265	290	281	293	
281	274	288	295	257	
272	278	256	288	252	
255	282	265	286	284	
254	268	273	260	290	
278	293	292	274	294	
291	250	271	299	286	
299	280	276	277	268	
293	258	257	275	287	
276	266	268	275	287	
260	299	250	297	279	
281	264	290	297	283	
282	288	266	291	250	
271	272	287	288	264	
264	274	263	262	255	
282	267	293	260	276	
252	299	298	283	265	
255	285	292	298	282	
289	286	290	273	269	
257	290	280	291	298	
276	279	273	261	289	
287	279	295	288	283	
294	292	284	298	293	
255	274	261	283	290	
268	290	250	276	295	
251	286	277	292	267	
266	267	280	299	298	
254	259	281	285	297	
258	297	261	299	255	
297	291	255	294	262	
266	261	299	286	268	
254	266	250	277	267	
296	278	290	250	253	
271	276	258	287	267	
261	293	285	257	250	
283	258	257	265	250	
258	273	275	272	278	
289	275	297	254	286	
273	268	278	271	292	
297	250	281	286	271	
288	279	263	291	254	
255	283	273	293	278	
288	268	289	254	270	
257	279	258	269	289	
275	279	258	280	261	
270	280	283	287	267	
262	250	298	269	293	
286	266	295	250	281	
268	257	278	253	289	
313	309	333	301	331	
323	314	309	339	322	
315	332	301	300	321	
312	314	324	337	301	
320	309	310	337	313	
317	345	319	332	311	
326	302	307	349	341	
311	328	324	321	317	
328	302	309	331	306	
346	337	309	324	343	
322	312	311	332	335	
332	308	339	343	313	
333	345	342	321	340	
306	313	325	341	308	
320	303	333	334	305	
308	326	330	331	342	
314	328	335	305	341	
341	328	307	301	315	
309	324	332	303	338	
301	337	309	322	302	
323	302	317	341	339	
334	329	331	311	323	
308	338	334	343	344	
327	340	309	337	302	
324	323	300	327	314	
346	338	321	316	327	
344	349	308	329	311	
335	305	328	344	345	
323	345	319	337	346	
331	314	308	347	344	
347	319	304	336	320	
336	347	334	320	332	
307	300	338	324	349	
309	346	336	315	345	
341	313	331	324	337	
325	311	331	314	304	
309	347	329	336	303	
338	302	313	329	333	
311	324	328	329	305	
322	305	304	307	300	
305	327	324	303	311	
336	334	318	314	343	
304	309	319	329	313	
322	312	328	349	321	
331	302	321	329	318	
328	338	303	348	332	
301	319	345	336	343	
336	303	328	334	330	
324	308	326	318	329	
333	320	318	309	336	
384	399	395	355	380	
386	395	357	379	381	
368	364	376	370	359	
376	355	367	365	353	
381	355	377	363	383	
359	352	355	357	358	
364	370	386	371	380	
382	397	392	371	373	
361	358	363	387	386	
396	382	359	363	357	
351	378	367	394	399	
398	376	397	391	371	
396	357	362	389	380	
366	390	363	389	370	
396	379	356	354	360	
392	359	391	352	373	
387	357	373	390	380	
356	392	353	387	388	
350	395	362	354	385	
374	394	371	361	363	
355	379	384	378	382	
393	379	352	394	356	
354	373	376	356	396	
385	380	392	386	375	
355	352	398	393	396	
389	391	378	380	361	
395	376	366	393	375	
387	364	357	381	358	
398	377	386	382	362	
351	350	358	357	380	
357	370	397	390	380	
356	355	397	372	365	
398	355	363	376	354	
387	385	384	397	356	
370	380	355	392	383	
354	370	360	391	393	
362	368	384	353	393	
357	365	377	380	361	
374	389	353	359	364	
388	361	375	371	391	
391	372	377	381	357	
379	398	350	392	391	
390	372	370	389	396	
362	355	369	357	376	
371	386	358	379	397	
388	371	398	362	389	
373	389	382	363	369	
364	397	374	365	362	
359	354	390	399	356	
388	376	359	372	386	
412	432	419	407	411	
439	428	416	421	434	
448	419	414	426	434	
413	411	428	446	408	
443	424	409	429	428	
430	440	400	410	411	
426	402	408	430	441	
430	420	436	426	419	
435	416	411	434	447	
422	431	426	443	419	
414	447	420	440	445	
416	405	449	414	446	
416	417	405	423	400	
443	429	412	448	409	
440	445	417	428	448	
402	443	414	437	427	
430	449	403	424	405	
447	409	421	411	429	
403	438	434	428	440	
423	419	421	409	429	
433	423	424	402	404	
407	408	412	422	448	
400	430	440	444	409	
424	422	440	442	415	
409	415	412	404	405	
430	446	401	415	439	
427	446	447	436	437	
428	402	401	447	431	
443	428	449	436	431	
446	406	430	442	420	
400	412	435	421	417	
441	417	403	409	404	
414	431	400	426	441	
441	420	417	401	437	
400	423	435	441	449	
421	413	437	416	424	
400	414	421	438	428	
413	425	429	412	423	
417	423	416	428	442	
414	407	423	421	433	
407	414	438	440	441	
426	436	415	430	431	
444	421	437	423	401	
425	440	445	402	407	
431	440	429	401	448	
432	435	409	438	417	
403	435	414	411	433	
425	404	447	442	417	
449	419	443	421	420	
422	407	434	403	438	
491	461	454	495	483	
486	467	470	478	488	
463	472	460	491	470	
458	455	490	468	462	
457	458	476	475	485	
461	485	473	493	474	
483	463	461	485	473	
457	466	452	463	465	
458	461	459	454	453	
450	452	462	467	483	
454	491	462	474	499	
493	479	475	483	464	
453	488	497	475	476	
454	484	451	492	488	
493	489	480	473	459	
462	468	461	486	494	
482	466	465	489	497	
487	459	471	469	472	
473	479	466	477	454	
486	484	494	491	479	
491	459	490	482	479	
497	459	462	484	472	
470	453	493	494	496	
491	450	476	487	495	
498	486	457	490	461	
488	479	498	460	475	
479	478	483	487	495	
459	474	462	465	491	
484	495	463	465	488	
491	478	482	476	470	
471	485	457	495	467	
494	472	483	493	461	
457	478	462	460	479	
475	465	461	480	484	
480	458	453	486	473	
486	466	458	475	457	
481	487	488	455	463	
487	473	477	495	482	
487	488	460	474	499	
498	457	479	497	459	
479	460	476	465	495	
450	496	473	459	497	
462	492	486	491	476	
477	483	465	494	476	
465	495	484	467	471	
455	453	493	467	457	
467	479	494	465	488	
484	480	458	460	462	
450	491	459	456	474	
483	469	490	487	465	
464	442	183	361	452	331	
127	18	142	228	366	267	
99	185	273	429	266	397	
249	97	40	283	451	16	
234	149	170	62	115	346	
286	358	95	258	398	171	
477	202	401	476	79	308	
138	310	465	355	5	440	
454	366	9	353	15	1	
374	432	7	336	273	190	
359	165	314	453	153	98	
276	190	129	49	436	274	
368	136	32	181	311	171	
91	379	162	89	4	191	
99	338	189	487	467	351	
258	354	14	169	15	246	
417	99	193	413	110	166	
184	360	170	164	80	361	
357	65	38	486	8	371	
484	411	91	215	379	115	
410	262	116	389	134	319	
390	468	96	403	33	205	
301	282	280	3	0	307	
394	380	51	412	203	364	
179	438	338	151	5	327	
208	411	267	330	67	155	
192	169	344	334	167	467	
62	51	142	160	494	471	
117	214	459	113	92	237	
405	125	197	262	218	447	
173	406	93	144	483	317	
203	279	107	361	199	269	
312	354	481	77	337	450	
68	490	496	329	392	306	
38	257	286	114	433	320	
164	142	88	78	262	155	
293	399	56	439	195	172	
313	93	426	51	416	272	
326	439	274	401	179	52	
20	381	303	71	260	86	
88	133	405	260	114	317	
483	408	337	215	154	70	
371	481	246	457	337	15	
317	362	47	97	148	43	
367	162	82	37	487	15	
76	107	309	262	453	17	
72	268	40	325	365	220	
479	449	395	358	277	81	
405	70	205	41	379	277	
12	489	246	344	481	394	
267	38	197	380	342	482	
181	440	279	343	489	232	
297	222	224	118	404	424	
191	210	498	315	462	305	
109	456	393	499	498	427	
283	325	472	162	481	460	
214	188	189	31	206	466	
336	482	419	229	452	115	
141	499	72	378	140	27	
274	231	91	126	493	475	
34	71	122	233	295	74	
1	371	324	341	266	498	
97	118	30	207	11	99	
310	422	490	199	258	67	
458	388	119	213	207	45	
195	179	238	433	156	157	
442	246	311	479	271	359	
158	471	494	171	267	193	
37	339	68	368	233	235	
78	283	134	374	124	394	
122	57	9	413	422	87	
225	219	205	443	491	45	
288	413	136	253	4	334	
267	109	217	212	176	328	
261	168	428	282	80	224	
164	360	488	387	325	482	
479	314	153	375	221	481	
459	246	321	487	244	130	
370	433	258	46	325	364	
162	312	182	283	480	423	
22	128	437	111	191	388	
246	433	137	220	415	147	
130	476	159	83	449	369	
8	107	266	410	487	493	
431	397	2	17	268	97	
266	94	39	381	45	318	
108	378	87	0	109	178	
241	309	139	194	110	304	
80	104	431	158	251	37	
88	15	183	248	1	378	
35	3	301	274	318	472	
307	253	461	237	337	61	
476	23	214	242	410	112	
316	400	106	109	163	227	
307	420	213	228	22	57	
153	261	414	228	307	471	
168	9	122	82	55	425	
85	331	139	43	330	128	
377	98	99	388	152	50	
49	287	272	423	493	182	
241	57	100	475	88	51	
92	283	204	376	227	245	
308	20	493	480	399	147	
164	159	404	194	337	81	
306	309	177	199	239	20	
406	346	479	79	344	52	
70	229	8	311	190	259	
303	418	55	384	59	271	
351	21	378	349	158	221	
93	323	282	89	36	53	
491	169	464	271	429	428	
53	492	490	465	1	131	
324	172	236	155	419	104	
314	313	227	194	487	488	
47	450	354	249	83	107	
215	337	16	473	463	472	
276	52	315	76	95	395	
255	188	170	346	177	336	
478	24	268	34	174	332	
208	273	73	179	262	163	
311	126	443	165	206	391	
471	334	488	32	407	85	
159	344	138	118	287	295	
460	332	324	157	299	310	
17	196	54	117	203	457	
429	244	425	224	464	335	
62	186	346	202	229	143	
441	166	232	422	208	292	
380	295	461	495	8	16	
52	156	32	25	481	213	
236	392	88	489	93	346	
307	181	118	30	182	464	
310	233	35	268	89	20	
322	348	429	40	435	273	
336	67	106	446	400	93	
447	2	467	97	82	44	
147	20	466	217	479	330	
240	65	184	496	264	282	
12	90	392	387	416	375	
55	325	5	335	289	87	
99	460	408	491	487	234	
8	394	471	209	413	55	
147	497	88	362	477	17	
296	320	474	214	17	92	
44	6	383	167	176	129	
383	475	21	224	323	455	
365	262	116	300	325	312	
226	160	163	214	129	412	
78	22	93	157	270	403	
105	128	450	367	265	397	
171	407	377	54	302	161	178	
333	364	334	208	96	39	90	
327	6	65	234	300	232	356	
394	53	356	80	486	215	199	
369	50	12	407	239	376	212	
334	115	442	28	213	369	325	
321	328	89	30	57	193	2	
242	470	482	57	128	371	356	
103	170	481	159	478	389	28	
116	144	255	90	53	395	94	
149	308	298	175	144	153	157	
25	120	399	412	324	83	312	
110	304	144	197	16	7	14	
61	484	22	176	319	262	3	
78	412	6	498	177	56	298	
325	216	369	132	155	319	375	
44	484	390	371	493	284	469	
172	153	357	460	104	472	290	
233	104	452	135	491	287	341	
25	433	463	196	475	263	76	
47	384	263	153	428	141	71	
79	164	388	4	171	43	144	
458	185	87	284	211	453	93	
425	64	262	160	346	398	433	
273	450	316	170	185	360	141	
331	104	330	99	292	16	14	
455	271	172	349	110	21	310	
193	235	328	37	7	241	263	
330	315	75	185	42	277	197	
35	111	367	189	349	396	403	
362	452	135	115	381	141	490	
466	323	441	309	459	305	241	
375	479	110	263	325	250	226	
67	418	321	154	15	424	440	
376	120	381	116	266	142	102	
373	333	343	169	38	121	393	
214	297	94	167	32	348	233	
8	85	464	310	372	363	493	
125	277	407	173	253	403	493	
439	107	8	80	400	302	401	
323	245	291	385	206	138	456	
101	408	127	97	281	371	136	
222	253	19	104	161	324	85	
297	206	77	400	289	416	317	
181	459	186	133	67	132	343	
326	69	225	31	218	210	12	
231	79	93	432	301	493	359	
238	461	100	440	256	388	254	
476	194	185	222	273	409	272	
468	247	282	156	114	482	351	
31	35	156	97	297	314	56	
43	12	186	152	241	16	304	
451	324	423	275	433	253	305	
483	156	160	225	144	317	169	
144	187	170	239	431	203	468	
307	66	204	422	469	420	377	
33	43	178	277	267	415	310	
212	134	430	68	388	464	7	
346	126	164	220	440	280	29	
423	459	300	371	401	128	262	
360	234	167	175	485	83	138	
341	63	39	204	24	426	310	
348	340	0	320	4	458	346	
312	26	217	339	66	251	276	
256	109	15	192	325	429	394	
290	297	282	97	40	276	48	
321	102	134	410	187	131	217	
37	363	355	1	437	16	38	
136	358	325	92	230	247	173	
325	436	157	132	461	33	108	
99	402	473	134	335	202	4	
456	465	98	208	78	467	338	
215	428	406	217	202	488	89	
132	32	248	15	330	63	167	
217	325	447	179	432	68	310	
488	369	410	370	208	236	486	
69	412	406	346	498	332	387	
213	391	283	285	91	171	98	
53	396	38	98	220	99	162	
274	29	381	272	250	182	463	
292	256	67	74	293	181	380	
197	17	456	276	376	137	221	
276	278	188	156	472	68	376	
112	69	376	150	77	257	362	
102	17	79	479	23	495	298	
276	259	120	374	254	29	245	
392	216	328	239	397	162	4	
182	273	10	469	475	269	287	
226	196	235	333	275	67	412	
420	71	244	136	65	205	243	
126	161	443	351	232	376	385	
476	418	410	60	243	157	256	
39	280	229	321	41	442	486	
161	429	405	283	144	98	64	
443	241	415	236	116	440	219	
451	357	142	434	255	393	312	
219	27	159	171	299	361	470	
297	438	221	128	184	55	376	
149	164	92	341	381	67	256	
343	60	475	360	426	330	316	
374	324	468	253	158	474	316	
195	373	12	170	410	317	168	
158	308	209	404	139	119	357	
347	477	313	381	100	440	393	
417	442	157	79	8	53	426	
322	413	42	189	70	129	293	
124	7	425	86	326	246	379	
61	320	319	345	27	191	405	
138	220	263	133	450	7	211	
169	214	391	461	61	381	197	
474	405	235	192	259	88	179	
399	428	485	337	329	188	498	
297	165	177	110	79	139	275	
239	206	196	356	419	375	434	
235	104	253	77	331	388	73	
99	183	217	153	62	131	164	
494	52	107	222	305	439	264	
305	321	33	422	61	86	331	
26	165	106	419	476	36	445	
29	32	294	299	244	35	207	
445	23	36	9	455	272	389	
19	84	327	495	5	399	128	
332	244	132	76	0	21	158	
22	324	50	459	365	393	169	
430	295	233	332	297	289	24	
273	203	71	31	475	122	17	
405	430	347	252	74	59	172	
85	133	66	405	435	345	58	
325	92	253	135	471	372	451	
465	122	347	55	442	63	113	
313	21	416	376	33	320	27	
102	340	318	485	93	283	429	
177	467	321	65	333	460	495	
420	186	227	372	119	242	251	
354	466	52	47	320	157	383	
275	258	461	303	132	46	499	
156	408	135	398	304	228	364	
323	84	60	249	199	440	30	
127	334	491	379	374	238	360	
337	296	215	150	433	258	408	
476	445	438	106	371	369	136	
381	229	376	420	198	293	6	
152	124	396	100	355	292	481	
361	463	4	480	38	196	320	
333	215	447	331	449	269	13	
190	366	397	28	226	340	370	
167	60	436	338	491	257	160	
59	387	181	332	233	295	421	
95	173	253	42	395	183	33	
491	456	217	183	481	263	385	
352	99	295	101	31	498	133	22	
249	2	175	245	391	444	24	499	
388	376	253	211	497	469	131	429	
297	211	53	22	17	301	161	344	
120	202	423	367	440	362	126	117	
349	101	97	177	144	474	472	199	
383	165	230	408	424	189	261	471	
283	494	429	267	343	69	285	178	
14	170	17	459	478	488	84	104	
453	236	382	81	25	100	228	46	
442	373	5	163	374	4	49	354	
450	290	8	119	289	1	61	90	
482	166	286	214	114	33	243	443	
497	382	40	113	448	379	438	454	
446	72	474	104	30	265	352	62	
43	406	319	12	40	188	155	417	
130	318	262	230	436	32	330	211	
293	197	188	262	6	421	328	145	
166	385	356	79	342	362	329	209	
228	131	60	67	74	178	260	438	
417	260	317	264	6	253	249	363	
214	410	392	203	161	455	369	44	
420	463	278	78	234	24	385	166	
423	114	244	321	254	414	199	303	
1	418	463	331	30	387	144	363	
463	195	201	117	16	332	247	442	
185	274	140	459	37	85	231	253	
261	406	412	186	289	279	462	85	
277	357	37	382	149	186	185	148	
266	385	154	18	444	281	58	140	
262	341	49	11	163	315	257	120	
305	232	140	382	472	440	224	2	
374	131	91	255	481	188	496	450	
149	278	208	80	383	478	246	378	
458	410	377	390	454	493	376	131	
466	1	102	270	150	33	346	476	
127	212	123	156	46	318	217	424	
462	492	222	301	423	154	173	296	
482	164	286	92	204	234	10	407	
219	315	368	370	256	22	488	364	
35	487	228	15	445	60	299	393	
264	131	212	64	84	451	155	492	
421	88	342	179	33	236	367	173	
338	113	364	0	466	102	13	340	
460	117	249	383	105	158	248	113	
454	136	492	286	350	186	19	468	
285	466	471	487	311	204	184	149	
9	322	255	103	272	192	12	479	
149	22	49	373	334	293	342	30	
493	402	343	6	74	422	372	225	
136	157	245	197	159	476	382	260	
302	290	120	410	36	172	13	398	
415	4	357	287	43	179	134	498	
98	237	100	87	212	279	448	352	
303	110	249	361	100	433	368	198	
494	165	202	12	128	498	137	240	
90	199	451	67	110	396	231	327	
466	141	293	135	270	17	365	348	
177	256	373	431	442	189	397	26	
381	25	229	447	307	412	334	319	
123	449	255	332	452	390	393	455	
371	56	26	488	316	208	240	123	
90	486	336	102	353	229	423	285	
417	175	293	200	144	416	299	239	
498	225	347	333	463	425	231	374	
450	442	299	10	232	319	443	236	
256	27	418	105	179	98	297	231	
87	49	244	468	115	481	77	86	
228	461	471	448	68	345	492	169	
123	1	407	30	261	81	24	283	
283	499	175	384	422	344	282	55	
258	70	46	1	400	489	278	266	
461	324	7	266	399	84	45	62	
30	398	324	491	479	366	388	440	
75	369	227	489	375	35	187	433	
307	31	454	315	130	375	482	266	
471	122	205	478	399	480	45	279	
244	289	454	361	48	351	218	400	
377	158	420	426	82	393	353	246	
302	38	30	283	9	453	363	357	
153	224	275	228	414	152	294	127	
326	60	121	422	4	62	261	449	
356	237	123	319	247	282	14	489	
423	243	443	18	405	361	58	157	
495	408	347	215	202	180	415	338	
156	418	46	85	136	6	71	140	
267	29	473	466	360	41	141	123	
181	285	140	243	310	490	320	416	
172	308	376	206	351	14	492	238	
452	161	402	462	483	131	405	41	
129	243	147	283	142	455	423	352	
79	272	282	211	168	284	327	426	
441	496	158	235	437	392	186	36	
222	304	128	244	331	45	476	64	
27	369	17	207	419	153	286	0	
149	443	250	125	34	69	310	51	
460	189	432	30	11	97	461	136	
152	166	223	42	230	6	190	83	
233	152	341	105	235	157	194	376	
435	147	235	118	219	418	480	468	
298	102	161	275	327	37	440	138	
468	413	157	397	336	125	343	380	
393	499	212	433	432	496	154	474	
317	93	107	489	394	28	376	395	
132	202	137	368	173	64	165	129	
228	432	136	182	29	447	111	272	
84	430	470	475	266	16	320	269	
53	268	333	474	429	149	329	0	
205	293	319	435	195	390	288	106	
34	433	12	435	431	247	28	81	
1	450	135	173	469	338	484	441	
120	145	243	351	473	460	327	19	
101	235	176	275	262	315	29	39	
298	219	344	215	148	176	60	174	
425	250	481	438	408	105	101	126	
178	331	102	219	104	25	384	363	
239	166	425	309	187	478	279	252	
265	410	63	150	242	188	180	374	
277	494	412	119	420	283	371	157	
229	20	430	416	410	335	101	431	
292	291	46	38	184	267	119	24	
20	217	256	372	167	19	226	235	
362	255	1	63	97	153	136	409	
440	301	164	5	113	108	153	424	
107	296	246	450	73	457	483	284	
43	201	20	444	51	461	396	111	
412	487	380	45	476	76	367	183	
168	79	163	31	387	247	289	73	
56	52	425	48	256	115	107	232	
432	326	262	155	252	34	109	498	
306	372	179	297	240	374	220	107	
232	279	61	24	327	356	460	469	
392	122	274	105	61	221	403	96	
95	407	341	459	208	433	416	382	
148	413	393	4	281	8	70	429	
215	252	174	460	432	483	54	325	
185	480	446	191	497	350	455	493	
232	432	264	81	422	357	66	428	
94	288	209	210	451	137	136	255	
402	191	133	470	108	146	127	255	
393	214	64	105	420	354	232	190	
301	472	444	130	48	86	216	436	
462	128	133	125	152	350	396	364	
265	436	327	379	52	470	426	266	
72	169	234	185	432	104	206	442	
427	367	404	295	390	499	456	240	
495	107	116	209	337	111	428	494	
478	453	226	319	243	488	81	365	
419	282	218	15	278	153	446	409	
442	165	402	248	210	194	185	469	
