48	4	45	
49	27	8	
44	43	36	
33	37	4	
45	43	48	
40	17	9	
29	7	18	
26	41	5	
17	46	47	
46	43	29	
10	37	35	
6	24	41	
11	49	12	
0	27	48	
42	10	9	
25	8	49	
43	18	17	
15	27	8	
49	18	13	
26	22	20	
7	36	0	
31	48	36	
36	20	17	
44	11	39	
25	5	15	
21	40	31	
1	31	4	
13	29	7	
22	42	14	
36	45	3	
45	5	17	
35	8	12	
11	42	13	
49	41	43	
23	47	26	
24	30	0	
7	35	1	
35	7	20	
7	28	19	
20	40	36	
49	12	16	
2	47	42	
3	11	5	
26	12	22	
23	10	14	
45	31	11	
43	1	48	
42	32	30	
0	37	35	
43	6	39	
60	98	53	
97	84	86	
84	97	53	
96	61	58	
75	86	73	
54	63	65	
70	58	89	
83	99	62	
75	79	68	
71	79	81	
69	67	84	
66	68	53	
86	88	83	
84	59	71	
81	65	69	
78	90	79	
78	86	74	
96	76	63	
67	57	50	
71	56	82	
89	98	95	
72	91	97	
66	78	79	
72	98	54	
58	89	50	
53	97	86	
72	95	53	
63	93	85	
63	92	83	
62	52	73	
90	88	52	
82	84	63	
84	53	91	
99	90	78	
99	93	78	
70	60	72	
90	83	74	
78	92	99	
65	87	56	
89	55	80	
93	94	88	
59	75	87	
59	88	75	
70	94	71	
96	64	82	
67	91	69	
78	88	59	
74	58	92	
88	60	87	
52	58	84	
100	108	112	
146	134	108	
128	142	148	
146	115	116	
145	133	101	
147	131	141	
120	131	123	
122	110	108	
121	118	104	
137	102	148	
109	102	110	
143	131	113	
145	110	115	
105	116	130	
136	131	112	
145	123	103	
109	123	132	
111	125	128	
118	149	120	
137	112	131	
109	113	107	
139	128	121	
112	104	111	
118	116	123	
139	147	125	
115	134	102	
148	104	143	
107	128	111	
115	130	114	
116	123	121	
139	140	128	
117	148	110	
137	142	125	
130	127	142	
109	124	118	
143	146	142	
126	125	117	
105	122	116	
106	113	110	
105	121	107	
105	122	104	
147	107	134	
143	112	120	
100	129	121	
131	115	123	
105	109	141	
105	107	101	
142	115	125	
124	131	126	
108	109	143	
167	183	163	
184	188	168	
160	151	157	
156	157	186	
171	163	150	
155	180	173	
186	159	168	
151	167	172	
192	186	185	
154	173	196	
179	180	185	
190	192	178	
180	178	169	
189	168	198	
199	190	154	
192	179	169	
194	157	177	
155	178	176	
171	193	172	
192	153	187	
182	175	195	
180	170	189	
193	168	179	
199	162	164	
188	174	199	
176	155	194	
189	153	155	
184	186	182	
166	192	165	
165	152	175	
186	168	171	
179	171	150	
195	161	175	
151	195	172	
186	154	184	
171	196	164	
173	155	164	
180	155	172	
182	174	159	
181	150	152	
189	154	182	
188	176	187	
167	163	158	
190	161	195	
190	185	189	
164	163	158	
156	157	170	
182	186	194	
184	194	155	
178	177	168	
241	234	218	
207	201	236	
220	223	218	
215	221	233	
230	224	244	
242	201	230	
233	225	230	
219	229	209	
246	244	219	
242	236	237	
201	223	237	
227	234	248	
205	226	247	
217	206	245	
222	211	232	
202	231	218	
247	220	239	
214	221	206	
234	207	218	
206	234	217	
247	215	203	
246	225	231	
233	201	227	
218	248	228	
233	205	249	
239	243	209	
227	232	225	
207	205	241	
203	246	243	
212	216	204	
201	224	200	
241	209	205	
246	245	244	
240	237	207	
234	216	224	
219	217	230	
201	217	243	
229	231	202	
203	218	231	
210	245	239	
202	241	203	
241	222	226	
249	244	212	
234	208	207	
207	242	208	
225	239	224	
245	235	233	
227	207	211	
215	207	226	
207	242	228	
292	273	260	
284	260	293	
253	266	276	
261	258	263	
279	278	269	
294	273	297	
262	294	255	
295	293	289	
294	288	276	
284	297	261	
279	283	254	
288	264	261	
252	262	297	
267	262	298	
260	264	274	
291	278	285	
271	292	283	
262	286	281	
275	273	288	
284	255	260	
287	282	268	
267	265	263	
286	295	260	
270	264	295	
267	286	251	
274	283	291	
299	254	260	
275	257	286	
271	259	262	
288	259	293	
258	252	291	
293	286	280	
267	285	292	
260	277	250	
267	254	299	
283	276	258	
281	253	263	
287	299	258	
273	258	262	
264	285	251	
289	252	274	
257	286	285	
286	279	266	
252	273	259	
297	261	292	
273	250	263	
292	295	272	
263	266	254	
277	257	286	
287	273	264	
329	340	337	
336	304	318	
329	330	323	
332	306	331	
332	330	333	
338	313	319	
346	319	306	
305	315	307	
315	310	305	
335	343	320	
327	335	344	
321	349	342	
324	339	333	
348	331	327	
345	347	304	
309	325	321	
318	324	323	
349	348	332	
333	310	315	
335	318	321	
321	318	316	
304	343	306	
316	320	333	
303	319	323	
308	330	331	
348	345	325	
315	326	302	
327	323	316	
308	318	306	
300	311	324	
317	334	316	
346	325	301	
304	310	301	
310	343	324	
346	310	301	
342	301	310	
330	341	331	
331	339	345	
310	303	335	
313	309	339	
300	328	302	
330	301	323	
336	345	321	
300	305	339	
320	302	304	
323	315	302	
337	327	334	
312	337	329	
327	320	315	
321	346	340	
393	387	383	
386	365	368	
385	379	380	
394	357	391	
352	385	359	
396	382	392	
367	391	379	
375	350	383	
387	396	353	
390	358	374	
389	360	355	
377	390	389	
395	372	392	
378	351	384	
368	351	377	
398	397	388	
359	397	384	
375	383	352	
355	361	395	
388	350	399	
360	364	381	
365	367	393	
376	360	389	
381	369	385	
364	376	399	
383	375	370	
372	377	386	
354	373	364	
395	385	391	
377	370	369	
374	362	356	
370	396	364	
387	383	385	
358	361	355	
392	374	355	
389	357	355	
386	362	378	
397	372	370	
396	379	363	
356	362	373	
398	396	378	
373	384	391	
375	352	360	
369	387	388	
388	351	372	
399	362	370	
375	381	379	
398	375	376	
359	373	386	
381	390	372	
402	447	401	
446	426	445	
419	411	441	
425	437	435	
414	418	433	
440	410	411	
418	403	410	
448	404	409	
426	434	421	
443	448	449	
411	422	400	
439	436	425	
427	404	403	
428	406	432	
434	423	413	
422	421	445	
440	433	447	
404	407	420	
406	414	429	
406	411	417	
404	423	406	
407	443	402	
437	406	443	
434	427	435	
448	437	402	
448	442	414	
403	414	443	
439	414	441	
438	404	448	
433	416	404	
414	407	418	
418	443	424	
401	435	449	
422	406	400	
414	437	406	
441	422	411	
431	435	443	
439	417	425	
444	416	422	
434	432	443	
403	401	414	
406	430	419	
415	432	441	
435	426	409	
436	430	408	
424	419	425	
429	448	417	
422	418	421	
400	405	422	
444	417	407	
452	478	479	
465	478	456	
456	453	458	
464	453	491	
459	488	496	
491	476	493	
468	496	490	
477	495	466	
455	491	456	
474	462	472	
480	468	484	
496	472	456	
453	485	466	
489	485	491	
471	483	493	
456	493	453	
483	498	461	
450	461	451	
498	451	474	
469	464	481	
475	485	474	
484	483	467	
464	455	463	
455	493	478	
495	454	469	
467	451	480	
498	491	459	
480	496	450	
450	453	486	
486	482	489	
480	493	478	
493	491	460	
455	454	497	
463	458	480	
485	498	472	
492	493	452	
477	473	460	
494	478	460	
472	451	473	
452	480	453	
454	479	477	
477	478	470	
476	464	467	
467	451	465	
469	459	498	
495	465	472	
463	494	499	
457	480	464	
481	487	467	
483	497	476	
12	18	49	21	
13	20	4	44	
13	33	12	19	
48	13	46	42	
34	25	8	31	
16	6	37	23	
3	7	47	44	
20	4	23	41	
28	4	8	20	
22	43	10	19	
11	24	12	29	
20	42	32	31	
11	20	7	30	
32	24	39	19	
24	36	25	48	
16	13	5	23	
6	32	49	38	
46	32	17	41	
11	13	21	35	
42	46	47	7	
7	44	39	10	
7	36	47	13	
28	30	44	3	
16	28	39	12	
49	30	25	47	
7	17	18	34	
12	42	44	26	
4	13	6	20	
47	6	29	45	
11	22	40	14	
38	2	5	6	
7	13	8	41	
9	13	2	11	
21	49	16	10	
5	18	43	12	
5	44	16	7	
38	33	9	37	
43	28	11	24	
2	4	11	42	
10	9	30	14	
14	20	4	42	
9	45	18	25	
48	26	0	18	
33	13	41	49	
32	3	7	42	
47	37	30	23	
29	38	36	25	
20	8	30	35	
10	30	0	38	
6	44	14	22	
65	94	93	61	
54	87	85	72	
88	57	66	95	
65	67	84	81	
90	70	85	62	
54	94	51	88	
77	54	62	56	
81	96	76	86	
97	77	75	64	
81	70	94	85	
83	86	64	73	
71	59	66	55	
52	78	86	96	
50	81	80	79	
56	80	70	62	
75	52	69	90	
83	59	60	98	
65	82	64	85	
62	64	84	56	
85	69	61	60	
61	79	78	76	
77	57	63	59	
92	69	86	73	
64	62	54	66	
86	71	58	78	
72	71	59	98	
66	86	71	60	
51	76	95	99	
96	86	71	75	
86	77	78	53	
63	58	75	71	
86	79	82	93	
97	96	58	90	
98	70	57	77	
99	62	65	85	
82	92	71	98	
91	89	80	92	
97	86	91	56	
97	94	68	77	
86	96	77	87	
63	95	99	83	
64	77	60	71	
50	53	95	68	
89	65	85	73	
85	84	96	57	
50	83	73	89	
54	87	68	52	
98	81	65	78	
76	66	52	62	
52	86	70	84	
131	148	108	114	
119	113	143	112	
124	135	140	112	
123	124	118	132	
149	109	113	112	
121	128	143	112	
135	106	111	130	
122	145	107	123	
110	114	148	102	
128	131	133	140	
109	104	103	133	
137	128	144	109	
105	146	111	104	
148	144	136	111	
108	132	105	112	
129	130	105	121	
118	145	125	102	
123	111	132	137	
109	116	132	124	
102	131	109	101	
128	138	104	133	
111	115	119	125	
132	146	126	106	
116	139	119	122	
137	141	107	148	
112	144	128	135	
112	144	138	113	
141	117	124	116	
148	134	130	108	
141	122	124	113	
107	109	141	120	
100	107	143	116	
138	135	102	112	
149	111	139	125	
124	134	113	123	
110	145	122	135	
117	123	131	116	
106	144	129	107	
113	119	114	100	
122	140	127	145	
149	108	120	121	
115	116	124	136	
123	135	131	110	
110	139	141	118	
118	113	100	141	
107	131	112	128	
120	136	116	130	
142	140	139	146	
131	101	143	130	
141	148	108	129	
198	153	165	191	
181	170	196	174	
194	186	165	193	
156	161	182	159	
191	167	174	178	
151	189	177	186	
194	167	175	193	
167	175	187	189	
159	153	175	169	
193	155	197	176	
163	185	192	169	
161	163	184	190	
152	153	154	165	
199	176	189	185	
191	195	198	159	
188	194	169	197	
162	178	167	151	
161	181	182	185	
153	158	185	159	
176	172	177	184	
154	182	166	174	
154	159	195	165	
154	189	165	171	
198	184	154	152	
193	183	189	169	
197	150	152	171	
173	171	196	167	
166	187	154	179	
161	187	182	155	
165	168	182	160	
171	157	186	194	
156	177	186	196	
191	192	178	155	
150	151	158	199	
190	159	161	168	
158	174	178	182	
156	180	176	197	
156	161	175	166	
157	175	154	170	
188	162	180	155	
186	199	187	162	
193	188	161	169	
151	156	188	192	
157	164	183	188	
194	176	179	181	
173	153	167	158	
198	193	182	153	
155	185	162	199	
190	195	150	165	
191	159	162	189	
209	211	223	224	
208	212	207	216	
222	200	205	216	
201	242	215	247	
217	226	224	235	
219	247	223	222	
249	203	229	213	
200	212	203	204	
229	222	223	246	
234	237	221	249	
200	213	249	225	
246	245	205	232	
215	223	222	204	
232	202	236	226	
248	231	244	242	
204	238	208	225	
232	215	231	245	
206	247	239	225	
238	229	227	204	
226	243	209	224	
219	217	206	239	
203	213	219	214	
221	206	227	247	
204	211	227	233	
205	200	231	213	
239	202	220	225	
220	212	229	248	
233	241	219	231	
248	204	222	210	
228	242	219	239	
221	244	238	212	
223	225	246	229	
213	237	231	229	
247	209	230	229	
219	235	200	230	
249	203	238	201	
201	215	223	231	
207	209	242	219	
244	242	205	243	
241	222	208	233	
246	239	236	232	
230	213	200	225	
223	202	232	237	
243	210	225	245	
237	234	229	236	
245	207	220	219	
237	220	241	246	
236	234	231	200	
243	247	249	222	
228	244	230	232	
295	268	283	254	
264	258	299	284	
261	262	295	296	
277	280	263	287	
277	263	289	253	
293	285	251	260	
262	274	289	250	
285	299	286	251	
261	264	252	282	
272	256	250	276	
295	258	251	280	
270	282	253	273	
276	269	273	283	
271	251	262	290	
280	298	258	261	
253	265	297	286	
270	282	258	267	
259	294	269	265	
271	285	286	252	
251	296	285	258	
254	258	291	268	
282	280	292	264	
264	283	252	281	
267	279	257	259	
280	273	268	285	
259	256	289	265	
294	264	250	270	
260	256	271	285	
298	252	299	282	
254	297	251	289	
280	279	270	288	
278	264	265	254	
284	279	254	296	
286	296	259	250	
285	251	259	280	
291	264	253	252	
285	282	297	287	
282	264	293	288	
287	257	274	269	
265	258	287	274	
279	255	257	283	
299	263	277	260	
289	297	263	284	
291	278	295	261	
267	287	298	256	
283	290	259	258	
251	285	283	266	
285	250	253	297	
250	294	277	255	
252	271	260	263	
310	304	303	315	
334	317	342	300	
334	319	339	345	
305	347	304	312	
313	324	342	333	
318	324	311	339	
319	343	312	336	
315	313	349	326	
348	308	334	326	
343	349	334	303	
337	335	348	321	
347	343	314	332	
348	345	303	335	
313	319	333	347	
311	344	325	326	
306	342	321	303	
342	331	346	328	
325	319	331	347	
348	303	326	334	
319	306	344	307	
331	303	337	334	
334	332	344	321	
322	302	332	317	
326	327	318	306	
337	308	304	333	
303	321	301	302	
336	341	310	327	
348	330	336	305	
322	331	338	318	
336	344	308	300	
304	315	341	321	
327	305	308	333	
307	321	345	342	
328	342	300	330	
345	308	338	329	
337	302	305	304	
301	303	306	317	
317	324	316	333	
344	334	319	348	
310	316	312	307	
345	308	320	333	
324	302	322	306	
349	344	343	345	
315	323	317	316	
323	310	342	327	
311	309	330	329	
308	342	325	337	
320	317	340	304	
345	307	327	312	
342	330	314	346	
399	368	365	379	
368	369	358	353	
395	358	353	381	
352	367	373	372	
359	354	379	372	
351	374	372	391	
389	379	385	381	
398	354	370	393	
373	371	380	395	
375	371	355	384	
352	371	361	365	
351	372	387	397	
379	357	351	386	
383	372	364	369	
394	356	399	352	
394	353	393	363	
388	389	367	372	
365	385	353	359	
378	384	399	376	
374	350	358	366	
379	398	393	399	
386	384	390	363	
351	390	398	353	
395	351	378	396	
357	382	365	399	
399	373	375	355	
363	399	352	356	
372	378	382	370	
388	356	391	366	
394	389	350	393	
395	366	359	387	
379	358	380	384	
374	359	366	398	
393	389	359	383	
383	362	350	353	
372	371	362	363	
397	374	377	379	
377	375	381	387	
381	364	365	376	
373	391	379	366	
395	350	356	371	
386	374	355	369	
370	361	391	390	
372	362	371	383	
373	371	367	376	
396	356	362	352	
391	351	366	390	
366	384	378	381	
384	353	393	375	
398	380	355	358	
428	403	446	435	
408	432	421	441	
436	406	408	448	
409	448	442	446	
425	438	448	417	
412	403	444	429	
444	404	423	410	
416	440	437	401	
400	449	426	430	
426	403	404	436	
419	447	420	406	
442	425	400	444	
419	421	410	415	
429	409	448	431	
443	402	447	435	
404	421	448	425	
444	420	424	415	
448	414	412	438	
448	426	420	437	
424	436	423	413	
405	432	402	411	
439	440	435	416	
428	412	436	407	
409	413	423	432	
448	402	417	421	
444	448	417	415	
435	440	439	402	
431	420	435	441	
432	436	442	423	
449	448	419	436	
407	449	434	432	
401	436	408	402	
421	442	441	430	
443	409	406	435	
411	438	444	439	
408	443	449	425	
423	408	410	433	
415	436	408	423	
441	413	429	417	
422	419	404	436	
430	423	426	427	
441	428	437	422	
411	433	421	447	
438	408	439	411	
418	446	405	406	
405	438	425	428	
443	426	425	447	
405	448	413	434	
404	411	420	400	
422	400	438	448	
495	455	479	498	
493	457	470	474	
455	467	456	479	
459	474	489	465	
458	465	471	477	
460	472	469	498	
461	474	477	498	
468	488	464	466	
471	466	492	486	
491	463	488	479	
476	491	485	496	
458	455	460	468	
482	459	476	472	
498	484	451	493	
458	491	493	470	
498	485	462	458	
499	472	480	465	
475	498	497	487	
480	486	464	499	
495	485	459	471	
486	453	477	497	
450	492	486	482	
477	474	481	460	
492	487	464	462	
462	461	455	454	
471	497	489	454	
456	454	484	481	
480	477	492	495	
498	455	491	469	
480	487	491	456	
480	455	478	477	
496	459	474	494	
487	453	465	489	
456	491	472	462	
496	456	493	475	
468	497	454	450	
488	481	489	496	
496	472	471	479	
450	484	456	469	
475	459	461	483	
475	487	489	469	
462	465	464	485	
497	487	496	457	
479	475	480	494	
493	495	453	486	
453	497	472	478	
454	457	492	469	
488	489	497	463	
450	458	467	455	
460	497	454	499	
35	43	22	17	26	
19	7	42	25	38	
30	1	45	23	16	
7	14	11	6	29	
6	17	24	7	14	
41	43	3	23	25	
32	9	6	21	2	
42	34	1	37	44	
23	0	18	48	31	
3	26	14	23	39	
9	3	30	23	29	
21	2	6	25	9	
27	15	43	46	29	
26	20	37	0	32	
40	38	46	32	2	
43	9	15	25	28	
36	38	37	19	10	
31	26	12	39	27	
10	34	26	0	18	
46	33	38	20	34	
13	14	18	47	20	
12	49	30	34	36	
37	9	42	2	1	
49	21	41	43	17	
11	31	41	14	13	
6	10	39	21	41	
49	26	29	48	43	
43	17	28	16	45	
1	27	0	44	45	
34	2	26	3	28	
32	29	30	31	0	
13	37	41	14	5	
8	42	9	32	1	
20	43	38	31	1	
4	19	26	31	45	
16	43	21	33	32	
39	36	25	42	44	
19	49	48	28	26	
18	31	45	38	34	
15	36	42	7	9	
25	26	35	13	11	
39	48	14	27	17	
33	2	12	49	0	
49	32	19	44	15	
23	27	26	20	11	
28	14	21	47	31	
15	41	0	6	14	
39	1	28	2	35	
15	23	38	26	25	
14	25	4	32	9	
58	64	84	59	62	
75	78	76	95	74	
93	94	64	52	85	
60	82	98	94	62	
91	83	95	85	59	
60	79	67	84	98	
54	80	73	91	71	
52	81	62	51	77	
69	63	84	75	72	
74	84	79	76	73	
80	91	60	69	58	
50	56	78	86	58	
57	71	87	74	96	
51	55	67	87	71	
80	58	97	56	76	
77	79	88	97	60	
68	87	93	74	98	
63	59	83	99	97	
60	83	59	74	68	
93	62	73	60	67	
99	84	91	65	83	
52	55	88	78	76	
98	69	51	87	74	
56	71	90	74	57	
83	70	93	66	62	
54	66	83	89	72	
53	56	61	71	64	
76	98	96	99	62	
76	78	63	52	79	
93	98	96	56	51	
56	51	57	58	83	
85	55	91	56	61	
79	52	96	74	83	
83	74	84	85	65	
52	70	93	92	75	
79	91	76	74	61	
56	90	74	58	79	
66	54	79	89	83	
52	95	79	57	50	
72	55	78	94	95	
81	64	52	96	54	
92	82	64	84	65	
68	91	73	52	71	
73	79	90	97	86	
51	77	56	71	73	
90	94	52	68	77	
95	56	71	74	59	
50	72	86	78	63	
86	81	89	95	54	
62	75	92	61	58	
107	137	145	117	111	
144	132	111	117	138	
144	117	134	112	103	
148	126	121	131	117	
126	123	141	109	145	
130	121	126	146	143	
124	126	141	144	113	
145	108	110	127	133	
109	142	119	124	108	
147	100	146	133	113	
110	136	142	111	139	
128	111	139	138	125	
111	140	106	114	133	
131	105	118	126	108	
118	146	136	110	127	
131	148	140	144	142	
135	134	132	127	123	
144	126	138	111	108	
135	108	139	131	124	
110	140	137	142	129	
122	132	109	102	130	
146	122	128	144	107	
127	103	118	145	149	
130	114	135	148	109	
121	123	136	109	105	
103	141	139	144	125	
132	144	113	120	107	
126	134	102	144	133	
113	123	142	118	135	
125	136	118	120	112	
137	108	128	147	145	
103	114	129	126	136	
143	133	148	115	111	
121	130	138	127	124	
143	125	137	111	108	
141	103	140	116	120	
100	143	144	109	133	
102	149	117	127	108	
145	138	120	118	148	
129	112	106	143	121	
142	108	147	123	141	
137	107	146	145	118	
136	101	144	149	109	
135	146	133	107	115	
116	134	109	112	136	
123	149	104	122	130	
125	120	102	131	126	
147	109	139	113	123	
132	136	121	143	104	
108	129	110	144	116	
162	184	153	160	186	
167	171	168	152	161	
196	190	155	161	176	
183	156	181	176	157	
176	169	190	182	159	
191	194	169	182	196	
175	190	192	177	185	
199	158	195	168	164	
185	181	171	155	165	
162	196	184	151	188	
175	157	179	174	155	
178	186	179	171	170	
183	152	180	178	163	
193	175	183	166	178	
177	170	154	190	167	
175	152	169	187	165	
167	175	154	187	182	
193	151	153	162	190	
175	152	171	185	157	
171	159	180	152	178	
165	187	191	181	199	
199	173	176	163	184	
199	182	159	194	184	
168	196	183	156	175	
159	150	154	182	163	
191	179	160	192	197	
189	199	194	197	196	
183	197	152	193	181	
187	161	157	179	166	
164	168	181	156	198	
191	194	176	155	167	
172	187	189	156	163	
186	178	162	159	190	
150	165	199	193	168	
191	175	198	194	190	
169	171	188	190	179	
170	183	168	172	189	
178	186	165	199	190	
180	181	156	187	176	
184	199	163	150	171	
160	167	166	196	163	
189	190	156	179	188	
153	160	172	198	180	
169	160	182	195	194	
182	158	161	184	183	
182	194	170	186	152	
179	190	198	195	175	
174	180	154	170	159	
190	186	161	160	150	
152	172	174	170	180	
216	230	213	205	217	
231	219	245	230	244	
222	233	207	248	238	
242	213	238	201	211	
221	224	207	248	200	
223	241	248	208	238	
234	204	216	219	202	
227	238	248	219	205	
210	247	224	229	238	
232	216	221	208	249	
235	249	245	248	202	
203	217	240	247	239	
210	239	224	214	235	
231	215	204	202	206	
231	218	229	233	212	
223	237	241	231	208	
245	243	234	241	230	
247	201	215	243	207	
238	218	202	214	243	
233	223	246	206	247	
201	242	226	238	205	
214	243	225	208	226	
226	211	227	202	232	
205	228	206	240	229	
237	246	203	242	219	
234	205	206	235	215	
244	246	242	243	219	
207	223	238	215	231	
231	246	238	201	230	
217	234	244	207	240	
216	227	237	233	228	
244	232	210	203	200	
249	225	208	231	238	
228	232	225	216	209	
227	228	204	209	236	
244	227	210	220	211	
234	246	221	219	237	
242	231	205	225	213	
231	236	211	248	209	
229	203	232	230	207	
232	241	215	223	239	
225	241	200	210	207	
231	216	220	242	249	
211	214	221	244	206	
226	225	221	231	229	
242	201	224	210	228	
232	202	239	207	221	
248	205	212	210	229	
213	247	246	237	202	
244	248	211	213	205	
264	292	261	281	276	
293	274	285	296	291	
269	295	259	272	270	
261	290	257	292	281	
283	293	250	299	265	
294	273	269	250	265	
271	257	267	260	278	
259	276	268	296	273	
257	282	293	258	297	
298	250	271	255	251	
282	262	296	284	283	
291	299	279	277	268	
295	253	281	254	294	
262	251	259	256	252	
294	288	269	266	291	
287	297	269	283	296	
269	264	289	279	284	
270	261	252	291	285	
252	269	267	283	255	
259	293	295	290	291	
265	291	285	251	270	
267	265	299	275	292	
297	250	277	284	279	
290	263	255	277	282	
257	280	292	265	250	
287	256	278	281	261	
255	298	250	253	273	
264	268	250	293	269	
256	251	283	267	263	
269	279	274	275	287	
277	273	286	299	284	
292	279	264	277	266	
297	270	277	250	260	
257	254	273	253	290	
259	282	262	251	250	
266	256	291	264	296	
294	262	251	282	274	
252	267	286	275	274	
296	267	273	284	297	
266	258	294	273	289	
271	254	265	259	256	
259	295	280	258	268	
287	258	284	291	274	
255	270	268	252	254	
280	287	250	269	299	
272	252	289	278	280	
279	273	269	287	261	
273	263	272	298	299	
292	282	270	276	278	
263	290	275	285	296	
347	325	323	349	318	
324	334	338	300	335	
323	333	349	315	312	
307	341	309	306	317	
348	331	327	334	319	
300	320	314	344	328	
349	339	305	347	346	
310	320	347	311	345	
303	335	321	326	334	
340	317	302	349	308	
302	310	306	319	322	
320	338	302	326	325	
347	327	308	312	341	
302	335	311	313	317	
320	345	336	303	319	
323	302	324	306	312	
335	316	312	311	321	
345	315	317	336	314	
301	309	315	319	307	
331	345	342	309	341	
348	305	333	326	330	
342	334	327	303	331	
345	315	311	326	316	
314	316	311	319	337	
320	311	323	322	307	
337	315	322	314	320	
319	309	331	301	340	
333	329	347	310	331	
346	324	341	331	334	
336	339	306	316	318	
316	300	333	337	308	
305	312	301	315	329	
313	343	311	336	326	
316	334	301	328	317	
342	344	325	326	324	
348	311	349	337	303	
331	305	339	314	328	
347	312	335	343	342	
331	349	319	332	330	
303	304	333	307	315	
323	305	320	334	319	
332	317	339	341	338	
335	329	314	342	332	
318	345	317	324	336	
312	347	336	315	300	
321	307	302	341	325	
301	308	341	339	330	
312	334	321	324	333	
318	343	347	338	310	
340	319	336	329	300	
379	362	382	385	380	
383	354	381	389	399	
390	391	365	372	376	
368	393	388	360	355	
364	360	374	353	361	
364	366	360	378	386	
397	366	365	357	369	
370	379	363	382	377	
385	356	370	364	394	
356	392	360	375	379	
370	379	382	353	367	
387	392	355	391	377	
373	384	370	352	394	
350	394	369	374	353	
353	374	366	351	373	
374	378	356	389	388	
361	360	392	359	350	
367	366	360	395	369	
352	390	357	351	381	
350	368	372	381	354	
374	394	360	357	350	
370	386	354	362	399	
378	365	392	377	397	
356	354	373	364	385	
396	354	352	359	387	
391	356	369	375	354	
350	374	362	353	392	
351	376	358	388	394	
395	380	362	364	356	
359	385	395	352	360	
372	353	397	393	377	
374	391	354	362	351	
390	382	363	365	391	
351	389	396	390	358	
385	374	369	350	383	
362	397	399	387	373	
394	368	384	359	371	
358	372	385	363	351	
367	381	350	351	389	
378	388	356	393	385	
376	370	379	374	396	
371	386	358	377	356	
350	365	373	385	352	
365	369	377	352	355	
397	396	371	364	350	
364	382	398	383	392	
363	397	375	388	380	
351	358	378	357	380	
364	382	368	390	351	
352	353	389	383	398	
435	429	401	416	422	
430	439	424	435	447	
413	417	443	440	447	
404	419	443	418	402	
415	403	420	406	430	
446	429	400	447	435	
412	443	415	441	424	
404	424	403	448	447	
413	408	445	444	432	
422	432	447	421	409	
406	401	428	448	426	
447	417	429	411	439	
403	447	427	443	418	
420	425	407	426	447	
437	421	409	401	443	
404	443	440	429	407	
423	429	415	405	407	
439	420	431	421	418	
406	427	404	428	405	
427	446	419	434	425	
428	412	442	410	448	
407	444	413	425	400	
421	442	426	400	406	
424	405	446	409	401	
427	413	412	445	414	
446	438	423	402	435	
420	405	433	435	421	
402	406	445	439	417	
418	441	427	422	408	
415	424	427	432	448	
413	440	419	446	429	
435	442	424	421	427	
439	414	418	430	436	
431	425	417	438	411	
413	432	442	429	403	
414	428	422	439	425	
404	439	403	438	406	
425	441	407	412	436	
413	429	430	425	426	
445	401	444	423	429	
438	427	434	409	421	
429	408	441	411	443	
413	402	444	441	415	
414	418	444	423	422	
434	437	442	402	430	
408	441	433	438	409	
438	408	432	412	430	
425	421	435	401	409	
433	428	429	420	406	
422	438	418	443	440	
464	466	456	471	473	
483	477	482	494	450	
493	489	466	469	486	
460	472	476	475	469	
476	467	494	477	472	
487	468	498	452	480	
495	453	498	457	451	
478	451	465	464	488	
464	473	470	460	476	
468	474	482	467	489	
499	456	461	490	469	
453	463	491	479	498	
480	495	470	476	459	
475	457	464	450	474	
499	469	489	462	480	
492	491	489	453	475	
470	450	453	495	476	
488	490	458	462	487	
479	496	467	450	460	
465	494	475	481	488	
484	498	473	469	460	
476	488	460	463	456	
495	467	452	494	482	
451	466	453	454	493	
471	451	495	459	483	
484	496	489	458	497	
496	454	477	478	463	
462	472	451	455	465	
468	489	475	472	486	
488	486	482	468	463	
464	462	461	452	485	
459	477	494	475	480	
488	460	450	466	457	
463	461	462	486	457	
459	452	454	481	476	
490	497	485	495	456	
461	498	499	486	496	
484	458	472	460	452	
483	491	454	456	490	
471	452	484	468	458	
451	461	476	450	488	
497	451	452	493	481	
460	483	469	495	468	
491	463	492	487	472	
490	495	480	473	468	
471	479	460	498	486	
450	470	464	490	485	
476	467	465	495	472	
455	462	456	490	489	
474	458	483	480	492	
113	330	348	376	362	124	
353	92	276	112	465	9	
152	334	317	248	86	263	
360	265	7	261	175	30	
487	223	350	449	489	191	
469	53	154	89	191	142	
283	349	472	440	249	186	
497	384	225	261	101	321	
263	185	111	271	376	150	
449	367	2	377	312	323	
145	153	288	158	301	417	
186	129	229	370	49	98	
189	224	238	472	479	395	
493	291	137	91	285	165	
26	45	55	251	52	124	
256	30	486	85	445	317	
67	149	360	52	359	322	
404	1	278	68	186	74	
42	29	124	45	227	211	
358	368	338	197	310	384	
256	189	249	299	399	301	
17	312	144	476	51	434	
263	53	83	190	72	27	
35	9	32	71	8	217	
474	88	417	37	272	131	
183	41	68	150	236	85	
111	179	403	41	9	172	
364	255	250	318	138	137	
94	247	170	303	196	183	
157	186	307	319	88	236	
261	80	376	296	310	44	
349	420	471	297	376	442	
351	258	94	59	162	236	
406	493	199	269	452	231	
484	463	343	114	286	26	
470	184	438	15	272	156	
120	148	325	200	425	17	
377	229	461	373	214	491	
333	403	293	480	83	54	
222	159	399	99	174	267	
288	341	351	433	34	75	
150	177	422	105	247	336	
10	250	328	261	235	421	
15	186	100	406	161	495	
243	371	263	498	480	311	
382	323	209	18	460	113	
147	365	159	440	127	408	
217	422	386	434	322	250	
82	4	31	492	416	178	
208	69	193	427	425	183	
351	170	219	495	28	158	
183	305	322	265	287	328	
157	306	301	471	213	244	
283	223	215	291	469	60	
462	244	68	134	379	250	
73	370	287	427	213	32	
322	221	38	180	49	341	
113	154	341	40	145	368	
110	290	321	297	165	255	
201	241	229	287	210	467	
42	179	490	309	306	329	
295	92	330	488	402	473	
252	209	438	367	63	26	
448	122	324	108	137	145	
97	164	116	92	371	227	
288	476	360	63	233	153	
443	273	298	207	398	168	
235	92	300	10	137	37	
25	113	397	428	335	449	
393	401	316	399	58	419	
310	388	160	188	456	424	
440	129	44	286	222	329	
194	481	8	353	67	471	
52	74	4	290	191	39	
461	186	182	409	65	302	
34	174	455	9	454	3	
264	3	425	428	309	290	
250	100	259	73	401	189	
163	17	109	402	15	334	
44	394	263	358	125	95	
472	29	77	197	260	369	
119	109	285	399	192	62	
226	84	162	469	64	95	
233	384	31	461	127	472	
188	450	281	472	171	273	
485	278	269	374	191	107	
51	361	312	148	83	269	
394	437	398	193	447	450	
454	124	168	107	136	225	
225	381	499	261	278	122	
98	9	7	54	353	135	
280	16	112	185	169	32	
215	447	66	142	50	406	
267	9	74	416	108	376	
94	107	433	268	255	468	
360	416	204	24	71	420	
427	338	210	90	188	305	
490	393	274	167	72	407	
259	439	160	156	173	150	
420	294	174	385	7	455	
108	111	351	34	26	251	373	
282	152	300	406	177	392	466	
210	478	248	416	45	443	34	
366	418	298	361	315	39	497	
47	278	414	310	237	53	305	
323	132	257	343	72	336	226	
136	234	412	52	130	85	428	
131	8	11	132	364	396	351	
272	163	233	245	151	305	50	
83	106	40	47	41	256	165	
21	362	159	168	143	148	65	
227	150	111	324	78	153	484	
251	390	70	447	237	220	358	
420	213	259	313	94	257	11	
442	284	233	396	163	122	79	
420	297	365	213	367	370	186	
461	284	325	349	409	364	16	
38	315	255	72	491	347	128	
411	176	182	68	296	380	236	
495	340	33	141	315	85	54	
22	420	356	472	369	487	35	
26	17	52	188	284	187	350	
492	111	489	494	418	83	381	
333	63	379	455	56	175	495	
130	390	493	5	153	172	190	
261	107	54	34	466	205	493	
352	213	334	89	185	228	246	
68	480	331	381	267	56	387	
159	376	292	27	188	165	194	
145	455	279	185	271	142	295	
302	375	332	190	137	198	318	
111	313	123	100	320	216	259	
357	85	353	324	377	224	108	
189	39	276	363	156	130	389	
145	451	370	381	53	4	186	
398	256	370	268	115	414	447	
163	11	214	260	117	451	180	
9	265	497	56	393	228	19	
231	346	298	104	70	189	237	
435	438	296	140	204	376	464	
60	310	477	220	228	331	447	
80	483	165	305	405	448	370	
356	272	179	325	435	439	145	
474	220	166	115	440	419	194	
309	472	223	144	17	272	96	
177	312	326	97	360	415	201	
298	210	4	163	35	90	170	
59	115	168	278	363	227	216	
310	78	419	487	465	49	274	
290	273	16	155	199	418	429	
293	270	19	151	162	367	7	
485	306	380	159	154	332	107	
473	191	421	32	311	157	498	
433	209	159	309	202	205	396	
100	114	491	395	470	95	307	
233	412	457	346	296	27	19	
214	495	187	73	271	164	351	
268	71	222	498	149	496	193	
97	381	118	429	41	45	158	
348	135	258	359	153	104	138	
366	108	166	310	434	85	247	
127	271	131	242	386	396	109	
3	391	220	268	346	356	347	
346	196	375	138	53	273	248	
428	205	318	117	59	184	255	
60	266	463	306	208	115	170	
265	338	258	94	444	440	82	
356	437	337	476	57	67	14	
138	152	330	195	237	443	211	
229	319	169	294	406	161	126	
470	497	418	358	391	237	349	
475	96	8	72	242	402	153	
322	235	236	174	188	358	437	
329	251	344	395	226	39	403	
380	96	25	199	182	30	128	
385	416	432	131	149	407	95	
5	345	329	74	318	244	191	
427	474	478	341	103	452	142	
346	154	194	25	188	310	399	
76	41	303	278	474	58	330	
25	3	9	300	388	326	79	
445	198	97	79	63	139	473	
27	63	122	23	305	292	482	
309	236	56	101	431	234	470	
385	265	96	175	151	48	184	
241	360	205	55	22	14	140	
446	326	131	146	294	144	249	
494	343	176	231	395	110	86	
216	133	241	96	492	206	131	
184	91	168	164	407	358	438	
250	98	75	454	16	103	278	
317	199	255	183	235	60	383	
396	375	367	268	323	74	355	
340	425	36	57	417	122	86	
42	107	301	114	120	55	443	
76	174	13	496	368	222	463	
335	277	164	68	237	247	188	
373	353	486	349	242	405	411	
405	56	149	302	240	73	181	
107	27	116	311	267	296	12	
143	130	452	438	103	220	316	51	
441	420	255	122	312	150	85	264	
247	305	258	176	197	190	7	237	
366	268	358	74	184	194	172	211	
458	166	472	442	381	440	316	437	
101	216	45	12	369	13	497	89	
332	93	392	160	229	352	329	254	
1	217	119	227	317	189	290	267	
98	219	404	13	427	38	224	199	
424	389	267	126	213	53	1	214	
405	31	278	358	314	100	293	403	
133	158	47	328	264	307	369	321	
55	80	24	282	247	379	179	298	
21	221	441	290	16	471	185	418	
283	204	172	270	73	16	411	291	
63	38	415	120	427	244	137	435	
145	229	222	144	294	83	242	296	
466	494	461	391	137	162	106	361	
397	85	254	60	35	120	469	349	
329	93	287	366	239	33	430	175	
154	433	157	348	88	45	440	242	
254	61	38	490	121	414	157	437	
134	168	26	20	60	383	194	430	
123	65	140	453	333	33	401	311	
462	324	182	241	291	5	370	444	
114	355	69	215	493	287	159	205	
137	140	451	56	127	450	101	146	
60	489	187	190	113	358	43	251	
268	491	183	98	181	2	136	34	
386	443	0	495	197	185	267	31	
55	483	265	458	279	229	146	32	
7	10	3	124	348	37	251	463	
434	150	388	407	393	141	43	226	
319	431	135	233	194	274	115	124	
378	137	418	154	467	98	109	421	
101	486	426	181	401	71	421	273	
4	5	438	304	140	372	296	76	
345	44	403	302	362	127	165	395	
317	280	273	189	104	435	141	68	
320	428	353	449	267	299	128	234	
384	3	168	301	149	283	480	236	
89	3	199	7	223	22	120	235	
67	105	51	37	289	115	106	203	
332	0	415	140	375	265	343	286	
476	121	457	129	110	363	157	440	
422	380	261	230	219	378	420	104	
198	298	418	484	65	354	185	321	
78	450	52	460	141	314	369	155	
410	71	249	290	368	309	454	434	
17	198	383	289	372	161	13	379	
339	147	232	450	471	122	34	182	
167	113	395	70	239	437	37	324	
54	271	165	239	464	167	398	449	
435	71	390	36	322	402	487	484	
362	92	378	349	118	411	8	68	
126	283	338	52	444	3	340	393	
242	376	410	403	351	154	233	21	
457	421	451	108	169	202	12	475	
43	5	181	159	373	331	269	44	
398	153	281	276	206	40	361	174	
383	246	471	68	42	234	406	61	
254	380	414	73	463	161	440	371	
271	372	223	202	209	76	480	404	
267	438	300	141	279	111	329	494	
28	230	496	82	250	324	156	90	
283	76	75	438	412	403	492	128	
389	340	469	499	145	356	414	166	
158	369	474	53	124	242	447	7	
163	253	348	251	214	233	427	178	
337	85	476	290	249	333	474	491	
55	230	35	249	373	65	287	113	
197	433	118	53	111	58	15	229	
322	65	249	310	395	465	373	13	
271	158	279	351	77	66	125	440	
394	107	264	348	150	318	10	87	
109	488	373	316	309	182	384	320	
420	143	25	384	49	460	394	475	
227	57	140	23	315	385	369	460	
490	360	318	407	441	274	269	30	
460	162	68	99	36	358	171	92	
206	295	201	48	180	211	59	145	
7	332	109	60	392	93	330	193	
308	56	64	335	367	75	360	386	
129	307	49	286	5	54	195	439	
180	175	233	198	396	39	319	453	
344	408	53	297	355	485	115	423	
130	281	186	297	418	339	416	209	
131	74	445	226	71	291	281	286	
201	402	120	12	108	364	410	37	
490	175	191	4	215	115	1	133	
150	225	380	296	351	429	405	337	
197	440	377	219	59	493	489	453	
443	320	462	199	452	347	247	352	
176	46	366	57	234	264	262	475	
8	456	254	407	279	152	206	392	
401	169	138	294	470	228	255	22	
312	244	305	306	435	168	211	455	
8	267	97	30	247	334	394	374	
312	95	230	92	461	275	449	488	
331	488	425	422	50	262	261	164	
