16	15	18	
47	37	2	
17	45	27	
19	1	20	
32	41	7	
14	28	48	
6	30	31	
8	15	38	
21	43	0	
41	20	21	
39	30	6	
34	48	49	
13	29	32	
1	42	28	
45	1	5	
45	40	29	
30	25	9	
22	39	30	
10	18	38	
32	7	5	
1	13	46	
22	9	28	
32	22	6	
19	48	10	
11	15	39	
25	26	17	
31	30	33	
22	18	35	
33	19	2	
48	19	3	
12	3	38	
26	1	40	
27	19	36	
26	7	32	
11	49	46	
29	46	30	
22	9	34	
42	0	37	
42	31	11	
26	2	14	
41	47	28	
32	37	28	
21	10	15	
9	42	3	
20	16	13	
12	29	23	
23	32	17	
26	42	45	
45	23	33	
1	35	39	
94	90	84	
83	86	92	
69	51	87	
52	87	96	
97	63	79	
95	51	99	
58	69	62	
51	88	74	
90	81	77	
89	56	66	
81	80	89	
94	54	52	
83	66	72	
99	60	51	
68	70	69	
68	99	63	
97	95	54	
85	91	74	
61	68	95	
98	79	99	
66	67	61	
88	96	97	
75	67	50	
83	78	66	
95	94	82	
84	51	77	
53	58	84	
90	52	56	
52	53	60	
93	84	77	
61	69	94	
78	99	83	
60	73	72	
83	63	74	
58	64	88	
61	96	86	
63	84	94	
98	76	89	
96	88	56	
82	84	93	
69	64	95	
79	83	57	
61	79	85	
86	56	99	
68	63	92	
84	76	90	
77	81	62	
68	74	58	
73	81	89	
56	71	75	
113	143	136	
128	143	145	
120	121	113	
127	146	112	
105	139	149	
108	125	149	
115	114	140	
140	125	109	
109	141	135	
112	113	114	
140	139	105	
126	117	128	
140	143	122	
117	113	101	
102	110	101	
140	142	146	
136	120	126	
142	141	138	
144	117	107	
102	143	129	
141	138	119	
138	145	146	
106	104	132	
130	132	102	
146	128	120	
133	121	120	
145	118	146	
147	136	143	
138	132	112	
133	105	147	
116	132	108	
106	115	100	
131	143	109	
107	115	143	
116	132	101	
147	120	129	
129	113	101	
130	122	139	
140	131	128	
101	131	126	
103	142	106	
106	122	113	
138	118	116	
126	145	121	
140	130	124	
100	130	146	
148	112	109	
142	111	102	
144	146	133	
101	132	118	
169	176	177	
151	158	167	
191	174	164	
180	163	176	
154	155	151	
180	198	195	
180	160	175	
161	197	170	
179	181	151	
157	156	153	
173	178	167	
154	179	191	
173	197	185	
165	191	194	
180	167	171	
154	161	169	
154	155	188	
150	161	189	
170	153	157	
165	180	184	
182	184	198	
192	184	151	
196	197	168	
164	173	161	
161	172	184	
182	153	158	
155	168	156	
171	161	164	
193	150	184	
170	155	179	
157	193	181	
160	191	192	
171	169	189	
186	158	150	
169	151	195	
155	181	177	
180	167	188	
170	195	159	
172	191	159	
199	162	161	
160	174	173	
153	182	155	
189	177	196	
164	155	175	
151	169	183	
193	179	154	
164	199	169	
170	185	160	
165	155	150	
194	164	167	
240	210	237	
246	241	210	
248	216	225	
249	213	226	
227	244	234	
204	217	230	
239	227	245	
217	218	239	
236	229	223	
203	223	204	
200	243	209	
229	238	203	
239	240	210	
243	221	238	
238	244	212	
223	227	218	
223	232	211	
239	231	221	
218	219	235	
211	209	232	
243	218	238	
232	226	245	
224	202	230	
212	234	213	
201	240	211	
220	242	206	
216	238	228	
219	238	211	
240	203	217	
226	235	204	
246	201	231	
246	201	207	
226	200	201	
211	232	216	
222	214	201	
237	204	217	
212	217	231	
203	248	227	
216	207	220	
216	201	200	
237	243	225	
231	220	237	
213	223	240	
243	241	247	
226	223	245	
237	239	245	
240	228	203	
210	207	221	
232	238	213	
200	234	204	
278	273	279	
263	285	261	
256	299	291	
256	285	279	
281	279	277	
287	285	268	
262	281	299	
262	266	251	
277	291	298	
275	267	298	
266	270	286	
252	276	275	
254	271	299	
264	268	275	
283	293	251	
258	288	289	
259	253	257	
288	268	271	
298	266	260	
255	272	285	
264	260	266	
270	291	297	
284	274	286	
294	268	255	
254	281	261	
299	272	276	
269	276	289	
279	255	271	
284	280	291	
292	253	285	
275	297	281	
294	299	297	
269	285	299	
270	254	274	
253	293	269	
288	292	282	
274	292	285	
259	284	251	
283	253	298	
296	294	291	
298	259	254	
266	263	273	
280	287	299	
286	262	259	
285	289	298	
292	277	273	
252	290	277	
284	293	265	
280	279	285	
275	274	255	
331	319	304	
329	301	334	
327	345	347	
328	345	324	
323	328	345	
301	314	317	
315	336	307	
325	334	312	
309	306	332	
321	327	315	
310	335	338	
328	339	326	
327	337	334	
341	328	304	
329	311	310	
345	306	308	
300	313	316	
313	305	317	
345	341	308	
339	305	334	
343	330	348	
315	313	338	
313	310	326	
341	342	330	
339	349	306	
335	305	311	
334	322	349	
303	317	339	
341	315	308	
349	336	338	
349	303	340	
336	343	303	
329	319	347	
338	304	337	
327	334	349	
302	306	342	
347	335	318	
305	324	333	
303	301	344	
317	325	326	
341	322	310	
341	328	319	
321	325	324	
314	332	346	
335	329	317	
333	349	317	
345	318	334	
332	300	314	
310	329	335	
325	327	315	
374	370	361	
360	394	390	
388	381	369	
395	397	396	
387	376	391	
352	375	359	
393	369	389	
383	384	350	
392	372	373	
395	399	365	
362	367	376	
363	377	362	
369	360	377	
365	354	398	
386	370	383	
377	380	387	
390	386	363	
390	379	392	
388	361	397	
359	386	381	
396	350	390	
353	356	366	
358	392	351	
384	362	378	
380	373	355	
382	367	392	
380	395	368	
385	396	395	
369	372	361	
390	392	399	
392	355	396	
364	355	382	
387	359	372	
384	363	362	
371	391	394	
398	359	355	
395	372	396	
379	388	355	
398	357	356	
385	378	376	
359	380	352	
353	363	371	
399	366	390	
371	368	389	
361	389	369	
390	361	384	
354	392	369	
376	382	358	
378	354	385	
389	376	362	
439	411	426	
400	413	421	
445	447	426	
437	423	424	
433	426	416	
407	427	436	
421	431	401	
401	449	413	
426	408	441	
447	424	416	
448	421	426	
439	405	411	
435	430	401	
440	415	401	
448	402	414	
412	402	444	
446	404	407	
414	418	404	
400	412	446	
447	410	413	
449	437	427	
431	440	424	
442	411	437	
449	425	442	
427	400	418	
432	447	418	
446	426	415	
440	421	437	
449	437	411	
414	407	416	
401	410	428	
413	424	421	
436	443	408	
439	429	440	
422	417	447	
426	407	413	
433	419	422	
406	436	404	
408	422	418	
430	428	408	
430	425	420	
417	432	444	
415	416	446	
431	412	435	
447	434	437	
409	447	432	
434	402	448	
403	446	409	
442	424	439	
406	404	424	
465	492	475	
466	475	474	
488	490	458	
474	484	456	
483	486	452	
456	477	499	
481	460	493	
472	450	468	
465	458	481	
487	465	466	
460	475	485	
476	454	468	
454	480	474	
497	460	495	
471	490	452	
495	469	459	
491	494	452	
490	454	479	
489	495	453	
451	462	463	
450	452	482	
499	450	457	
497	456	470	
485	461	465	
496	475	476	
477	450	458	
450	466	465	
456	493	482	
460	484	486	
450	476	479	
478	489	464	
476	454	499	
468	482	497	
461	496	450	
481	478	479	
453	472	481	
460	469	496	
472	480	475	
462	483	494	
453	499	483	
496	479	464	
463	461	497	
498	489	493	
469	480	461	
461	493	470	
452	484	468	
471	496	490	
475	465	451	
463	460	474	
475	484	461	
43	5	20	14	
4	32	38	48	
25	3	42	40	
13	39	33	49	
40	12	31	22	
45	47	40	18	
47	32	2	40	
35	43	32	30	
44	11	2	20	
47	41	46	11	
48	1	27	47	
47	33	36	10	
29	35	14	48	
18	6	30	16	
35	36	27	29	
38	46	20	36	
45	10	48	39	
25	14	9	18	
32	15	26	40	
12	25	19	0	
47	2	33	19	
2	29	23	43	
26	21	20	7	
1	38	0	2	
15	35	49	11	
19	17	11	43	
5	9	29	48	
28	12	48	40	
16	41	6	49	
12	1	42	19	
48	37	33	43	
49	7	1	37	
37	2	25	46	
14	28	39	23	
22	19	4	14	
1	15	31	5	
42	21	16	31	
46	26	34	28	
40	16	4	34	
29	43	4	10	
29	21	17	25	
19	2	40	9	
36	1	39	44	
49	41	17	31	
22	49	15	13	
15	36	35	40	
18	20	11	37	
35	12	5	21	
48	37	12	34	
1	47	40	9	
97	92	64	81	
84	78	50	94	
83	79	75	86	
65	81	60	97	
69	67	74	88	
91	71	58	93	
98	70	84	92	
99	97	91	69	
85	87	81	69	
71	90	82	77	
78	54	59	79	
92	93	65	57	
85	88	55	92	
53	83	92	69	
81	92	70	66	
55	80	69	59	
91	58	71	73	
56	97	81	62	
52	61	67	78	
82	94	87	66	
84	86	97	60	
61	72	84	53	
78	53	98	50	
57	77	78	84	
71	51	86	64	
76	95	82	66	
71	99	50	93	
92	67	89	55	
53	83	59	66	
95	83	56	99	
92	78	69	54	
80	79	91	83	
87	52	71	63	
72	56	66	82	
67	63	59	66	
57	93	55	54	
53	60	68	90	
72	97	68	54	
73	84	70	83	
61	72	94	81	
84	92	67	99	
75	96	84	85	
80	86	97	68	
70	82	67	88	
59	87	79	74	
56	62	51	61	
53	93	67	59	
53	50	82	51	
95	54	99	77	
53	50	75	72	
143	149	137	129	
101	112	135	100	
144	119	108	131	
138	130	144	148	
133	105	106	132	
108	119	102	126	
127	133	144	131	
112	130	102	139	
119	107	102	128	
122	111	110	118	
125	146	129	142	
111	119	109	145	
117	113	100	137	
114	138	119	118	
137	127	123	122	
104	115	101	108	
104	119	121	149	
117	110	119	118	
137	143	127	116	
108	112	125	114	
143	124	134	106	
129	110	134	143	
125	124	121	133	
116	126	141	121	
115	123	121	146	
112	126	119	122	
107	144	122	111	
104	137	105	115	
135	116	118	134	
104	115	140	108	
103	112	124	120	
106	109	124	117	
140	107	105	132	
106	116	115	146	
108	126	123	114	
114	118	120	112	
109	117	141	110	
126	143	124	116	
127	141	128	101	
134	139	129	104	
130	132	146	102	
146	145	118	111	
120	111	131	113	
132	126	145	125	
128	142	122	131	
119	148	108	128	
128	149	121	111	
133	115	143	134	
121	124	133	113	
126	106	104	141	
196	181	197	186	
182	156	196	169	
167	194	182	158	
187	166	150	151	
184	170	177	174	
166	156	181	194	
199	171	160	165	
196	163	192	160	
161	159	196	167	
174	162	170	198	
150	163	184	171	
156	189	188	150	
167	174	172	195	
169	165	156	160	
191	169	195	176	
158	185	176	179	
156	167	174	189	
162	197	151	169	
193	175	185	153	
176	177	154	193	
170	159	154	183	
164	178	179	150	
195	177	189	178	
157	155	164	193	
185	166	181	156	
192	163	164	194	
192	182	155	171	
161	197	187	173	
162	153	180	160	
152	175	196	193	
186	169	162	180	
188	189	194	165	
186	168	178	192	
171	177	192	194	
198	160	170	179	
152	197	185	162	
167	183	191	182	
185	177	162	198	
176	194	183	178	
168	163	195	150	
198	173	166	184	
194	197	189	163	
181	194	169	173	
178	190	196	155	
150	155	180	191	
196	192	167	162	
184	162	154	180	
196	184	158	163	
186	173	178	165	
195	155	165	162	
243	208	216	236	
237	221	222	202	
225	211	209	213	
240	238	243	205	
219	202	234	227	
231	232	226	238	
240	228	243	205	
215	218	230	232	
210	202	204	235	
242	247	215	248	
230	231	212	239	
223	236	202	228	
226	210	229	243	
240	247	230	241	
247	239	216	238	
218	221	233	231	
241	203	239	229	
200	248	231	206	
238	223	236	230	
220	208	210	219	
205	201	217	229	
203	214	239	231	
241	242	227	229	
248	235	202	223	
234	248	200	224	
201	234	211	206	
247	208	239	203	
209	247	217	215	
230	235	229	231	
202	246	248	216	
209	212	245	242	
245	209	216	211	
219	200	202	239	
249	222	230	220	
242	204	228	205	
200	216	222	248	
245	219	232	248	
229	208	213	248	
229	238	230	226	
226	239	211	221	
239	207	234	228	
235	219	208	222	
221	222	200	212	
227	219	239	221	
222	232	210	243	
248	208	215	206	
239	234	236	208	
219	246	216	237	
228	232	239	247	
238	231	223	228	
270	261	268	289	
252	267	264	261	
258	271	294	250	
294	251	273	289	
274	286	257	288	
274	267	259	271	
250	281	275	273	
253	280	279	254	
295	285	284	270	
285	280	260	295	
269	281	293	275	
265	288	273	269	
260	282	262	288	
292	294	279	286	
274	269	260	295	
266	283	250	296	
276	286	298	281	
270	289	266	276	
268	256	251	298	
276	278	273	263	
286	260	255	281	
263	276	251	260	
257	259	278	299	
256	296	281	276	
276	258	264	271	
271	281	282	279	
287	262	269	292	
265	271	258	267	
297	265	253	280	
271	280	286	289	
281	285	292	273	
278	263	250	252	
267	286	252	292	
262	271	275	267	
263	252	292	281	
298	273	252	287	
291	261	262	288	
253	290	260	265	
298	297	250	251	
253	257	255	299	
263	298	251	285	
278	272	290	283	
262	282	295	293	
280	285	281	290	
297	257	264	288	
272	264	277	261	
268	283	252	273	
251	287	270	278	
298	291	254	255	
267	256	297	270	
302	333	306	310	
308	344	311	304	
310	345	319	327	
320	308	345	311	
304	339	314	305	
302	301	310	339	
332	328	342	334	
315	328	346	308	
329	320	301	306	
326	331	307	303	
342	328	344	309	
324	337	344	343	
333	324	307	321	
316	340	341	338	
345	339	326	338	
302	339	337	322	
340	333	300	324	
324	319	308	347	
335	341	340	304	
308	340	314	325	
311	300	317	340	
302	319	304	328	
314	336	313	331	
322	315	312	323	
308	303	324	345	
301	344	310	320	
327	325	328	323	
331	343	323	345	
341	317	349	332	
343	347	341	322	
306	303	335	308	
319	302	336	315	
330	335	342	341	
329	300	348	314	
311	336	349	313	
346	340	325	315	
326	325	323	304	
315	301	347	308	
331	314	338	307	
305	328	327	303	
306	318	346	334	
307	308	348	321	
344	313	317	337	
335	339	316	328	
339	312	300	306	
314	307	335	311	
309	346	326	319	
330	304	316	314	
336	343	323	344	
327	313	308	336	
397	371	368	385	
374	388	362	369	
387	380	359	390	
378	365	385	389	
394	381	371	352	
392	374	381	376	
365	358	398	364	
374	352	399	358	
388	394	366	350	
380	372	364	382	
366	355	361	362	
351	364	379	398	
397	381	380	364	
390	373	359	351	
388	354	396	368	
393	359	379	350	
387	395	362	350	
352	365	355	397	
384	368	396	393	
363	360	370	353	
399	386	398	361	
366	397	367	388	
351	375	380	370	
376	355	367	374	
365	350	379	364	
385	377	396	362	
376	362	370	355	
370	357	384	359	
381	352	385	372	
352	381	365	356	
383	380	391	377	
392	378	355	360	
389	352	398	390	
397	384	392	361	
396	375	378	364	
380	382	370	367	
356	387	371	381	
350	382	351	383	
379	354	360	391	
367	390	397	380	
391	353	393	355	
366	377	380	361	
384	397	380	372	
386	373	369	351	
399	372	378	367	
365	351	377	373	
376	388	380	374	
384	393	368	397	
376	350	351	384	
357	397	381	375	
446	404	415	403	
419	445	409	414	
432	423	434	438	
420	409	401	400	
442	409	441	439	
422	437	446	415	
414	402	438	447	
423	410	404	411	
427	408	447	429	
430	409	441	431	
437	440	420	400	
448	428	423	418	
417	420	423	404	
435	400	408	444	
449	430	411	415	
436	421	439	438	
400	424	436	448	
408	437	435	414	
420	408	444	402	
412	418	447	446	
418	437	429	433	
445	442	427	430	
418	429	412	437	
439	449	404	428	
403	449	417	402	
445	432	436	438	
413	440	401	447	
403	418	447	441	
427	429	407	445	
418	422	435	436	
434	412	432	429	
418	437	427	448	
411	417	439	449	
445	436	442	401	
442	410	408	423	
442	430	436	440	
437	415	427	442	
428	431	427	411	
413	418	428	448	
410	438	432	437	
411	440	433	422	
421	428	417	448	
423	435	431	415	
430	434	414	408	
445	436	430	404	
433	407	415	443	
426	411	448	436	
434	426	435	415	
422	449	431	420	
404	418	419	423	
475	485	459	455	
488	459	455	490	
464	496	495	498	
482	478	474	456	
472	477	453	499	
465	486	490	491	
486	490	489	497	
498	472	464	468	
453	469	499	479	
453	482	466	480	
494	451	490	485	
457	467	485	495	
465	489	476	496	
494	487	497	481	
479	456	451	477	
495	485	488	496	
454	471	474	473	
494	488	474	454	
489	450	491	470	
463	461	495	453	
484	489	483	486	
450	493	485	459	
452	486	466	499	
493	470	482	471	
485	489	481	455	
487	455	462	457	
482	455	499	477	
480	471	474	489	
476	466	484	461	
485	461	463	496	
490	499	471	453	
484	455	452	497	
466	472	487	451	
488	460	498	479	
498	481	486	468	
495	466	478	494	
456	474	480	490	
481	457	465	489	
467	481	472	454	
454	493	483	470	
454	479	475	470	
494	452	463	457	
455	456	488	490	
458	481	476	480	
469	465	461	487	
477	491	490	470	
480	462	466	496	
452	478	463	453	
487	481	485	478	
460	489	496	490	
21	39	34	36	7	
18	24	13	6	41	
22	49	10	44	36	
14	0	5	40	3	
36	7	12	21	37	
16	0	28	13	45	
47	18	27	17	34	
3	46	15	25	0	
19	23	11	30	22	
11	8	26	36	29	
47	18	43	21	23	
30	19	38	6	24	
22	14	35	16	17	
33	17	23	4	6	
33	47	34	6	9	
17	42	16	11	19	
21	4	26	33	6	
12	6	33	1	26	
37	2	38	31	48	
22	24	0	5	17	
5	25	19	42	4	
12	35	29	44	17	
37	35	30	10	9	
2	39	17	34	40	
6	44	41	46	7	
29	2	46	5	28	
4	44	12	39	42	
27	23	1	19	32	
32	35	18	47	26	
30	40	9	7	44	
47	31	3	41	7	
45	36	4	28	3	
42	36	26	18	14	
14	2	7	6	26	
17	14	35	41	47	
18	5	13	15	9	
43	2	13	15	1	
44	36	38	42	3	
36	8	24	13	25	
9	48	38	19	28	
40	8	18	48	2	
7	48	26	11	44	
38	9	6	14	37	
2	31	45	1	20	
3	15	24	16	37	
25	31	0	34	17	
41	22	37	33	24	
24	12	29	5	10	
21	24	41	1	14	
22	20	35	15	42	
95	56	78	90	61	
98	91	50	56	87	
94	84	88	99	91	
84	73	61	67	68	
81	83	82	88	73	
96	69	63	72	79	
79	67	54	90	63	
53	87	93	52	95	
87	61	58	68	91	
59	78	70	73	89	
86	97	69	95	94	
66	51	61	64	57	
88	64	92	82	96	
60	74	70	72	83	
87	71	81	94	73	
74	70	80	68	55	
88	91	51	80	59	
75	96	59	97	57	
90	85	99	55	58	
99	78	62	93	85	
77	63	61	73	93	
99	58	87	86	85	
72	78	83	66	97	
90	75	66	78	99	
63	97	80	66	57	
58	54	79	95	92	
97	98	86	96	56	
89	85	82	52	91	
50	95	66	68	61	
52	83	62	94	96	
90	59	58	87	99	
94	70	68	81	55	
68	51	71	96	74	
95	60	77	92	97	
64	94	90	58	77	
63	56	87	68	89	
87	98	56	77	86	
69	89	55	67	88	
81	84	88	50	98	
58	75	72	97	96	
70	67	78	84	59	
50	72	57	55	64	
76	83	77	69	99	
52	71	75	72	81	
75	91	63	79	88	
50	69	91	58	61	
51	81	65	87	90	
73	68	85	51	77	
69	89	96	62	90	
98	92	57	81	55	
118	129	114	132	127	
114	101	137	135	118	
132	143	104	148	119	
127	108	100	133	131	
148	120	116	123	103	
102	140	137	142	108	
108	106	134	137	121	
137	144	120	133	122	
125	100	126	143	116	
147	132	104	103	110	
105	145	146	108	112	
111	103	122	106	124	
135	121	118	136	137	
144	145	137	143	102	
132	141	119	129	136	
113	140	118	139	111	
102	135	120	118	143	
129	130	146	126	136	
125	124	129	128	134	
110	111	142	138	116	
122	146	136	123	110	
121	100	106	115	135	
140	103	111	100	101	
127	136	145	128	135	
129	107	128	111	104	
121	137	113	135	145	
129	109	139	144	118	
139	121	131	148	118	
127	140	133	146	122	
110	128	105	130	124	
125	144	126	118	143	
104	145	118	146	119	
115	119	101	149	144	
111	116	129	103	139	
120	100	144	105	108	
128	122	123	135	115	
121	148	135	141	109	
111	125	122	138	119	
119	138	116	130	101	
103	104	130	137	108	
103	114	105	113	120	
116	101	146	132	113	
125	133	147	135	128	
148	118	141	142	127	
117	101	104	149	138	
106	102	105	132	127	
105	133	142	149	104	
129	117	144	132	134	
114	123	113	147	124	
122	140	142	137	130	
184	152	176	193	197	
186	199	188	189	161	
150	186	176	180	169	
170	194	178	158	198	
196	173	165	172	166	
195	152	180	198	173	
165	161	156	182	187	
185	163	173	188	176	
154	173	156	194	157	
172	155	179	198	171	
150	170	192	151	181	
190	178	174	196	191	
176	188	169	190	185	
166	182	150	196	160	
186	150	178	180	164	
182	153	156	177	154	
178	188	164	191	179	
175	186	189	161	153	
188	178	196	186	157	
151	189	154	174	158	
192	197	193	173	157	
165	188	167	160	180	
180	167	199	179	153	
197	174	166	196	185	
181	158	186	175	159	
155	156	154	159	195	
150	189	172	181	151	
170	164	177	179	171	
194	175	180	162	193	
196	189	172	198	188	
157	166	181	168	196	
158	190	185	187	174	
176	169	188	157	164	
186	187	174	152	177	
179	197	172	169	170	
172	159	180	160	184	
171	153	180	151	181	
174	194	163	151	181	
154	155	165	159	169	
186	178	170	159	157	
189	169	181	161	186	
176	197	167	198	166	
175	167	195	196	182	
196	175	188	160	176	
163	199	160	181	198	
197	183	170	164	189	
194	177	170	198	162	
191	182	165	171	154	
186	188	169	182	159	
195	160	189	167	164	
240	229	247	214	243	
240	218	204	229	208	
235	239	240	204	245	
237	228	206	229	239	
233	209	203	239	235	
210	204	200	244	227	
212	218	249	216	227	
218	204	214	240	233	
202	230	226	220	241	
215	223	222	243	213	
207	239	237	245	225	
206	210	211	223	228	
236	242	241	203	221	
227	200	225	235	237	
220	240	204	227	223	
200	212	236	202	239	
222	249	245	241	239	
233	216	212	237	248	
229	209	222	247	239	
232	223	214	227	217	
220	233	223	232	207	
216	241	221	207	224	
205	236	248	228	208	
242	239	207	247	233	
207	241	242	206	210	
222	202	248	212	232	
225	207	221	240	244	
207	205	223	239	222	
228	234	231	246	209	
225	229	206	224	230	
227	238	242	205	210	
233	236	215	240	217	
217	226	249	220	248	
210	246	249	239	206	
203	208	221	209	204	
213	245	232	249	248	
236	248	205	244	213	
222	226	225	245	228	
221	229	241	214	206	
208	226	202	209	204	
239	218	236	232	204	
210	214	211	244	240	
225	213	205	217	244	
218	225	216	201	214	
231	227	215	236	218	
230	215	228	236	242	
218	212	240	224	203	
204	217	208	206	225	
244	235	236	240	220	
245	246	236	218	231	
266	259	282	299	290	
281	286	261	257	259	
256	277	270	275	295	
293	286	257	270	278	
266	273	259	285	257	
272	281	283	268	297	
297	277	278	274	299	
287	261	266	275	294	
276	266	251	286	267	
266	273	265	259	299	
281	260	276	299	284	
289	268	296	274	291	
298	278	286	271	273	
263	281	266	258	289	
284	266	261	259	250	
289	266	273	281	261	
252	291	270	255	267	
254	274	263	293	250	
293	283	286	282	280	
283	270	287	295	253	
269	262	252	274	296	
297	256	269	298	293	
289	288	271	261	266	
279	270	261	263	272	
268	292	285	283	264	
294	272	290	268	265	
291	287	275	278	262	
259	278	273	261	290	
284	295	298	275	281	
253	299	268	258	288	
271	299	251	252	268	
267	250	279	266	270	
262	271	278	269	268	
297	281	282	253	288	
254	260	265	290	274	
273	277	291	293	298	
260	257	272	286	290	
251	262	280	270	286	
283	289	292	285	258	
289	267	252	257	298	
291	285	273	251	260	
285	286	276	298	297	
276	257	267	253	298	
251	279	268	283	293	
299	268	263	257	293	
295	288	265	292	259	
276	289	294	266	256	
255	264	275	252	259	
295	299	286	267	288	
288	271	286	272	262	
316	326	302	344	335	
304	301	346	343	320	
336	328	301	346	334	
317	339	316	337	330	
304	341	318	348	332	
342	332	324	327	320	
309	312	310	335	307	
342	320	338	327	346	
312	345	325	332	315	
305	345	303	301	304	
327	334	329	318	301	
304	320	343	309	313	
347	315	316	340	346	
308	337	344	312	340	
343	310	311	349	331	
324	329	313	320	306	
328	345	325	344	311	
308	335	304	324	302	
338	303	314	321	348	
322	333	313	304	349	
334	304	301	326	303	
348	315	320	314	342	
328	333	307	344	329	
318	315	339	319	330	
346	312	315	306	329	
349	337	321	331	303	
307	306	305	322	345	
344	348	341	338	305	
321	302	323	320	345	
316	318	328	340	306	
300	336	325	344	308	
323	308	302	301	318	
346	343	344	340	304	
308	340	332	349	346	
332	327	341	322	339	
346	308	313	309	326	
303	329	307	313	349	
336	311	342	327	317	
338	349	314	321	336	
308	343	322	317	330	
312	321	307	314	344	
336	311	301	329	342	
339	328	347	349	321	
330	303	312	338	309	
338	307	340	319	346	
333	301	349	324	345	
327	343	334	314	302	
337	300	346	329	302	
320	340	341	303	312	
313	344	309	306	345	
396	378	352	357	360	
363	380	398	365	396	
350	353	370	393	359	
357	383	367	364	350	
390	392	385	396	351	
356	368	393	377	351	
383	360	384	391	368	
350	393	372	373	387	
378	367	397	380	351	
369	365	397	391	366	
371	352	374	372	382	
391	358	365	353	384	
367	350	354	382	355	
376	380	365	399	385	
392	389	385	383	390	
372	365	384	393	356	
381	375	351	360	367	
356	381	372	352	379	
399	389	380	353	386	
351	383	376	389	377	
388	389	363	372	361	
350	367	366	374	363	
375	393	390	388	372	
398	359	352	397	356	
374	359	393	357	368	
384	395	390	361	371	
359	363	389	375	376	
392	395	370	375	357	
383	363	356	377	393	
369	388	399	376	394	
367	353	351	381	383	
378	354	380	365	393	
364	395	397	388	358	
387	376	398	384	375	
353	370	388	384	368	
373	350	384	392	365	
382	365	380	372	390	
356	387	388	378	362	
395	373	391	377	359	
393	379	380	368	375	
356	384	399	391	359	
355	365	380	397	363	
358	366	389	381	373	
363	364	398	393	357	
373	394	350	363	366	
365	384	387	373	382	
381	378	376	375	362	
350	370	386	365	387	
380	385	375	354	358	
354	371	389	356	355	
444	433	401	442	417	
432	428	418	415	414	
441	402	415	426	416	
435	441	405	404	418	
432	429	411	409	400	
419	421	433	437	416	
433	413	401	436	417	
418	445	448	433	422	
425	407	444	421	429	
440	414	435	442	420	
401	445	441	406	432	
424	446	433	425	421	
442	405	432	445	411	
409	402	424	434	419	
414	447	449	425	424	
422	415	430	411	426	
424	430	420	410	442	
423	436	449	406	435	
415	400	410	401	422	
441	418	435	444	424	
409	427	403	410	443	
417	438	433	428	441	
437	443	404	403	427	
446	436	422	413	401	
439	428	446	420	426	
441	434	414	431	444	
445	443	428	418	419	
401	417	405	440	416	
413	404	408	436	403	
426	444	434	446	411	
433	415	448	444	427	
440	425	409	418	406	
424	405	432	420	435	
406	411	422	442	401	
410	407	417	438	413	
423	426	446	410	425	
433	440	448	446	400	
410	406	400	411	415	
438	404	429	418	403	
413	404	420	443	427	
408	410	424	409	448	
400	426	413	434	432	
405	421	446	433	401	
425	420	409	414	429	
409	426	402	445	449	
432	420	410	405	421	
431	435	441	425	417	
420	418	417	437	421	
434	406	401	440	423	
423	406	443	448	444	
469	478	490	470	459	
467	480	464	477	451	
490	474	470	499	467	
474	491	453	487	492	
492	482	485	468	459	
492	487	460	497	483	
488	497	471	463	452	
469	470	467	450	476	
484	454	485	483	493	
453	486	484	465	480	
467	491	465	478	487	
466	451	498	467	465	
469	486	482	478	458	
492	458	491	451	486	
466	481	492	488	469	
485	487	498	497	494	
474	461	450	499	480	
473	466	484	485	489	
466	468	462	473	471	
483	461	488	467	476	
454	496	472	476	490	
456	471	465	468	498	
451	460	482	454	470	
498	476	496	459	487	
453	456	457	478	487	
468	454	485	499	465	
457	480	463	468	484	
473	459	470	480	499	
486	498	463	482	496	
482	494	454	475	467	
493	477	474	488	492	
457	489	486	467	471	
498	489	490	495	472	
478	494	460	470	491	
469	464	454	462	485	
468	499	454	486	474	
497	455	469	452	454	
499	467	470	453	477	
484	452	464	454	492	
483	499	473	466	456	
496	471	492	467	466	
454	497	484	492	488	
455	480	489	484	492	
455	462	477	475	483	
496	491	482	470	477	
481	466	475	457	498	
455	473	454	486	479	
496	483	475	465	452	
470	467	452	471	457	
491	465	468	463	470	
10	349	36	188	319	354	
169	72	198	296	466	343	
184	459	18	151	448	380	
289	326	159	336	210	36	
386	94	56	191	73	69	
164	318	452	9	246	372	
395	471	70	323	367	207	
325	131	270	334	58	33	
309	433	0	328	341	153	
148	372	378	70	96	2	
343	115	267	360	374	421	
429	181	37	99	465	259	
308	438	132	318	433	13	
45	7	374	112	219	407	
78	212	473	28	381	177	
144	148	90	383	106	305	
227	3	452	253	139	441	
148	16	99	182	152	475	
432	377	355	369	450	474	
417	347	31	469	416	134	
451	318	177	464	243	460	
139	262	475	409	251	122	
107	81	431	323	204	279	
479	493	382	69	257	467	
479	257	273	368	186	252	
95	172	176	160	153	61	
222	116	337	13	343	437	
311	115	492	354	430	161	
441	142	127	372	284	17	
167	414	227	369	235	366	
201	200	297	344	495	441	
61	342	361	473	180	450	
297	288	318	331	327	89	
239	126	454	138	299	331	
369	219	191	240	153	415	
350	161	98	30	437	329	
188	89	423	41	196	10	
224	462	58	457	251	330	
339	3	406	139	297	366	
431	387	163	469	24	3	
224	253	149	249	464	190	
272	81	191	188	347	20	
367	495	36	196	88	400	
28	170	81	216	11	20	
381	198	354	107	22	263	
213	462	28	313	80	260	
91	195	162	423	222	193	
288	182	287	81	23	194	
114	218	313	219	109	159	
314	66	210	435	118	275	
316	424	127	497	28	413	
172	335	341	287	444	327	
40	143	330	442	454	163	
192	381	157	240	471	197	
118	162	419	75	167	453	
286	361	160	183	317	321	
119	263	403	130	254	310	
119	173	179	341	137	243	
84	497	420	152	288	231	
334	140	279	211	83	437	
413	302	368	157	482	21	
186	198	199	234	443	221	
354	350	447	13	105	70	
222	191	423	445	261	141	
326	137	465	258	107	433	
310	126	149	107	375	435	
301	278	106	474	16	373	
126	349	88	299	354	196	
243	105	417	481	233	361	
362	287	46	475	233	258	
221	327	346	58	436	419	
418	344	299	190	42	7	
363	190	128	215	303	119	
499	349	320	34	52	457	
252	320	175	352	259	495	
433	321	248	480	259	65	
170	461	416	238	163	94	
119	259	80	276	234	361	
233	304	496	265	8	173	
77	336	187	353	219	53	
394	24	11	12	192	94	
301	253	443	172	246	225	
447	398	185	90	244	142	
249	471	241	490	423	393	
426	157	84	28	178	257	
153	130	176	266	289	381	
154	46	464	153	268	47	
315	362	173	124	86	358	
432	411	392	311	418	82	
251	290	455	149	243	205	
97	406	138	333	14	58	
428	30	100	436	464	4	
49	67	90	416	485	12	
164	74	12	163	233	85	
216	130	149	282	34	179	
419	134	118	444	16	461	
394	10	229	219	400	76	
493	272	184	79	221	490	
484	33	255	54	272	258	
63	353	164	20	41	14	
450	497	10	281	280	431	328	
375	254	80	122	170	459	185	
391	289	306	230	67	265	361	
261	323	353	218	409	482	141	
291	16	149	282	364	85	146	
214	129	358	268	416	355	21	
223	399	176	97	116	284	143	
59	337	53	71	263	266	344	
162	179	444	257	271	383	243	
119	107	136	25	416	236	79	
331	343	195	68	306	369	71	
370	24	346	31	87	476	129	
295	26	443	18	283	81	126	
384	305	454	21	464	2	123	
429	310	93	235	91	402	477	
122	341	407	390	280	477	490	
362	92	241	221	429	465	94	
261	351	412	265	380	34	193	
448	357	485	310	407	219	346	
345	165	237	192	154	253	297	
237	455	421	339	473	80	363	
432	405	465	300	197	325	402	
298	434	191	284	255	122	6	
209	340	83	253	234	40	384	
170	108	438	12	26	159	38	
123	349	207	124	186	151	355	
387	453	61	88	98	70	312	
473	476	44	311	472	165	438	
86	283	49	270	337	293	125	
456	474	380	385	121	262	374	
293	203	428	309	150	454	290	
21	399	64	80	433	392	281	
421	34	397	357	285	98	469	
99	53	152	187	463	315	39	
474	221	383	265	357	447	6	
354	18	271	280	461	35	240	
466	405	313	260	72	279	175	
364	304	59	213	232	84	287	
374	3	227	232	356	25	153	
25	345	260	189	261	422	411	
197	212	97	384	87	233	202	
438	80	345	226	436	214	50	
163	28	264	449	347	192	296	
283	165	227	233	496	112	349	
61	55	337	9	408	182	48	
349	376	178	318	74	459	214	
474	331	214	364	330	150	175	
308	286	276	107	366	428	334	
31	422	177	11	133	278	257	
273	414	277	386	81	293	352	
137	72	152	165	437	354	494	
178	444	317	193	461	56	338	
477	162	174	282	359	157	346	
379	175	192	76	339	255	272	
103	91	309	77	440	380	402	
106	131	14	153	1	215	399	
123	8	397	111	7	328	371	
12	441	131	144	266	261	318	
431	408	187	180	122	55	224	
397	323	141	417	430	257	248	
9	190	307	24	366	287	264	
488	437	260	92	456	469	323	
144	64	438	25	364	459	86	
41	324	272	333	222	214	122	
69	11	145	64	255	448	400	
7	27	110	202	228	65	155	
59	91	129	358	210	192	457	
252	423	88	404	167	32	391	
388	278	396	403	116	427	372	
426	441	51	175	124	402	141	
118	354	231	75	435	446	344	
302	228	191	174	357	212	367	
278	73	222	274	418	242	283	
441	26	279	317	233	72	322	
313	55	119	216	383	28	424	
138	207	197	169	72	472	458	
265	475	134	385	67	324	403	
239	273	250	165	175	216	472	
108	294	115	400	254	277	404	
30	303	414	161	103	45	78	
66	150	252	257	398	465	364	
168	363	297	124	111	22	298	
304	185	465	371	148	494	269	
416	328	478	152	33	299	64	
448	279	119	319	58	222	57	
474	296	219	218	401	486	327	
76	273	88	436	343	226	175	
216	396	260	480	141	403	434	
124	100	156	136	187	131	365	
343	380	2	76	408	328	338	
314	178	22	286	468	416	434	
81	408	69	395	121	179	357	
467	190	281	432	274	135	468	
170	128	376	15	240	43	478	
86	47	57	167	157	336	410	
6	443	98	405	138	2	374	
84	351	270	48	368	186	358	
458	272	187	39	274	278	30	
154	299	127	388	311	36	342	
233	298	156	263	255	331	83	
274	123	339	61	169	476	41	179	
372	93	30	330	419	239	181	140	
489	128	359	389	441	225	199	96	
147	136	358	64	451	77	96	390	
202	136	479	189	423	425	185	416	
286	47	304	413	396	182	294	458	
199	117	340	172	45	471	205	158	
291	161	114	166	99	65	84	10	
328	439	367	278	93	275	336	84	
117	485	44	61	436	280	151	346	
493	174	216	484	397	21	447	66	
269	91	133	381	340	282	407	318	
8	407	43	481	470	206	294	166	
276	336	59	5	36	69	118	479	
264	195	242	413	137	338	158	487	
173	177	151	52	146	61	351	18	
281	261	218	303	142	170	173	256	
85	139	192	393	382	117	90	405	
306	481	153	336	278	283	18	185	
321	159	198	309	171	378	446	465	
69	270	165	258	291	10	143	323	
81	189	167	121	378	416	118	176	
328	251	149	365	323	279	144	494	
354	492	30	177	195	466	262	70	
99	136	278	56	487	87	84	158	
473	360	35	45	417	257	253	186	
50	362	399	477	487	351	332	222	
334	485	330	281	33	370	48	88	
413	410	157	196	467	319	249	238	
115	78	437	460	70	104	119	287	
227	189	340	5	287	336	415	324	
401	480	443	354	282	370	289	137	
63	425	182	359	202	37	15	407	
33	146	277	397	54	67	51	241	
45	206	261	26	368	99	149	393	
91	17	296	395	23	261	80	297	
478	157	312	354	112	117	419	386	
66	90	347	210	284	5	453	103	
221	393	439	258	343	144	277	116	
478	398	315	387	249	67	218	73	
417	266	408	302	186	444	85	139	
333	494	263	49	34	266	12	392	
78	22	65	180	272	439	245	161	
68	48	186	155	359	16	454	306	
340	390	347	131	151	326	400	148	
326	82	228	58	285	126	230	39	
161	360	105	235	275	107	331	269	
244	139	100	294	55	7	79	459	
275	170	158	36	87	398	182	148	
1	80	336	188	89	237	427	359	
354	230	276	432	221	51	195	189	
103	5	223	453	352	37	456	356	
169	160	137	274	92	499	259	141	
47	457	43	418	26	407	430	414	
38	317	203	284	126	95	303	228	
76	291	447	116	455	414	236	211	
16	209	7	463	318	151	381	444	
18	201	277	73	350	253	180	161	
498	67	18	283	45	340	403	235	
357	158	167	76	380	0	304	410	
363	206	395	431	126	19	488	434	
69	211	31	331	423	83	63	157	
118	365	429	24	147	416	134	56	
379	441	428	279	375	191	247	4	
163	323	257	35	293	408	66	267	
404	453	477	306	402	20	5	463	
342	18	192	328	200	482	180	209	
203	138	287	164	299	125	412	372	
29	468	448	436	408	234	161	484	
241	225	55	427	425	409	6	157	
237	214	480	484	216	173	90	249	
46	82	268	325	12	5	282	244	
258	363	289	374	61	317	312	443	
31	250	94	69	406	13	161	356	
124	70	267	14	120	372	251	206	
186	8	358	41	403	200	455	215	
377	367	209	203	39	457	93	161	
398	160	183	382	418	358	450	73	
160	78	386	329	298	195	419	36	
93	362	209	320	490	307	378	261	
113	152	412	66	195	371	322	440	
95	116	156	301	259	365	353	227	
18	269	460	223	386	467	183	480	
203	436	253	220	54	490	231	332	
399	280	466	222	305	28	335	321	
39	303	336	157	355	397	325	22	
307	128	386	408	28	468	398	40	
475	42	344	217	153	230	466	498	
270	285	362	224	53	431	468	68	
177	419	85	31	78	494	450	79	
49	30	288	248	486	136	285	21	
42	146	306	139	239	425	417	99	
165	62	313	278	424	418	262	166	
315	324	103	194	444	241	179	378	
421	282	454	272	439	14	470	147	
462	475	187	97	170	417	146	436	
141	136	288	130	102	273	216	417	
228	442	456	209	196	377	323	129	
452	43	332	176	100	484	233	69	
245	148	9	416	4	34	441	328	
