20	38	44	
29	40	8	
8	23	1	
37	9	10	
11	15	17	
8	48	20	
15	5	44	
12	30	21	
30	42	26	
21	27	12	
17	5	16	
5	39	12	
41	43	4	
2	38	17	
36	25	29	
27	35	42	
38	23	9	
47	32	21	
26	24	12	
36	45	9	
7	38	11	
49	19	8	
46	5	22	
2	0	4	
20	42	32	
7	21	44	
2	0	15	
28	7	18	
30	10	43	
4	33	21	
1	16	17	
36	49	8	
22	10	38	
17	6	47	
28	21	18	
15	26	29	
32	46	28	
48	0	19	
38	2	49	
1	43	3	
12	39	49	
41	43	42	
24	41	10	
13	22	48	
1	46	33	
9	11	31	
23	6	2	
35	33	30	
5	33	12	
45	13	3	
93	77	97	
53	82	76	
81	61	67	
82	54	74	
67	78	93	
80	78	82	
75	85	92	
96	95	81	
85	89	91	
92	91	59	
51	77	61	
75	72	62	
84	66	68	
54	73	59	
54	99	65	
89	93	73	
65	70	79	
60	55	76	
58	86	66	
52	62	96	
97	68	65	
52	66	88	
72	64	53	
50	93	79	
66	81	55	
75	82	83	
67	72	71	
90	63	96	
54	70	98	
51	55	75	
62	56	71	
85	63	89	
89	75	83	
80	61	86	
93	87	69	
97	54	66	
94	73	95	
78	84	65	
54	73	61	
71	58	73	
70	87	69	
85	77	92	
81	85	68	
73	82	50	
68	66	51	
64	92	83	
94	76	61	
97	52	95	
66	92	77	
98	58	97	
121	119	116	
118	143	111	
102	116	119	
124	132	104	
100	133	137	
131	128	141	
134	149	113	
121	101	141	
117	146	111	
145	100	103	
125	104	103	
134	112	132	
106	115	135	
134	118	135	
101	106	147	
131	102	135	
125	119	132	
125	129	103	
142	141	100	
118	121	124	
120	116	134	
134	114	112	
124	148	106	
139	128	108	
136	101	103	
148	129	110	
117	145	141	
105	103	141	
130	124	143	
133	139	105	
117	133	134	
108	101	119	
104	101	100	
149	102	133	
100	115	137	
103	136	117	
117	131	128	
147	123	126	
114	141	132	
129	137	117	
118	112	132	
104	100	124	
109	136	122	
136	111	114	
143	145	101	
132	142	108	
136	142	149	
127	143	119	
140	121	108	
102	118	131	
172	173	168	
161	198	196	
180	187	160	
181	193	196	
197	168	169	
168	196	150	
162	197	177	
165	177	153	
168	192	189	
160	159	167	
155	153	196	
172	188	150	
196	195	192	
197	164	177	
168	194	176	
158	178	157	
190	174	187	
195	190	156	
195	181	180	
190	198	185	
191	175	150	
168	170	187	
150	192	185	
191	175	180	
198	161	199	
165	180	192	
158	157	179	
164	180	177	
169	160	192	
199	162	169	
194	173	152	
177	186	166	
182	156	175	
171	158	156	
192	198	154	
160	185	186	
179	153	173	
195	193	171	
178	191	185	
199	177	151	
188	164	168	
198	165	188	
190	163	155	
189	177	192	
169	196	164	
154	153	165	
196	188	194	
159	161	177	
195	156	184	
190	175	183	
206	248	243	
230	236	239	
212	236	202	
215	229	230	
224	211	201	
215	211	235	
231	230	216	
234	206	249	
246	244	205	
219	238	221	
216	201	219	
241	215	206	
240	234	242	
203	247	220	
245	230	206	
240	235	220	
217	202	210	
228	204	214	
217	208	221	
216	220	228	
225	229	231	
237	243	231	
240	243	238	
224	239	215	
228	202	234	
235	232	242	
213	249	231	
207	203	224	
216	203	239	
225	241	224	
244	231	238	
223	247	243	
214	226	231	
238	201	206	
216	248	211	
202	247	215	
224	210	233	
236	232	249	
210	239	222	
243	235	249	
224	218	234	
216	242	240	
221	243	239	
243	223	207	
228	213	233	
229	218	246	
216	207	236	
221	213	226	
231	247	225	
200	220	245	
262	289	296	
296	286	299	
273	282	279	
263	298	292	
252	299	260	
262	250	263	
277	271	261	
264	252	290	
296	283	285	
256	283	297	
261	295	278	
291	252	265	
250	282	293	
277	298	252	
279	268	251	
276	298	263	
266	283	281	
285	297	269	
274	275	266	
291	265	281	
274	291	271	
264	299	277	
283	273	297	
269	293	266	
253	268	296	
276	297	256	
272	266	299	
270	299	250	
255	257	298	
291	296	279	
278	287	296	
269	285	276	
259	295	260	
283	287	272	
272	252	281	
262	293	257	
299	289	297	
281	278	270	
274	294	254	
288	283	290	
252	275	257	
268	292	260	
270	278	294	
289	269	276	
280	281	252	
297	273	267	
288	275	297	
262	288	268	
257	298	260	
290	285	250	
310	317	311	
333	341	337	
327	309	326	
315	330	321	
309	312	322	
302	307	321	
304	309	317	
348	337	339	
349	311	334	
348	302	343	
341	318	327	
321	334	337	
333	320	331	
313	304	345	
317	338	307	
316	306	337	
331	305	315	
318	303	333	
333	344	315	
314	325	334	
343	313	307	
301	328	315	
305	348	321	
345	335	308	
332	321	343	
303	304	346	
329	319	336	
344	319	311	
330	347	308	
303	327	346	
321	313	338	
307	309	340	
327	320	326	
322	305	335	
333	346	328	
342	334	348	
327	332	333	
333	326	305	
329	313	339	
348	343	311	
301	342	347	
310	320	302	
347	336	341	
316	307	335	
320	322	308	
344	312	321	
346	343	327	
310	319	316	
310	313	303	
314	329	331	
354	381	362	
363	360	375	
352	359	378	
373	366	354	
378	383	392	
358	387	380	
399	363	358	
350	393	369	
375	356	390	
392	367	391	
393	365	390	
356	394	390	
397	399	363	
389	382	362	
390	388	351	
358	392	388	
374	394	358	
359	367	355	
382	379	399	
350	385	360	
355	389	370	
397	368	383	
363	366	355	
395	385	396	
363	351	355	
383	365	363	
382	395	389	
370	393	372	
350	393	357	
365	391	362	
370	365	359	
374	371	382	
370	397	365	
398	386	393	
393	397	382	
372	362	392	
394	353	398	
395	368	389	
399	361	359	
399	389	364	
354	376	397	
363	350	376	
382	353	379	
390	351	368	
371	356	376	
385	380	398	
397	354	384	
388	371	370	
381	376	363	
362	386	380	
415	441	428	
416	401	435	
411	438	406	
405	420	445	
436	410	406	
424	403	435	
407	432	418	
444	443	416	
437	445	413	
400	432	425	
410	403	417	
447	432	445	
425	428	429	
442	432	411	
408	430	437	
419	429	448	
406	407	431	
438	439	437	
401	422	447	
442	423	436	
446	442	443	
401	404	433	
432	434	442	
412	436	411	
409	418	430	
413	446	429	
438	417	434	
426	433	407	
421	433	437	
441	432	419	
418	436	421	
438	423	403	
411	446	406	
420	441	425	
435	403	447	
439	420	445	
418	427	431	
419	413	414	
434	432	418	
400	417	445	
402	449	445	
441	409	411	
409	439	406	
413	428	400	
429	404	424	
445	413	446	
405	429	426	
408	406	402	
406	427	441	
405	407	429	
479	453	455	
481	473	493	
454	478	495	
482	496	489	
492	490	496	
484	450	464	
491	470	467	
483	497	466	
498	495	469	
450	484	492	
459	455	488	
485	489	480	
481	468	452	
456	496	492	
494	475	473	
451	466	456	
467	462	475	
498	474	480	
452	494	486	
463	497	485	
497	486	489	
457	497	462	
478	490	469	
450	468	462	
479	497	456	
490	471	497	
494	482	467	
461	474	458	
463	461	472	
495	479	455	
475	460	488	
466	451	450	
481	484	457	
480	498	493	
464	453	461	
485	498	475	
468	496	456	
473	485	478	
485	467	492	
495	493	453	
472	488	483	
480	453	489	
481	465	477	
467	474	455	
450	490	458	
472	456	475	
451	480	465	
465	469	495	
482	467	483	
476	456	495	
38	12	33	44	
21	38	8	33	
29	17	1	35	
43	2	46	32	
29	35	22	13	
38	6	18	4	
39	2	41	29	
41	2	5	45	
3	38	25	0	
23	2	30	18	
31	32	44	9	
19	41	25	16	
33	45	4	39	
0	15	9	11	
28	4	49	36	
10	9	29	39	
6	30	19	27	
45	15	41	31	
37	23	1	32	
38	18	37	22	
38	47	34	45	
19	5	20	17	
7	12	11	27	
33	18	19	39	
3	26	21	2	
0	24	21	13	
49	6	0	36	
46	34	12	29	
8	44	29	2	
31	7	4	6	
49	2	34	25	
42	17	8	24	
31	21	5	17	
4	23	32	49	
14	11	34	26	
6	42	13	38	
32	43	7	44	
6	44	31	41	
30	22	26	14	
30	24	35	34	
40	48	6	46	
28	49	22	24	
18	2	35	40	
15	48	4	14	
39	7	1	27	
43	5	6	38	
31	2	29	18	
15	7	27	39	
46	45	27	0	
21	45	0	33	
52	82	68	99	
62	54	88	74	
89	62	97	74	
83	97	69	64	
63	75	50	68	
67	91	68	75	
68	61	66	90	
60	81	59	69	
51	78	70	95	
91	98	65	96	
55	65	62	92	
54	69	53	51	
78	95	74	85	
93	70	67	94	
50	59	87	75	
76	78	55	88	
56	95	98	85	
93	91	57	88	
70	85	87	68	
76	61	54	99	
90	59	60	55	
95	83	66	72	
91	78	68	97	
74	87	73	59	
68	50	58	72	
57	85	82	72	
51	72	87	86	
60	69	98	56	
57	61	89	96	
79	61	68	69	
77	50	96	51	
98	70	99	64	
88	98	50	79	
70	98	66	93	
85	93	60	65	
56	62	97	71	
72	65	90	99	
62	74	78	97	
90	61	70	76	
66	97	89	56	
89	72	59	85	
61	95	64	86	
78	62	85	73	
50	90	69	80	
81	99	96	78	
53	92	86	80	
74	53	67	91	
85	81	78	92	
58	90	63	87	
92	80	59	63	
148	103	110	132	
148	140	146	116	
122	110	137	143	
125	104	130	131	
120	127	140	141	
126	139	103	123	
112	144	149	116	
116	121	111	139	
129	124	138	135	
123	141	149	133	
120	116	127	148	
135	147	127	117	
127	124	134	119	
119	102	133	100	
131	111	110	141	
142	124	107	111	
118	146	148	132	
102	137	131	135	
141	111	135	112	
147	142	127	134	
100	139	117	141	
108	133	105	130	
145	146	136	142	
145	115	112	124	
130	124	128	122	
124	139	148	116	
144	112	133	114	
123	147	112	122	
106	138	129	149	
109	126	131	118	
117	110	124	138	
129	116	149	123	
144	116	110	112	
136	125	121	137	
140	113	111	145	
119	142	122	116	
141	125	139	104	
139	122	107	132	
135	108	100	149	
129	106	120	123	
133	128	116	137	
135	138	129	100	
128	101	104	108	
111	125	118	115	
134	141	109	148	
146	148	131	103	
107	145	143	134	
108	106	142	104	
101	130	138	102	
148	109	103	130	
183	197	156	157	
171	182	153	167	
178	156	158	194	
194	173	151	161	
193	164	154	178	
165	160	197	155	
184	154	186	194	
159	181	178	169	
170	184	177	171	
158	159	181	183	
185	197	176	195	
152	178	194	155	
198	181	189	158	
169	190	192	184	
151	180	173	182	
199	183	156	166	
172	151	187	158	
180	165	197	160	
152	156	183	165	
198	175	156	158	
165	174	161	199	
177	161	156	194	
186	158	192	199	
179	181	167	178	
195	175	197	179	
176	160	196	164	
193	163	167	196	
176	158	150	152	
198	162	173	165	
168	157	165	177	
155	176	185	160	
167	194	157	199	
171	182	181	172	
161	192	198	189	
192	174	168	169	
187	176	171	166	
181	180	183	194	
154	167	151	162	
179	155	199	166	
168	172	191	181	
152	162	157	166	
192	199	169	186	
166	152	163	154	
182	183	198	175	
191	190	180	196	
193	161	170	182	
158	150	183	160	
169	192	182	184	
185	182	152	173	
180	154	159	176	
213	245	221	214	
223	247	245	229	
226	232	203	210	
237	224	242	213	
217	209	202	203	
247	211	205	220	
200	221	218	223	
239	248	209	211	
213	223	200	228	
231	229	211	237	
246	247	241	248	
212	232	206	226	
247	222	215	239	
209	220	228	245	
210	243	236	230	
238	230	202	200	
215	217	248	213	
231	210	241	212	
225	228	235	221	
226	246	223	203	
224	216	219	200	
205	242	225	218	
244	211	230	226	
241	233	247	246	
209	240	216	207	
227	244	212	204	
239	208	234	204	
232	238	201	227	
224	216	229	221	
208	200	219	239	
222	218	243	203	
231	208	224	216	
236	231	205	206	
201	230	207	211	
201	203	238	235	
204	216	224	241	
221	210	227	214	
213	241	212	201	
209	219	249	222	
212	247	226	202	
237	235	225	221	
233	249	248	222	
234	204	216	230	
205	224	208	214	
218	212	246	237	
247	212	222	211	
215	238	241	232	
211	231	229	213	
230	204	232	213	
200	249	244	233	
253	278	293	299	
251	273	295	250	
288	291	255	252	
251	264	263	294	
260	296	252	283	
296	276	295	268	
260	270	295	289	
295	265	281	268	
294	299	278	251	
254	274	264	292	
269	259	250	251	
280	258	256	288	
278	254	260	290	
289	285	286	265	
262	289	299	259	
250	283	280	277	
273	258	280	270	
295	260	264	272	
259	286	297	279	
273	294	252	289	
269	263	295	293	
263	274	287	281	
291	284	282	289	
257	285	295	264	
272	283	271	255	
276	275	296	286	
265	297	258	268	
263	271	254	258	
276	261	275	258	
255	292	262	276	
290	299	259	254	
267	280	290	270	
256	288	295	280	
297	276	269	299	
274	266	294	272	
257	295	266	287	
266	252	265	280	
279	299	261	254	
275	279	282	271	
258	264	280	293	
264	284	257	277	
274	296	268	292	
273	268	290	262	
251	281	289	296	
288	250	296	255	
267	270	265	268	
268	252	286	250	
297	270	294	281	
295	293	276	296	
255	264	268	270	
325	336	329	331	
321	326	301	306	
338	340	314	315	
319	334	312	330	
328	313	329	300	
313	340	325	329	
309	303	328	329	
342	323	347	329	
329	347	321	331	
302	344	311	305	
306	335	313	312	
316	324	328	345	
313	323	304	308	
301	312	343	326	
308	313	300	346	
324	329	347	312	
341	315	340	305	
346	326	349	327	
316	317	319	310	
314	312	300	322	
333	311	336	347	
331	320	334	301	
327	300	329	330	
303	308	344	317	
315	304	325	308	
339	338	347	324	
331	328	343	312	
315	328	334	339	
334	317	320	301	
300	342	331	339	
333	300	322	317	
341	303	313	344	
346	347	319	300	
311	328	329	301	
331	334	344	333	
310	314	324	338	
333	323	317	318	
341	325	303	348	
330	342	309	327	
349	309	331	326	
311	322	302	319	
325	328	305	331	
334	331	341	326	
333	335	317	347	
349	303	321	314	
310	344	345	312	
330	349	311	340	
311	310	329	308	
319	326	335	324	
349	329	346	322	
353	362	379	369	
363	371	386	369	
353	399	383	389	
375	385	380	355	
382	384	381	378	
351	367	375	357	
366	375	365	371	
354	360	366	367	
367	382	366	358	
367	380	356	374	
365	372	363	360	
360	393	381	368	
380	389	388	358	
388	389	383	380	
392	364	394	354	
382	399	360	368	
383	364	393	398	
383	366	373	397	
369	394	383	381	
394	357	381	362	
383	364	365	387	
350	377	376	352	
381	367	383	391	
363	375	370	359	
374	357	379	368	
370	393	362	353	
354	396	379	367	
372	392	376	398	
373	358	355	393	
388	359	372	371	
368	392	398	363	
390	389	356	366	
385	361	388	355	
350	394	373	359	
386	382	365	389	
355	364	373	353	
394	358	392	352	
377	386	361	375	
363	358	390	399	
389	371	370	369	
399	378	361	360	
370	393	358	392	
389	393	364	369	
380	388	368	352	
377	351	359	384	
350	371	360	373	
354	375	381	384	
351	356	355	369	
360	371	392	364	
399	374	377	367	
438	433	439	408	
411	420	442	438	
433	402	403	420	
401	423	437	427	
426	406	436	414	
412	420	437	404	
430	408	400	402	
435	438	429	426	
411	414	429	401	
421	413	418	446	
441	437	430	422	
426	400	428	404	
411	442	426	404	
409	425	449	434	
405	422	440	438	
441	413	404	429	
416	406	426	430	
423	408	418	436	
415	423	446	420	
418	431	429	449	
439	447	441	435	
446	419	417	410	
446	402	447	439	
400	433	442	414	
425	427	445	407	
432	400	413	405	
444	429	425	431	
410	445	424	437	
423	424	402	427	
418	432	439	442	
425	405	430	437	
432	409	400	421	
415	423	405	437	
443	429	449	410	
448	447	404	430	
432	426	443	430	
432	400	424	404	
420	402	435	445	
433	449	421	414	
446	419	424	405	
420	416	449	425	
415	426	447	438	
442	414	447	429	
417	433	400	428	
446	447	406	403	
429	415	435	412	
404	436	448	429	
426	448	431	442	
446	433	445	443	
444	412	438	406	
488	479	491	451	
465	453	462	488	
476	485	481	495	
481	450	457	466	
466	497	498	459	
452	486	467	464	
476	479	456	471	
459	486	490	474	
460	466	479	451	
475	481	494	497	
456	491	492	470	
454	461	463	475	
468	485	463	474	
452	471	475	477	
488	493	475	478	
485	450	493	475	
489	461	485	490	
457	494	454	486	
461	451	466	489	
476	491	486	460	
496	481	452	463	
479	475	488	480	
498	460	494	471	
487	455	494	458	
462	485	454	468	
477	474	452	479	
461	484	474	497	
457	474	452	498	
489	471	496	475	
461	467	463	450	
460	450	453	462	
484	456	473	497	
492	457	462	494	
467	493	499	491	
455	460	488	470	
495	465	458	466	
455	498	469	462	
452	498	499	469	
451	461	477	458	
464	468	474	460	
478	464	466	460	
485	493	454	490	
483	471	493	472	
468	459	499	471	
481	491	488	489	
452	482	478	483	
462	489	470	477	
465	459	450	474	
462	471	460	472	
456	467	477	451	
37	2	41	24	13	
17	15	26	28	47	
49	27	0	31	23	
40	18	21	19	7	
24	20	5	19	3	
16	44	38	19	45	
26	19	23	27	9	
17	36	16	20	8	
0	39	38	47	28	
18	37	15	14	20	
20	39	32	21	28	
5	14	40	1	32	
45	7	39	17	15	
7	3	5	46	30	
12	4	42	34	43	
23	3	28	22	21	
22	34	8	49	30	
44	1	48	41	9	
42	47	37	18	27	
41	43	10	7	37	
32	43	16	17	37	
42	32	27	16	35	
45	27	36	23	48	
39	16	31	24	45	
25	10	8	11	36	
34	0	1	15	41	
11	21	25	14	10	
7	18	40	41	27	
20	9	16	13	37	
24	43	40	23	22	
13	11	46	15	25	
41	49	13	33	24	
43	9	21	5	44	
14	3	22	1	41	
42	14	17	44	7	
10	46	13	19	30	
6	18	41	7	25	
45	12	42	37	3	
31	8	19	32	28	
2	45	23	39	42	
45	49	46	17	5	
24	16	1	3	29	
38	41	23	35	5	
46	37	3	4	31	
3	30	16	6	25	
6	5	11	13	33	
33	17	13	24	26	
39	30	11	9	35	
32	33	5	18	46	
17	14	16	44	43	
91	50	69	60	72	
62	76	80	89	69	
57	90	94	70	91	
89	57	92	99	88	
91	51	90	69	74	
91	97	60	54	55	
84	86	96	81	62	
94	76	90	53	62	
81	61	62	63	71	
55	65	61	53	74	
96	60	53	88	74	
69	64	52	81	60	
84	82	73	75	77	
92	66	69	58	79	
91	52	61	59	64	
64	98	82	58	74	
73	54	90	70	98	
97	91	69	87	64	
66	58	95	60	99	
68	50	72	65	88	
56	73	98	50	63	
94	64	62	69	92	
52	59	99	70	87	
87	83	67	85	84	
85	88	53	82	78	
94	76	57	99	91	
79	90	75	69	67	
71	87	90	54	91	
86	54	90	76	75	
92	77	94	81	66	
62	50	67	90	63	
51	98	53	81	92	
84	99	70	52	89	
65	53	69	64	66	
81	60	84	96	63	
57	76	54	85	82	
85	50	60	63	71	
59	90	50	71	77	
79	64	66	91	86	
88	80	91	59	60	
63	85	96	88	56	
72	96	52	99	58	
60	70	53	54	91	
72	81	50	56	98	
64	62	93	83	63	
86	89	55	61	94	
95	74	50	79	53	
78	92	68	64	98	
55	86	63	57	54	
68	83	82	74	58	
114	142	122	108	116	
149	116	123	133	111	
133	115	112	116	122	
114	132	130	143	129	
107	127	112	148	132	
139	147	101	116	100	
115	107	112	109	131	
111	137	106	103	117	
149	107	124	145	110	
127	120	106	145	135	
143	139	104	113	123	
136	141	147	101	118	
129	109	146	113	147	
113	130	129	118	133	
132	112	141	108	142	
119	114	109	126	148	
146	147	135	119	116	
110	148	138	140	132	
130	102	141	140	113	
106	110	140	130	134	
107	135	117	119	146	
142	145	114	113	132	
131	149	141	123	117	
142	137	123	140	104	
110	100	101	111	120	
107	144	133	147	123	
104	131	127	142	135	
133	121	125	146	101	
107	101	143	133	128	
105	133	121	116	142	
128	105	145	129	141	
122	119	144	121	127	
126	143	146	137	129	
144	102	128	101	135	
113	139	125	142	100	
105	125	101	118	140	
138	112	113	118	137	
113	114	146	121	120	
141	100	140	142	138	
129	132	119	111	118	
116	136	147	115	123	
131	113	146	106	127	
100	138	117	134	139	
138	104	129	143	134	
129	115	148	145	139	
146	117	105	132	137	
107	100	117	131	105	
131	141	132	114	117	
135	138	115	142	146	
102	119	149	106	133	
182	192	175	173	191	
163	177	176	197	165	
150	199	164	185	159	
190	188	159	160	165	
166	177	153	158	151	
197	167	158	154	153	
179	165	181	167	170	
160	159	154	182	189	
196	188	155	192	190	
196	159	170	184	161	
172	195	199	162	181	
174	194	163	175	156	
174	157	184	197	152	
173	175	199	198	179	
159	152	187	163	198	
184	195	167	183	172	
180	171	157	161	190	
191	190	166	164	170	
194	153	170	159	156	
180	161	176	163	151	
161	181	175	194	167	
168	157	159	189	150	
195	159	174	177	157	
164	190	177	169	189	
195	180	163	155	158	
195	157	154	153	191	
175	154	168	195	186	
190	189	168	154	195	
163	159	165	171	166	
173	192	198	179	184	
188	151	160	156	172	
156	190	171	172	194	
157	183	158	154	173	
194	186	174	158	155	
159	155	157	178	186	
155	170	153	159	151	
173	159	179	161	169	
173	159	187	183	165	
163	194	189	185	198	
188	152	183	195	169	
191	166	189	180	169	
163	170	198	175	181	
179	193	167	174	172	
189	181	188	195	194	
185	165	183	198	161	
172	159	171	176	192	
191	193	182	177	163	
174	168	190	173	182	
153	162	195	171	182	
154	150	184	179	173	
244	225	227	221	212	
212	203	238	239	206	
211	244	203	213	200	
247	239	209	232	234	
218	223	202	205	229	
224	227	244	200	232	
235	215	245	200	219	
248	202	235	241	229	
207	247	242	211	233	
216	209	210	204	247	
229	246	208	206	226	
249	202	204	208	222	
248	234	217	206	241	
235	208	217	200	215	
201	237	247	245	236	
236	229	216	247	228	
241	249	218	221	203	
228	223	242	206	240	
230	248	206	218	205	
240	227	223	207	238	
232	249	248	203	202	
223	241	216	246	222	
212	238	200	218	227	
238	231	215	211	201	
220	212	225	233	221	
217	218	244	209	227	
219	234	236	244	209	
232	210	244	209	242	
235	213	229	218	206	
239	206	229	233	214	
231	234	203	244	211	
212	219	202	218	203	
220	232	218	231	227	
230	229	224	227	228	
207	230	221	202	227	
212	230	225	209	218	
214	239	210	231	240	
242	233	226	222	204	
240	230	211	214	238	
214	241	244	212	243	
249	241	238	222	233	
241	214	233	245	244	
210	237	200	202	211	
201	244	220	232	234	
243	209	203	234	224	
234	214	240	226	219	
240	231	208	239	203	
206	211	232	204	242	
223	231	242	222	208	
245	238	228	229	216	
266	282	274	287	293	
270	266	271	258	296	
298	289	268	290	252	
284	281	272	257	286	
265	258	295	290	291	
289	270	256	255	250	
287	268	278	292	280	
297	273	292	275	266	
251	268	296	261	272	
291	290	296	265	274	
294	273	283	263	253	
291	256	267	262	283	
289	275	284	269	298	
291	290	262	259	250	
285	297	275	278	266	
250	256	292	253	274	
263	262	285	293	257	
258	255	261	257	296	
295	296	254	276	261	
263	250	297	290	287	
295	299	297	254	271	
265	269	274	282	251	
265	286	273	297	268	
277	275	294	258	252	
281	256	293	250	272	
289	296	262	269	254	
292	278	289	284	277	
267	263	276	280	251	
280	251	253	286	279	
254	297	251	288	256	
299	276	291	270	290	
275	262	254	263	260	
252	292	276	264	271	
271	281	260	266	257	
268	292	294	279	260	
259	268	279	269	266	
293	252	281	274	290	
298	290	264	288	295	
271	273	284	274	275	
288	269	255	261	285	
284	288	269	295	265	
267	250	279	285	290	
291	269	262	253	263	
276	298	284	287	291	
252	282	250	297	269	
281	267	255	269	274	
268	272	267	292	282	
281	263	285	296	253	
257	265	255	293	289	
278	293	250	259	285	
342	343	313	347	319	
317	305	346	343	341	
309	306	337	320	313	
313	305	304	349	319	
341	307	335	327	315	
311	300	319	330	331	
319	301	324	322	325	
321	335	346	342	345	
348	321	304	334	313	
312	315	305	349	314	
325	318	317	305	319	
327	317	312	338	347	
313	324	346	336	332	
349	307	312	327	337	
308	327	338	334	321	
327	338	326	313	333	
323	349	329	335	300	
320	333	318	347	307	
340	326	319	346	302	
346	330	313	336	318	
333	311	349	348	335	
327	334	322	315	331	
301	306	316	337	330	
301	325	306	313	309	
345	313	348	316	303	
345	316	303	324	313	
329	307	324	338	310	
300	331	321	311	330	
301	341	342	321	326	
322	319	318	325	336	
344	335	329	302	322	
301	300	314	303	302	
334	328	339	316	336	
333	329	318	308	344	
344	317	334	347	337	
324	338	303	316	305	
347	326	312	319	349	
302	314	309	340	347	
332	301	349	312	336	
319	302	333	347	315	
323	321	342	328	305	
310	333	303	300	320	
315	318	323	346	313	
302	343	311	322	330	
306	344	323	311	300	
303	337	339	321	325	
313	316	329	314	308	
323	335	338	316	340	
336	335	324	307	308	
303	301	327	342	309	
372	384	393	381	371	
364	396	368	379	366	
392	393	397	364	391	
382	390	353	381	395	
376	382	366	380	365	
386	355	364	397	398	
386	356	384	368	357	
371	350	399	376	355	
383	374	391	373	388	
358	397	378	387	366	
353	393	386	359	377	
382	385	392	387	388	
379	394	366	364	359	
361	352	351	398	359	
374	394	378	361	396	
361	383	350	395	351	
393	381	396	398	390	
376	358	389	394	395	
395	390	354	370	378	
386	368	354	351	369	
372	380	393	364	371	
380	368	369	373	391	
377	367	385	387	355	
351	398	364	385	362	
368	389	399	370	366	
383	374	366	365	398	
358	361	363	380	369	
357	367	370	362	353	
399	368	396	365	376	
362	353	398	380	389	
390	364	375	355	397	
390	351	372	368	398	
382	380	358	378	365	
369	350	361	398	392	
361	363	384	356	373	
356	352	381	384	376	
391	370	380	353	364	
377	362	388	371	356	
361	395	367	393	379	
394	355	356	391	387	
397	388	385	357	370	
368	377	390	354	399	
397	383	399	374	391	
372	351	398	360	389	
356	373	398	396	394	
375	359	369	354	380	
360	377	376	373	356	
364	370	357	396	373	
380	357	355	350	387	
356	390	354	351	355	
400	435	420	413	434	
441	404	436	448	445	
400	420	404	434	406	
443	407	429	405	445	
432	442	423	407	402	
414	402	418	430	403	
400	432	419	408	430	
448	436	423	446	440	
433	427	409	425	418	
440	435	412	419	445	
437	414	401	402	426	
413	411	425	426	420	
429	412	434	430	448	
417	441	426	400	415	
409	420	402	404	436	
447	434	403	414	417	
430	423	435	438	400	
448	443	407	447	424	
401	426	419	400	422	
412	433	418	429	404	
434	439	425	416	415	
417	436	413	429	419	
426	445	405	427	441	
400	414	402	403	426	
417	444	416	412	437	
441	433	448	407	402	
437	416	435	427	448	
434	402	428	400	408	
408	426	447	413	422	
424	429	401	410	436	
412	427	446	425	442	
401	423	415	434	417	
410	421	404	428	415	
417	421	437	416	403	
426	448	428	430	433	
427	419	430	440	426	
400	422	441	447	442	
440	446	433	436	434	
436	442	419	417	402	
447	413	441	402	409	
413	405	432	422	411	
406	409	432	429	421	
416	439	418	407	403	
416	426	437	432	417	
407	424	403	438	432	
408	406	442	438	410	
427	426	417	419	441	
419	401	434	408	431	
435	426	449	445	429	
408	443	444	449	439	
465	450	453	494	460	
452	490	459	458	450	
460	483	466	467	469	
467	466	479	493	473	
481	489	455	459	453	
463	493	451	456	473	
497	487	458	466	491	
483	490	460	494	495	
450	480	477	458	473	
466	455	469	483	498	
460	472	457	499	480	
469	454	458	493	499	
471	468	490	461	476	
487	450	498	464	462	
472	470	460	453	473	
462	453	495	456	471	
459	477	478	476	452	
464	483	465	458	462	
453	475	486	499	491	
457	488	474	465	478	
487	474	484	468	497	
484	477	467	480	457	
483	458	455	472	497	
497	488	470	493	456	
458	461	485	476	451	
463	493	497	479	492	
483	491	451	461	482	
481	466	462	475	495	
487	495	496	482	452	
474	492	475	468	464	
491	486	495	454	452	
477	499	479	456	475	
457	465	480	478	474	
453	487	466	460	499	
474	453	491	469	485	
451	492	477	491	488	
496	456	460	480	466	
485	489	478	453	482	
477	452	471	458	450	
489	462	499	479	492	
475	478	484	476	481	
472	474	465	484	497	
477	488	464	467	465	
475	492	495	460	493	
473	457	456	490	470	
486	495	465	481	463	
492	468	469	488	454	
484	467	454	477	487	
461	470	457	459	456	
496	468	484	472	495	
132	151	173	381	213	458	
354	406	93	90	231	274	
216	330	287	194	332	246	
158	105	424	248	193	303	
19	91	352	142	87	488	
359	99	157	20	444	96	
34	94	433	310	233	203	
12	109	151	179	155	328	
132	208	16	10	440	134	
131	193	22	241	70	375	
220	103	46	129	52	130	
475	192	498	401	279	219	
79	177	429	297	358	246	
55	264	62	138	292	415	
18	427	170	279	88	426	
344	360	467	350	213	124	
107	307	246	28	498	422	
380	289	212	268	336	469	
142	297	296	5	166	61	
120	142	191	50	62	316	
379	243	302	26	491	455	
359	437	290	398	456	441	
462	497	344	292	343	18	
25	350	219	50	411	235	
28	231	38	332	101	142	
304	376	410	277	446	200	
62	119	106	365	131	16	
66	466	394	442	415	144	
368	44	380	454	77	120	
401	456	37	5	378	219	
467	436	476	417	217	59	
206	297	40	250	164	319	
405	18	391	451	91	140	
84	52	468	231	474	260	
77	307	235	149	372	266	
103	363	477	152	4	41	
452	269	7	430	488	235	
389	321	7	461	351	398	
34	268	371	53	347	67	
442	16	168	116	405	78	
132	428	37	258	174	406	
204	197	85	440	0	112	
294	82	91	366	378	278	
301	296	225	495	54	158	
349	402	275	482	284	293	
185	438	2	232	120	55	
379	220	59	361	34	158	
308	67	362	40	344	246	
54	498	334	483	101	270	
182	122	228	32	284	223	
235	180	123	169	32	470	
408	271	120	453	208	0	
465	150	70	39	220	379	
177	352	394	403	407	279	
378	161	444	494	466	297	
262	110	485	286	139	268	
87	418	468	94	62	121	
242	78	388	391	455	337	
25	380	266	107	47	165	
165	383	63	308	313	406	
436	196	366	91	308	344	
75	148	48	421	305	91	
400	156	212	191	371	390	
277	195	267	2	339	385	
304	463	306	364	98	225	
124	366	410	326	91	196	
17	213	198	443	125	436	
13	414	493	323	66	357	
132	211	371	356	323	146	
106	98	285	65	400	252	
99	487	234	13	484	111	
320	149	433	305	362	57	
310	113	16	147	7	371	
439	349	294	111	59	487	
80	126	19	36	447	82	
173	193	438	486	185	11	
436	65	25	27	356	94	
260	161	273	62	122	127	
404	120	319	156	76	68	
128	157	168	64	263	137	
408	439	410	329	34	151	
204	273	256	218	227	31	
329	333	371	420	244	30	
390	91	19	97	394	33	
158	71	494	125	286	385	
374	276	306	263	237	124	
421	441	197	213	352	205	
359	37	485	495	453	346	
490	102	340	68	461	161	
247	293	285	363	242	24	
130	34	254	128	148	262	
37	166	443	346	187	74	
276	222	182	388	209	99	
113	440	419	79	409	33	
322	53	319	493	175	9	
164	361	45	236	116	488	
401	282	107	358	52	82	
452	313	230	126	226	335	
213	462	238	446	180	302	
78	2	60	413	348	278	
368	267	242	473	15	34	
217	380	428	103	442	419	
171	5	252	211	450	163	
35	272	65	491	0	498	
59	392	146	269	200	165	
287	341	437	164	428	282	
148	177	414	41	376	105	
32	480	438	0	344	399	
182	105	371	230	51	197	
225	137	282	196	87	293	
24	281	136	93	40	490	
329	214	104	377	492	380	
26	126	304	209	467	487	
236	240	283	454	256	334	
314	61	491	131	249	340	
117	106	407	470	72	304	
82	84	457	20	353	188	
16	366	61	478	254	28	
338	471	443	267	173	53	
196	417	351	450	97	206	
496	141	183	454	495	165	
297	342	175	484	170	404	
239	280	7	497	395	236	
335	57	202	328	233	304	
84	237	494	22	126	124	
64	308	220	266	275	119	
142	299	67	437	245	215	
214	348	61	73	368	53	
406	438	457	345	246	262	
311	124	56	455	410	229	
88	48	483	209	431	213	
35	25	388	36	400	41	
100	439	203	25	125	123	
387	327	493	415	97	406	
379	81	373	192	216	142	
10	134	49	438	473	273	
297	158	322	397	294	498	
188	291	359	336	302	153	
349	375	477	384	393	43	
262	303	251	362	373	73	
161	180	250	401	33	435	
53	419	469	167	102	360	
56	125	242	332	182	481	
167	75	445	8	218	233	
233	228	203	131	29	292	
69	415	488	379	387	447	
86	449	361	19	476	107	
30	88	119	379	279	454	
451	79	295	310	455	9	
394	385	136	53	58	108	
42	35	209	384	331	210	439	
171	167	139	169	468	179	327	
365	160	205	314	396	183	200	
329	76	425	380	84	400	208	
238	374	401	458	133	250	90	
355	345	484	262	200	84	79	
135	296	167	278	271	394	310	
398	256	42	386	319	57	179	
121	355	94	159	11	232	235	
167	272	63	286	206	217	446	
337	214	47	123	361	208	55	
266	378	310	419	441	38	15	
449	86	250	279	65	31	467	
447	3	28	63	144	116	374	
483	117	58	262	300	473	89	
225	328	366	393	27	488	28	
305	117	212	19	248	197	74	
70	369	25	255	459	297	324	
335	140	41	128	161	132	271	
241	50	133	98	446	157	34	
84	457	428	299	434	165	238	
430	284	321	310	196	276	291	
210	276	190	395	392	386	68	
112	64	147	191	262	273	308	
353	45	429	485	214	272	53	
50	424	222	115	486	241	216	
461	417	458	82	418	179	93	
377	244	172	431	300	336	459	
316	455	364	213	56	394	313	
323	125	230	313	462	74	304	
125	449	452	453	317	475	295	
303	338	129	204	266	449	343	
19	493	378	307	308	363	237	
275	218	157	307	394	110	235	
456	307	138	34	407	431	333	
372	404	20	370	142	2	24	
13	452	282	74	30	479	274	
117	9	336	264	157	222	241	
251	126	305	431	250	51	421	
265	41	218	104	407	431	205	
155	163	39	486	139	250	374	
64	129	410	194	231	332	226	
362	215	400	157	110	88	125	
33	284	31	301	442	279	63	
217	33	305	7	497	400	323	
182	63	154	383	16	262	299	
475	404	129	204	8	447	422	
481	242	193	325	186	167	366	
88	93	375	413	155	403	100	
492	85	74	491	387	62	285	
214	79	456	378	249	8	139	
269	381	20	91	291	5	289	
227	322	345	335	155	431	474	
313	121	441	272	106	50	112	
26	499	89	21	237	14	471	
185	250	113	453	288	385	354	
95	246	315	184	170	182	405	
33	288	75	144	307	52	100	
424	366	250	480	47	191	16	
116	348	188	233	478	195	146	
390	492	208	424	387	444	436	
259	162	191	72	129	290	484	
362	51	171	201	308	23	248	
124	472	298	313	41	63	296	
171	447	13	340	349	397	149	
31	12	140	262	320	287	357	
383	487	483	418	75	16	470	
60	83	198	121	286	245	429	
410	267	438	45	62	172	218	
221	357	223	216	274	19	446	
446	180	314	443	178	471	270	
102	30	428	133	77	29	103	
237	329	459	429	51	290	180	
474	238	240	3	26	281	425	
322	220	93	30	137	297	494	
54	490	173	108	32	470	160	
120	63	180	41	119	75	461	
139	307	385	449	31	158	153	
432	260	427	88	226	382	151	
234	228	267	118	87	101	341	
99	255	166	331	155	65	28	
282	457	321	273	435	363	41	
143	124	213	112	237	26	75	
270	81	83	428	292	450	350	
256	240	308	452	27	83	347	
222	455	431	19	13	332	265	
442	485	400	69	335	178	481	
290	84	195	264	280	327	113	
408	65	224	229	359	253	274	
438	452	42	410	9	23	289	
457	393	68	402	491	405	470	
133	314	108	31	486	473	93	
75	447	134	389	257	254	41	
409	166	491	94	19	93	477	
271	245	353	103	402	418	234	
82	323	354	304	416	49	205	
14	482	352	334	183	87	207	
226	308	200	118	474	93	347	
219	196	221	109	402	123	452	
158	196	14	187	249	193	434	
412	247	474	419	139	464	143	
239	49	389	439	107	110	314	
426	245	487	240	286	98	468	
409	327	446	191	16	70	131	
438	226	396	266	492	156	37	
49	194	399	293	242	410	312	
312	149	372	189	449	428	476	
213	271	47	400	247	423	270	
103	222	286	399	146	402	390	
38	216	95	499	484	303	118	
177	38	193	432	493	49	435	
6	85	156	483	385	455	330	
155	202	9	439	397	385	431	
242	377	314	320	91	479	269	
208	44	440	20	201	175	472	
90	345	115	211	77	470	40	
10	224	331	134	93	89	426	
300	373	4	68	231	252	6	
23	397	33	375	328	379	150	
313	145	329	493	245	200	256	
261	364	298	252	187	483	144	
279	430	427	443	54	191	464	
192	344	474	113	391	3	243	
447	252	321	483	407	131	193	
51	489	422	431	142	410	359	
227	286	488	205	429	344	85	
375	15	363	237	235	185	319	
460	68	151	195	18	53	383	
209	474	120	26	85	49	233	
469	36	88	48	118	455	390	
424	428	498	214	425	307	87	
480	48	125	258	38	218	209	
262	378	333	425	373	138	245	
260	151	155	144	47	38	28	
243	45	99	241	341	383	136	
355	122	485	226	15	52	181	
189	477	259	225	151	359	249	
417	446	131	365	263	141	460	
343	393	408	101	244	139	320	
281	449	426	380	362	197	348	
373	465	230	193	146	487	4	
21	441	275	387	190	9	170	
261	171	496	243	38	288	390	
458	381	445	344	261	443	483	
393	5	377	311	16	170	136	
312	181	26	9	59	90	154	
460	346	122	326	302	196	110	
103	383	170	140	137	233	428	
99	40	315	248	420	449	124	
362	240	244	51	173	303	185	
101	424	348	208	126	449	164	185	
99	328	135	338	266	479	159	367	
276	224	90	456	52	11	349	80	
293	497	367	33	379	380	106	107	
240	46	320	37	241	299	340	25	
244	122	35	25	194	37	363	243	
110	112	44	193	175	231	203	441	
140	283	278	362	464	207	113	109	
288	421	334	460	281	308	352	324	
39	119	21	311	196	448	251	393	
192	271	252	18	55	268	391	140	
284	0	328	10	252	182	169	351	
403	27	249	461	475	495	378	369	
21	338	376	116	16	103	440	190	
302	232	383	185	44	409	279	12	
127	171	276	115	368	253	389	267	
299	229	114	101	52	7	471	263	
262	436	378	403	481	401	230	317	
245	220	489	44	80	487	173	79	
88	355	245	499	456	465	138	340	
409	89	461	325	92	326	94	86	
263	381	451	375	4	164	484	414	
133	447	273	117	238	321	486	79	
83	486	374	336	122	31	351	137	
223	406	262	109	462	333	274	118	
473	91	487	24	37	63	161	294	
116	223	320	78	154	309	188	50	
253	116	439	28	169	340	300	71	
198	70	39	459	395	203	327	258	
470	210	221	226	32	328	387	414	
179	291	362	204	404	197	220	415	
227	41	71	148	307	38	431	178	
110	380	181	298	305	437	153	57	
118	447	354	413	280	220	491	301	
190	34	342	247	207	284	364	40	
97	410	279	429	8	174	65	26	
184	207	314	362	243	34	404	400	
26	39	239	452	354	90	484	4	
471	54	172	76	112	264	416	206	
404	382	333	255	15	67	63	424	
121	409	415	494	452	26	436	122	
21	383	335	91	113	346	424	254	
377	208	26	353	472	354	31	279	
487	316	280	93	68	88	194	1	
264	130	68	417	40	165	253	30	
302	193	102	192	283	8	362	328	
149	20	45	432	352	190	38	291	
288	55	132	480	22	195	325	372	
393	462	112	309	15	124	376	350	
411	430	216	2	142	277	38	172	
270	440	382	251	34	105	350	452	
223	435	354	221	389	62	14	321	
475	224	156	477	499	286	188	473	
259	33	452	414	219	234	39	482	
16	480	487	291	65	229	156	495	
33	249	234	484	277	317	10	396	
469	426	220	70	76	305	223	34	
57	204	287	22	121	8	414	290	
424	422	375	471	114	415	75	276	
348	344	59	168	15	331	207	473	
335	152	48	445	244	52	130	261	
79	161	288	456	55	106	222	356	
222	435	364	480	92	210	253	420	
448	337	43	419	490	90	38	73	
241	153	106	385	324	37	28	488	
88	25	240	232	374	284	345	137	
200	321	445	314	415	155	178	229	
277	70	143	331	403	499	443	145	
334	383	130	430	143	50	95	242	
409	275	482	495	105	107	316	339	
244	464	214	123	451	212	25	390	
16	53	332	246	448	310	278	309	
24	108	318	128	325	376	123	59	
449	83	472	194	48	496	338	42	
214	228	165	100	403	9	224	431	
452	32	102	323	57	397	347	222	
23	167	464	341	237	241	397	62	
86	352	463	225	298	231	235	243	
447	64	374	161	483	112	4	294	
1	499	310	465	126	489	81	177	
186	95	443	228	368	37	429	76	
97	485	457	242	202	184	167	82	
490	307	93	246	465	155	33	193	
442	173	244	150	383	486	98	193	
493	400	466	214	157	410	266	490	
183	368	151	346	266	200	91	272	
343	176	98	159	279	297	396	382	
170	72	166	259	64	324	446	2	
164	247	330	477	354	472	190	150	
429	64	390	200	52	442	211	454	
275	39	229	60	402	303	173	45	
203	442	462	105	164	413	137	128	
95	51	387	438	415	82	494	102	
10	296	221	314	123	12	91	94	
14	86	9	144	344	317	218	195	
489	99	116	219	94	188	8	323	
26	8	402	234	44	72	180	67	
25	451	209	359	272	49	202	242	
419	338	418	380	251	253	152	383	
445	282	467	51	269	162	31	198	
295	46	367	137	276	408	331	493	
388	238	7	411	70	144	262	431	
150	324	271	461	68	341	291	98	
246	428	436	491	379	422	71	403	
296	297	255	449	369	58	25	430	
423	233	89	10	378	364	312	23	
257	194	37	281	216	411	246	135	
225	442	39	319	26	454	420	284	
313	164	426	193	455	14	109	420	
70	20	90	84	399	171	130	216	
133	57	19	297	415	214	250	39	
220	39	255	216	200	96	438	327	
382	421	77	222	383	270	26	451	
158	31	324	495	53	150	202	110	
236	436	209	327	473	364	239	336	
129	117	67	223	325	132	265	246	
380	48	125	360	92	127	240	234	
182	20	94	132	70	425	287	113	
416	225	459	66	342	11	38	359	
399	293	389	263	73	463	465	203	
287	189	314	264	299	477	256	265	
192	32	98	419	195	499	429	248	
257	258	172	38	157	96	174	488	
489	29	79	22	255	81	251	129	
359	468	315	332	457	334	256	463	
102	121	230	21	427	459	190	402	
394	320	404	1	134	226	83	374	
355	79	441	488	224	98	81	69	
180	266	333	83	472	30	340	160	
490	353	418	107	197	396	83	151	
115	386	233	0	186	112	180	54	
9	70	298	416	105	454	207	271	
160	328	436	426	150	205	334	34	
116	192	382	322	487	466	159	495	
345	219	389	469	52	262	84	100	
355	105	187	181	120	360	445	427	
313	494	224	335	359	407	490	263	
1	27	291	129	306	197	381	446	
447	127	107	185	286	148	378	65	
333	283	322	111	55	372	431	82	
453	175	323	324	130	359	376	8	
220	236	11	135	98	415	291	126	
166	392	77	45	8	46	282	42	
483	253	254	24	464	168	171	465	
157	445	392	203	79	220	2	10	
329	442	167	37	398	244	412	70	
451	201	373	333	307	243	457	386	
212	246	119	49	362	57	183	63	
74	209	385	255	382	353	493	492	
110	34	441	401	404	13	332	45	
