32	23	33	
3	14	34	
21	41	36	
14	7	36	
8	24	40	
19	44	37	
19	42	7	
12	36	18	
31	44	22	
27	15	14	
39	36	42	
16	11	4	
24	32	31	
3	46	49	
30	42	47	
28	29	8	
3	37	32	
9	30	37	
36	45	38	
14	32	27	
49	34	37	
33	49	32	
19	8	1	
16	15	17	
29	11	18	
29	24	7	
30	41	1	
6	2	30	
2	22	48	
12	2	41	
49	44	20	
39	17	12	
14	22	46	
2	6	4	
17	37	39	
10	3	26	
0	5	3	
29	18	42	
24	21	6	
44	25	2	
8	0	42	
16	48	45	
33	40	15	
2	3	14	
11	34	46	
23	48	4	
10	17	28	
1	43	14	
4	29	17	
30	44	16	
64	71	77	
78	71	82	
68	58	88	
74	69	70	
84	74	83	
69	62	85	
51	94	59	
62	74	65	
77	73	56	
77	73	70	
99	56	92	
52	74	96	
69	54	90	
88	87	68	
51	85	57	
79	88	82	
61	59	78	
54	98	50	
84	98	85	
59	70	55	
67	57	65	
78	86	72	
85	50	87	
56	97	61	
83	87	85	
58	64	77	
64	70	91	
83	64	56	
89	79	87	
96	71	66	
96	95	57	
78	89	91	
70	60	99	
77	71	86	
71	80	89	
91	60	75	
65	90	79	
52	65	66	
73	68	86	
98	64	81	
86	61	75	
73	54	90	
96	54	79	
65	90	70	
81	94	98	
82	56	67	
88	87	62	
77	60	57	
54	53	92	
54	50	68	
108	101	115	
130	107	102	
145	116	132	
114	126	116	
105	129	142	
125	131	134	
136	130	149	
115	101	125	
140	115	129	
103	116	134	
108	114	133	
100	142	102	
122	149	112	
137	100	102	
122	134	147	
135	131	108	
104	114	125	
108	103	109	
117	110	103	
146	142	125	
110	137	138	
103	138	145	
147	116	123	
143	125	121	
106	148	145	
108	140	129	
100	123	108	
100	106	107	
103	149	100	
117	145	110	
141	146	124	
102	118	101	
103	101	126	
100	135	149	
148	111	121	
142	131	121	
112	118	116	
145	149	126	
118	147	139	
132	127	111	
116	113	122	
134	118	142	
110	104	127	
112	125	108	
138	107	144	
113	125	140	
121	111	102	
127	118	145	
114	122	139	
121	106	124	
166	190	188	
152	199	168	
178	152	167	
181	196	164	
183	152	151	
183	169	166	
151	172	166	
167	189	178	
191	189	160	
193	160	196	
167	191	185	
172	199	156	
197	178	165	
164	178	193	
191	164	160	
170	177	179	
158	172	187	
162	187	175	
164	151	199	
192	164	185	
151	164	177	
177	180	182	
150	168	179	
157	192	195	
183	155	178	
159	168	150	
173	183	186	
188	187	183	
198	167	199	
168	178	161	
178	183	163	
168	188	186	
171	195	156	
181	199	184	
158	182	157	
178	173	170	
164	168	169	
160	194	159	
195	151	186	
194	196	181	
150	174	187	
184	168	164	
176	196	194	
180	168	160	
180	193	150	
178	155	189	
161	191	154	
167	165	154	
195	176	190	
151	198	190	
204	244	219	
220	240	241	
233	223	210	
211	222	206	
245	237	228	
209	235	208	
214	210	235	
220	233	226	
212	227	206	
240	230	220	
241	234	245	
242	243	225	
208	233	222	
204	206	248	
249	221	208	
237	223	230	
213	205	243	
228	212	241	
204	239	219	
215	207	206	
210	248	249	
238	243	232	
243	206	218	
232	214	222	
204	202	214	
209	233	208	
233	223	248	
232	229	217	
241	237	244	
201	233	215	
209	216	212	
232	230	233	
207	227	212	
211	227	219	
226	203	243	
201	219	223	
208	201	209	
229	235	201	
225	235	223	
211	201	213	
226	206	234	
223	202	216	
231	248	245	
227	214	215	
220	239	200	
228	219	206	
210	232	221	
210	245	207	
235	246	245	
221	207	235	
261	276	288	
298	280	260	
276	251	250	
268	254	282	
258	281	273	
273	267	298	
294	291	279	
274	271	287	
268	273	287	
269	284	272	
285	270	286	
271	273	284	
296	292	279	
294	255	268	
299	270	290	
270	296	291	
250	289	298	
281	259	293	
281	260	254	
258	287	295	
287	253	272	
289	280	272	
250	252	290	
278	272	294	
295	284	259	
288	299	262	
252	254	277	
275	260	255	
277	285	273	
259	271	284	
256	278	297	
268	278	296	
263	299	271	
277	257	279	
299	284	266	
281	298	285	
250	284	252	
260	250	253	
254	278	270	
285	258	261	
293	253	299	
274	251	294	
264	292	259	
263	289	281	
267	288	282	
280	250	257	
295	290	254	
263	273	283	
282	295	267	
262	263	293	
306	314	320	
320	341	313	
306	303	340	
317	338	331	
300	336	342	
309	338	317	
329	337	320	
316	308	322	
314	313	346	
340	344	326	
335	315	306	
325	328	342	
329	308	344	
331	346	313	
323	316	310	
305	313	339	
318	324	334	
326	348	337	
311	330	344	
322	336	306	
315	304	339	
333	340	312	
310	306	335	
348	321	304	
318	338	330	
314	307	318	
309	328	314	
339	348	332	
323	314	347	
302	300	349	
316	300	313	
313	323	334	
327	332	321	
345	317	315	
348	315	335	
312	302	310	
319	328	324	
324	336	345	
341	312	335	
346	335	301	
309	307	300	
342	345	320	
345	327	328	
305	349	335	
340	342	305	
309	341	317	
321	316	322	
346	328	345	
318	313	332	
347	320	315	
355	379	351	
358	374	382	
373	366	386	
372	356	399	
384	374	394	
372	384	371	
363	395	358	
384	376	355	
363	365	357	
370	390	351	
397	370	379	
357	359	354	
377	391	367	
390	377	395	
392	361	363	
397	365	363	
353	389	398	
377	398	352	
389	392	373	
375	370	365	
371	394	385	
369	375	385	
354	388	372	
398	383	356	
389	357	398	
364	360	379	
369	385	392	
360	363	381	
357	372	374	
394	384	397	
389	353	372	
385	392	386	
366	394	393	
356	369	354	
386	369	382	
371	397	360	
393	367	357	
367	396	358	
390	396	378	
396	356	367	
391	378	393	
365	378	374	
374	354	353	
364	371	355	
352	389	362	
391	390	399	
390	381	375	
382	366	399	
382	395	355	
388	357	364	
446	445	449	
400	435	432	
416	443	434	
401	414	429	
401	421	419	
420	437	426	
410	435	428	
418	410	435	
418	446	411	
437	448	444	
423	425	421	
421	417	432	
413	409	423	
445	428	403	
411	417	431	
418	426	427	
421	441	422	
427	426	423	
432	435	417	
421	422	431	
437	438	407	
400	447	421	
404	405	418	
407	449	419	
414	424	441	
419	432	440	
410	417	438	
412	416	414	
439	449	448	
446	421	422	
448	438	439	
414	437	406	
410	405	446	
443	438	433	
408	437	438	
421	427	420	
402	429	434	
424	405	422	
434	417	407	
442	422	441	
413	446	402	
447	438	431	
427	438	402	
412	403	447	
420	438	406	
410	407	429	
434	401	405	
441	430	404	
408	442	421	
412	404	425	
458	495	468	
469	497	466	
452	470	450	
480	482	477	
499	483	468	
454	470	489	
459	495	468	
499	452	488	
475	473	474	
473	466	468	
459	488	464	
482	496	463	
484	454	497	
472	459	460	
451	462	477	
464	459	466	
461	492	477	
468	489	469	
484	483	451	
493	496	499	
450	460	467	
489	460	475	
467	469	483	
455	490	495	
480	462	497	
469	499	461	
463	454	458	
498	490	473	
476	497	462	
461	480	462	
484	494	471	
474	466	452	
485	474	482	
462	465	457	
459	497	461	
482	490	469	
459	485	473	
482	475	498	
485	487	461	
461	453	487	
483	461	465	
450	452	484	
469	473	476	
487	488	490	
461	453	454	
453	465	469	
489	494	460	
463	494	487	
465	488	455	
490	451	463	
30	22	39	40	
38	6	8	37	
19	43	33	26	
49	35	12	25	
19	38	21	18	
27	25	1	5	
39	22	4	25	
11	41	9	34	
6	30	5	1	
49	38	33	11	
9	25	35	12	
17	31	28	40	
30	4	13	10	
24	31	19	17	
18	31	24	42	
39	32	8	5	
13	28	19	36	
48	28	21	20	
8	38	34	35	
16	17	24	13	
0	6	25	26	
14	24	38	44	
18	25	4	19	
34	2	13	45	
40	43	12	17	
27	42	9	35	
13	18	32	29	
17	47	43	11	
16	49	32	6	
22	19	35	44	
33	7	8	30	
26	12	17	47	
36	39	8	1	
33	22	6	21	
49	26	8	20	
16	29	44	13	
48	47	3	36	
31	21	10	45	
3	45	44	18	
39	34	37	18	
23	37	21	47	
44	36	7	5	
33	15	37	38	
1	37	35	29	
37	11	25	49	
25	9	19	30	
27	13	17	20	
26	44	29	32	
32	8	41	44	
49	24	29	16	
54	87	88	79	
50	74	85	72	
86	96	70	80	
67	93	86	94	
71	87	61	95	
86	74	77	67	
69	68	82	50	
63	78	90	93	
54	65	66	61	
71	74	81	87	
93	62	52	54	
79	53	82	54	
64	94	62	68	
63	66	78	92	
50	97	54	60	
59	58	96	92	
66	83	95	90	
97	66	94	60	
65	63	62	71	
55	99	91	90	
55	69	82	79	
55	74	96	59	
69	80	98	72	
70	84	77	94	
84	62	87	97	
66	75	63	73	
99	56	55	95	
54	67	60	50	
92	98	97	51	
87	77	83	58	
82	52	77	81	
70	68	55	96	
59	60	67	65	
91	63	76	84	
76	77	97	83	
72	52	89	87	
51	88	58	73	
82	54	62	63	
71	92	77	83	
65	73	75	57	
54	74	77	99	
84	87	88	82	
79	82	65	92	
99	73	98	83	
69	56	97	94	
60	55	78	80	
80	83	88	62	
65	58	51	81	
59	90	89	51	
53	84	66	51	
122	108	134	128	
104	115	116	119	
131	125	103	128	
117	143	113	122	
142	127	120	135	
132	123	113	109	
114	145	144	126	
114	149	106	122	
111	102	138	130	
115	118	111	141	
145	104	146	111	
144	119	132	146	
144	110	124	126	
125	127	105	129	
125	131	135	122	
111	104	134	127	
122	145	146	136	
141	129	125	139	
124	117	141	128	
143	136	146	132	
122	109	139	135	
121	142	138	149	
121	130	126	115	
127	137	125	141	
116	108	120	118	
136	107	125	106	
136	142	101	123	
107	140	146	113	
134	124	129	117	
149	113	125	120	
106	124	113	147	
100	138	130	149	
113	112	127	129	
123	110	103	116	
146	111	112	100	
137	145	144	133	
119	140	116	115	
132	101	123	111	
116	112	143	121	
109	149	108	121	
147	126	113	103	
104	139	103	141	
102	110	118	128	
118	112	101	124	
105	112	137	127	
122	120	102	129	
139	130	100	141	
138	148	113	143	
135	141	124	121	
144	117	134	148	
167	153	185	166	
161	196	174	185	
168	161	153	190	
183	193	182	178	
199	150	155	176	
165	175	183	192	
167	157	194	152	
185	176	195	190	
184	168	178	182	
179	174	195	180	
181	170	182	198	
198	196	184	162	
186	193	178	198	
188	192	150	179	
181	182	186	162	
199	162	176	196	
159	186	154	160	
157	172	165	162	
196	174	155	158	
178	179	168	173	
171	163	150	173	
155	168	198	165	
196	174	191	183	
172	175	169	199	
189	180	172	159	
184	173	152	154	
159	177	191	167	
173	198	196	170	
170	168	150	176	
195	175	183	177	
156	162	151	174	
183	161	160	180	
167	178	168	151	
179	190	175	192	
150	188	167	197	
158	164	198	157	
175	181	162	169	
184	151	185	157	
169	162	151	183	
158	171	176	185	
170	158	152	198	
162	165	166	171	
158	163	195	160	
157	152	182	177	
185	180	184	172	
187	183	173	192	
190	174	169	196	
166	192	152	172	
154	182	180	172	
178	159	184	187	
246	237	247	221	
223	226	235	221	
224	239	226	225	
232	240	233	215	
223	224	205	238	
219	220	229	215	
202	228	249	201	
244	239	243	218	
201	234	203	200	
202	224	203	222	
214	213	249	242	
235	233	213	218	
239	224	208	243	
222	236	223	239	
229	227	204	203	
220	224	225	205	
230	225	235	203	
224	246	200	209	
200	236	230	224	
229	248	210	241	
240	226	228	242	
211	240	209	202	
230	208	228	215	
217	211	205	242	
242	207	211	222	
230	218	211	228	
203	204	230	244	
203	200	221	247	
227	202	231	235	
201	203	249	242	
206	218	225	230	
200	239	212	211	
225	204	220	224	
215	228	200	234	
234	225	206	227	
201	242	232	215	
201	240	205	243	
241	217	237	216	
247	221	208	230	
202	220	240	223	
213	240	212	205	
203	234	211	217	
247	218	249	224	
227	235	216	229	
210	234	224	238	
210	234	241	200	
206	223	214	229	
229	230	215	210	
231	229	207	234	
228	245	213	218	
265	295	296	262	
271	272	293	274	
254	275	265	285	
278	292	267	264	
281	276	277	273	
287	263	289	295	
255	291	296	269	
296	253	281	297	
274	294	261	295	
260	251	282	259	
277	256	278	273	
261	294	282	292	
277	279	270	266	
282	299	259	297	
289	275	257	250	
287	264	296	273	
296	278	281	277	
269	266	295	259	
283	272	275	280	
250	275	279	272	
266	253	294	250	
290	251	281	261	
263	285	288	259	
293	254	265	271	
252	290	291	294	
279	258	287	271	
289	285	290	280	
277	298	289	281	
296	290	291	257	
289	272	270	250	
275	266	277	253	
271	279	259	265	
291	272	284	295	
259	261	286	270	
261	271	256	266	
277	276	253	281	
282	279	267	251	
285	281	266	287	
292	294	275	274	
256	299	258	279	
268	260	271	253	
265	285	279	258	
299	287	296	297	
270	251	279	292	
265	274	275	267	
286	291	261	269	
286	289	274	266	
256	299	265	288	
264	280	258	292	
269	288	291	280	
313	329	334	335	
348	329	318	334	
328	314	304	313	
322	344	339	338	
348	344	335	308	
334	336	345	335	
341	321	303	333	
306	309	330	347	
310	316	339	343	
328	336	312	332	
307	327	325	317	
349	314	317	307	
340	321	347	319	
317	338	312	325	
304	335	330	308	
337	343	313	315	
324	309	326	308	
309	319	337	327	
303	322	323	334	
324	320	337	330	
338	320	319	323	
323	309	333	310	
320	347	345	305	
307	311	340	314	
336	311	325	318	
302	319	323	345	
314	320	302	335	
307	336	339	318	
327	310	305	332	
322	324	323	331	
320	306	333	343	
340	325	337	320	
325	347	331	340	
328	315	311	337	
320	325	315	316	
341	348	324	345	
339	302	309	330	
338	320	323	305	
333	327	302	338	
302	330	348	305	
336	311	322	349	
339	310	311	333	
349	327	320	326	
307	347	310	323	
326	336	341	349	
316	303	346	335	
303	344	349	341	
301	333	315	319	
313	309	306	308	
328	341	312	302	
383	355	353	395	
369	356	392	394	
399	356	377	367	
374	399	365	354	
386	357	398	378	
377	381	392	364	
391	365	372	388	
392	358	354	373	
391	368	387	389	
356	351	384	358	
365	364	375	356	
374	357	368	359	
371	382	373	351	
395	397	387	396	
399	352	368	351	
399	398	361	389	
377	394	370	374	
350	374	356	397	
354	370	389	384	
366	390	362	374	
358	357	392	371	
350	375	399	369	
389	358	353	376	
369	361	370	356	
379	368	365	378	
397	357	377	381	
361	397	381	358	
350	390	381	364	
357	386	367	358	
367	353	360	364	
375	363	386	382	
375	371	360	365	
390	374	366	373	
395	368	393	363	
391	356	366	389	
371	377	350	394	
363	379	352	395	
379	368	388	370	
365	378	376	390	
392	373	352	391	
353	393	382	366	
381	365	380	357	
354	360	374	379	
393	392	356	351	
396	374	363	360	
385	366	383	372	
390	365	388	372	
377	384	367	399	
362	388	396	383	
385	363	371	380	
437	416	408	447	
400	423	442	405	
416	429	436	432	
414	416	428	420	
433	449	400	418	
445	400	432	415	
408	441	433	426	
449	428	423	405	
401	400	427	415	
428	430	408	423	
440	403	424	449	
427	412	409	422	
406	437	427	417	
428	409	434	433	
424	426	449	431	
429	405	428	448	
430	427	420	448	
417	424	404	418	
423	430	419	403	
432	431	420	423	
430	444	414	425	
421	411	402	438	
405	408	409	416	
436	440	409	410	
428	442	406	436	
400	401	403	416	
404	431	443	407	
438	408	419	425	
412	431	409	449	
417	436	420	428	
426	405	407	449	
440	420	412	431	
434	442	406	403	
433	446	438	435	
427	407	441	417	
404	411	415	441	
441	446	440	434	
421	436	416	424	
406	440	447	426	
440	403	416	404	
443	401	414	400	
426	443	439	449	
446	410	404	422	
404	403	402	418	
439	428	421	400	
405	423	401	443	
406	401	418	448	
440	439	428	437	
429	404	426	432	
443	415	417	421	
498	480	478	481	
476	490	456	450	
498	494	451	484	
468	463	471	491	
496	461	478	462	
470	487	471	452	
456	453	498	484	
481	499	462	482	
474	499	471	475	
483	450	485	472	
499	451	474	461	
461	485	494	483	
454	485	452	457	
464	471	479	478	
493	453	461	474	
467	450	485	459	
488	466	465	496	
495	499	491	480	
486	457	469	473	
493	474	455	478	
475	498	450	489	
489	478	456	459	
479	476	496	463	
487	468	474	470	
462	473	496	474	
489	465	479	472	
460	472	489	473	
456	481	466	495	
488	471	465	476	
459	475	477	497	
465	484	476	451	
454	455	466	473	
466	488	462	455	
499	487	455	483	
456	480	490	462	
451	450	485	494	
450	490	460	479	
493	485	484	476	
496	468	454	480	
484	489	472	494	
476	483	454	461	
491	487	463	458	
469	461	468	482	
472	471	496	466	
472	470	486	462	
456	467	454	461	
498	462	466	463	
463	450	458	493	
456	485	486	497	
453	468	484	487	
9	19	30	2	22	
6	15	27	35	7	
3	8	24	16	48	
9	34	25	35	18	
33	39	9	34	15	
42	6	7	35	4	
4	10	30	49	19	
24	23	8	22	25	
12	28	16	46	23	
7	25	33	41	9	
48	32	42	41	3	
42	27	6	0	43	
43	16	35	22	45	
13	16	4	25	27	
19	13	14	47	27	
42	32	48	2	6	
31	35	14	13	19	
34	36	14	18	37	
2	22	46	4	0	
5	23	0	39	17	
3	21	34	46	18	
16	21	20	46	13	
43	27	33	8	7	
30	11	2	48	40	
29	27	38	5	16	
27	45	10	7	19	
5	41	1	16	36	
5	8	41	25	22	
37	23	21	36	32	
40	49	47	21	4	
5	37	38	15	45	
13	33	8	22	44	
48	2	8	26	6	
29	24	42	48	17	
3	34	14	21	32	
7	25	0	14	39	
7	36	44	49	10	
27	15	7	19	32	
24	29	41	38	33	
9	48	47	19	31	
42	44	34	0	35	
8	46	22	47	48	
9	10	49	19	17	
5	12	6	24	33	
8	45	49	10	46	
5	42	0	14	17	
6	35	22	38	48	
12	18	23	9	17	
38	10	18	12	6	
49	14	29	28	19	
90	62	74	58	97	
81	55	65	57	66	
67	90	63	72	59	
89	75	96	86	74	
92	72	57	75	88	
77	70	74	60	86	
74	87	57	54	95	
54	93	73	84	69	
64	61	84	52	69	
74	86	93	92	68	
80	55	71	89	60	
90	54	70	57	62	
80	95	67	75	64	
88	89	59	78	50	
93	64	63	60	82	
63	58	86	88	87	
91	92	68	64	98	
66	83	62	72	68	
86	97	93	64	72	
80	68	63	75	87	
72	66	81	80	55	
71	65	64	82	70	
87	70	72	50	51	
72	80	96	50	92	
74	76	57	61	84	
82	56	77	71	57	
75	54	73	93	69	
89	60	66	76	95	
53	69	91	93	55	
77	90	50	64	99	
84	65	62	96	57	
56	81	98	80	59	
91	52	70	81	76	
63	80	54	99	61	
70	53	66	52	94	
98	72	87	97	77	
85	58	53	75	60	
66	62	86	94	89	
52	74	88	50	86	
96	55	71	97	79	
89	56	52	64	87	
64	61	59	85	51	
56	87	59	50	61	
55	60	66	97	52	
63	96	67	60	88	
67	68	94	99	56	
82	50	80	88	78	
71	66	89	59	64	
67	90	77	92	99	
85	58	65	66	77	
142	135	109	111	127	
105	145	114	130	108	
126	107	141	110	132	
105	102	147	130	142	
100	107	110	120	121	
127	120	144	112	108	
135	147	113	103	114	
108	141	101	112	127	
105	128	130	107	103	
129	107	131	146	115	
120	108	128	131	146	
139	112	125	129	130	
148	117	118	126	107	
103	111	101	125	117	
113	123	125	130	136	
128	142	135	148	138	
134	144	142	113	131	
139	125	107	105	131	
127	109	116	115	108	
138	100	126	111	116	
137	120	107	108	139	
147	131	115	125	109	
133	114	143	148	121	
102	141	145	122	112	
111	121	126	108	117	
146	119	145	109	147	
110	126	106	131	140	
125	130	148	108	142	
116	128	126	110	104	
103	105	130	104	139	
115	111	133	110	105	
137	148	112	141	115	
149	143	105	130	123	
147	135	128	132	113	
147	105	129	131	133	
145	115	108	141	135	
109	110	140	123	143	
125	143	112	103	126	
136	107	142	117	128	
105	124	149	101	143	
146	102	148	134	103	
127	134	119	122	147	
142	143	131	109	141	
147	100	131	113	116	
131	133	109	128	111	
123	122	143	144	131	
145	103	124	140	100	
112	131	115	107	135	
102	116	115	122	121	
127	147	140	138	124	
190	168	195	163	166	
154	195	197	199	150	
176	182	179	165	177	
158	178	190	154	152	
150	182	199	152	162	
179	198	181	171	193	
180	150	176	186	170	
160	155	187	189	195	
189	154	175	164	156	
194	159	167	191	153	
150	186	173	182	187	
184	175	164	195	183	
194	166	192	153	175	
184	179	172	181	178	
199	188	157	182	198	
193	167	176	161	170	
168	176	155	174	172	
165	193	161	155	167	
194	196	167	185	173	
175	169	178	184	163	
165	154	171	178	152	
155	172	185	153	183	
190	181	160	157	161	
156	177	164	183	190	
171	166	188	194	159	
154	190	162	199	189	
154	159	155	180	165	
172	188	167	165	184	
166	173	161	184	178	
195	158	178	157	194	
195	189	182	162	172	
163	172	178	169	171	
190	191	186	156	153	
185	197	167	174	157	
198	161	169	170	172	
184	195	173	167	179	
166	153	175	161	160	
166	189	172	184	187	
172	185	192	184	167	
188	185	157	183	158	
182	194	153	152	188	
195	175	158	155	190	
174	151	198	162	167	
163	178	174	185	182	
185	193	155	171	184	
174	186	188	185	189	
196	197	173	174	181	
176	157	186	190	159	
181	188	172	199	161	
195	164	172	157	152	
209	238	203	205	222	
217	239	241	204	242	
217	204	225	237	220	
247	236	233	226	241	
226	243	210	228	235	
238	242	202	233	221	
238	224	226	211	212	
249	209	247	208	221	
225	230	245	232	247	
226	214	202	241	208	
235	243	206	207	223	
207	235	227	228	249	
230	225	227	247	208	
239	237	218	217	208	
244	219	245	220	205	
240	208	216	221	210	
220	217	212	205	237	
202	218	246	211	231	
226	206	202	234	208	
228	214	234	213	206	
209	219	218	222	212	
223	236	229	246	235	
211	247	224	226	238	
210	225	221	219	204	
206	239	242	203	240	
247	230	234	206	246	
233	215	232	243	236	
235	220	227	248	201	
215	204	247	210	214	
216	237	203	225	249	
226	238	243	209	215	
211	209	206	240	239	
215	249	233	228	200	
223	230	205	248	215	
210	200	225	214	218	
217	209	204	206	225	
230	244	219	217	201	
246	242	220	244	239	
242	238	214	225	207	
235	206	216	237	212	
211	220	224	210	219	
237	241	235	202	245	
238	233	216	200	239	
236	228	203	230	209	
234	207	223	235	232	
247	221	213	224	249	
211	228	238	205	201	
241	215	232	206	240	
222	240	241	221	211	
214	224	202	228	227	
267	282	298	253	260	
254	272	257	262	275	
252	298	260	287	268	
281	295	260	252	272	
285	295	262	255	293	
287	279	292	254	265	
287	294	297	273	263	
273	264	263	251	287	
277	268	291	275	276	
261	257	265	284	295	
297	273	267	292	271	
289	291	258	278	264	
254	286	278	261	271	
257	276	295	281	268	
268	296	292	286	253	
263	265	270	268	281	
251	274	278	260	291	
280	285	258	275	273	
254	263	250	270	251	
282	272	252	297	265	
256	265	264	270	251	
253	287	281	276	275	
256	277	281	257	280	
277	283	279	293	274	
285	252	275	265	293	
252	271	273	286	290	
287	271	261	295	255	
291	265	267	257	254	
256	298	279	287	264	
266	253	290	298	274	
273	267	261	294	274	
284	253	268	285	296	
255	270	251	250	294	
263	267	280	250	291	
294	277	296	286	259	
289	282	280	264	295	
291	295	293	266	297	
298	292	287	266	291	
289	288	277	276	256	
258	259	284	289	270	
299	258	285	253	250	
293	298	256	263	276	
256	267	270	290	284	
253	267	258	252	265	
275	269	298	255	287	
285	268	288	255	262	
287	290	293	258	272	
270	288	266	262	263	
257	287	259	262	268	
262	275	257	259	277	
315	341	301	322	345	
303	319	326	306	321	
340	346	331	307	302	
315	311	320	349	341	
344	340	348	325	327	
346	334	321	330	331	
306	334	325	315	310	
336	340	324	315	342	
313	308	305	331	317	
341	344	306	330	321	
316	331	342	338	309	
333	309	305	312	300	
337	340	334	349	325	
342	331	318	327	316	
330	312	325	335	334	
321	340	328	322	335	
334	318	347	326	311	
310	334	330	337	302	
306	342	332	308	304	
336	343	349	330	342	
337	312	325	314	316	
312	345	341	328	311	
305	341	329	326	311	
304	334	339	314	302	
338	330	334	344	322	
348	324	327	318	329	
326	345	336	311	320	
347	322	316	332	313	
306	316	315	337	336	
305	340	327	322	307	
321	329	317	328	348	
327	312	328	311	309	
317	316	333	301	348	
338	340	321	322	336	
317	349	339	334	329	
347	348	341	329	330	
329	315	323	309	339	
316	342	307	322	320	
331	342	318	303	336	
332	314	316	319	343	
310	327	323	318	342	
322	331	329	304	321	
341	310	330	334	325	
319	323	302	344	341	
320	305	332	317	310	
326	302	340	322	348	
315	328	317	304	334	
336	326	339	343	347	
340	339	309	317	335	
343	319	312	334	317	
385	386	374	373	371	
378	358	368	367	390	
370	364	381	377	392	
354	358	371	370	384	
378	357	395	363	384	
369	361	372	390	386	
354	398	383	374	351	
385	355	359	373	393	
360	382	375	371	377	
395	358	353	352	399	
395	398	390	373	352	
353	395	371	389	386	
356	383	394	399	373	
350	353	393	368	371	
366	373	367	383	389	
386	372	373	395	352	
359	371	373	352	356	
383	397	395	396	364	
383	390	350	359	357	
358	371	360	375	368	
398	371	373	386	358	
379	368	359	357	378	
398	362	365	376	369	
392	358	352	362	375	
399	366	354	358	392	
379	372	383	365	399	
368	391	367	392	359	
360	398	373	389	377	
388	399	353	370	380	
398	369	390	361	381	
371	354	392	361	370	
356	382	379	358	398	
370	383	395	382	364	
350	365	357	352	360	
357	372	378	390	352	
350	354	370	375	368	
360	356	359	395	394	
397	379	374	370	387	
385	394	379	395	372	
373	392	387	394	390	
395	374	399	350	392	
383	388	374	391	375	
361	375	393	376	387	
388	351	382	398	373	
364	373	365	371	357	
359	385	389	370	393	
391	354	351	399	398	
358	380	374	350	361	
380	391	366	387	398	
392	350	357	387	365	
405	418	435	410	448	
449	442	444	418	433	
439	403	441	409	435	
423	446	449	413	420	
431	418	417	437	435	
427	423	442	402	407	
404	409	425	441	416	
440	410	420	429	432	
426	434	449	441	446	
425	423	416	430	432	
402	410	400	412	436	
409	448	412	411	438	
423	439	448	415	428	
427	431	409	419	417	
411	444	431	448	413	
449	429	417	413	426	
406	412	431	430	419	
411	409	435	441	448	
400	425	448	408	434	
446	448	433	424	428	
401	405	429	443	435	
421	405	441	404	436	
436	413	438	432	407	
442	406	407	435	449	
431	405	438	414	435	
409	429	418	442	406	
445	401	421	431	413	
421	425	426	420	424	
420	444	417	424	436	
400	441	439	435	420	
420	445	438	414	409	
416	432	443	426	437	
403	435	405	417	402	
407	436	404	419	440	
414	405	438	411	432	
421	443	432	400	445	
439	407	447	424	410	
415	426	429	449	430	
435	424	410	428	441	
410	443	411	406	447	
407	421	419	414	437	
430	439	448	441	447	
419	400	418	435	434	
418	417	448	420	433	
437	416	428	412	427	
448	441	405	427	444	
404	423	408	431	419	
411	427	446	413	440	
413	433	401	429	422	
424	441	425	447	429	
480	493	487	461	457	
470	455	469	474	496	
467	460	495	499	457	
464	479	456	455	470	
467	478	455	468	480	
492	484	497	460	454	
483	488	479	459	465	
462	497	456	459	495	
469	478	480	481	455	
456	464	481	482	497	
459	480	456	491	464	
453	470	498	451	488	
470	458	486	485	478	
482	488	489	472	499	
492	450	468	466	463	
469	478	470	494	459	
450	464	462	466	457	
466	472	454	496	455	
487	486	493	472	452	
482	461	483	495	480	
455	488	483	450	482	
496	476	482	479	474	
481	490	458	496	461	
497	474	452	451	459	
480	496	488	474	490	
487	484	462	499	493	
497	470	473	475	471	
493	450	490	489	470	
465	495	456	468	480	
467	451	459	481	474	
473	453	465	454	475	
475	460	455	490	453	
466	465	471	455	489	
454	456	487	476	463	
478	465	480	497	451	
487	493	490	463	480	
473	452	451	467	458	
475	466	467	456	457	
485	486	496	476	466	
495	456	487	480	467	
492	461	466	468	454	
479	487	493	456	453	
469	477	460	488	465	
462	488	471	464	451	
480	450	468	467	469	
465	494	498	458	474	
460	453	473	499	450	
498	467	497	466	460	
457	480	468	459	467	
452	485	493	455	495	
81	152	96	261	380	60	
168	465	180	338	76	306	
471	468	391	144	125	65	
402	489	18	252	281	63	
165	99	314	413	324	181	
94	336	415	300	166	444	
191	76	144	16	445	457	
412	246	151	95	239	108	
64	491	205	121	449	321	
138	111	371	288	444	211	
81	430	158	121	312	379	
12	99	439	357	95	376	
256	165	219	249	56	147	
150	97	86	257	130	361	
131	124	95	279	444	42	
39	244	186	125	21	448	
332	379	96	87	127	136	
377	18	214	247	287	331	
335	362	167	429	271	14	
159	65	274	376	403	234	
223	245	422	35	303	289	
494	55	112	419	499	352	
287	25	301	274	310	466	
30	177	150	244	219	476	
229	225	255	59	222	207	
356	45	480	298	103	241	
432	321	479	272	439	16	
262	327	474	35	209	52	
281	173	394	294	381	494	
7	425	49	74	493	407	
101	395	434	171	350	99	
5	243	62	291	233	12	
329	100	235	449	0	268	
224	79	381	486	448	201	
245	58	239	101	172	450	
256	96	14	445	357	369	
478	380	328	105	344	414	
175	490	379	225	3	19	
460	36	111	154	165	375	
5	384	304	88	81	172	
490	274	181	304	42	74	
349	193	452	22	159	372	
393	127	399	97	312	108	
32	263	283	416	214	392	
308	300	243	391	137	304	
139	211	402	134	474	26	
337	121	106	11	314	191	
207	239	449	454	181	34	
423	347	258	317	323	356	
81	422	323	72	289	96	
362	24	356	176	451	219	
486	213	357	92	423	272	
332	156	97	53	254	164	
326	484	153	256	185	67	
371	236	403	29	300	492	
168	49	180	119	412	497	
163	386	457	58	177	268	
487	157	381	11	88	177	
378	461	364	276	248	492	
492	72	442	29	334	25	
438	311	451	333	321	445	
328	265	82	431	180	275	
414	130	431	498	95	6	
418	465	82	298	303	285	
399	232	342	392	315	14	
116	230	234	472	215	276	
18	326	339	394	480	144	
491	384	21	483	441	43	
223	277	396	426	334	165	
113	463	238	77	139	324	
104	364	43	57	379	189	
193	173	457	187	261	481	
238	360	111	32	312	17	
47	302	158	379	95	136	
456	371	287	256	142	342	
173	113	262	403	30	92	
23	124	231	483	133	182	
248	56	200	157	164	210	
328	236	89	63	387	129	
444	357	238	364	93	268	
312	219	151	279	476	201	
373	222	426	474	88	313	
9	197	77	401	378	237	
378	21	436	247	175	210	
361	373	134	125	58	37	
184	18	424	348	481	75	
223	64	266	251	431	227	
411	222	232	256	103	306	
0	485	68	23	59	257	
343	486	103	379	264	202	
437	62	238	15	347	411	
134	363	486	9	382	104	
429	339	356	58	78	221	
467	99	190	2	284	220	
0	252	7	495	352	104	
317	470	278	461	21	186	
347	386	200	320	468	417	
381	24	320	180	246	287	
409	110	8	88	485	103	
314	9	119	185	357	83	
217	194	278	252	292	488	
380	142	262	347	271	20	
207	347	26	39	437	167	
489	316	136	367	494	166	
220	14	191	100	70	411	
262	468	481	318	367	10	
8	254	113	470	19	266	
262	460	46	7	205	257	
349	102	119	363	159	116	
210	107	84	15	215	325	
304	141	15	422	174	476	
378	101	358	427	149	172	
494	376	468	102	305	115	
471	450	77	135	397	289	
437	371	106	4	136	268	
327	26	287	454	439	128	
96	112	262	282	33	364	
175	48	19	364	411	120	
93	393	262	337	433	426	
147	48	116	46	303	488	
70	422	85	365	414	368	
352	296	17	262	400	318	
188	475	354	380	93	367	
403	171	339	18	91	387	
460	222	340	345	344	162	
226	25	15	494	174	158	
411	365	391	24	3	439	
303	135	257	53	85	152	
289	487	136	59	256	74	
489	250	24	316	301	22	
221	288	162	393	252	225	
96	285	353	35	366	181	
430	369	262	279	21	108	
443	336	344	301	252	288	
126	47	259	312	150	105	
140	432	101	495	191	199	
228	415	114	323	269	461	
287	236	266	420	27	359	
202	230	276	448	375	243	
440	48	434	431	312	192	
44	267	117	14	359	378	
86	48	483	347	38	68	
238	22	163	42	94	315	
486	61	488	239	494	408	
364	88	229	256	232	57	
374	237	492	337	76	308	
367	410	340	483	235	346	
161	234	92	308	274	20	
82	417	349	373	201	485	
259	358	205	376	285	158	
465	100	24	220	369	475	
341	307	79	455	239	204	
30	84	183	24	258	357	
98	1	466	488	253	325	
289	469	245	459	259	350	
450	225	180	76	315	287	
347	117	279	272	371	307	
412	216	282	174	263	485	
36	235	485	329	199	410	
11	284	178	52	15	491	
428	213	245	302	278	402	
40	120	378	61	213	160	
336	404	127	216	251	403	
444	189	384	112	301	212	
30	135	43	366	33	433	
190	437	327	310	268	240	
342	2	1	283	494	43	
280	154	22	150	125	264	
465	138	388	387	295	472	
119	24	435	358	376	158	
354	11	209	402	398	194	
471	0	380	70	138	100	
322	262	147	260	406	306	
108	45	255	94	364	368	
358	118	340	429	415	441	
195	83	382	88	364	103	
228	19	172	484	85	26	
291	355	344	1	212	249	
142	468	160	14	93	107	
434	365	210	464	61	202	
173	487	147	401	25	204	
378	289	236	470	245	41	
243	486	147	399	248	325	
18	411	290	230	350	496	
43	172	206	310	64	162	
308	295	303	420	1	316	
146	124	176	21	29	320	
234	85	324	170	380	303	
400	193	123	24	387	149	
374	130	95	362	206	202	
15	129	426	149	397	189	
64	308	403	214	341	430	
81	266	209	306	458	108	
252	49	185	219	381	374	
178	453	483	27	50	205	
128	195	136	488	461	479	
116	273	222	272	299	376	
185	399	46	345	37	485	
15	416	283	291	366	17	
121	111	101	355	174	116	
97	187	137	371	169	250	200	
179	309	125	287	233	274	211	
269	53	165	154	313	280	389	
186	269	201	474	497	103	351	
153	151	6	85	51	360	79	
410	469	27	286	466	81	400	
247	235	126	475	47	362	400	
109	207	95	446	80	196	437	
124	408	414	469	175	77	302	
199	483	234	273	144	165	83	
356	208	247	117	19	153	0	
167	333	62	43	15	331	228	
179	228	444	64	446	316	361	
319	104	108	149	88	286	463	
160	491	293	148	363	339	38	
429	294	80	41	489	279	394	
116	18	24	69	6	77	104	
92	130	249	97	41	304	78	
7	48	230	94	112	219	495	
445	6	319	308	297	93	497	
169	43	139	484	233	22	135	
118	27	331	207	148	284	440	
433	443	70	279	335	277	252	
395	67	317	78	90	401	330	
204	364	171	126	295	205	208	
68	380	407	59	316	298	414	
212	411	297	292	421	69	465	
244	419	431	83	476	385	30	
304	84	485	475	227	457	442	
452	198	114	472	123	381	36	
304	235	7	38	419	484	486	
69	0	218	141	68	12	18	
0	471	132	125	324	289	131	
122	472	311	248	253	217	305	
437	436	335	358	14	492	288	
157	348	350	130	80	352	123	
213	8	58	389	168	339	487	
373	131	481	345	78	350	438	
377	274	482	13	263	85	366	
101	197	492	484	194	0	459	
19	356	394	183	367	263	462	
499	304	201	135	383	88	44	
78	266	212	135	301	435	422	
185	482	459	366	155	71	245	
64	25	142	57	154	384	248	
203	440	474	61	495	135	157	
334	73	478	104	100	72	494	
462	167	269	232	366	326	307	
18	460	64	133	50	25	403	
254	299	154	30	85	235	146	
33	67	25	412	274	248	330	
322	106	222	316	74	386	405	
411	312	30	243	308	418	122	
333	343	169	426	125	336	74	
392	439	287	66	459	113	358	
321	459	15	280	490	460	106	
28	250	35	71	295	159	303	
271	31	112	152	418	283	424	
272	67	363	350	122	177	243	
221	191	476	95	108	190	208	
54	356	2	169	321	270	66	
289	345	444	54	184	146	181	
329	180	477	424	111	124	254	
6	375	421	300	126	222	336	
499	489	281	159	451	158	185	
112	86	405	58	87	483	184	
407	356	246	197	27	439	485	
465	165	420	18	494	472	351	
495	164	479	466	279	333	486	
205	197	87	474	251	394	375	
323	218	400	170	236	187	481	
186	172	473	153	41	154	56	
126	13	349	236	307	69	469	
195	234	59	69	417	445	484	
14	9	116	10	190	454	214	
356	212	50	271	169	396	235	
187	20	447	305	194	62	79	
101	483	259	378	265	497	130	
313	220	34	449	364	432	247	
133	34	247	57	264	149	405	
107	264	285	305	131	405	258	
40	53	304	484	227	369	14	
351	389	470	278	294	471	346	
381	206	59	475	236	64	331	
241	127	234	481	157	260	216	
239	439	136	463	198	47	498	
241	120	407	417	72	244	113	
456	238	499	52	88	256	339	
497	232	322	205	358	435	380	
304	357	171	352	248	275	63	
117	246	326	226	181	351	279	
452	265	22	146	45	361	396	
265	210	338	471	102	394	25	
17	95	431	6	231	70	15	
496	74	378	157	475	322	409	
201	329	153	65	482	46	498	
136	171	63	450	490	470	316	
370	376	67	467	206	70	463	
421	477	414	62	496	265	113	
445	242	409	271	349	357	487	
229	68	497	86	276	189	418	
305	132	494	394	432	116	214	
246	459	141	388	476	324	260	
462	301	246	105	378	82	133	
121	317	325	391	310	385	229	
445	340	17	331	84	352	151	
489	218	249	162	46	75	425	
323	232	489	333	202	433	393	
37	174	38	158	227	394	124	
79	306	55	14	81	62	183	
332	173	325	56	414	224	345	
271	266	11	109	218	441	18	
47	357	459	397	347	137	165	
185	322	419	183	113	437	315	
44	167	366	31	404	285	423	
63	298	432	225	194	242	224	
197	106	59	133	405	200	167	
15	74	339	186	18	150	266	
8	454	220	187	148	19	264	
466	135	299	418	101	481	344	
161	2	459	408	147	234	373	
57	353	274	472	18	392	332	
373	180	63	161	135	94	251	
403	225	393	102	364	351	473	
58	210	387	38	369	44	103	
482	330	255	16	459	229	125	
318	135	276	333	355	259	250	
134	486	445	291	495	130	179	
461	149	30	389	443	155	266	
127	214	77	44	37	177	97	
320	115	280	61	265	443	199	
122	386	200	450	194	366	408	
382	148	53	240	127	491	170	
292	59	307	30	273	254	259	
294	93	313	103	331	34	427	
197	193	447	134	264	246	441	
56	426	375	236	127	440	487	
68	21	226	137	122	22	269	
353	497	498	321	166	17	451	
366	480	13	284	443	111	373	
489	103	65	369	11	67	498	
498	316	187	495	319	274	277	
309	400	191	477	433	194	467	
79	124	318	10	390	292	217	
330	287	173	309	343	408	47	
136	336	208	242	423	127	121	
163	184	325	471	75	289	446	
219	268	152	13	177	231	61	
152	190	476	34	95	40	26	
495	269	422	286	233	367	88	
5	300	268	149	141	356	453	
206	392	83	286	259	395	319	
482	452	461	430	205	133	469	
375	372	290	244	261	1	463	
461	286	34	175	323	11	1	
406	174	210	259	213	337	281	
369	268	82	484	312	139	253	
382	385	63	492	1	430	428	
159	29	219	37	403	74	26	
235	58	360	321	162	36	149	
342	182	299	91	491	396	315	
90	375	180	111	60	484	371	
496	334	2	354	108	84	491	
369	300	420	450	467	173	127	
471	85	0	345	284	416	116	
259	499	50	143	252	199	264	
380	178	168	141	356	400	277	
470	165	183	148	433	419	387	
170	135	390	104	323	321	128	
175	101	4	303	192	126	84	
227	253	294	278	281	85	152	
403	341	342	120	488	409	112	
71	357	217	161	452	377	410	
166	15	454	90	278	188	63	
3	346	241	120	176	466	464	
170	433	239	334	21	93	488	
308	325	462	303	360	498	18	
468	108	123	320	146	28	243	
281	395	268	83	224	283	173	
36	231	34	307	52	342	300	
269	342	219	258	121	174	154	
57	445	330	224	443	300	204	
11	78	295	242	491	34	317	
321	188	126	19	370	334	414	
129	258	50	100	96	423	65	
430	299	280	19	266	371	387	
330	6	69	323	435	265	170	
341	308	155	290	185	444	1	
197	103	152	445	373	9	183	
194	473	469	212	362	90	174	
15	154	4	83	34	19	450	
81	422	224	260	75	464	105	
461	394	305	121	392	322	368	
493	175	454	302	205	136	373	
239	271	164	50	270	386	387	
454	169	396	190	275	150	445	
135	393	266	422	11	358	363	
321	296	31	427	268	306	258	
33	494	167	452	214	0	345	
361	191	196	342	457	144	470	
97	466	381	382	200	434	313	281	
241	309	79	393	46	388	355	464	
244	478	359	314	134	215	102	379	
221	260	173	68	140	85	358	232	
137	399	153	50	470	445	254	78	
108	287	179	395	70	274	161	271	
355	210	38	0	268	265	462	341	
387	78	123	174	290	255	214	439	
42	322	291	54	7	137	109	260	
494	231	147	317	12	320	443	403	
339	330	188	323	94	232	316	80	
167	311	157	108	387	409	423	271	
56	474	39	233	458	54	416	210	
466	262	459	316	132	400	174	447	
308	388	92	199	258	467	44	465	
422	340	53	447	141	356	218	72	
121	256	442	139	344	249	92	470	
419	152	211	444	335	118	80	24	
268	451	453	258	30	468	103	198	
419	278	400	135	201	129	72	428	
142	325	349	199	8	162	230	39	
289	26	378	471	17	211	449	288	
256	225	445	359	247	450	454	369	
324	445	301	196	1	65	382	221	
380	230	12	10	60	147	441	461	
19	484	94	304	262	392	120	383	
342	15	399	246	62	25	299	243	
478	107	102	175	315	219	12	28	
481	62	162	296	77	325	170	395	
251	463	68	11	255	447	208	291	
378	475	202	287	268	266	480	465	
205	452	144	358	188	329	347	275	
217	358	124	389	209	246	483	487	
268	58	68	452	354	395	380	238	
341	460	236	58	248	439	91	436	
472	218	66	470	29	410	28	493	
466	462	143	223	265	154	483	451	
20	95	347	305	471	68	110	292	
0	75	170	468	87	255	293	118	
312	387	198	213	457	135	218	22	
134	136	288	440	491	341	261	218	
231	320	410	479	94	12	298	321	
267	350	240	364	367	74	265	126	
342	269	274	23	112	117	397	323	
253	350	50	93	493	23	249	77	
36	139	317	407	347	287	374	231	
364	252	194	27	410	415	104	451	
128	265	493	292	218	44	107	178	
327	22	18	180	318	348	266	123	
421	76	314	216	231	422	84	465	
249	97	25	98	245	227	203	343	
86	166	335	200	286	445	197	94	
121	86	220	232	269	392	171	391	
193	389	115	304	89	401	494	234	
55	231	497	244	320	301	63	235	
0	13	438	313	188	360	139	190	
424	239	105	361	340	80	290	128	
372	38	399	36	403	389	402	189	
65	19	453	412	148	455	72	48	
53	207	415	243	39	452	196	476	
248	235	427	7	24	128	354	124	
346	498	174	106	437	384	197	31	
450	473	379	114	47	421	349	155	
224	8	197	61	474	67	201	294	
122	182	373	50	245	138	157	39	
462	478	417	116	158	347	379	420	
258	314	44	58	178	288	26	192	
14	382	47	229	2	183	261	147	
81	297	484	235	144	72	58	131	
449	272	266	441	227	270	300	44	
193	371	429	142	470	455	261	137	
129	310	461	150	131	80	384	269	
120	14	347	223	336	342	493	248	
231	404	7	144	453	497	474	216	
222	152	469	61	331	205	486	464	
412	200	19	20	341	81	323	267	
272	375	47	295	338	486	151	198	
484	445	136	169	285	70	31	192	
342	118	143	344	317	403	412	64	
480	368	481	43	174	139	1	123	
250	280	302	212	440	266	474	128	
251	403	164	291	161	10	39	74	
261	78	244	395	299	79	393	285	
232	281	56	487	209	188	73	49	
242	231	186	268	200	162	193	213	
448	273	141	12	324	238	233	309	
443	393	470	476	405	234	17	457	
26	147	34	338	128	480	339	443	
39	365	155	491	337	51	194	358	
129	34	349	60	482	57	213	289	
362	371	28	296	17	206	275	315	
150	381	487	377	155	190	158	168	
307	317	390	435	335	452	242	61	
263	35	481	342	325	110	221	283	
49	263	493	305	353	94	265	405	
339	71	164	120	379	16	338	373	
4	217	275	353	409	246	21	321	
405	78	24	342	84	239	48	383	
341	273	222	376	297	445	334	97	
388	470	427	216	62	37	402	298	
11	66	255	218	234	421	287	463	
343	188	66	337	25	20	134	164	
361	29	335	290	175	239	71	209	
128	424	143	230	13	462	208	232	
300	281	446	198	439	482	253	139	
17	123	472	139	496	444	56	367	
13	57	90	169	414	43	375	156	
283	490	279	5	91	75	483	207	
438	98	418	442	301	470	62	331	
173	402	290	336	122	381	61	191	
479	375	491	256	170	467	77	235	
114	402	281	423	361	136	233	357	
49	209	393	109	51	57	252	99	
331	122	8	55	333	416	378	123	
344	189	68	449	354	409	207	130	
459	147	498	380	301	87	183	27	
329	124	25	421	476	90	290	354	
189	494	253	255	96	359	446	30	
154	282	160	284	56	220	337	241	
443	97	448	295	2	376	84	322	
475	72	357	258	92	303	133	24	
98	147	120	390	496	169	117	481	
238	333	244	265	289	175	19	232	
371	321	406	491	265	459	81	26	
208	215	160	119	485	281	288	324	
15	200	273	164	330	83	440	104	
367	107	143	139	490	134	142	90	
322	188	173	65	487	402	455	91	
415	49	114	141	16	245	468	93	
483	250	77	22	277	378	218	138	
36	254	76	108	338	432	351	475	
449	229	347	196	219	98	390	365	
485	36	73	414	196	274	206	443	
282	195	270	320	46	196	438	29	
5	72	123	114	180	460	177	86	
245	436	452	292	291	322	276	269	
478	476	305	243	156	31	123	93	
67	392	268	26	358	307	296	449	
117	373	335	352	467	347	351	122	
417	446	262	359	424	494	476	106	
17	355	397	457	45	8	6	77	
414	22	262	299	258	409	450	77	
304	480	269	389	3	15	395	289	
205	115	88	1	49	359	19	177	
25	484	7	53	376	59	309	441	
170	47	328	477	455	33	151	92	
367	216	334	464	304	499	231	375	
462	205	438	262	389	449	338	147	
306	295	116	232	169	90	345	136	
417	280	2	89	357	189	241	259	
69	200	240	435	467	59	473	423	
452	123	345	456	355	223	238	145	
136	305	238	126	368	365	19	106	
292	396	422	434	123	364	207	444	
485	267	385	172	289	487	368	244	
467	25	246	315	27	225	203	67	
102	35	277	432	101	436	130	319	
255	430	142	267	86	275	209	446	
162	11	265	487	35	52	428	152	
58	434	401	424	190	99	31	221	
124	250	190	404	64	367	466	420	
15	93	302	470	225	221	174	499	
362	477	311	136	381	51	199	125	
420	165	435	422	355	445	110	120	
468	114	474	120	398	354	176	115	
65	161	368	316	356	269	62	405	
452	8	246	232	374	74	71	175	
4	234	47	315	147	334	166	92	
212	44	186	345	75	236	327	438	
10	488	174	341	179	248	482	233	
205	2	475	31	82	160	209	270	
312	242	203	20	148	52	452	256	
197	486	95	455	260	356	365	200	
286	242	277	357	188	455	317	92	
262	153	189	38	287	316	182	438	
196	59	283	60	435	116	495	1	
459	308	344	141	349	335	239	402	
336	169	444	341	116	403	296	351	
34	380	140	248	395	407	137	78	
486	295	352	164	124	82	471	128	
361	121	98	17	479	204	388	136	
326	431	98	145	269	176	159	85	
473	405	404	340	87	428	43	141	
166	392	177	160	32	257	280	430	
71	320	497	115	296	355	314	395	
296	43	395	61	466	203	0	201	
291	391	473	339	110	192	146	266	
243	416	339	454	235	99	284	285	
191	220	111	488	419	412	52	64	
104	444	161	148	197	61	72	362	
256	419	355	22	65	94	316	37	
275	306	460	344	255	465	103	223	
455	351	65	409	420	127	12	381	
423	151	184	410	200	164	83	255	
407	31	214	401	29	2	244	441	
201	72	249	87	380	225	353	297	
190	19	200	359	172	144	123	389	
430	352	333	20	28	307	222	11	
40	439	463	93	492	26	377	13	
425	108	245	74	128	369	272	138	
