33	12	9	
31	10	36	
4	23	27	
14	21	26	
9	11	22	
6	43	47	
39	25	5	
36	47	37	
43	34	25	
42	6	27	
4	18	37	
18	36	20	
6	11	40	
49	5	33	
36	22	19	
21	34	45	
36	26	45	
31	32	30	
23	40	36	
2	23	42	
26	25	48	
29	4	43	
0	36	27	
18	7	17	
29	21	2	
23	3	8	
16	32	37	
39	41	9	
9	37	15	
19	23	48	
15	11	21	
34	18	5	
0	30	13	
33	25	6	
17	49	24	
37	32	46	
8	28	24	
29	18	24	
4	40	27	
18	5	28	
3	7	24	
23	1	2	
30	43	47	
8	38	10	
7	9	46	
6	25	34	
31	12	23	
6	31	8	
46	15	33	
14	34	1	
59	86	80	
67	51	78	
70	79	56	
98	59	66	
64	63	57	
71	85	84	
67	56	95	
64	79	57	
84	96	83	
93	96	88	
61	68	65	
55	63	77	
86	58	81	
64	84	86	
56	71	87	
94	63	78	
84	55	91	
94	72	98	
75	78	71	
84	52	53	
56	73	66	
74	64	52	
97	89	79	
84	87	61	
77	82	54	
66	70	52	
68	89	74	
55	82	92	
62	88	60	
98	95	74	
73	60	91	
96	99	98	
51	80	86	
95	80	89	
50	66	57	
91	62	74	
55	79	92	
53	64	72	
74	77	67	
85	68	79	
81	59	68	
64	79	59	
92	70	68	
73	82	62	
61	68	84	
67	62	51	
84	70	54	
92	88	98	
85	80	92	
85	51	58	
120	128	137	
134	149	110	
110	119	102	
131	133	125	
146	135	114	
114	111	100	
131	132	136	
118	106	138	
139	138	100	
112	130	139	
145	135	142	
107	130	124	
148	132	136	
104	115	121	
112	139	130	
115	138	132	
126	137	130	
119	121	108	
116	133	123	
134	137	131	
120	141	135	
140	105	135	
101	138	100	
119	145	123	
109	123	140	
128	105	134	
106	142	149	
133	113	104	
140	121	137	
138	115	118	
106	112	137	
107	106	105	
113	116	128	
127	111	145	
143	135	120	
123	112	131	
120	149	136	
148	120	136	
146	115	149	
107	143	109	
105	101	147	
132	140	101	
142	121	117	
124	119	120	
103	146	140	
109	143	117	
145	148	110	
110	112	141	
140	148	100	
142	110	108	
161	175	194	
176	188	192	
168	188	193	
153	165	197	
161	154	164	
155	194	188	
193	170	152	
194	153	177	
196	155	150	
198	155	157	
191	186	151	
180	199	173	
157	185	191	
196	161	190	
193	185	155	
163	165	164	
192	188	168	
150	152	171	
156	165	184	
166	151	165	
159	183	188	
179	166	193	
192	166	173	
161	193	163	
154	176	188	
183	193	198	
194	169	182	
197	186	196	
156	151	174	
171	181	197	
152	199	189	
191	161	171	
194	159	186	
196	194	159	
172	167	156	
182	157	174	
165	167	169	
150	158	171	
154	162	184	
189	150	158	
172	176	160	
159	154	168	
166	195	163	
175	165	185	
164	188	167	
187	194	178	
180	157	186	
153	198	155	
158	154	196	
189	184	196	
227	207	214	
200	225	245	
227	213	242	
245	242	204	
218	208	232	
218	204	220	
212	205	216	
242	207	232	
221	234	230	
235	202	204	
234	213	210	
237	202	200	
221	203	248	
212	239	213	
205	210	236	
201	226	232	
208	219	224	
218	242	200	
233	248	223	
246	221	225	
221	201	238	
208	236	204	
231	215	217	
229	248	237	
229	228	246	
234	226	216	
225	202	232	
234	210	227	
229	242	200	
214	216	207	
240	206	238	
226	230	249	
247	229	226	
248	237	205	
201	238	211	
222	237	207	
249	216	209	
213	233	222	
203	210	244	
209	208	230	
225	209	204	
249	210	200	
241	230	245	
201	212	243	
231	202	219	
217	233	201	
202	223	239	
241	215	220	
208	207	226	
242	248	214	
295	258	285	
271	267	283	
278	282	268	
272	267	280	
296	291	251	
287	273	271	
293	294	296	
279	268	280	
278	274	250	
253	260	270	
286	293	259	
258	298	259	
262	271	294	
253	267	272	
279	255	259	
283	257	269	
279	275	284	
294	259	276	
296	281	284	
257	291	286	
261	290	277	
268	251	284	
292	260	283	
283	287	264	
260	295	258	
263	275	282	
295	276	260	
273	256	255	
294	277	284	
290	262	286	
268	264	292	
294	267	283	
260	275	281	
279	285	289	
274	284	256	
298	259	265	
251	287	297	
261	278	260	
299	280	261	
295	293	289	
299	293	291	
251	266	275	
278	257	274	
278	289	295	
257	270	274	
299	277	276	
295	298	280	
265	267	259	
261	297	257	
287	284	292	
340	302	319	
343	313	344	
347	324	318	
346	300	333	
341	346	306	
337	342	336	
309	346	306	
346	326	348	
300	313	315	
303	314	301	
319	335	346	
342	344	324	
340	331	337	
315	309	304	
349	321	340	
331	301	340	
325	330	335	
308	301	337	
331	327	317	
344	349	329	
323	327	315	
347	334	320	
303	318	333	
325	339	316	
304	327	305	
325	312	311	
307	336	339	
305	300	334	
349	337	323	
301	328	323	
315	310	340	
342	300	301	
334	322	341	
312	322	347	
312	305	309	
338	319	314	
321	326	304	
325	344	349	
302	323	305	
314	324	329	
324	322	315	
349	312	319	
339	330	328	
321	305	346	
346	318	305	
338	327	320	
348	309	338	
307	342	313	
313	301	330	
335	316	306	
396	391	354	
385	391	356	
381	367	356	
385	356	364	
388	373	394	
370	382	395	
382	395	366	
387	363	373	
370	375	389	
358	355	361	
386	377	388	
354	382	386	
373	364	393	
380	365	375	
360	393	367	
373	393	354	
369	387	368	
372	396	359	
368	366	370	
391	369	385	
368	363	394	
393	359	360	
393	363	361	
396	363	375	
375	397	383	
395	364	365	
365	379	364	
391	357	352	
387	378	362	
375	369	388	
371	397	363	
352	386	364	
364	393	399	
363	373	393	
375	350	391	
379	370	387	
386	365	391	
372	367	364	
365	375	356	
370	375	395	
374	393	371	
353	392	365	
366	393	356	
394	366	370	
352	350	355	
376	357	388	
376	359	375	
354	395	386	
368	359	371	
352	355	391	
403	410	408	
426	442	422	
402	437	427	
412	420	446	
402	438	410	
429	440	443	
447	422	443	
419	405	408	
423	400	426	
434	401	437	
411	447	418	
408	432	427	
448	407	445	
407	442	403	
434	421	409	
419	440	422	
449	417	405	
407	418	447	
432	410	425	
429	415	448	
404	405	449	
424	443	421	
442	437	420	
427	429	449	
436	408	404	
444	405	416	
404	426	437	
430	424	403	
437	426	423	
421	429	440	
416	419	441	
448	435	436	
440	441	409	
432	433	408	
419	442	414	
424	442	410	
440	410	449	
423	430	424	
412	422	438	
411	448	404	
429	443	425	
435	416	447	
411	435	446	
423	429	448	
422	420	406	
419	426	428	
417	403	435	
418	436	400	
413	414	416	
418	435	425	
452	469	488	
478	491	496	
492	465	491	
451	476	456	
457	466	461	
479	497	486	
454	472	453	
471	477	468	
493	458	474	
475	456	472	
473	464	491	
471	497	460	
452	487	463	
493	485	470	
476	493	459	
459	474	467	
471	452	479	
457	471	474	
466	463	461	
459	497	457	
470	466	474	
485	474	481	
485	491	451	
461	459	479	
465	499	456	
482	497	491	
478	497	484	
480	461	456	
497	496	465	
457	483	478	
461	467	466	
464	454	471	
472	496	477	
459	453	452	
491	473	463	
479	486	480	
493	490	458	
475	478	461	
473	464	488	
475	481	462	
476	477	454	
458	487	477	
454	481	494	
489	485	480	
494	481	480	
481	475	451	
487	471	491	
467	469	475	
487	477	495	
470	478	483	
21	19	22	12	
22	41	0	46	
31	38	49	26	
12	47	6	3	
20	45	18	24	
40	1	25	0	
26	8	48	32	
27	46	37	20	
30	39	11	27	
17	20	32	23	
4	19	9	17	
9	28	25	27	
43	9	40	7	
25	44	41	38	
36	14	19	2	
35	48	7	17	
43	21	28	41	
11	8	12	45	
5	33	28	10	
43	42	40	1	
14	45	9	43	
49	48	25	35	
3	42	5	31	
8	48	27	38	
35	13	5	6	
18	19	34	29	
27	5	49	23	
25	13	43	34	
1	10	32	43	
34	49	18	40	
14	0	23	25	
14	22	4	39	
12	22	5	23	
42	35	12	48	
12	9	46	28	
37	7	32	41	
41	3	27	49	
32	48	49	7	
16	48	12	14	
5	35	8	19	
14	41	44	24	
38	32	36	15	
23	35	13	16	
23	40	2	1	
10	27	32	11	
17	2	3	23	
10	26	3	12	
43	23	29	3	
23	30	21	34	
8	3	40	21	
59	65	97	71	
52	89	76	91	
65	75	73	53	
83	77	55	68	
85	70	99	86	
61	97	58	92	
78	97	72	64	
51	58	65	53	
93	62	79	74	
57	89	78	56	
50	67	64	59	
82	64	76	56	
89	59	74	72	
82	96	55	79	
62	80	85	58	
89	97	63	61	
76	93	53	89	
62	71	60	69	
79	64	61	86	
51	50	73	90	
95	90	54	76	
94	55	84	85	
73	74	79	54	
90	88	63	69	
63	95	54	55	
75	70	89	78	
94	66	62	60	
55	87	90	89	
88	76	99	80	
97	50	65	75	
54	80	96	71	
76	80	82	73	
81	66	95	89	
72	68	62	74	
98	88	53	55	
66	89	92	95	
95	59	82	83	
63	87	79	64	
50	88	91	60	
87	89	54	51	
57	74	68	55	
53	63	89	75	
89	98	70	83	
91	78	65	77	
78	54	87	83	
68	69	81	61	
78	61	91	77	
64	62	95	60	
89	68	67	74	
56	51	60	54	
138	142	101	144	
105	116	122	130	
130	120	127	137	
149	124	140	107	
137	109	127	106	
143	141	127	147	
141	118	106	119	
141	142	147	101	
105	132	130	142	
128	142	109	138	
122	141	121	114	
143	138	118	111	
119	123	139	112	
101	126	145	131	
121	123	142	141	
124	126	109	127	
147	132	120	115	
133	132	126	137	
101	106	114	122	
136	111	122	132	
130	115	133	140	
138	148	142	104	
114	116	138	121	
124	146	108	142	
122	119	131	107	
120	102	128	111	
118	148	139	143	
145	117	112	129	
146	112	115	123	
140	114	118	138	
148	129	116	105	
109	140	144	116	
119	134	116	112	
130	112	108	113	
115	126	118	122	
123	118	143	116	
133	147	132	122	
118	122	138	107	
129	123	142	137	
130	122	143	100	
125	111	131	121	
127	126	102	128	
146	124	101	109	
100	109	143	104	
127	109	144	100	
140	142	139	128	
107	133	134	111	
137	100	129	122	
102	127	144	149	
129	119	146	125	
166	172	171	183	
165	167	192	150	
160	176	170	188	
198	157	160	151	
163	168	162	182	
157	153	195	181	
166	197	155	178	
157	199	172	189	
169	168	189	199	
188	185	177	183	
176	195	172	167	
190	184	180	172	
193	175	181	168	
167	187	161	159	
191	168	180	175	
178	175	170	164	
168	184	175	181	
159	153	169	186	
152	198	183	159	
158	174	157	182	
190	181	176	171	
180	177	150	174	
152	154	191	157	
196	187	184	154	
179	198	196	193	
191	158	195	170	
157	154	192	197	
170	165	195	158	
173	171	176	174	
153	160	185	173	
173	167	164	175	
151	163	197	184	
152	175	166	159	
194	177	165	163	
160	163	165	162	
190	185	186	155	
186	152	160	184	
183	191	173	194	
165	156	154	158	
196	180	151	150	
194	175	199	154	
154	194	158	170	
174	196	186	171	
171	154	198	187	
165	154	159	163	
177	182	193	170	
185	151	186	192	
167	154	181	152	
191	159	153	162	
158	172	151	153	
231	206	244	205	
202	239	201	231	
234	228	235	214	
217	225	229	233	
247	211	226	219	
232	228	216	241	
238	243	242	236	
230	243	203	248	
202	238	233	218	
214	203	233	215	
207	202	230	222	
222	232	231	205	
248	243	208	205	
245	225	208	202	
228	204	209	205	
202	236	228	206	
202	204	226	234	
211	243	241	246	
214	228	207	242	
245	228	240	241	
221	220	235	217	
240	227	211	244	
225	209	203	246	
235	200	226	228	
202	244	232	231	
245	240	208	233	
228	247	205	227	
222	244	233	216	
204	215	209	238	
216	218	247	246	
213	241	227	245	
231	230	246	202	
245	218	226	241	
221	244	218	216	
205	249	227	246	
226	206	220	201	
242	204	238	221	
218	247	219	234	
237	245	209	226	
206	235	237	202	
246	235	247	203	
214	239	200	230	
226	228	216	212	
225	233	231	209	
246	209	211	249	
223	244	224	248	
211	237	209	221	
206	205	230	245	
237	245	233	218	
215	224	206	219	
271	298	265	278	
275	279	288	285	
290	255	286	299	
272	293	275	265	
280	286	283	268	
258	252	286	278	
258	283	282	257	
265	268	267	258	
268	259	253	272	
262	254	284	296	
281	259	294	272	
255	280	251	263	
295	259	265	287	
296	288	268	293	
275	288	284	282	
277	255	297	292	
296	259	254	271	
250	255	287	298	
265	297	278	283	
279	270	273	298	
292	282	293	269	
277	254	289	250	
298	286	294	276	
291	257	260	269	
259	260	299	267	
261	254	284	290	
297	268	292	252	
298	294	273	270	
273	254	264	290	
271	273	278	260	
278	275	285	251	
286	271	274	283	
256	257	282	274	
275	251	273	261	
288	250	271	295	
271	265	277	252	
254	273	285	277	
265	278	281	274	
252	289	279	263	
298	289	286	269	
267	299	295	288	
298	250	280	256	
252	280	293	256	
279	275	282	286	
268	277	295	280	
250	283	290	291	
258	297	261	286	
273	267	270	279	
287	254	291	259	
299	295	253	267	
310	313	346	326	
318	322	339	337	
327	325	304	339	
314	336	342	337	
300	316	335	334	
304	331	333	300	
343	318	317	326	
339	306	324	309	
322	324	314	320	
321	324	339	338	
315	309	301	310	
333	331	317	303	
324	326	305	343	
330	315	339	322	
318	338	336	316	
321	343	332	349	
300	349	343	316	
332	300	329	347	
303	304	330	323	
335	326	309	304	
328	313	321	338	
319	329	337	342	
328	311	341	304	
347	306	308	329	
323	310	328	317	
322	335	321	333	
324	308	316	345	
314	321	327	308	
323	313	325	304	
336	303	342	308	
304	328	320	307	
306	323	348	322	
349	332	319	334	
336	328	329	312	
330	341	339	315	
331	345	342	318	
307	330	319	340	
327	342	336	323	
340	325	311	327	
301	309	332	337	
318	349	347	337	
342	319	315	332	
340	339	302	337	
310	332	342	317	
332	345	301	303	
311	330	336	322	
334	323	329	326	
334	316	318	328	
348	321	346	314	
300	328	322	342	
370	399	378	374	
366	392	371	357	
379	393	398	358	
387	357	378	398	
397	353	364	389	
364	396	384	367	
390	399	361	384	
357	369	384	378	
397	373	374	388	
390	387	361	364	
380	386	377	394	
359	364	394	361	
362	388	382	381	
359	353	357	371	
377	368	370	361	
351	371	353	395	
387	379	365	382	
377	374	370	378	
361	350	382	398	
369	399	383	353	
382	387	373	385	
398	375	387	380	
367	372	394	374	
389	397	352	363	
354	393	356	367	
352	384	385	371	
373	374	370	381	
357	379	389	372	
379	359	351	395	
384	370	397	372	
389	358	366	353	
351	366	356	371	
382	351	364	383	
352	376	392	380	
364	355	357	371	
398	384	399	351	
361	363	360	395	
368	366	395	382	
394	356	397	369	
359	374	372	387	
396	391	367	383	
372	360	383	384	
353	389	372	376	
388	375	399	361	
354	370	366	357	
398	388	369	397	
376	354	379	375	
384	366	392	377	
359	376	394	385	
360	395	368	396	
446	447	430	416	
410	414	418	446	
410	438	401	445	
409	436	443	403	
407	423	415	435	
402	404	448	414	
401	403	430	412	
424	445	423	411	
418	429	422	442	
429	414	446	410	
415	435	403	402	
410	442	437	447	
438	424	405	400	
448	437	411	432	
418	423	408	433	
429	400	413	436	
446	415	408	404	
412	439	404	426	
437	415	439	411	
448	440	420	424	
405	430	447	423	
412	438	443	426	
443	402	447	440	
426	443	419	404	
441	410	409	424	
438	434	435	413	
445	429	418	421	
441	404	408	447	
434	407	423	433	
435	414	440	436	
433	443	429	446	
448	427	446	411	
442	420	448	428	
424	415	437	440	
441	416	423	438	
403	437	405	415	
414	439	413	429	
404	403	401	433	
409	417	443	435	
438	420	448	440	
413	442	432	435	
407	403	430	416	
416	444	437	445	
434	418	406	442	
434	420	414	444	
419	447	418	431	
440	426	424	432	
417	444	422	411	
415	447	413	427	
417	421	410	404	
464	453	483	465	
471	495	479	470	
482	491	452	480	
457	488	479	487	
451	491	453	499	
486	468	478	496	
471	475	468	495	
484	478	477	495	
455	495	487	473	
456	493	454	477	
497	485	470	482	
493	455	473	484	
473	458	469	491	
463	484	464	478	
494	470	477	471	
453	495	455	466	
481	477	461	499	
482	466	480	450	
497	469	493	454	
483	488	480	471	
470	460	477	472	
476	482	481	472	
465	460	476	459	
476	477	461	488	
460	474	453	451	
493	480	467	457	
475	468	491	497	
499	458	473	452	
483	474	495	498	
489	461	475	486	
478	469	462	474	
487	483	477	467	
453	478	460	476	
473	481	454	476	
454	474	473	455	
477	461	491	472	
477	487	483	486	
470	494	477	491	
475	456	466	476	
460	479	497	473	
450	491	464	462	
462	463	459	468	
495	451	497	488	
489	456	467	499	
455	467	474	492	
480	469	464	477	
496	458	488	467	
464	489	467	479	
454	474	464	481	
450	486	453	497	
45	39	16	27	32	
17	35	10	33	2	
17	47	46	14	12	
42	24	8	3	25	
12	4	35	10	18	
36	42	37	20	23	
30	49	42	47	29	
9	0	42	14	2	
15	35	3	44	10	
16	11	34	48	10	
8	18	2	34	20	
23	0	21	33	14	
23	47	31	9	44	
21	38	6	2	17	
16	13	47	25	31	
36	6	7	13	38	
0	24	5	20	25	
44	26	21	32	20	
1	36	3	41	49	
27	26	8	35	16	
13	1	48	12	45	
10	19	16	2	22	
0	9	39	7	21	
33	10	39	30	27	
33	47	13	40	38	
37	9	21	44	42	
14	42	3	11	2	
38	24	8	1	0	
28	16	14	11	7	
47	10	45	15	24	
42	23	3	39	24	
8	39	23	4	9	
1	2	15	18	47	
43	18	42	2	41	
4	2	29	12	17	
33	20	41	21	38	
32	40	44	49	28	
29	30	40	39	49	
25	30	9	38	35	
0	11	7	31	9	
7	3	41	48	36	
32	48	34	14	28	
26	35	45	31	36	
46	26	38	48	13	
16	3	47	8	31	
43	20	3	48	22	
30	42	37	13	34	
5	20	33	35	38	
7	28	21	26	36	
48	15	27	49	1	
59	94	90	50	74	
73	50	76	81	70	
90	77	99	58	95	
68	79	89	86	57	
84	50	82	98	88	
95	87	84	63	81	
55	81	73	75	83	
89	86	62	51	76	
82	66	51	60	78	
80	85	90	78	60	
80	71	52	85	67	
58	79	72	86	63	
70	93	77	92	66	
95	88	91	85	98	
62	72	74	75	61	
93	72	70	82	61	
87	51	61	74	65	
53	51	68	94	58	
75	77	81	72	99	
59	96	83	99	65	
88	52	75	55	64	
55	82	86	90	65	
74	50	96	88	87	
61	75	67	84	96	
54	85	96	65	99	
79	97	73	80	96	
89	82	92	81	73	
56	57	83	70	64	
87	81	90	92	88	
98	87	90	52	74	
74	85	58	90	87	
98	62	74	59	69	
63	87	74	99	83	
53	79	73	71	50	
65	89	76	92	73	
59	84	69	58	71	
76	74	55	78	99	
61	64	74	73	89	
94	77	97	69	73	
56	72	71	76	90	
96	97	90	72	77	
74	85	62	59	91	
94	72	56	98	91	
66	53	72	80	63	
53	59	71	57	77	
94	67	58	63	65	
58	52	74	55	95	
80	85	71	99	78	
78	88	69	93	65	
62	84	73	83	72	
117	129	123	102	145	
119	134	149	128	101	
138	117	120	123	109	
103	111	139	123	112	
147	130	140	120	148	
132	128	143	108	138	
130	123	111	104	126	
143	129	123	107	100	
113	107	105	148	120	
125	133	135	128	108	
105	127	129	138	142	
116	144	119	113	102	
149	145	129	128	135	
139	133	123	130	102	
144	135	125	112	136	
142	104	111	106	138	
104	133	105	149	135	
127	122	148	142	119	
110	141	125	145	109	
129	148	105	147	113	
116	147	118	145	136	
113	147	140	108	139	
101	116	138	104	144	
148	114	137	109	129	
141	134	138	136	112	
144	142	101	147	130	
119	113	141	109	144	
101	123	137	106	105	
124	129	106	100	102	
137	139	144	142	145	
106	132	149	122	135	
117	138	118	113	116	
123	137	145	120	124	
147	104	139	101	119	
114	123	133	112	132	
122	106	136	137	127	
103	148	113	118	119	
106	103	117	131	130	
105	134	118	108	147	
120	121	112	122	132	
105	112	103	139	110	
114	109	139	118	124	
100	114	136	110	126	
126	103	112	114	134	
122	120	121	137	124	
119	142	132	124	149	
122	116	131	134	128	
112	149	106	114	130	
103	119	125	135	145	
141	127	147	122	121	
169	194	181	151	156	
153	166	196	190	176	
175	151	162	163	184	
182	199	165	175	186	
169	172	160	199	187	
174	199	184	164	176	
157	183	172	170	190	
199	168	196	198	151	
184	163	165	155	176	
177	178	165	173	158	
186	187	181	178	189	
193	162	161	177	150	
162	178	191	155	166	
152	188	190	150	184	
193	175	161	177	156	
184	183	175	194	196	
176	167	177	192	198	
182	161	196	183	175	
178	159	171	155	191	
185	188	163	177	190	
155	177	172	163	152	
179	176	164	175	190	
154	152	157	173	194	
197	168	184	199	175	
170	180	162	181	163	
161	181	197	196	186	
167	164	176	158	174	
150	158	187	151	179	
153	177	192	150	173	
179	150	171	177	195	
153	178	156	183	152	
171	183	193	169	167	
174	179	186	171	161	
194	180	160	187	177	
168	159	192	163	186	
196	181	155	199	190	
181	190	172	165	186	
183	165	155	156	199	
174	166	194	183	187	
164	181	183	169	198	
157	164	198	151	187	
180	178	154	172	155	
181	164	162	179	184	
154	169	193	172	194	
182	150	180	168	177	
193	172	168	155	153	
167	158	163	183	161	
160	162	184	161	191	
165	194	170	155	163	
171	159	158	178	153	
224	248	221	244	233	
220	239	233	236	224	
248	214	205	229	249	
245	247	214	235	207	
242	237	205	246	217	
233	223	200	201	239	
223	227	202	225	232	
236	239	243	205	203	
201	237	247	228	217	
218	217	227	230	243	
233	202	204	209	217	
208	218	243	227	233	
234	202	204	222	237	
225	213	209	244	216	
201	249	240	214	207	
231	207	201	242	246	
221	230	246	247	248	
235	241	210	228	220	
247	227	213	207	229	
204	215	218	223	227	
225	201	231	229	234	
216	247	219	203	200	
238	225	215	237	240	
219	245	238	216	235	
245	208	203	244	242	
223	212	245	218	234	
243	206	239	217	208	
244	231	212	242	240	
204	206	248	238	225	
212	247	207	215	203	
223	209	212	224	237	
246	220	217	214	218	
210	245	212	206	200	
235	201	207	233	212	
203	246	202	209	239	
215	228	247	217	202	
217	212	245	243	208	
226	236	209	219	228	
230	232	224	229	217	
242	236	200	201	211	
214	236	232	211	209	
239	219	225	233	241	
249	221	218	210	232	
225	240	207	205	201	
206	207	242	226	219	
222	217	208	207	237	
242	213	227	246	237	
200	201	238	228	246	
214	229	243	242	201	
241	218	230	214	223	
260	284	297	277	266	
256	279	286	254	285	
280	267	253	255	276	
253	293	285	251	268	
273	295	254	262	276	
251	271	267	250	277	
258	279	251	287	273	
267	257	283	268	282	
286	295	264	293	298	
251	295	280	258	278	
284	263	279	261	280	
284	299	290	251	292	
253	250	257	280	272	
265	272	264	289	274	
276	267	260	297	291	
288	259	255	294	279	
258	252	273	264	251	
260	262	257	274	252	
292	281	269	277	257	
287	262	257	276	263	
277	282	298	266	268	
295	291	270	298	283	
256	275	270	273	295	
257	264	263	278	285	
278	271	296	294	254	
278	265	259	267	257	
274	292	254	290	255	
283	264	294	262	267	
281	271	294	293	272	
285	284	262	297	256	
299	287	277	260	272	
280	261	257	290	275	
271	292	290	250	298	
294	298	283	279	269	
298	256	250	287	290	
288	267	283	280	285	
270	265	298	281	269	
253	264	270	260	289	
255	251	294	269	281	
270	253	281	254	257	
288	261	268	292	272	
287	257	273	281	293	
255	270	292	278	256	
278	277	279	269	292	
288	292	277	297	272	
293	257	264	274	250	
289	259	299	264	266	
293	287	288	299	250	
271	257	250	259	291	
298	252	271	256	267	
310	302	324	305	338	
346	310	315	320	306	
342	302	336	338	346	
317	309	330	334	346	
305	333	331	336	323	
314	315	317	329	321	
345	346	300	308	306	
331	329	327	324	309	
341	333	339	324	312	
315	338	304	305	328	
303	323	330	309	346	
334	318	306	302	319	
314	338	327	347	303	
312	307	314	344	308	
340	345	309	306	312	
318	328	305	302	341	
339	343	333	325	312	
333	340	331	330	303	
307	323	318	337	308	
322	335	328	329	348	
336	342	326	335	344	
319	330	327	307	339	
323	319	311	324	340	
340	317	327	309	345	
327	337	318	338	329	
331	329	309	304	310	
325	312	343	348	329	
331	322	335	302	340	
349	345	332	316	323	
344	337	301	300	343	
341	306	328	334	313	
324	336	344	340	335	
308	317	311	301	325	
338	344	333	334	346	
315	341	342	318	344	
306	326	322	340	346	
320	308	322	342	340	
345	340	314	333	329	
342	343	313	321	338	
313	329	340	324	330	
345	313	318	344	317	
325	300	301	311	322	
327	333	337	323	307	
335	332	309	328	326	
348	305	346	349	337	
309	332	345	300	311	
335	313	326	300	305	
333	305	346	320	329	
338	300	313	341	340	
346	342	305	306	343	
385	373	383	361	376	
387	397	399	377	359	
375	359	386	397	370	
380	370	372	360	385	
386	374	369	395	385	
396	375	368	361	386	
353	368	379	375	366	
383	366	390	380	355	
361	389	386	354	399	
388	362	377	392	397	
384	399	350	375	381	
388	373	397	353	370	
351	384	352	366	357	
386	389	366	370	371	
394	352	351	353	372	
360	394	392	359	364	
358	378	350	377	387	
382	398	361	355	359	
366	391	394	355	393	
357	391	386	387	372	
354	378	395	379	372	
353	369	375	380	352	
377	384	359	385	398	
388	393	352	387	360	
385	387	398	395	390	
360	355	356	363	390	
364	356	357	396	369	
389	381	388	352	360	
382	399	366	389	368	
353	397	399	372	390	
393	357	388	374	354	
355	398	390	354	375	
373	384	365	395	356	
377	369	367	375	381	
362	358	395	350	355	
385	360	373	372	391	
398	377	351	397	388	
357	377	360	354	353	
365	352	393	373	358	
369	397	375	370	389	
366	376	364	390	387	
374	367	369	399	379	
389	353	383	358	386	
372	391	360	365	361	
355	391	377	353	397	
395	357	370	378	377	
366	359	393	375	397	
378	354	394	364	350	
361	382	358	373	398	
397	396	395	373	378	
405	420	400	433	442	
436	413	419	411	440	
408	429	438	434	443	
448	435	423	412	424	
429	424	418	403	410	
419	415	447	403	412	
402	432	449	407	441	
433	443	437	430	413	
427	419	422	438	425	
416	440	427	447	425	
424	413	426	438	414	
404	429	440	422	428	
444	419	442	404	433	
439	401	448	437	435	
440	444	431	432	442	
448	403	443	435	424	
424	442	405	426	417	
446	417	416	440	405	
447	441	402	414	420	
413	416	436	429	403	
442	408	445	423	411	
448	424	409	421	439	
403	448	414	410	440	
433	421	403	409	406	
427	406	428	404	448	
423	444	432	424	429	
415	416	434	439	418	
416	422	413	409	404	
417	405	433	426	416	
431	400	442	401	407	
424	418	447	404	414	
429	409	419	424	433	
436	431	411	442	421	
445	404	423	425	412	
407	432	433	421	441	
418	403	408	422	415	
446	417	441	426	421	
401	445	427	430	441	
433	426	430	400	445	
423	425	401	412	448	
432	411	404	445	441	
416	407	401	417	415	
448	414	407	420	411	
428	445	442	404	414	
430	420	406	404	443	
402	426	425	404	407	
437	449	434	405	431	
406	428	415	412	442	
444	403	410	435	414	
421	420	432	417	426	
470	491	466	487	489	
479	490	462	455	480	
471	492	465	486	470	
461	460	453	498	476	
473	471	484	488	464	
461	463	484	492	485	
454	484	477	457	470	
488	461	471	496	458	
488	450	460	485	489	
496	499	460	456	450	
469	478	458	491	479	
460	483	454	456	470	
469	453	497	458	471	
462	458	493	494	472	
460	484	487	483	489	
464	498	451	461	491	
488	457	490	498	487	
454	456	460	481	459	
490	462	494	452	473	
461	460	471	481	458	
463	484	485	495	452	
466	493	486	467	494	
494	493	460	462	461	
470	487	481	484	491	
478	469	482	477	484	
463	455	485	494	472	
471	495	480	483	488	
474	480	450	457	463	
461	469	493	497	473	
469	496	486	454	457	
476	460	495	456	481	
454	474	466	486	460	
463	458	470	453	487	
483	491	492	471	472	
467	460	466	490	463	
451	468	459	466	487	
479	469	450	488	456	
491	474	472	485	486	
477	470	468	466	493	
489	494	496	468	497	
491	466	450	474	477	
495	490	489	486	479	
466	477	469	453	489	
489	472	491	495	465	
496	498	480	451	476	
474	483	494	480	462	
493	454	471	467	456	
488	462	487	455	486	
456	459	457	493	488	
459	462	450	481	480	
420	5	207	215	384	204	
247	452	313	197	385	369	
311	122	356	246	120	251	
288	389	353	165	335	446	
19	342	163	306	354	62	
386	364	115	346	205	444	
248	166	228	168	185	339	
147	430	208	440	136	197	
453	307	193	122	459	300	
194	61	138	390	316	248	
217	150	50	45	351	346	
12	446	93	36	10	353	
467	498	152	479	322	242	
117	213	202	167	351	325	
445	296	455	18	315	207	
141	388	31	56	21	369	
101	166	384	213	4	479	
416	231	260	481	375	186	
358	136	82	230	204	8	
476	289	19	463	57	350	
178	229	278	11	16	299	
451	54	184	409	153	448	
129	299	79	81	479	368	
392	495	303	11	435	358	
224	442	212	185	328	422	
50	103	263	65	12	392	
180	489	87	243	177	371	
287	9	130	356	335	236	
165	139	236	230	46	296	
392	183	125	167	236	81	
348	71	83	161	451	248	
484	56	170	353	226	132	
102	185	490	447	232	87	
233	453	150	168	362	210	
385	337	284	350	290	478	
187	36	210	153	234	392	
263	377	430	52	20	236	
492	281	114	157	37	234	
357	304	75	385	109	251	
9	252	183	316	119	85	
243	437	331	421	141	134	
183	123	184	344	249	73	
462	147	348	134	27	384	
404	103	300	10	65	152	
244	96	432	143	425	369	
97	364	168	334	253	315	
480	249	451	343	220	294	
455	453	263	6	110	317	
250	379	20	428	242	439	
335	53	437	174	475	333	
210	66	213	451	468	259	170	
112	110	357	139	164	463	455	
310	201	245	294	153	442	65	
411	362	36	481	98	312	55	
473	194	2	280	43	152	412	
464	118	439	152	97	189	252	
336	243	69	379	473	273	239	
126	84	264	210	465	153	361	
447	380	400	125	454	41	301	
130	234	239	460	469	200	432	
182	195	381	52	76	26	177	
306	101	234	361	368	55	488	
57	329	285	142	198	490	4	
73	309	317	143	267	331	156	
84	119	386	272	93	456	427	
358	461	456	280	399	351	331	
248	168	222	281	302	257	385	
295	437	225	31	145	435	383	
165	2	341	238	352	393	51	
269	194	158	17	53	299	461	
175	112	315	411	415	82	48	
473	446	440	343	288	104	93	
328	174	191	429	92	363	133	
497	43	190	364	422	232	69	
370	229	36	463	325	311	21	
199	440	51	277	338	351	151	
14	407	321	17	231	322	354	
265	176	184	247	489	51	201	
447	118	388	30	417	164	401	
413	310	402	33	416	167	32	
180	474	222	179	139	377	156	
196	48	29	479	52	195	493	
62	468	302	213	69	36	372	
197	282	328	117	342	100	3	
257	411	1	83	373	174	9	
115	78	220	282	64	111	240	
267	465	288	398	357	62	208	
427	173	153	193	238	188	105	
363	89	296	217	378	94	338	
430	49	411	123	133	421	339	
32	137	473	444	41	90	490	
199	191	175	365	375	209	20	
409	185	83	152	229	164	427	
428	45	106	26	322	450	83	
489	455	344	233	361	403	74	
454	160	318	219	189	272	369	
297	290	40	55	199	463	72	
424	337	32	239	268	148	86	
460	499	307	155	356	108	161	
489	492	138	110	292	185	338	
83	69	146	435	334	157	339	23	
411	457	276	26	445	459	81	313	
90	334	311	474	445	138	457	161	
141	88	370	214	368	206	317	340	
248	197	201	306	488	455	14	440	
158	27	249	160	400	159	75	375	
252	152	127	219	465	116	146	81	
142	11	436	322	48	303	345	225	
20	25	415	166	186	182	51	495	
466	7	310	379	305	237	172	475	
395	405	286	226	403	388	117	393	
185	42	110	175	103	47	242	450	
18	401	265	95	397	463	166	313	
136	441	477	123	48	130	278	63	
113	300	396	89	200	247	208	184	
325	476	78	436	108	14	374	139	
245	412	320	184	293	309	443	467	
317	12	153	44	207	79	56	243	
68	163	250	378	121	187	483	335	
143	346	205	455	280	156	420	200	
101	321	264	250	362	153	486	366	
463	91	430	392	51	362	454	161	
221	114	234	163	169	16	34	142	
28	77	261	430	260	335	468	123	
228	308	10	487	491	363	249	214	
309	394	225	252	409	463	418	43	
80	96	490	158	264	428	372	411	
162	157	59	266	433	455	429	379	
170	243	496	350	305	495	394	461	
295	396	234	243	186	120	0	121	
466	165	380	236	82	161	253	218	
164	340	457	195	479	43	308	245	
476	53	327	217	382	355	321	439	
1	343	221	444	148	144	267	492	
346	393	14	44	383	415	253	452	
212	321	490	268	254	51	355	258	
272	446	21	345	466	406	20	98	
224	336	283	308	454	243	331	418	
70	449	95	341	416	352	419	3	
220	495	484	467	427	37	235	112	
184	218	284	185	270	202	215	408	
189	317	274	353	32	162	251	21	
288	315	261	274	329	3	37	461	
321	423	344	430	265	492	335	443	
377	353	153	387	60	72	46	216	
260	69	116	25	222	87	192	152	
153	270	415	117	97	376	446	308	
383	470	488	2	30	355	159	487	
367	90	167	396	242	447	382	160	
460	366	87	471	461	472	63	417	
