27	21	15	
43	39	48	
21	47	20	
49	40	31	
32	1	38	
2	27	40	
9	37	31	
24	22	26	
17	25	21	
9	0	15	
45	7	32	
22	24	34	
45	5	46	
24	12	10	
49	10	2	
17	24	7	
33	24	29	
26	13	4	
5	10	14	
2	35	11	
29	27	21	
37	20	7	
27	43	37	
27	23	29	
37	2	27	
32	49	44	
21	24	16	
20	5	43	
38	19	14	
10	41	22	
2	10	12	
5	2	18	
5	19	18	
35	42	1	
45	11	15	
11	24	27	
6	46	21	
29	46	47	
30	46	13	
18	41	32	
45	8	9	
45	35	25	
34	26	19	
47	15	22	
49	31	17	
26	36	35	
24	43	22	
1	8	45	
7	21	12	
6	35	41	
73	59	90	
90	76	67	
56	91	75	
59	83	82	
70	91	55	
50	73	58	
90	81	95	
79	74	58	
71	74	94	
93	92	95	
74	71	59	
79	62	53	
58	96	67	
55	94	97	
67	65	60	
92	90	50	
63	92	50	
54	57	56	
86	99	89	
83	73	54	
61	93	86	
54	88	63	
75	52	87	
68	51	61	
93	98	61	
98	54	87	
50	63	98	
53	93	75	
56	96	55	
79	75	51	
52	65	68	
64	51	72	
76	62	58	
55	66	76	
58	72	66	
51	86	83	
56	75	99	
56	77	51	
89	98	69	
56	85	67	
85	64	68	
65	67	83	
97	92	63	
93	99	76	
88	94	95	
57	95	67	
86	96	65	
72	85	51	
58	77	55	
67	74	88	
138	147	108	
143	121	139	
145	110	120	
135	148	149	
139	113	130	
102	142	124	
143	133	139	
136	113	143	
117	122	132	
126	147	127	
131	135	122	
124	136	128	
119	148	138	
117	110	144	
149	118	101	
125	134	129	
106	136	100	
147	116	104	
114	103	129	
147	145	124	
105	134	135	
128	109	122	
124	149	114	
141	133	106	
136	134	128	
136	107	144	
131	117	127	
124	123	131	
149	129	105	
106	138	145	
107	139	113	
138	122	120	
101	136	129	
129	145	126	
106	105	110	
147	128	131	
142	107	116	
139	119	127	
148	130	121	
148	115	133	
131	121	149	
137	146	115	
115	102	138	
126	141	125	
115	146	103	
127	121	117	
128	139	120	
143	132	105	
144	145	118	
133	110	107	
199	163	196	
183	186	193	
176	164	172	
174	160	186	
184	160	199	
189	176	162	
152	198	191	
170	163	158	
183	192	157	
160	197	167	
172	193	183	
195	162	184	
180	172	170	
169	197	175	
192	199	194	
175	155	179	
151	170	157	
168	185	180	
167	163	158	
152	151	153	
150	191	169	
185	151	190	
184	166	161	
160	196	178	
164	167	155	
160	199	188	
183	175	161	
161	181	151	
184	163	159	
176	194	155	
180	168	188	
191	168	193	
167	170	176	
191	181	174	
167	195	165	
154	172	184	
154	182	161	
187	155	156	
177	164	181	
190	166	184	
160	193	175	
163	186	151	
170	155	157	
195	180	191	
153	181	194	
175	179	150	
150	184	174	
196	168	199	
165	160	154	
184	168	174	
234	219	210	
222	249	228	
246	241	233	
228	204	203	
209	224	237	
216	213	244	
231	216	227	
243	242	207	
224	241	212	
246	223	245	
225	229	233	
206	220	202	
246	232	221	
242	223	238	
240	205	229	
218	205	232	
217	214	232	
221	225	228	
219	227	239	
227	210	207	
217	225	223	
234	228	243	
238	239	203	
228	223	219	
232	211	207	
202	249	248	
243	242	213	
241	222	236	
229	222	228	
218	242	221	
249	223	203	
216	238	224	
225	243	218	
225	245	227	
220	232	221	
223	231	242	
246	204	205	
247	238	213	
234	205	223	
201	213	215	
214	235	223	
201	235	238	
237	246	235	
227	206	224	
205	226	201	
213	229	227	
230	229	249	
240	208	232	
236	228	223	
237	243	214	
286	267	297	
267	288	287	
262	255	264	
263	270	272	
282	256	298	
275	256	285	
294	285	261	
257	272	283	
256	273	277	
288	253	251	
299	295	287	
258	255	275	
260	250	258	
274	292	250	
297	299	292	
263	295	279	
272	290	260	
281	264	288	
255	250	272	
268	266	286	
278	283	253	
265	269	258	
260	251	267	
283	257	287	
273	263	288	
250	252	278	
261	268	253	
252	280	294	
250	253	258	
281	277	274	
283	294	281	
291	296	257	
296	294	275	
259	263	264	
264	251	283	
252	274	259	
277	273	298	
251	284	274	
261	260	299	
278	284	267	
284	275	283	
285	282	290	
250	270	278	
269	273	286	
282	273	288	
277	295	275	
267	251	256	
292	296	269	
266	261	275	
254	267	277	
315	333	332	
321	319	308	
341	319	334	
303	318	327	
338	306	345	
310	346	307	
340	336	324	
313	306	322	
317	348	300	
326	337	305	
333	336	341	
337	348	303	
334	320	336	
319	300	341	
331	310	348	
322	303	301	
302	340	338	
307	300	338	
306	322	346	
329	338	316	
315	304	300	
302	344	341	
345	334	348	
311	326	316	
333	344	329	
337	327	347	
346	306	332	
348	310	327	
306	319	307	
316	305	345	
317	327	309	
313	339	319	
332	318	335	
302	316	324	
304	335	336	
310	337	335	
317	319	321	
312	317	341	
335	302	347	
347	344	314	
326	322	348	
301	325	314	
302	325	321	
313	341	346	
305	304	345	
336	348	340	
302	325	300	
320	312	307	
343	327	344	
333	332	323	
394	375	350	
385	352	354	
389	380	374	
381	375	393	
369	350	390	
398	364	399	
392	373	372	
357	388	379	
388	375	395	
370	399	371	
386	367	350	
388	392	375	
384	376	369	
382	381	355	
387	393	353	
375	360	389	
359	365	392	
389	353	372	
357	391	368	
381	357	384	
357	350	393	
378	396	388	
399	352	363	
392	355	383	
398	355	369	
373	394	393	
371	399	361	
371	384	375	
392	399	362	
362	392	369	
392	366	376	
351	396	390	
354	395	380	
377	366	362	
363	377	394	
361	355	377	
376	384	372	
368	382	360	
392	366	373	
375	376	364	
393	388	360	
350	362	356	
362	386	354	
377	384	359	
370	362	378	
363	379	385	
380	358	386	
396	385	395	
363	371	356	
389	390	385	
408	401	423	
447	434	411	
445	419	411	
420	403	441	
440	439	406	
441	421	434	
433	400	424	
429	415	400	
423	444	417	
441	444	443	
440	438	431	
419	412	407	
415	419	421	
421	407	417	
447	413	439	
436	413	435	
410	437	423	
431	418	439	
438	442	417	
445	434	412	
401	425	435	
439	424	401	
433	435	429	
418	401	425	
434	427	441	
428	407	409	
438	431	441	
406	444	420	
429	401	436	
430	401	427	
444	410	413	
442	438	439	
446	434	441	
409	411	410	
436	449	414	
423	404	426	
400	420	447	
430	418	404	
443	432	423	
427	416	409	
406	440	403	
405	436	424	
431	448	400	
405	413	418	
446	413	429	
427	426	408	
407	420	422	
409	446	449	
432	400	447	
418	432	425	
496	474	459	
472	464	470	
481	464	459	
468	456	479	
477	452	481	
462	478	458	
491	485	488	
497	459	465	
454	462	472	
452	469	482	
452	482	456	
492	498	461	
460	451	469	
490	478	494	
481	491	453	
490	491	468	
485	487	471	
471	496	481	
478	493	461	
460	456	478	
478	470	492	
486	492	489	
463	466	474	
486	466	488	
477	469	457	
475	479	467	
495	472	451	
486	463	497	
468	482	453	
478	479	489	
487	455	467	
455	454	459	
483	493	474	
463	453	450	
490	499	474	
452	451	474	
485	452	470	
451	499	461	
498	460	487	
487	461	486	
486	471	488	
469	459	495	
492	497	469	
474	491	485	
479	458	467	
452	485	483	
466	477	459	
471	461	458	
465	473	487	
461	471	493	
26	9	47	30	
19	39	10	25	
29	9	3	42	
21	16	47	18	
21	4	17	9	
27	49	19	11	
36	20	17	4	
20	18	8	28	
37	5	6	17	
43	0	48	46	
6	30	9	38	
15	5	14	37	
30	25	0	5	
15	5	29	47	
32	4	11	38	
25	44	17	24	
38	37	15	32	
5	15	40	37	
43	38	4	21	
0	22	20	18	
31	4	26	6	
0	41	9	30	
36	35	44	25	
2	10	22	12	
35	30	8	19	
47	0	15	28	
7	41	36	47	
2	49	46	17	
15	31	43	17	
47	20	21	31	
1	29	19	45	
0	45	24	25	
26	8	7	3	
49	34	35	30	
0	37	15	23	
29	22	1	14	
34	7	4	12	
27	3	37	45	
27	31	6	36	
6	17	48	1	
35	14	31	37	
40	28	12	43	
39	41	22	0	
16	10	44	28	
10	32	34	18	
29	24	40	42	
48	22	39	41	
18	33	42	9	
36	24	23	7	
14	33	46	20	
58	98	82	78	
76	56	79	80	
98	86	87	96	
85	62	63	81	
87	52	50	82	
97	64	82	98	
95	76	62	86	
85	64	52	67	
84	87	69	82	
63	96	98	91	
73	51	71	63	
92	51	74	97	
72	62	90	55	
56	86	78	65	
68	59	78	75	
80	99	95	73	
52	67	94	81	
70	79	75	64	
55	76	51	82	
61	51	76	92	
51	62	93	97	
71	81	74	63	
76	88	59	71	
75	88	54	72	
79	91	72	64	
72	85	78	60	
96	87	94	84	
74	68	94	81	
97	70	99	78	
53	63	57	92	
92	74	80	51	
90	53	83	68	
87	86	51	84	
87	67	58	56	
90	83	63	77	
57	62	69	74	
87	77	94	67	
55	77	75	53	
98	72	73	75	
71	98	63	97	
64	79	71	55	
74	93	96	82	
98	57	63	70	
99	94	72	55	
86	63	56	55	
93	73	51	90	
80	75	96	64	
76	84	68	60	
71	62	82	94	
92	52	65	82	
125	132	108	110	
132	106	127	119	
103	127	133	121	
140	110	142	100	
114	112	126	118	
137	111	120	138	
140	137	110	131	
120	114	106	107	
124	134	131	130	
144	100	132	127	
140	100	112	128	
136	124	114	112	
138	131	139	114	
141	111	147	135	
120	125	104	110	
139	122	129	102	
149	146	121	113	
110	104	128	122	
115	121	122	137	
103	141	101	119	
137	117	125	115	
142	135	101	116	
106	113	129	136	
144	135	125	109	
114	143	126	104	
105	115	137	107	
126	141	106	121	
137	148	135	101	
125	122	110	104	
121	142	117	111	
149	117	126	140	
127	104	101	122	
106	140	128	125	
121	134	115	140	
118	116	117	145	
139	108	138	118	
136	110	148	111	
146	102	101	126	
141	126	133	131	
115	142	137	145	
114	122	120	105	
111	128	102	108	
148	104	111	114	
111	124	137	129	
143	125	118	106	
121	133	119	141	
132	107	122	120	
102	142	146	111	
136	106	128	148	
143	128	117	107	
161	185	197	188	
194	155	177	158	
194	198	161	181	
153	174	172	170	
187	161	151	197	
173	152	165	175	
168	190	180	191	
163	153	160	193	
182	194	166	180	
175	171	159	188	
158	152	171	178	
194	152	187	166	
180	179	168	170	
192	183	164	191	
162	199	155	188	
157	169	162	196	
184	166	183	151	
190	161	156	177	
181	161	199	174	
160	158	190	153	
170	185	159	152	
186	184	152	179	
173	196	160	181	
193	177	152	156	
177	178	192	182	
162	167	161	197	
171	179	198	161	
184	193	165	156	
167	164	152	157	
163	151	184	181	
178	192	175	162	
151	176	159	184	
182	175	162	198	
153	193	173	165	
187	182	152	166	
161	151	196	181	
183	150	173	153	
164	160	194	175	
151	181	191	166	
187	193	179	172	
175	186	173	152	
185	187	170	182	
194	191	151	189	
152	190	155	169	
156	185	190	184	
196	175	190	160	
151	168	180	173	
184	169	150	175	
180	152	185	175	
167	194	177	187	
201	241	202	249	
240	227	241	218	
229	228	211	204	
229	222	219	221	
228	244	204	237	
202	211	243	209	
241	237	220	223	
224	201	200	228	
208	207	225	243	
210	211	219	214	
201	202	220	230	
230	213	217	235	
246	200	249	238	
237	215	241	216	
224	227	246	212	
202	222	211	224	
205	236	217	238	
214	232	222	202	
214	219	230	233	
239	217	245	218	
228	248	211	221	
242	232	245	224	
216	230	249	241	
239	220	216	245	
223	234	225	208	
210	204	224	249	
249	242	211	218	
248	233	227	231	
232	238	245	206	
201	223	245	222	
200	227	234	201	
217	207	221	243	
221	248	200	219	
243	242	238	227	
208	235	240	226	
209	230	236	223	
241	231	224	208	
247	217	226	223	
227	209	231	228	
201	206	226	245	
242	215	229	223	
225	222	236	230	
206	202	210	228	
240	228	212	208	
233	202	224	221	
242	211	203	212	
220	229	203	231	
214	228	230	202	
224	221	242	225	
238	228	237	229	
272	280	265	297	
296	289	279	281	
293	291	253	256	
265	272	274	269	
291	288	277	283	
292	272	285	273	
258	294	285	272	
286	253	284	296	
273	284	259	295	
293	270	250	251	
261	250	251	267	
266	292	291	265	
294	267	285	286	
270	265	271	264	
294	278	277	256	
264	281	285	258	
263	296	274	259	
262	275	270	278	
266	257	255	289	
276	279	293	258	
254	289	255	287	
278	270	267	250	
264	262	255	285	
272	298	294	283	
261	252	289	279	
270	293	285	287	
256	296	295	266	
269	259	292	272	
299	292	275	261	
272	296	280	270	
259	270	283	265	
269	299	270	250	
266	296	264	283	
262	263	251	291	
283	277	286	297	
285	282	279	274	
277	251	293	280	
256	266	285	287	
288	284	299	286	
275	290	265	261	
284	287	285	281	
294	280	289	262	
255	274	293	292	
294	278	256	255	
283	258	279	275	
252	299	280	285	
284	282	257	270	
294	264	253	262	
258	287	270	274	
280	266	254	292	
344	327	334	328	
323	337	325	333	
314	317	304	322	
317	319	333	338	
329	310	307	319	
316	314	303	321	
345	317	334	307	
333	307	343	319	
302	324	329	328	
334	304	301	310	
321	342	327	337	
318	326	331	340	
345	304	313	321	
328	333	323	332	
300	317	305	337	
307	314	328	316	
315	321	312	331	
345	329	339	320	
332	324	329	301	
333	335	308	313	
349	335	306	340	
332	321	319	314	
348	311	340	306	
337	309	335	312	
347	322	301	319	
313	330	312	335	
333	300	348	346	
323	348	311	306	
337	345	321	313	
301	312	339	304	
327	331	302	334	
330	319	332	345	
344	335	336	326	
311	324	330	306	
305	312	316	317	
304	326	321	330	
344	326	324	302	
301	319	328	341	
327	307	308	326	
348	328	347	303	
309	322	347	321	
320	329	321	305	
347	306	332	323	
325	326	302	336	
301	329	302	306	
318	306	339	329	
349	304	315	328	
331	315	347	349	
346	330	333	309	
315	330	307	328	
352	353	397	383	
377	385	383	369	
382	397	374	356	
358	368	371	350	
378	398	395	370	
371	393	384	370	
396	372	379	358	
374	379	354	358	
372	389	353	382	
360	354	393	369	
372	361	394	363	
368	383	378	366	
355	365	390	358	
358	356	380	370	
394	385	352	382	
382	361	363	351	
368	354	360	390	
399	377	384	352	
360	366	353	381	
389	390	352	392	
395	363	360	369	
351	361	362	369	
354	380	393	395	
351	356	366	357	
376	367	391	364	
396	367	354	398	
362	375	373	399	
356	372	362	376	
391	396	367	372	
362	361	355	359	
396	366	352	359	
387	351	357	366	
357	397	364	392	
386	362	382	361	
360	355	365	369	
391	383	387	366	
381	350	394	395	
362	389	352	361	
368	381	399	383	
383	390	396	372	
373	367	370	359	
396	363	367	374	
377	379	396	362	
383	368	370	355	
362	380	365	390	
378	383	390	356	
363	360	353	389	
369	358	350	361	
360	378	391	359	
390	392	359	350	
444	410	434	416	
411	428	435	418	
444	443	403	419	
422	417	446	430	
413	407	421	446	
439	438	408	413	
437	443	406	435	
445	435	424	414	
446	435	402	434	
422	438	407	417	
406	410	443	432	
419	437	400	407	
419	435	442	429	
431	434	407	449	
417	423	438	433	
424	414	447	418	
417	431	434	420	
437	449	431	417	
427	411	447	401	
413	443	430	436	
428	407	409	402	
447	428	405	413	
444	438	427	445	
404	412	434	405	
404	429	417	441	
404	417	434	418	
435	419	445	425	
400	437	426	427	
434	430	446	419	
424	437	412	427	
420	414	416	429	
414	408	445	424	
404	448	423	418	
407	414	439	406	
430	406	434	401	
443	422	408	420	
401	403	409	436	
434	401	426	435	
449	421	422	442	
407	434	408	433	
402	436	425	437	
437	415	423	447	
447	430	422	406	
446	420	431	419	
426	431	449	429	
443	433	437	413	
443	444	448	418	
401	406	445	425	
423	449	437	446	
423	408	406	415	
494	453	472	490	
496	472	460	479	
459	499	493	487	
468	450	480	466	
478	481	486	485	
469	480	491	498	
460	486	454	471	
469	480	495	489	
485	475	493	463	
464	469	497	451	
469	485	494	459	
466	452	463	451	
474	490	498	461	
482	458	465	490	
469	490	453	496	
464	475	454	471	
494	467	464	473	
478	473	483	484	
487	494	485	459	
470	494	462	486	
467	458	487	480	
459	489	491	450	
492	483	459	477	
479	494	452	474	
453	467	450	496	
470	479	467	456	
477	487	459	484	
464	499	476	497	
459	485	497	494	
484	483	452	478	
487	460	475	452	
485	464	466	453	
486	477	472	493	
478	496	456	493	
497	479	487	463	
474	494	460	489	
468	475	472	489	
483	495	476	450	
499	490	476	457	
454	497	481	476	
455	491	492	472	
481	492	499	479	
488	453	477	494	
490	479	470	486	
473	491	490	452	
473	481	477	476	
470	482	485	476	
472	464	467	488	
483	463	466	485	
460	469	461	454	
13	0	4	20	7	
44	16	2	36	1	
42	45	27	24	15	
5	9	43	19	46	
29	34	43	1	20	
8	14	20	31	40	
24	20	38	4	17	
33	24	45	1	20	
36	34	23	29	5	
9	27	13	43	4	
46	37	35	19	38	
46	17	35	47	30	
43	37	17	28	30	
32	19	46	14	36	
4	5	33	39	1	
43	16	2	26	1	
41	21	43	25	9	
0	43	3	29	1	
14	42	39	16	45	
18	45	5	3	9	
8	13	42	30	16	
13	11	7	2	8	
43	13	21	41	0	
48	1	20	18	15	
23	36	3	40	8	
1	29	35	36	33	
40	34	14	41	27	
36	25	33	31	16	
40	42	33	43	8	
32	41	30	4	20	
17	32	36	16	39	
36	9	4	13	49	
45	34	33	49	43	
36	29	12	25	41	
42	31	7	20	24	
14	26	40	1	35	
26	42	15	47	40	
25	7	44	43	20	
14	43	2	21	32	
30	49	5	17	42	
47	5	29	37	31	
13	26	20	21	29	
4	43	46	31	3	
40	23	33	45	38	
13	19	36	37	28	
27	25	45	11	36	
38	42	13	46	43	
37	39	9	12	48	
20	35	8	0	30	
16	49	33	13	10	
90	57	94	83	78	
59	62	87	80	72	
54	86	59	77	70	
92	78	93	79	72	
85	75	55	53	73	
78	82	63	54	67	
51	91	63	98	74	
69	88	93	90	99	
50	73	92	60	65	
77	97	82	87	89	
83	73	84	56	85	
80	82	62	87	83	
79	96	59	80	87	
76	72	90	51	62	
87	81	80	70	94	
76	81	50	64	52	
62	58	70	68	59	
93	57	73	63	62	
87	86	99	72	60	
82	95	54	69	78	
99	97	74	87	68	
86	84	76	77	69	
86	72	53	75	71	
59	80	89	88	94	
65	90	86	68	73	
90	69	85	88	52	
95	84	76	94	78	
78	95	81	84	98	
76	60	53	57	68	
82	73	63	87	70	
66	88	52	92	80	
61	68	93	94	76	
56	96	94	85	72	
66	73	61	72	68	
95	88	74	63	93	
88	69	78	63	91	
56	57	70	60	85	
54	72	56	50	90	
97	71	60	98	65	
99	79	50	95	60	
78	81	89	52	72	
75	78	69	54	73	
65	60	80	70	88	
98	51	79	76	54	
80	59	84	73	97	
62	60	70	56	71	
83	93	63	80	50	
89	56	95	51	92	
62	80	64	55	68	
71	56	88	82	59	
112	103	133	126	141	
144	131	139	149	142	
106	111	135	141	122	
120	145	111	108	131	
124	110	100	128	113	
101	119	143	121	141	
149	105	139	108	145	
124	129	148	146	104	
115	110	133	101	124	
147	149	127	115	109	
102	119	120	117	142	
118	124	128	122	100	
114	142	104	124	107	
134	121	102	148	113	
148	113	132	130	120	
115	112	134	129	116	
118	136	145	147	135	
129	120	114	119	122	
114	115	102	117	104	
126	114	149	123	106	
121	147	104	146	139	
134	113	141	101	126	
118	110	112	124	106	
110	106	100	117	107	
117	143	115	149	128	
131	116	147	123	124	
117	119	126	130	144	
128	132	111	137	145	
113	128	129	133	144	
111	114	130	101	128	
147	131	136	141	123	
132	144	117	139	104	
137	108	146	110	138	
133	135	128	145	107	
131	130	113	118	119	
112	102	115	122	101	
142	119	143	136	100	
108	142	113	115	126	
101	139	122	117	124	
114	106	138	104	120	
140	111	142	113	137	
123	139	135	132	133	
118	123	107	149	142	
109	117	142	118	141	
107	142	146	109	126	
113	102	105	149	139	
137	146	119	142	138	
131	121	108	118	147	
120	144	117	106	141	
132	122	100	133	130	
177	181	150	187	190	
187	152	196	151	171	
186	187	183	176	158	
169	150	194	198	165	
158	190	195	197	174	
195	199	165	187	182	
189	154	177	183	162	
188	173	160	183	169	
193	171	167	195	174	
194	186	181	173	154	
160	159	180	199	177	
158	184	163	196	190	
166	197	182	170	151	
175	199	184	154	197	
179	150	190	165	164	
191	193	176	165	189	
183	178	195	186	191	
198	153	184	160	158	
185	178	187	160	159	
152	166	183	170	199	
155	164	152	179	172	
186	167	161	194	154	
190	199	175	184	186	
197	189	178	152	166	
191	159	198	162	171	
179	168	153	165	196	
190	172	167	163	153	
170	190	194	197	169	
174	150	194	197	175	
175	192	181	156	163	
193	169	192	164	180	
163	198	187	197	174	
176	165	172	190	197	
156	182	197	180	161	
152	195	172	188	197	
181	186	172	178	168	
199	177	195	151	184	
196	181	178	161	186	
170	187	198	150	180	
177	158	155	196	191	
198	192	177	155	182	
185	189	183	190	198	
160	179	156	180	153	
169	167	170	197	158	
158	186	177	173	164	
175	165	168	154	185	
167	169	194	181	178	
181	159	175	168	182	
163	160	179	188	157	
199	158	177	155	156	
246	216	203	207	235	
202	206	222	230	224	
234	226	203	211	212	
226	232	204	222	229	
244	235	243	230	219	
206	235	246	229	215	
207	222	217	221	215	
245	216	206	229	234	
206	232	247	243	217	
218	235	241	249	238	
232	218	225	244	240	
200	234	201	219	221	
216	224	235	231	209	
209	214	208	206	204	
232	203	244	221	211	
226	232	236	222	212	
202	233	237	222	228	
209	210	238	234	241	
236	205	212	226	231	
204	216	219	224	215	
225	244	222	242	209	
207	205	220	227	244	
220	219	231	240	202	
231	230	209	215	206	
240	202	221	224	248	
207	235	236	215	218	
214	226	237	213	206	
208	224	249	247	237	
220	241	240	212	222	
248	213	207	240	211	
237	245	222	211	210	
212	219	203	216	209	
209	239	223	233	245	
205	216	226	209	239	
214	245	206	246	211	
241	210	226	215	242	
202	206	244	245	201	
217	238	239	236	211	
233	248	240	232	247	
225	221	201	247	222	
225	227	219	224	204	
233	249	220	242	230	
225	205	242	228	232	
219	229	228	211	225	
246	218	217	216	222	
237	248	202	243	233	
232	230	203	225	216	
213	215	236	243	212	
237	202	224	206	212	
237	229	236	238	225	
285	254	263	278	274	
293	261	288	298	291	
296	279	266	298	287	
263	262	291	299	289	
284	257	278	254	283	
290	287	256	263	274	
285	255	281	253	250	
251	296	261	255	290	
260	295	292	264	251	
298	271	288	286	273	
275	293	279	281	280	
253	279	283	289	268	
263	251	287	275	272	
281	296	256	258	291	
281	285	278	295	280	
292	278	297	281	286	
293	297	264	272	276	
280	282	274	277	273	
259	261	263	265	293	
272	293	252	260	253	
257	251	271	256	269	
265	294	297	291	287	
286	274	281	298	251	
278	257	253	285	280	
265	260	270	290	264	
292	259	257	273	252	
264	267	274	299	255	
274	272	287	280	295	
255	285	279	258	256	
282	273	293	259	295	
279	253	251	299	259	
250	264	261	283	255	
263	291	287	264	272	
262	279	288	281	255	
257	275	281	297	276	
270	299	293	262	251	
260	290	250	292	265	
261	299	263	278	250	
260	289	288	296	259	
252	265	254	260	292	
291	275	290	264	266	
268	261	280	294	281	
282	272	255	276	259	
254	261	255	260	280	
254	282	278	285	250	
265	268	269	264	290	
276	292	265	283	274	
276	270	259	272	286	
273	291	271	254	256	
287	257	295	274	250	
322	327	318	346	310	
303	336	338	316	345	
328	304	334	339	331	
319	307	339	318	325	
332	349	318	347	345	
349	344	305	345	310	
320	314	318	339	317	
333	318	306	326	339	
317	348	303	321	300	
320	303	342	336	328	
338	314	300	334	349	
327	313	319	334	306	
319	334	303	321	338	
343	301	329	338	308	
316	315	310	308	347	
337	341	302	311	322	
344	340	343	325	312	
305	341	339	337	308	
300	305	319	345	340	
318	344	326	320	336	
337	325	315	338	317	
327	313	314	309	311	
318	311	315	327	306	
322	317	315	312	342	
305	326	324	337	342	
311	315	328	332	325	
322	324	307	334	325	
334	318	339	321	313	
344	306	334	316	336	
310	323	331	311	341	
345	330	312	328	331	
343	317	330	316	338	
338	329	314	347	318	
320	312	343	322	311	
319	316	321	302	304	
310	314	302	303	344	
312	323	342	341	322	
324	328	311	348	321	
311	343	345	335	320	
347	318	325	312	329	
331	348	302	322	320	
321	313	305	342	348	
305	337	346	310	309	
340	319	311	304	338	
338	316	320	330	318	
336	328	318	325	301	
331	349	308	335	344	
344	302	321	303	335	
302	343	332	326	311	
301	317	344	315	327	
378	372	352	379	381	
370	352	357	368	396	
392	361	365	394	396	
367	365	377	379	388	
399	362	357	358	368	
357	381	385	399	391	
374	382	371	393	361	
364	369	374	356	387	
380	367	356	391	395	
357	398	365	378	350	
382	397	399	383	379	
396	352	365	355	351	
364	353	352	389	392	
383	371	393	359	386	
374	397	378	385	365	
388	358	352	360	394	
369	352	382	379	395	
350	355	354	397	372	
355	381	384	350	352	
367	398	351	355	385	
354	373	389	368	385	
377	362	375	355	365	
382	388	392	372	375	
382	352	351	373	393	
359	388	357	363	397	
364	354	359	389	357	
371	352	395	380	387	
398	359	356	381	377	
394	366	374	364	375	
397	386	394	364	368	
364	381	351	367	366	
377	383	390	353	370	
366	357	354	351	360	
393	375	383	374	361	
399	390	357	355	367	
354	392	393	383	391	
369	355	361	358	388	
391	379	393	398	381	
375	397	351	389	383	
357	382	390	396	398	
367	371	370	397	398	
395	382	350	370	372	
399	373	353	395	372	
398	393	354	399	374	
378	384	364	393	381	
375	392	362	396	367	
393	387	362	370	372	
386	385	355	366	380	
373	369	389	362	370	
386	383	390	395	379	
412	415	429	401	423	
448	411	446	438	447	
401	411	426	438	442	
418	439	421	445	403	
426	413	401	446	420	
431	448	415	410	421	
435	416	410	433	449	
405	445	437	434	448	
427	437	409	444	402	
435	422	404	415	403	
406	402	433	444	401	
427	404	418	444	401	
403	420	442	400	437	
411	412	434	402	403	
432	426	444	427	400	
429	431	443	410	440	
445	421	417	430	411	
408	430	407	442	435	
431	419	418	424	403	
427	444	411	445	435	
448	426	438	425	411	
405	422	425	410	449	
414	425	419	405	420	
412	434	449	431	433	
405	404	428	435	438	
430	428	440	417	443	
429	423	424	436	401	
435	404	412	429	423	
446	404	433	434	417	
431	438	417	411	406	
420	446	403	444	419	
406	401	445	428	441	
401	410	435	419	445	
444	437	449	426	418	
438	425	418	410	440	
422	418	432	420	435	
445	436	426	418	416	
427	440	417	406	428	
433	421	403	444	426	
405	438	433	427	434	
403	407	444	419	411	
412	419	416	413	407	
445	434	405	442	448	
418	440	408	416	431	
446	436	433	421	411	
446	447	404	440	430	
404	433	405	415	436	
402	447	427	405	417	
416	442	412	429	403	
434	404	409	425	441	
456	492	452	482	477	
481	465	499	461	455	
499	453	452	477	485	
481	489	467	451	453	
490	477	482	496	492	
472	485	479	463	491	
471	485	481	462	450	
489	482	470	454	457	
461	480	485	481	459	
461	482	474	493	455	
457	481	490	469	493	
489	450	478	457	490	
486	494	491	472	478	
497	495	477	451	462	
464	466	483	498	476	
492	498	464	462	479	
462	463	484	474	466	
451	487	482	458	477	
470	492	467	497	456	
490	473	453	478	470	
472	473	499	491	466	
495	472	487	479	459	
465	481	488	468	463	
466	454	464	459	452	
491	492	455	456	495	
454	461	467	478	455	
463	477	455	499	459	
488	473	469	491	463	
491	485	496	493	484	
452	492	481	487	491	
492	488	461	487	473	
490	450	463	456	473	
472	470	484	452	462	
474	467	481	477	492	
452	454	467	480	458	
497	485	498	499	464	
486	488	481	473	450	
459	495	455	497	456	
488	454	496	479	490	
470	498	451	490	475	
471	488	466	453	454	
492	468	489	481	486	
455	476	490	488	462	
489	453	497	472	498	
496	455	467	460	466	
456	497	471	451	491	
452	472	466	470	465	
462	476	454	461	457	
493	452	488	492	470	
484	481	479	497	475	
388	217	118	389	382	422	
86	92	405	24	193	30	
280	452	201	431	42	228	
172	361	193	449	430	248	
47	88	458	51	263	227	
62	420	213	310	400	236	
401	462	141	265	200	363	
137	413	357	326	104	228	
224	418	15	404	43	71	
483	101	180	190	456	224	
261	443	218	61	173	450	
346	122	400	102	328	479	
452	304	265	29	441	483	
404	218	110	317	327	27	
150	60	468	18	68	22	
370	45	131	119	494	139	
187	470	233	384	179	449	
52	94	279	36	426	395	
459	333	263	344	205	302	
222	238	252	303	449	471	
63	43	361	166	304	428	
416	94	53	253	332	367	
478	77	105	244	411	220	
240	430	298	147	420	404	
325	350	273	199	283	262	
100	412	152	453	218	190	
366	413	186	246	337	441	
302	146	394	233	387	439	
65	322	414	302	391	166	
32	497	420	360	238	455	
136	233	285	109	457	76	
302	86	169	131	472	278	
36	170	407	306	381	138	
90	79	84	299	94	183	
404	480	486	224	372	116	
265	141	395	312	418	305	
28	494	115	410	339	375	
159	243	399	211	282	68	
175	358	359	154	245	60	
378	22	196	389	135	498	
435	276	17	161	492	233	
315	421	229	95	11	328	
54	450	456	453	354	352	
484	83	390	452	263	20	
210	208	472	37	137	228	
22	210	335	434	298	283	
334	214	8	316	369	199	
268	191	22	310	38	362	
303	185	146	46	452	113	
166	66	203	423	180	112	
193	124	5	83	272	420	
18	270	330	486	383	455	
386	93	65	126	68	96	
20	424	203	117	238	2	
476	483	256	384	485	58	
144	225	21	372	25	96	
397	390	141	62	290	399	
359	42	213	497	34	7	
411	434	296	26	194	57	
44	233	443	307	376	229	
140	208	443	490	350	444	
48	200	242	50	27	462	
318	415	444	161	288	382	
320	203	216	341	444	217	
113	295	304	442	98	381	
57	65	389	7	42	209	
479	44	132	63	416	205	
404	309	409	453	255	71	
24	259	224	480	262	174	
206	84	9	293	360	433	
8	156	293	88	287	382	
357	159	173	419	496	409	
456	278	171	89	236	110	
47	258	477	287	57	277	
101	178	1	195	96	32	
353	350	86	236	177	324	
81	8	204	145	205	168	
388	14	41	123	381	68	
221	440	454	392	393	291	
403	474	181	435	29	345	
325	399	184	372	208	44	
65	378	255	86	179	451	
144	181	30	311	426	76	
279	245	86	214	383	437	
47	375	243	414	7	60	
357	393	131	406	348	212	
333	71	242	34	369	278	
239	207	220	82	51	310	
12	177	414	254	401	357	
364	415	72	85	360	137	
260	219	273	410	75	128	
126	121	260	394	400	292	
111	261	248	123	302	389	
93	287	338	165	362	370	
339	484	41	225	153	419	
222	289	15	124	137	109	
166	347	382	120	235	79	
311	57	126	83	48	73	
405	296	384	198	135	388	
346	84	96	132	254	477	
275	115	343	391	423	133	
18	211	251	50	389	28	
424	82	35	397	34	429	
419	210	16	189	68	259	
130	196	70	78	410	174	
136	142	429	61	264	9	
496	467	267	447	439	368	
191	406	79	221	351	440	
399	60	44	147	124	453	
192	26	152	161	43	325	
340	100	357	388	316	347	
478	356	252	295	197	192	
51	446	88	269	464	192	
388	309	448	436	365	250	
392	153	397	425	345	42	
191	458	301	473	169	303	
313	95	109	162	14	6	
119	1	118	174	408	296	
214	219	33	87	268	284	
40	132	136	74	13	401	
55	140	262	20	496	260	
247	193	165	125	148	352	
152	17	155	448	371	366	
461	68	292	240	257	460	
437	279	371	85	10	62	
392	215	273	443	471	294	
441	211	224	20	42	122	
434	193	380	412	32	483	
471	21	29	447	230	449	
71	425	343	330	368	321	
99	448	369	201	47	169	
199	243	360	231	307	407	
205	258	180	431	164	261	
286	9	391	306	398	2	
22	448	470	456	292	384	
394	207	15	477	461	348	
75	476	482	67	483	233	
8	498	459	490	162	54	
128	67	495	485	217	340	
311	109	350	217	434	241	
284	12	164	161	421	202	
184	170	176	303	366	51	
134	36	197	302	87	262	
100	479	178	135	21	38	
58	97	324	234	247	316	
370	107	469	209	95	481	
347	122	125	148	469	378	
247	237	380	465	80	366	
148	331	343	308	491	376	
409	339	117	218	311	192	
318	339	406	435	295	75	
164	345	356	281	71	237	
234	227	23	374	294	129	
169	287	375	481	488	106	
499	32	87	53	33	114	
244	150	199	69	414	120	
303	153	230	292	148	496	
69	105	281	320	212	174	
232	361	92	329	15	156	
298	247	299	305	328	394	
344	127	408	13	425	52	
304	84	356	431	336	364	
141	88	1	256	473	429	
333	471	412	65	303	479	
340	169	400	79	152	205	
184	410	306	201	398	272	
194	107	267	446	185	327	
240	293	146	396	236	450	
205	159	468	354	336	29	
42	372	250	185	5	232	
465	90	165	320	469	335	
407	478	56	416	385	397	
178	97	56	72	293	405	
81	354	300	243	337	239	
370	63	52	283	447	434	
236	124	318	148	119	118	
497	41	241	207	227	447	
37	473	36	31	40	144	
142	412	294	331	130	330	
466	217	254	406	371	343	
375	266	155	469	95	130	
74	484	397	331	345	376	
41	150	351	277	4	312	
81	380	485	44	482	22	
237	397	259	235	138	112	
17	359	228	370	251	365	
24	294	143	271	85	218	
52	111	340	93	282	294	
477	417	146	322	133	409	
324	119	474	222	451	121	
194	131	388	396	16	360	
393	46	288	323	465	123	
192	49	136	206	307	234	
478	325	5	237	286	344	
76	50	244	379	137	24	
123	34	122	167	450	238	
337	340	160	487	432	126	
32	441	224	480	478	126	
255	460	81	23	41	104	
434	485	103	316	241	340	
298	42	443	39	234	208	196	
431	71	281	151	385	468	475	
197	264	369	322	310	189	259	
453	263	78	228	177	68	124	
464	103	40	122	222	118	37	
283	277	82	94	457	350	124	
367	216	249	255	76	266	78	
325	198	466	248	338	121	107	
49	294	65	328	176	54	457	
491	6	42	363	13	280	57	
321	312	436	174	33	181	493	
182	204	112	217	200	323	349	
197	412	332	394	349	408	169	
307	450	202	31	331	164	57	
428	75	156	44	147	0	228	
409	437	53	73	152	447	244	
69	276	443	22	298	117	0	
220	462	142	476	333	67	209	
65	84	471	83	110	99	91	
121	429	196	499	375	374	256	
257	287	270	45	124	218	409	
348	498	188	353	387	205	401	
285	172	69	213	22	71	118	
40	128	93	61	234	361	180	
198	308	142	7	132	190	107	
50	89	204	101	326	401	399	
301	199	279	209	132	15	241	
306	280	307	117	122	396	56	
456	485	180	52	152	428	356	
349	41	91	38	60	139	50	
6	88	27	377	239	177	123	
264	22	50	330	107	233	394	
475	182	7	343	395	226	168	
422	298	409	95	125	358	205	
320	71	323	187	158	214	6	
118	188	343	489	271	437	99	
102	345	458	409	235	127	327	
336	463	218	62	424	297	442	
256	371	398	388	444	114	374	
88	184	177	54	163	213	354	
470	92	48	3	263	18	45	
387	309	94	265	242	315	140	
117	2	477	109	113	238	199	
16	251	207	136	469	82	413	
451	103	185	413	80	140	378	
21	447	32	294	310	464	443	
35	446	465	394	64	234	370	
298	355	433	184	157	177	295	
19	320	282	447	68	87	289	
68	99	288	63	404	82	345	
490	228	404	441	306	435	346	
65	439	85	87	55	1	449	
377	365	439	35	262	251	355	
45	201	7	373	200	425	354	
179	178	18	359	2	255	438	
375	269	22	77	94	390	416	
492	455	101	449	34	386	310	
420	303	239	361	415	266	310	
312	8	426	318	343	130	290	
214	225	448	474	31	226	342	
73	449	427	234	52	436	376	
115	81	262	174	422	77	36	
84	134	407	101	2	199	15	
133	295	65	145	434	325	351	
434	357	3	136	443	133	137	
423	107	413	389	354	241	462	
157	201	230	493	404	330	37	
282	232	285	497	128	164	90	
372	206	466	418	1	294	25	
110	498	409	53	427	6	208	
102	31	52	297	20	419	313	
207	385	41	359	150	318	80	
156	110	284	213	249	332	318	
47	14	421	456	277	84	187	
263	443	487	2	179	54	346	
375	33	381	202	201	343	424	
61	328	496	123	478	91	179	
161	293	339	345	267	81	419	
109	157	188	359	21	333	42	
411	431	186	154	326	483	486	
376	197	77	148	87	173	448	
409	257	228	181	6	12	312	
449	192	54	499	181	332	146	
323	231	15	191	42	462	88	
399	192	326	272	108	338	107	
362	13	385	405	478	187	472	
369	133	191	221	459	11	17	
59	279	478	396	165	473	277	
302	47	202	215	196	478	497	
476	0	234	100	286	487	352	
195	3	402	227	382	31	174	
411	387	378	234	492	77	144	
453	349	249	1	363	395	473	
314	318	110	320	330	149	246	
203	264	50	349	222	18	96	
465	420	25	312	275	167	445	
374	64	186	266	18	285	124	
26	271	134	277	162	359	473	
267	122	11	444	14	469	154	
486	91	47	241	42	347	396	
6	245	232	124	498	178	442	
18	284	92	6	29	441	218	
311	364	101	418	387	118	275	
71	294	453	196	37	483	412	
370	210	396	421	266	243	467	
349	3	453	73	447	282	382	
479	332	198	128	125	114	85	
241	276	47	308	104	368	379	
38	130	113	75	419	28	19	
204	341	332	206	284	359	406	
362	370	129	7	203	255	489	
373	293	232	316	29	76	420	
256	49	97	0	376	392	300	
456	268	469	331	174	87	402	
115	204	291	287	400	90	61	
156	280	390	389	50	210	9	
214	460	431	76	376	241	440	
402	377	273	74	281	474	227	
2	117	296	119	80	188	426	
203	95	410	487	472	417	465	
110	69	195	71	161	60	470	
401	221	173	70	169	408	272	
379	412	17	458	83	335	236	
244	305	79	310	93	6	217	
216	311	414	349	84	123	63	
25	79	192	159	179	476	83	
293	147	373	3	281	365	469	
166	289	131	35	323	357	413	
261	391	378	324	408	383	443	
463	438	440	348	39	123	48	
192	400	474	147	491	377	251	
326	495	323	335	198	334	87	
56	114	174	363	393	53	496	
381	125	332	208	268	339	172	
157	165	361	435	323	164	461	
228	14	141	398	313	193	423	
405	230	150	482	172	451	342	
475	208	179	224	212	260	55	
184	127	240	355	22	141	147	
321	234	132	94	137	231	112	
121	144	165	397	276	293	422	
245	32	421	371	486	278	339	
166	257	297	82	149	346	467	
283	181	444	150	381	407	230	
485	350	352	273	120	155	327	
367	472	245	468	493	94	130	
279	10	213	236	224	154	314	
196	355	192	330	324	125	427	
52	289	108	161	120	54	85	
431	237	6	55	222	372	130	
494	147	183	83	216	448	453	
373	94	496	474	138	243	55	
429	125	362	24	470	384	462	
489	239	179	211	243	403	330	
225	120	63	415	117	341	296	
202	453	308	499	252	261	26	
395	281	117	131	55	269	242	
377	298	485	46	240	35	117	
143	395	212	167	63	245	352	
82	212	109	443	15	324	265	
178	2	16	50	224	332	365	
387	90	294	380	146	235	338	
50	466	463	139	239	231	1	
407	56	325	248	49	220	37	
17	153	48	198	428	252	332	
158	33	263	317	496	108	493	
188	407	469	222	453	149	31	
347	498	196	344	306	468	57	
101	293	95	462	398	319	385	
281	308	261	400	245	451	91	
304	159	226	409	220	452	432	
318	65	35	94	124	211	70	
164	374	324	458	427	308	222	
378	479	57	36	173	147	245	
357	344	403	284	32	308	404	
358	109	2	113	89	432	299	
328	27	404	183	91	347	66	
298	43	379	27	305	481	273	
131	452	294	375	326	295	247	
331	407	452	405	492	236	160	
109	233	154	387	40	249	159	
314	342	84	107	326	193	88	
49	453	315	492	218	416	264	
38	358	201	209	336	445	300	
146	375	78	187	206	245	42	
222	173	92	410	186	374	394	
93	107	209	435	125	135	421	
132	308	478	347	187	176	355	
183	464	192	66	267	358	275	
155	182	120	254	432	165	367	
389	13	170	124	382	481	14	
5	54	276	210	192	322	179	
371	43	484	143	226	364	82	
475	35	19	382	103	254	88	
157	132	278	46	343	51	134	
48	14	221	386	411	118	82	
474	40	344	190	168	495	296	
471	266	116	141	268	146	245	
249	174	456	341	175	391	433	
472	401	479	195	125	166	233	
246	329	257	495	264	333	199	30	
393	339	435	463	333	418	438	426	
125	330	275	61	150	324	198	221	
423	484	296	52	137	58	235	374	
283	413	359	264	105	274	111	443	
369	457	184	99	472	247	97	396	
271	390	101	244	250	236	192	124	
479	210	387	197	204	316	467	207	
314	110	237	176	57	153	389	6	
345	235	248	276	354	290	136	43	
447	427	18	24	11	418	254	430	
364	157	239	166	100	425	282	465	
262	98	132	257	350	104	131	288	
313	109	407	403	54	89	7	281	
394	161	211	330	465	451	224	253	
119	135	474	495	218	219	356	141	
40	483	54	378	330	479	223	409	
288	8	399	213	36	456	443	354	
431	213	402	143	100	424	98	196	
11	495	482	361	248	410	464	408	
15	99	294	480	289	315	22	350	
440	323	78	95	218	104	135	241	
305	335	481	98	467	393	298	161	
420	296	251	188	26	356	424	375	
306	99	84	71	32	339	222	473	
118	394	464	7	70	227	448	177	
355	343	308	440	227	160	393	119	
95	55	69	267	61	387	271	240	
0	219	128	421	297	64	334	330	
417	204	268	116	401	15	66	261	
374	202	496	47	436	81	269	102	
134	52	460	70	288	198	122	492	
477	437	450	344	315	405	5	308	
49	102	255	54	98	494	407	127	
314	340	78	269	43	68	13	131	
287	360	84	266	355	324	225	122	
426	330	315	137	158	29	178	33	
34	83	441	470	338	464	96	73	
178	7	411	132	437	275	23	1	
139	137	209	76	276	323	385	289	
47	115	447	394	107	458	239	383	
71	33	481	194	248	415	385	320	
357	113	56	449	160	250	105	464	
110	447	265	91	2	312	78	279	
269	438	224	86	68	94	314	284	
95	100	478	290	323	11	140	365	
52	365	385	86	487	153	277	221	
422	312	316	286	419	443	395	166	
89	32	333	228	54	444	196	24	
26	45	108	358	53	71	86	130	
295	127	436	254	301	19	203	324	
313	431	248	276	317	260	329	99	
488	310	434	419	328	498	201	381	
311	406	38	443	482	71	222	324	
87	100	257	57	320	341	73	132	
41	73	10	139	162	315	87	347	
38	314	9	399	258	173	416	148	
411	83	209	489	470	380	227	305	
224	124	366	463	314	471	20	479	
185	191	209	288	308	340	12	30	
74	392	199	111	409	66	80	268	
365	80	142	333	386	418	427	207	
243	487	0	291	339	101	210	39	
7	343	9	420	417	267	252	330	
74	127	199	95	453	394	455	190	
257	382	297	251	483	102	72	89	
308	227	487	182	365	377	291	407	
135	102	26	8	35	354	259	398	
355	206	187	414	361	286	460	309	
284	455	359	149	110	230	438	391	
191	289	304	311	326	103	384	225	
398	235	177	331	119	408	89	298	
307	465	305	47	415	290	132	386	
1	18	227	158	342	304	140	404	
349	435	27	208	431	248	307	152	
312	422	364	452	12	216	63	451	
65	489	53	33	125	319	106	415	
168	235	255	401	399	108	293	283	
474	446	122	454	59	80	469	182	
484	83	311	482	371	432	464	425	
288	50	293	472	464	47	457	244	
484	450	496	268	385	176	110	265	
217	24	322	437	202	365	385	384	
249	26	57	309	38	54	23	301	
252	27	426	95	248	54	211	299	
386	13	496	470	46	396	185	265	
385	84	14	6	495	252	255	235	
22	4	468	420	221	495	334	264	
425	387	469	240	267	376	76	206	
299	60	141	59	291	88	179	129	
285	412	465	74	45	438	421	433	
479	313	33	350	180	438	319	236	
320	329	356	473	117	331	455	153	
320	125	177	388	208	280	167	153	
442	163	441	382	467	413	460	480	
206	53	228	101	290	283	244	150	
463	33	79	219	210	450	217	351	
244	373	383	445	494	425	290	142	
261	486	144	64	245	334	151	65	
123	275	279	162	228	4	101	397	
432	112	169	177	107	154	152	392	
102	2	384	3	78	86	490	449	
53	258	414	327	63	385	441	418	
9	87	43	362	155	251	259	217	
348	394	79	113	263	455	279	200	
198	39	261	231	81	242	401	354	
470	356	57	84	306	211	403	439	
102	300	19	364	445	168	496	146	
245	293	324	229	298	277	132	282	
112	195	42	153	213	131	472	85	
379	45	85	23	417	113	284	419	
395	446	260	187	96	193	124	232	
172	388	57	366	209	89	325	460	
33	134	256	241	344	466	333	28	
309	343	487	16	253	472	427	82	
271	60	105	416	203	154	308	120	
409	369	334	322	206	422	273	211	
489	474	46	184	99	492	482	164	
66	275	138	369	147	470	54	44	
426	59	119	55	299	49	336	470	
438	161	209	56	388	147	218	6	
260	345	185	434	40	382	148	102	
293	48	174	278	375	193	118	231	
264	184	304	404	474	134	307	179	
378	465	387	269	390	49	419	445	
70	111	129	444	427	380	443	350	
395	217	453	373	394	316	460	182	
77	204	344	268	413	360	7	253	
76	13	6	203	266	232	350	376	
389	172	453	142	124	14	416	373	
104	186	273	249	230	102	150	162	
34	46	112	200	95	154	377	167	
284	129	371	352	67	294	186	368	
140	252	278	163	360	454	197	302	
453	369	197	475	372	477	423	440	
444	273	157	101	429	400	324	177	
25	11	172	228	232	397	286	332	
252	408	402	382	154	418	452	468	
177	76	75	213	121	19	246	178	
107	311	175	85	372	323	218	458	
403	234	412	90	91	352	184	350	
173	78	140	22	7	332	480	329	
453	110	155	452	78	375	231	302	
353	166	439	60	124	354	279	44	
450	146	256	196	98	18	268	432	
52	367	346	234	311	418	487	325	
181	71	189	200	322	483	349	225	
35	95	414	229	291	300	93	56	
283	364	285	38	346	445	328	454	
470	103	13	220	131	309	418	291	
123	404	42	32	107	98	429	99	
50	275	124	218	99	79	340	211	
490	184	370	473	153	111	257	51	
421	292	229	131	101	180	223	309	
62	81	18	35	278	234	417	290	
53	48	225	112	352	336	302	50	
264	258	69	396	283	49	280	270	
406	202	145	264	238	274	362	129	
104	448	154	342	88	477	348	127	
206	123	166	464	273	236	76	211	
229	350	129	146	97	406	4	456	
344	273	300	173	240	115	283	22	
271	336	166	222	352	447	342	77	
472	419	327	189	170	113	402	360	
188	144	199	63	99	20	86	208	
409	34	61	440	403	269	22	71	
310	340	342	131	433	32	12	34	
438	301	268	193	327	316	170	29	
138	497	308	401	219	99	185	295	
371	135	367	420	476	487	455	222	
467	339	184	466	221	178	230	158	
234	42	46	120	41	351	299	191	
429	382	189	334	405	268	146	428	
411	263	124	194	385	343	104	188	
92	202	477	436	77	76	2	445	
426	310	236	10	453	300	92	265	
187	386	219	341	328	436	41	33	
386	381	197	352	439	31	239	373	
105	397	113	394	464	411	405	34	
347	411	454	224	99	149	374	208	
405	120	30	351	302	326	414	260	
431	86	357	457	405	494	142	49	
319	255	269	10	270	248	237	387	
46	457	11	430	485	70	298	402	
274	418	385	12	250	248	371	345	
154	479	316	461	417	385	183	65	
340	403	279	338	273	287	215	430	
304	391	385	64	490	438	48	466	
352	91	408	471	38	344	329	285	
393	405	230	282	372	334	99	48	
222	131	319	142	478	394	217	125	
188	301	392	338	417	197	182	157	
168	490	362	240	395	396	68	91	
41	152	212	395	332	78	469	414	
329	459	73	398	357	24	376	284	
146	251	475	60	250	226	241	160	
480	470	27	208	230	63	342	204	
274	5	152	292	34	22	331	458	
280	79	328	36	174	76	20	106	
395	308	52	404	390	75	113	191	
