11	28	18	
6	19	43	
20	48	10	
37	46	45	
42	40	30	
46	16	12	
34	8	47	
32	36	40	
37	48	9	
28	27	39	
36	28	38	
34	41	44	
19	9	21	
9	40	29	
34	3	26	
10	32	0	
49	31	41	
5	49	24	
34	38	27	
8	11	43	
9	39	35	
23	30	25	
36	5	2	
36	18	19	
26	7	38	
41	42	22	
2	7	13	
27	14	29	
21	12	43	
24	19	17	
13	19	15	
16	11	14	
26	25	20	
33	20	11	
14	6	9	
28	10	31	
0	38	41	
33	35	13	
40	15	47	
0	8	9	
40	21	46	
18	39	25	
45	2	21	
47	49	32	
16	32	41	
19	5	22	
34	18	38	
26	39	48	
4	17	33	
14	22	44	
92	89	58	
72	68	89	
87	56	63	
73	91	77	
76	89	63	
87	80	85	
73	51	68	
57	79	78	
90	74	60	
69	57	56	
95	64	78	
65	75	92	
69	53	84	
84	83	95	
83	94	63	
62	73	76	
69	75	82	
62	91	80	
57	71	73	
94	86	66	
92	77	73	
51	87	69	
62	57	79	
63	98	65	
65	81	83	
91	67	50	
67	99	54	
88	62	99	
87	98	74	
72	60	66	
53	57	92	
63	98	54	
91	77	87	
76	51	96	
89	81	79	
67	80	55	
93	54	56	
67	73	83	
82	57	66	
70	95	52	
76	51	98	
86	61	62	
92	76	73	
82	68	90	
90	73	52	
68	95	99	
97	69	70	
69	92	63	
64	68	96	
96	72	90	
130	143	106	
136	131	142	
118	147	109	
110	114	143	
131	125	103	
101	111	108	
130	128	124	
105	108	114	
138	140	130	
142	126	131	
130	116	110	
117	131	100	
133	125	131	
148	145	125	
141	100	106	
134	127	122	
146	144	147	
127	126	101	
100	113	109	
140	106	139	
134	128	143	
133	112	110	
100	103	133	
100	146	126	
107	106	130	
118	133	125	
113	124	129	
100	123	130	
132	119	113	
127	110	122	
110	141	119	
120	106	137	
104	108	120	
120	134	100	
142	129	110	
149	113	109	
129	104	142	
127	123	116	
133	101	119	
137	135	125	
149	100	134	
115	125	141	
115	128	100	
110	149	147	
130	118	121	
121	136	114	
119	110	139	
127	100	106	
121	101	146	
116	127	112	
183	152	158	
151	184	190	
164	176	181	
161	167	171	
165	157	170	
189	176	165	
167	164	192	
182	181	162	
180	164	159	
173	191	156	
187	158	178	
173	157	180	
199	183	192	
173	165	160	
189	166	158	
165	176	190	
194	182	186	
164	185	176	
180	160	169	
176	191	198	
198	157	187	
160	192	173	
182	173	176	
177	192	197	
152	177	170	
161	180	194	
166	158	154	
189	166	179	
184	156	181	
156	171	164	
156	154	190	
183	181	180	
176	158	163	
158	155	167	
188	153	198	
180	176	187	
195	172	162	
153	199	196	
161	179	187	
161	155	179	
184	192	195	
157	153	199	
194	190	161	
199	195	156	
183	155	166	
194	178	167	
192	158	170	
157	198	151	
159	158	157	
168	170	162	
212	216	211	
231	227	205	
204	233	248	
202	210	212	
238	243	237	
249	244	239	
207	215	214	
230	220	227	
234	227	247	
219	236	239	
219	223	226	
237	249	248	
222	241	213	
231	247	249	
226	249	242	
235	229	222	
227	245	215	
246	221	205	
247	211	230	
230	204	207	
217	249	210	
209	243	200	
203	229	247	
209	236	201	
201	218	205	
217	219	226	
209	214	204	
218	230	205	
205	240	206	
212	204	231	
243	245	210	
241	217	220	
237	216	220	
218	212	217	
216	217	221	
202	235	208	
220	231	217	
226	212	211	
227	224	209	
235	225	247	
243	206	203	
207	227	211	
221	219	231	
219	202	225	
230	223	241	
239	202	244	
207	215	221	
221	228	246	
209	230	243	
229	206	249	
258	272	270	
287	290	280	
277	293	271	
285	288	259	
295	253	272	
266	254	280	
275	281	289	
276	251	271	
267	259	282	
296	291	279	
274	256	281	
277	252	295	
299	288	296	
294	293	264	
265	252	284	
283	262	281	
284	267	293	
281	290	299	
261	259	295	
269	253	275	
252	291	282	
289	270	266	
266	256	283	
272	264	253	
290	273	275	
255	268	275	
293	296	298	
261	280	281	
289	282	266	
294	295	280	
263	297	285	
287	299	297	
250	295	251	
258	295	287	
273	280	257	
253	264	286	
269	271	260	
273	280	296	
251	292	266	
284	260	254	
258	285	259	
258	271	279	
280	275	278	
252	262	294	
262	294	252	
255	270	290	
278	294	292	
288	299	293	
286	297	282	
275	252	269	
323	339	304	
317	309	306	
303	302	339	
326	335	332	
333	311	319	
319	321	316	
319	329	346	
333	343	305	
346	326	344	
313	318	327	
313	344	319	
313	348	333	
302	329	305	
329	318	336	
331	327	313	
312	342	309	
346	309	314	
345	304	318	
346	324	323	
311	345	308	
306	342	341	
349	312	326	
343	304	310	
345	329	325	
315	326	338	
340	308	311	
302	335	318	
312	341	316	
344	336	315	
334	340	331	
312	342	309	
300	332	312	
311	336	347	
347	349	322	
331	315	318	
317	346	332	
347	306	331	
315	332	333	
331	313	342	
319	309	301	
325	339	304	
315	317	313	
302	326	340	
309	329	303	
320	317	326	
319	326	347	
347	346	338	
344	348	317	
328	348	310	
339	332	300	
354	365	373	
370	350	366	
362	388	369	
381	379	371	
397	377	367	
350	375	372	
391	398	384	
375	358	368	
368	379	369	
385	398	375	
380	398	358	
394	389	371	
377	351	355	
366	362	378	
371	378	368	
383	367	393	
370	350	395	
352	387	376	
362	375	367	
351	379	361	
382	396	369	
384	362	353	
393	363	351	
370	372	373	
368	373	371	
389	363	375	
373	366	393	
353	367	398	
375	368	398	
398	369	367	
387	388	370	
352	362	377	
393	392	378	
379	354	388	
373	394	371	
366	383	392	
377	395	379	
390	394	382	
350	366	385	
361	398	375	
367	360	376	
362	357	350	
380	372	385	
377	396	390	
396	385	382	
385	375	355	
360	397	395	
378	361	359	
352	362	366	
396	355	362	
444	429	431	
410	400	408	
412	430	416	
415	444	426	
423	415	445	
440	435	406	
404	417	403	
413	431	415	
420	412	447	
424	415	426	
404	400	418	
433	444	402	
426	409	432	
418	443	406	
403	404	407	
418	421	435	
401	403	426	
447	433	414	
432	414	421	
416	413	424	
446	433	442	
438	426	407	
404	441	444	
417	413	445	
436	408	402	
443	421	402	
438	402	435	
415	444	408	
406	433	429	
436	425	413	
441	415	416	
412	426	436	
402	443	424	
404	418	415	
442	436	438	
400	415	435	
445	408	404	
433	435	432	
432	413	446	
432	402	410	
402	445	435	
446	442	417	
407	429	428	
423	435	445	
422	440	426	
448	424	422	
418	445	430	
441	428	432	
429	402	412	
428	411	442	
467	491	465	
457	477	494	
450	465	494	
476	468	484	
495	494	469	
488	455	454	
473	450	455	
480	475	461	
496	483	454	
459	453	479	
454	457	462	
457	493	482	
480	450	489	
457	450	496	
466	486	472	
480	465	454	
498	489	478	
484	470	460	
453	467	450	
461	487	462	
468	486	491	
460	489	452	
491	459	463	
473	459	478	
478	489	453	
490	481	479	
493	461	459	
494	459	488	
496	464	478	
476	463	461	
490	457	473	
490	482	498	
459	483	457	
485	468	459	
467	457	478	
485	496	488	
466	491	479	
480	499	450	
466	459	485	
470	474	460	
490	469	465	
475	453	469	
457	459	452	
498	478	472	
471	470	491	
478	476	489	
454	469	476	
477	480	481	
495	464	490	
480	491	479	
20	27	26	30	
23	49	28	14	
8	32	31	33	
15	22	34	28	
41	45	15	20	
3	19	44	30	
43	49	41	4	
21	9	3	38	
17	8	1	44	
8	4	0	3	
32	15	46	25	
47	10	24	18	
6	43	44	13	
21	46	42	38	
17	38	30	40	
22	24	15	20	
15	19	37	38	
48	38	3	20	
48	25	2	42	
4	24	38	14	
1	14	18	30	
29	47	21	19	
47	20	24	38	
23	5	17	11	
12	49	41	22	
12	11	22	29	
28	17	26	30	
20	27	11	6	
29	44	32	8	
31	7	18	13	
11	9	42	38	
42	6	14	40	
22	12	44	35	
20	24	28	41	
46	22	34	15	
19	14	30	26	
46	9	12	30	
13	18	9	43	
37	34	42	22	
38	49	13	14	
17	39	47	4	
22	6	9	7	
12	10	35	23	
22	2	33	25	
3	21	24	15	
9	10	25	15	
28	33	4	39	
48	39	34	14	
35	40	28	44	
43	16	20	15	
52	68	86	54	
65	84	83	54	
66	98	50	51	
98	52	96	57	
82	75	97	56	
59	61	54	65	
84	98	83	53	
95	57	68	92	
73	96	75	54	
62	90	61	57	
63	92	74	90	
85	79	70	75	
76	68	78	60	
75	98	77	79	
56	57	96	51	
73	75	81	97	
56	64	50	88	
69	92	80	94	
96	97	87	72	
71	70	57	75	
96	69	80	94	
98	77	93	71	
52	61	70	84	
54	58	53	81	
66	97	53	91	
53	56	61	90	
86	68	78	77	
81	58	83	55	
80	83	77	99	
63	56	61	87	
51	79	84	72	
76	77	95	97	
60	79	57	64	
84	68	61	92	
60	67	88	98	
63	88	71	98	
92	53	62	64	
57	65	62	54	
71	73	82	88	
65	70	58	87	
88	97	61	57	
97	54	89	95	
95	70	92	75	
85	87	51	69	
53	88	57	50	
96	65	97	67	
90	81	72	83	
52	93	76	77	
69	61	86	54	
50	67	87	86	
148	127	101	100	
146	116	114	101	
114	110	113	125	
102	111	106	112	
119	135	128	109	
123	141	132	128	
101	146	104	142	
102	109	122	135	
117	111	127	144	
112	108	107	114	
145	121	102	140	
102	131	144	122	
109	131	110	141	
117	121	145	128	
130	126	134	147	
132	146	102	138	
118	113	145	131	
130	146	113	115	
119	121	142	127	
118	131	111	149	
123	147	130	115	
118	123	100	138	
101	144	142	148	
124	121	129	122	
112	107	114	110	
135	108	130	120	
113	105	140	128	
127	130	106	149	
103	119	133	134	
123	125	122	105	
149	128	113	112	
131	100	122	125	
132	123	145	149	
148	130	127	100	
100	103	145	102	
146	115	142	145	
147	115	103	116	
126	143	108	102	
145	124	149	140	
125	123	147	134	
149	125	111	141	
134	142	128	104	
140	148	141	126	
134	127	120	117	
145	139	138	148	
124	102	133	120	
106	100	143	147	
137	120	143	127	
137	101	115	134	
113	100	104	101	
185	180	153	187	
172	156	179	175	
184	162	177	186	
153	174	162	187	
157	166	169	156	
199	193	174	195	
166	180	154	178	
193	184	186	192	
197	195	178	191	
197	182	167	154	
163	179	155	150	
190	176	162	171	
173	188	187	159	
176	198	159	184	
181	159	160	170	
191	173	181	198	
167	154	177	171	
167	153	190	175	
188	190	158	175	
167	187	182	191	
190	178	197	186	
162	158	153	186	
178	166	196	161	
191	156	152	164	
192	167	196	186	
199	153	164	188	
153	179	167	163	
182	197	160	183	
154	199	159	185	
171	165	170	174	
165	171	186	163	
178	188	180	172	
152	186	197	179	
198	171	185	166	
165	161	182	192	
197	162	172	193	
156	163	154	151	
169	178	197	174	
179	193	167	170	
160	156	177	188	
199	160	173	180	
193	196	192	184	
175	198	197	179	
178	180	197	166	
164	150	157	189	
191	170	153	178	
153	170	177	196	
164	177	175	187	
177	199	156	196	
158	168	192	154	
201	228	210	225	
232	211	235	248	
224	231	246	248	
203	224	226	244	
224	240	218	233	
211	209	236	205	
207	243	201	241	
212	232	247	223	
206	201	239	227	
212	218	239	226	
249	245	238	248	
217	225	230	210	
217	220	232	225	
232	221	224	247	
216	235	206	248	
216	218	229	226	
204	240	223	217	
214	206	217	227	
240	220	203	244	
221	210	215	233	
220	226	202	200	
238	216	248	239	
228	207	209	246	
229	245	222	220	
240	242	218	234	
204	236	205	249	
235	233	239	234	
249	232	241	201	
225	237	206	212	
212	242	209	236	
241	200	204	231	
238	249	209	225	
227	221	225	207	
214	221	219	239	
205	202	210	242	
214	205	248	220	
223	207	227	224	
211	214	209	223	
204	245	217	206	
221	206	238	244	
220	244	202	243	
243	229	241	231	
247	231	229	249	
231	213	249	212	
237	246	241	231	
232	204	203	227	
208	214	248	221	
237	210	201	221	
222	237	217	240	
223	221	245	233	
280	257	298	293	
257	261	273	262	
291	252	270	262	
290	257	254	272	
297	287	268	288	
258	282	276	266	
299	265	279	295	
272	287	269	293	
258	289	264	288	
256	268	289	265	
286	278	288	268	
291	268	292	250	
289	250	258	278	
251	272	273	288	
268	275	285	251	
288	266	293	255	
272	257	255	250	
279	290	266	261	
279	283	273	297	
255	288	293	283	
258	278	297	281	
272	296	294	286	
259	269	291	264	
255	293	294	250	
293	294	252	274	
250	287	262	274	
260	266	273	274	
280	290	265	296	
272	259	264	297	
289	254	280	271	
297	296	271	288	
254	274	287	268	
257	258	250	270	
276	274	295	297	
255	296	279	274	
293	282	262	291	
283	259	278	298	
281	295	282	276	
270	261	275	259	
252	255	263	292	
292	261	288	296	
262	267	257	297	
266	280	257	273	
286	276	281	265	
274	251	296	261	
299	270	268	275	
274	261	263	265	
253	289	296	297	
296	289	291	266	
264	269	277	256	
324	323	305	336	
325	321	309	316	
326	342	307	300	
347	313	345	335	
317	306	314	334	
320	327	329	322	
314	331	316	302	
333	349	336	317	
306	307	326	319	
322	340	305	331	
344	324	314	328	
306	316	331	347	
337	343	307	320	
340	330	336	318	
326	310	304	308	
326	332	334	344	
343	347	344	301	
315	311	334	323	
327	348	301	335	
336	332	348	308	
330	303	307	347	
340	309	326	329	
331	324	328	345	
306	329	312	311	
336	344	306	317	
332	330	345	339	
327	345	323	342	
346	325	333	318	
322	340	320	335	
326	313	320	305	
303	339	338	315	
315	302	322	313	
344	345	309	346	
328	338	332	323	
301	324	316	321	
309	314	328	300	
339	336	346	331	
346	349	333	303	
320	302	326	304	
345	336	309	313	
337	329	306	344	
311	316	309	335	
310	331	317	302	
302	336	335	347	
318	311	327	312	
306	305	311	333	
321	339	309	341	
330	346	314	349	
306	319	300	315	
315	338	320	348	
389	373	363	375	
397	372	364	383	
359	367	354	350	
395	351	380	359	
351	377	353	366	
352	379	368	373	
379	365	372	357	
367	356	377	358	
393	388	356	374	
376	386	360	385	
359	383	362	378	
373	366	362	350	
390	374	385	368	
351	372	352	399	
378	366	376	373	
355	363	395	388	
399	383	391	395	
380	387	393	370	
373	399	396	368	
383	368	395	372	
375	395	356	377	
355	376	352	390	
360	354	392	363	
381	368	374	372	
377	358	383	378	
353	350	380	355	
390	379	364	396	
361	389	398	386	
398	371	390	361	
387	389	354	358	
391	374	397	354	
398	396	357	387	
351	381	369	382	
383	352	379	378	
390	360	370	388	
396	371	372	391	
386	353	387	370	
386	372	366	375	
394	389	366	355	
392	362	380	364	
365	364	369	373	
377	378	374	354	
376	392	359	352	
353	367	369	377	
382	350	357	387	
387	354	379	398	
360	375	364	358	
364	374	363	366	
366	384	357	358	
368	357	372	399	
413	409	403	415	
421	424	415	444	
446	409	400	410	
410	420	426	422	
448	432	445	422	
420	415	431	406	
400	421	407	420	
419	432	430	443	
405	436	404	412	
435	415	441	434	
437	403	402	425	
401	429	414	432	
446	425	410	422	
414	432	400	419	
432	433	435	449	
422	444	438	435	
425	436	422	444	
443	428	438	408	
425	430	440	422	
423	407	432	401	
442	403	422	401	
418	438	436	434	
418	425	447	410	
416	408	439	433	
447	410	412	446	
426	425	435	427	
445	402	408	415	
403	406	427	415	
432	410	413	415	
426	407	445	440	
424	410	427	444	
423	417	448	426	
409	426	443	423	
426	431	420	414	
435	408	424	403	
439	415	411	449	
427	420	430	431	
417	415	419	431	
440	417	404	407	
413	409	438	431	
423	410	444	427	
442	420	402	411	
445	410	406	401	
447	434	409	439	
439	435	440	415	
438	421	433	432	
417	418	448	411	
429	438	403	408	
444	435	402	415	
403	410	427	414	
471	472	483	490	
450	468	453	466	
476	450	454	465	
460	499	458	496	
499	461	486	479	
466	475	492	481	
455	489	483	450	
465	454	497	450	
474	485	499	463	
464	496	487	469	
493	498	484	479	
490	494	475	489	
494	480	453	499	
490	499	467	458	
452	464	485	469	
486	473	462	479	
462	467	481	465	
477	451	478	469	
482	484	497	457	
462	453	461	472	
488	460	452	456	
460	478	490	455	
452	493	463	472	
475	495	453	476	
467	455	473	463	
481	456	494	454	
491	478	454	453	
473	450	460	466	
482	497	493	470	
468	494	480	499	
468	455	466	451	
476	467	484	455	
493	475	460	474	
464	488	455	481	
493	466	460	498	
452	451	467	450	
494	488	490	457	
478	484	467	492	
486	464	490	450	
493	491	486	499	
470	479	484	489	
491	488	479	484	
470	487	456	480	
451	452	486	487	
480	466	477	462	
473	476	488	457	
455	478	465	499	
496	474	459	451	
457	480	477	463	
471	460	453	467	
11	15	22	38	16	
11	45	17	46	34	
6	40	23	33	37	
5	7	42	10	33	
16	22	31	36	28	
6	40	17	38	5	
39	21	28	25	9	
49	5	47	15	38	
21	31	33	4	30	
46	23	38	5	33	
32	25	21	30	3	
15	34	10	36	48	
1	12	26	19	42	
24	8	27	49	37	
0	15	33	40	16	
15	48	36	29	8	
8	37	10	31	0	
4	2	16	1	47	
1	46	15	2	22	
7	20	15	1	21	
30	11	39	14	41	
40	46	4	34	0	
5	12	15	46	49	
38	42	16	26	3	
42	12	48	18	41	
20	18	21	34	5	
15	14	9	19	46	
36	4	17	26	19	
44	41	9	27	49	
23	9	0	26	25	
19	26	40	33	46	
46	6	13	4	7	
36	20	17	37	10	
9	24	44	43	21	
27	28	44	49	18	
5	1	48	4	35	
24	14	41	3	8	
49	35	13	8	20	
29	47	12	49	2	
23	18	37	45	14	
10	3	6	0	23	
12	48	17	23	21	
29	48	1	43	24	
38	44	48	8	24	
28	12	8	41	19	
14	22	41	30	4	
8	21	48	13	45	
1	36	0	10	43	
1	43	29	46	14	
39	49	38	4	42	
57	86	52	65	78	
93	89	60	52	79	
82	77	87	79	94	
58	96	85	69	80	
63	94	53	97	58	
54	99	63	77	57	
50	61	76	78	59	
81	74	72	56	94	
97	58	98	87	95	
87	54	73	78	81	
68	79	62	87	61	
69	51	78	94	79	
67	72	60	98	93	
75	89	52	57	61	
99	97	77	78	82	
77	60	71	80	76	
74	85	78	59	94	
67	50	51	58	74	
69	73	96	88	76	
59	64	80	56	88	
81	86	99	73	59	
92	66	74	90	80	
70	85	81	92	79	
94	52	98	99	82	
98	72	78	52	54	
66	97	69	50	99	
54	52	75	88	58	
66	93	70	51	80	
84	90	89	94	91	
62	89	56	88	78	
78	85	76	66	65	
74	56	79	67	91	
67	72	54	55	87	
79	66	70	53	94	
93	82	59	88	71	
50	69	76	68	60	
66	61	65	82	78	
92	89	79	51	83	
97	54	51	85	75	
81	72	99	68	90	
61	62	97	51	60	
50	73	71	97	88	
74	76	65	60	68	
75	85	72	56	91	
51	93	85	96	95	
76	51	66	56	68	
56	65	79	50	86	
90	69	99	78	87	
76	51	96	97	90	
85	88	95	84	69	
130	118	137	132	124	
130	113	125	129	117	
145	123	118	106	149	
118	105	139	115	108	
144	127	133	149	116	
117	138	143	132	133	
121	124	114	100	110	
139	112	141	116	115	
117	146	122	125	103	
149	127	147	123	137	
105	133	123	146	143	
141	121	108	138	102	
106	143	132	108	100	
133	125	114	132	135	
101	138	132	105	145	
124	106	140	117	126	
113	101	148	106	146	
141	145	138	121	128	
128	126	105	114	109	
130	128	114	122	118	
140	105	107	116	119	
118	116	113	129	101	
116	148	105	103	128	
107	149	114	118	117	
105	145	131	135	112	
102	133	123	139	124	
103	142	136	149	147	
129	124	139	120	132	
144	140	137	112	101	
100	115	110	104	122	
124	145	130	142	126	
102	138	106	120	108	
111	136	148	142	122	
128	136	119	124	149	
139	136	120	111	105	
142	100	108	105	139	
121	144	119	106	123	
108	123	107	142	141	
115	145	116	140	138	
135	102	123	147	105	
111	107	125	146	109	
115	136	109	132	120	
112	123	110	144	133	
122	136	118	113	140	
141	117	101	107	137	
100	104	129	105	118	
135	114	101	104	134	
132	145	110	128	115	
142	103	124	115	106	
101	104	138	106	126	
152	194	196	190	185	
169	190	186	193	160	
181	156	170	177	173	
157	154	187	177	183	
190	153	195	160	175	
190	192	175	195	167	
190	162	188	185	171	
198	181	151	154	169	
176	154	159	150	194	
170	174	175	153	194	
179	170	188	164	178	
160	190	185	181	157	
173	199	172	164	177	
198	154	176	189	181	
181	161	150	192	176	
176	151	195	181	190	
175	197	192	179	180	
167	180	175	165	178	
180	167	155	161	158	
196	166	169	194	179	
172	186	193	190	168	
154	181	187	159	194	
170	171	188	159	168	
199	153	190	151	193	
189	166	168	161	193	
154	151	162	177	192	
173	164	183	179	157	
192	195	179	173	155	
150	161	168	169	192	
195	162	181	157	154	
157	186	197	150	185	
186	150	180	176	177	
154	164	152	157	188	
188	150	194	195	159	
182	181	187	153	175	
171	178	156	160	199	
186	181	162	155	173	
155	186	173	192	168	
160	165	196	156	170	
180	186	165	163	169	
166	196	161	162	198	
151	196	160	185	162	
168	189	175	165	163	
171	151	181	172	168	
190	155	187	199	181	
199	166	173	161	164	
185	192	187	153	168	
164	151	168	174	196	
179	161	168	190	162	
178	150	166	183	184	
215	208	232	204	231	
203	208	224	238	232	
216	246	214	248	247	
201	204	238	230	241	
240	232	241	221	244	
243	207	202	212	203	
233	232	203	245	220	
217	236	249	237	204	
247	242	207	246	205	
227	213	207	249	218	
236	247	222	208	214	
235	218	213	223	242	
243	218	222	246	212	
203	243	242	238	225	
234	212	245	206	215	
218	234	242	246	231	
217	234	242	232	230	
200	246	216	229	242	
211	236	240	234	245	
241	206	231	234	219	
203	201	243	210	204	
222	218	236	219	246	
239	201	211	202	232	
200	214	205	202	229	
242	216	222	208	244	
237	235	239	226	206	
220	214	217	227	248	
218	201	240	249	205	
227	237	225	224	222	
237	244	234	239	230	
234	225	217	241	239	
222	210	243	239	236	
221	209	200	238	237	
200	226	210	219	228	
218	205	217	222	245	
208	238	209	245	240	
243	203	229	218	233	
211	207	228	222	237	
214	224	203	230	218	
248	229	216	211	208	
212	232	236	214	247	
220	203	241	221	217	
222	229	241	200	228	
243	228	200	205	207	
201	218	221	211	206	
223	210	224	232	221	
226	201	225	208	220	
220	228	215	233	210	
218	219	209	201	229	
224	200	228	248	221	
266	277	287	254	262	
283	287	284	264	288	
264	275	274	261	297	
278	277	284	250	265	
287	291	266	269	299	
279	252	287	272	271	
279	268	250	298	287	
276	280	252	293	253	
265	288	280	263	278	
286	258	287	279	293	
252	263	297	272	268	
293	265	251	288	278	
260	282	294	279	276	
288	252	262	278	253	
266	260	259	263	251	
255	253	284	260	295	
276	264	283	269	286	
278	275	264	289	285	
250	279	252	287	286	
265	298	287	266	293	
294	264	297	262	252	
286	260	293	273	291	
298	261	271	268	291	
292	252	278	259	265	
297	266	260	278	262	
261	296	263	255	293	
283	280	262	250	293	
255	267	286	261	290	
288	278	295	297	261	
281	297	282	269	255	
258	293	273	278	290	
260	267	274	291	280	
291	287	274	296	269	
250	286	257	280	299	
295	280	286	270	298	
279	268	261	278	273	
296	292	270	258	285	
253	255	274	269	284	
266	270	291	299	252	
297	281	292	269	264	
261	297	291	265	259	
279	294	257	296	259	
299	282	254	288	266	
273	277	285	258	296	
270	256	260	298	295	
250	296	265	280	262	
261	293	270	298	279	
260	288	282	269	296	
280	293	284	260	273	
289	298	271	291	290	
349	317	334	308	310	
323	333	304	317	329	
317	320	322	324	330	
340	315	301	310	302	
312	326	322	336	318	
348	302	340	313	312	
332	348	334	323	325	
312	304	321	301	324	
349	300	336	318	313	
301	316	311	306	323	
306	324	327	312	347	
327	306	322	345	305	
328	301	300	325	333	
319	300	307	328	312	
317	315	335	328	343	
316	315	326	341	332	
347	308	306	332	344	
310	347	304	320	321	
318	317	329	337	315	
310	349	308	311	336	
331	311	303	324	327	
315	310	333	313	336	
345	323	310	342	341	
347	302	314	331	346	
332	338	342	327	339	
339	315	300	318	307	
342	332	349	325	321	
325	311	323	330	312	
319	348	304	308	314	
320	309	304	307	303	
326	333	348	332	343	
311	332	307	343	323	
338	327	320	345	309	
320	349	311	337	346	
313	301	343	307	333	
341	308	333	311	332	
313	314	344	303	329	
320	342	332	344	321	
301	311	308	314	344	
313	305	309	315	321	
328	323	332	321	333	
306	347	309	339	316	
323	310	328	306	315	
327	343	348	331	347	
332	328	337	326	336	
331	316	321	343	347	
316	349	310	342	323	
334	308	348	314	310	
325	314	321	310	320	
321	349	343	340	310	
360	373	385	361	365	
358	398	379	351	383	
379	366	395	354	396	
354	366	377	392	382	
385	383	363	367	397	
390	359	399	353	368	
373	375	393	354	380	
363	376	382	396	361	
393	392	379	364	351	
386	352	373	396	363	
377	384	357	391	385	
399	393	351	378	362	
394	387	366	350	399	
380	395	357	365	377	
374	373	387	383	396	
399	361	369	366	364	
357	392	379	399	387	
358	396	394	384	381	
397	370	387	350	365	
375	380	384	364	399	
375	393	359	388	384	
357	375	385	371	365	
376	366	395	398	384	
363	394	362	365	397	
362	399	377	395	373	
376	361	380	369	368	
375	362	367	364	394	
361	370	380	388	354	
367	380	387	379	392	
365	393	376	391	352	
378	373	365	380	369	
372	364	385	391	387	
360	388	365	393	364	
389	392	380	361	365	
366	382	365	352	373	
358	392	378	367	368	
382	399	397	355	381	
381	392	377	389	371	
391	368	351	389	377	
375	381	353	354	380	
356	372	390	385	399	
360	365	382	385	397	
388	367	378	364	351	
350	378	377	356	355	
355	380	354	368	376	
399	352	350	380	391	
390	352	370	383	377	
375	374	350	377	358	
367	395	351	378	353	
389	369	396	376	361	
429	445	418	409	417	
406	402	448	407	432	
448	421	446	422	435	
419	416	411	441	421	
410	427	403	436	414	
405	442	410	431	402	
428	400	443	441	429	
440	405	413	417	446	
412	443	428	441	440	
402	400	440	427	417	
401	410	411	409	425	
429	414	426	439	420	
413	446	433	406	440	
421	413	409	449	425	
403	435	443	442	429	
444	422	446	441	401	
407	411	428	401	438	
432	435	443	436	421	
440	432	403	402	412	
439	417	428	406	442	
406	430	438	413	409	
442	432	444	436	414	
441	430	406	433	439	
445	417	443	401	407	
407	423	436	414	424	
442	425	423	436	428	
437	433	439	434	407	
400	428	402	441	419	
431	430	406	428	407	
412	404	427	421	422	
424	431	436	433	426	
403	438	432	443	407	
409	442	414	407	439	
411	429	439	430	426	
424	416	443	423	435	
412	437	402	422	415	
436	437	414	427	415	
417	438	428	409	406	
446	422	432	449	443	
406	404	407	423	403	
417	445	449	441	429	
416	430	400	403	408	
410	422	419	412	440	
447	427	431	429	423	
425	429	418	439	432	
447	432	419	401	436	
404	423	421	411	433	
409	402	431	420	426	
409	447	424	421	428	
445	411	407	415	430	
474	456	469	452	472	
459	468	494	497	455	
472	455	469	491	486	
473	493	482	494	499	
458	450	495	477	483	
460	473	489	479	454	
456	473	498	471	499	
476	459	480	470	486	
456	463	466	499	457	
487	473	493	466	485	
490	454	489	465	452	
498	494	499	468	491	
450	476	489	486	488	
496	461	495	494	471	
480	476	490	493	485	
461	499	463	485	454	
488	495	459	453	461	
452	489	486	455	475	
462	459	480	465	485	
471	498	463	466	475	
497	467	469	471	489	
489	479	499	473	463	
480	476	464	486	453	
484	477	495	450	486	
460	494	488	485	463	
484	490	470	499	492	
464	476	481	470	493	
477	489	464	483	472	
470	479	453	451	495	
458	469	463	454	453	
480	453	490	483	452	
481	472	456	484	479	
464	466	468	492	465	
479	487	498	465	480	
455	482	480	462	478	
471	480	496	478	489	
491	494	458	493	466	
486	489	468	453	471	
480	474	460	479	466	
492	464	493	483	471	
481	466	482	485	472	
481	497	455	452	470	
491	459	498	469	477	
473	457	452	486	480	
458	452	493	498	450	
456	495	451	460	488	
495	472	471	473	467	
473	469	462	499	495	
495	487	455	469	484	
487	456	468	484	489	
195	431	120	138	1	48	
439	371	311	484	122	268	
454	460	440	62	292	459	
174	179	107	400	36	408	
491	152	240	204	53	377	
471	401	482	194	433	103	
167	423	271	257	236	277	
193	438	234	283	157	46	
424	106	185	195	59	394	
7	477	297	105	487	451	
443	60	14	499	293	283	
301	166	299	120	257	467	
266	56	294	27	415	97	
64	336	119	15	145	48	
499	214	493	453	455	458	
338	339	165	473	372	380	
387	321	396	438	156	495	
35	392	26	408	377	299	
246	375	414	429	387	250	
142	452	364	254	361	348	
174	23	390	148	333	297	
277	333	455	152	117	443	
201	165	313	347	69	136	
402	137	368	434	162	415	
186	129	354	274	211	183	
493	274	10	200	418	298	
300	408	49	439	434	67	
411	117	105	92	100	57	
293	409	167	303	317	496	
361	474	370	302	148	64	
148	189	23	491	115	265	
426	44	364	399	344	174	
74	463	261	115	195	186	
220	58	53	155	181	375	
114	372	67	499	72	284	
410	329	219	389	495	212	
268	352	313	227	493	174	
379	295	456	156	217	348	
373	272	209	263	467	339	
494	470	61	459	83	33	
15	179	320	380	241	20	
411	52	258	401	497	145	
274	299	457	474	98	150	
165	58	53	398	6	123	
50	108	460	455	205	160	
477	118	268	291	255	431	
248	493	42	133	477	419	
296	471	335	265	469	418	
5	240	374	196	35	64	
42	236	301	18	285	373	
93	121	375	269	354	113	
185	279	351	124	140	56	
321	344	310	66	309	450	
307	91	463	222	351	33	
294	415	63	53	50	408	
288	284	137	256	160	31	
27	349	361	37	300	347	
182	451	375	216	218	340	
73	486	189	224	282	112	
201	377	120	44	236	160	
201	431	355	489	128	439	
107	55	246	228	260	249	
364	178	397	356	42	330	
431	101	303	328	118	399	
319	399	244	359	263	482	
269	474	105	174	393	81	
462	85	417	262	476	33	
101	153	258	440	209	92	
42	441	232	240	173	217	
127	181	291	492	374	447	
456	382	289	42	30	418	
73	324	375	348	188	446	
135	181	248	355	39	198	
15	344	318	205	425	117	
333	67	416	39	357	138	
248	361	422	319	366	271	
293	441	241	350	237	499	
373	479	140	282	29	229	
157	373	338	150	309	312	
388	164	281	120	361	28	
407	494	72	281	330	390	
162	463	416	125	3	245	
222	166	260	247	261	280	
470	318	144	171	64	476	
360	408	323	484	334	169	
125	30	232	485	153	248	
369	183	231	37	300	327	
396	356	53	14	244	310	
304	243	285	398	231	229	
91	295	268	283	86	410	
230	368	417	356	35	355	
226	159	0	283	377	423	
423	255	162	380	481	125	
432	448	489	184	361	470	
130	175	306	411	115	163	
357	112	437	56	23	178	
409	432	224	265	31	41	
73	28	359	78	293	417	
126	2	167	56	468	161	
325	20	293	278	488	217	
68	254	107	215	127	359	
39	284	403	396	374	327	
316	231	468	395	71	128	
223	400	126	5	362	137	
484	229	304	483	254	309	
15	341	189	188	237	264	
393	4	386	88	12	392	
231	160	405	99	219	390	
124	101	390	109	321	447	
39	204	67	27	207	105	
353	412	131	483	444	395	
427	449	204	223	178	177	
92	373	322	429	389	418	
60	478	79	494	73	194	
248	217	252	485	400	364	
330	196	280	315	336	269	
331	236	458	199	298	61	
466	114	247	190	85	125	
179	233	335	323	107	269	
124	57	376	132	209	106	
312	73	366	115	330	171	
139	464	194	394	183	330	
154	104	29	18	469	157	
465	47	427	377	181	481	
206	470	299	484	237	444	
98	263	226	10	290	336	
21	425	300	297	43	245	
418	371	320	463	312	425	
227	492	317	193	146	372	
257	496	324	369	166	373	
208	90	244	176	428	259	
78	336	419	137	0	165	
331	365	453	400	480	87	
184	170	35	469	85	446	
369	466	264	435	9	164	
337	489	143	329	363	448	
116	486	184	3	69	229	
118	176	43	209	232	300	
9	298	377	141	257	117	
88	473	8	29	142	130	
282	402	358	349	382	468	
253	154	426	487	353	124	
234	82	262	437	422	213	
215	110	63	425	381	297	
87	156	294	482	152	242	
177	317	416	358	226	59	
444	6	488	117	53	202	
321	98	116	173	245	68	
223	214	58	305	336	148	
410	315	73	380	493	337	
221	201	288	225	294	392	
474	399	266	36	279	190	
389	423	62	74	288	192	
171	373	16	359	366	302	
332	423	17	436	16	448	
135	414	465	61	458	371	
138	185	126	153	45	368	
142	473	486	118	33	425	
227	55	297	312	477	193	
445	412	97	203	81	295	
365	333	436	183	385	356	
448	316	483	286	346	262	
231	180	441	55	294	121	
272	453	442	81	226	256	
144	310	179	186	459	369	
42	78	6	40	151	65	
350	36	333	6	409	207	
72	224	432	232	372	113	
344	336	471	407	286	381	
338	336	146	16	400	413	
227	394	175	110	474	384	
186	221	372	275	259	446	
453	184	10	136	114	223	
41	454	236	374	412	17	
85	136	150	422	430	221	
31	249	58	188	190	148	
369	57	125	19	133	302	
110	89	302	215	483	281	
413	164	221	340	228	81	
387	466	365	160	399	89	
64	223	242	86	314	60	
300	73	249	18	393	347	
337	208	403	14	328	214	
89	496	18	327	105	288	
447	391	270	127	128	334	
146	125	323	489	314	381	
292	317	59	468	301	489	
296	88	143	256	205	182	
211	11	3	300	198	34	
192	181	451	31	185	471	
351	207	201	83	399	278	
406	499	329	339	190	413	
297	166	179	200	232	419	
56	384	307	40	394	17	
367	160	110	195	49	247	
74	104	481	168	70	173	
388	439	16	465	368	52	
145	244	350	205	132	466	
482	410	298	112	427	20	
486	315	397	134	153	138	
77	366	417	391	87	416	100	
90	56	296	407	331	479	119	
377	57	363	38	393	25	332	
440	274	216	301	322	126	9	
200	23	62	256	380	0	323	
182	268	324	104	331	12	144	
105	451	24	172	73	228	281	
291	342	40	448	241	179	459	
89	202	339	484	231	289	476	
183	71	356	14	428	469	350	
167	376	81	484	205	328	414	
199	135	81	225	56	206	168	
311	474	37	461	208	322	481	
350	426	432	129	98	152	408	
34	95	350	362	47	282	315	
351	430	39	69	376	461	302	
31	384	77	414	426	476	194	
236	301	133	221	81	364	409	
437	291	288	439	107	183	221	
222	12	372	49	22	220	89	
359	68	48	175	397	193	468	
297	117	398	368	377	144	359	
399	26	204	63	384	245	213	
444	135	40	276	201	125	260	
365	215	185	235	7	381	32	
462	224	359	499	461	269	371	
470	176	347	29	196	74	356	
452	352	95	235	469	92	411	
473	151	408	31	386	89	237	
448	287	165	442	12	109	131	
193	311	494	331	415	487	23	
352	69	149	386	153	263	79	
75	444	97	329	221	261	494	
499	353	37	186	295	299	361	
420	476	341	190	101	274	187	
3	17	274	106	54	429	314	
123	270	52	17	331	140	167	
422	138	225	372	111	272	463	
204	264	154	437	446	106	323	
252	39	107	333	453	263	17	
43	13	79	328	346	181	272	
283	181	352	207	410	101	437	
350	98	483	244	429	171	247	
32	209	475	179	255	64	315	
364	408	442	142	190	383	449	
457	50	315	449	65	496	432	
109	304	384	25	175	430	421	
180	399	107	88	340	52	233	
63	211	425	404	198	288	420	
5	51	150	295	98	489	123	
283	230	6	158	94	325	242	
110	310	381	342	378	344	345	
368	190	365	343	137	26	38	
98	165	301	243	414	397	65	
451	265	435	409	463	485	57	
219	199	288	400	103	242	481	
96	89	39	94	226	29	182	
449	195	286	112	74	276	28	
389	245	439	18	302	45	221	
375	396	208	325	53	443	58	
406	117	286	377	378	79	2	
118	9	387	251	444	271	307	
261	17	382	171	72	326	83	
474	24	469	401	400	143	446	
44	492	435	373	120	178	485	
53	120	114	289	249	376	163	
483	166	55	274	64	262	385	
107	349	204	129	24	177	330	
426	77	350	49	127	124	228	
11	328	254	232	454	231	82	
470	389	371	83	172	154	277	
173	451	449	422	386	336	416	
283	151	310	424	69	437	391	
469	447	471	146	411	52	30	
478	247	378	212	442	258	389	
278	235	141	432	304	360	292	
309	217	171	424	232	85	188	
11	377	229	192	2	287	178	
283	276	145	220	165	118	11	
418	490	55	232	95	72	391	
229	261	397	176	387	99	378	
351	232	162	250	370	129	62	
65	460	166	64	326	112	211	
286	403	435	112	257	415	305	
478	90	496	191	299	486	447	
163	121	25	274	204	366	181	
72	114	371	272	81	134	256	
72	238	287	295	217	204	377	
414	446	195	18	323	74	29	
362	186	279	80	389	456	135	
51	196	412	205	48	78	52	
2	240	297	87	467	432	446	
268	282	418	74	447	343	180	
22	195	313	459	154	314	310	
29	381	229	49	356	30	459	
118	94	485	316	366	278	161	
114	407	429	430	240	8	51	
124	284	295	59	353	22	168	
9	478	494	49	185	124	258	
372	326	129	112	13	79	450	
87	301	155	414	16	117	176	
294	474	19	86	402	390	404	
382	52	358	451	155	376	159	
55	278	258	412	129	465	373	
494	245	199	71	191	10	72	
370	437	313	378	165	172	222	
237	270	75	380	165	138	69	
354	286	183	447	499	87	338	
298	448	338	110	238	450	465	
427	377	62	64	213	422	323	
141	9	379	202	65	124	323	
168	309	72	485	330	371	312	
264	218	457	375	69	395	141	
262	174	170	14	395	60	368	
467	90	329	39	27	447	412	
350	106	56	485	232	209	179	
55	360	67	283	70	178	220	
179	342	456	13	461	323	211	
80	335	456	276	378	220	92	
175	37	455	107	280	410	374	
262	278	435	279	425	183	473	
119	370	72	399	293	39	389	
43	250	442	65	96	493	431	
151	391	319	491	293	220	237	
276	338	256	479	220	329	324	
23	249	387	261	112	489	92	
291	77	126	412	290	326	142	
247	173	373	288	473	168	121	
246	40	152	121	107	127	65	
100	386	167	426	228	306	383	
41	98	403	270	281	9	362	
378	463	349	411	398	79	1	
335	102	320	51	251	154	125	
116	193	109	430	327	198	387	
160	276	345	166	38	284	184	
131	493	133	281	287	246	413	
230	228	83	31	460	421	464	
95	296	386	6	105	78	308	
264	23	173	476	50	339	41	
438	254	431	175	272	466	81	
138	80	189	100	276	410	184	
232	297	179	193	273	97	263	
363	313	459	52	184	113	330	
161	302	294	114	28	50	182	
447	441	167	203	316	140	111	
383	336	462	195	280	42	165	
316	494	368	461	401	181	120	
163	314	135	414	17	114	260	
74	395	378	455	34	86	66	
98	248	324	88	148	269	486	
447	5	476	80	131	330	121	
141	349	2	459	242	103	398	
7	451	224	246	334	46	303	
493	148	0	124	113	147	153	
347	145	452	229	305	293	264	
244	54	35	154	102	327	259	
386	94	38	398	204	115	307	
424	87	168	179	244	235	133	
215	402	59	191	200	4	468	
305	443	41	289	178	330	230	
299	35	387	293	424	49	95	
177	391	55	50	44	297	116	
187	309	266	226	23	364	90	
319	5	448	212	497	197	462	
154	47	39	354	164	321	217	
365	36	254	307	156	366	115	
57	157	394	369	120	407	320	
31	264	59	227	315	341	276	
60	321	82	8	150	7	198	
434	487	332	138	108	249	394	
90	312	237	178	156	152	115	
352	122	12	312	94	157	106	
393	499	295	95	390	228	377	
278	16	282	370	460	227	119	
216	237	49	137	7	51	235	
85	446	483	131	240	174	36	
222	402	285	88	80	124	368	
28	420	139	8	479	95	388	
177	14	268	246	84	353	260	
346	391	335	133	199	100	164	
251	312	204	73	289	191	308	
256	468	397	87	449	414	132	
426	304	22	32	141	30	112	
480	495	489	358	234	461	364	
420	28	86	80	278	187	200	
305	350	473	489	213	13	451	
359	134	190	98	408	116	433	
434	108	17	81	451	382	67	
224	320	424	2	112	433	84	
261	326	276	34	81	424	63	
343	114	112	186	300	184	235	
355	452	13	18	419	268	126	
81	121	399	16	244	340	57	
118	265	82	168	153	116	206	
255	135	409	455	41	184	367	
499	466	362	467	405	161	274	
396	88	198	476	354	201	135	
484	109	133	372	310	255	137	
167	261	105	232	46	192	226	
485	475	51	87	173	53	443	
223	276	230	474	30	81	343	386	
239	420	382	461	1	487	58	334	
352	340	11	345	187	110	449	98	
356	464	403	419	413	155	185	111	
154	211	358	464	83	401	77	267	
396	386	322	405	443	388	137	63	
129	188	195	163	263	265	200	332	
45	290	449	218	281	169	407	252	
499	193	481	244	218	364	379	330	
231	398	163	43	218	328	226	204	
4	454	388	496	460	30	118	231	
460	396	452	207	77	478	298	68	
466	232	336	191	90	451	350	147	
138	387	131	265	78	446	155	366	
371	11	348	49	372	379	17	410	
312	412	82	251	399	456	313	327	
152	465	183	15	418	170	464	435	
174	99	140	192	335	331	479	82	
149	424	75	8	458	127	193	218	
294	357	495	20	45	321	380	100	
45	292	95	57	102	131	21	30	
364	24	243	355	390	177	76	408	
202	398	216	266	492	392	328	456	
300	251	408	414	159	393	13	154	
86	364	428	120	413	60	135	64	
291	36	248	355	496	356	370	274	
23	22	223	231	236	399	492	71	
105	276	493	133	87	165	336	13	
441	451	289	485	74	124	432	292	
366	66	380	244	495	159	444	273	
129	419	110	414	13	319	481	30	
175	448	272	32	472	257	388	300	
318	155	346	136	52	130	293	99	
180	116	163	55	268	494	496	219	
94	311	336	361	433	410	41	60	
301	491	91	259	73	52	247	96	
26	87	88	80	191	49	222	320	
283	374	419	139	438	13	92	30	
493	354	309	448	299	338	105	168	
105	16	498	234	246	334	344	272	
105	166	126	338	233	106	57	304	
27	168	18	19	299	104	388	179	
149	496	317	300	383	450	194	382	
128	23	306	344	236	345	299	21	
335	247	234	329	361	384	333	393	
388	341	236	303	267	32	452	445	
464	314	206	135	485	102	373	178	
383	217	12	411	61	151	214	178	
19	50	158	162	251	408	240	468	
496	372	309	370	189	248	153	103	
177	152	301	233	94	270	69	236	
147	373	358	140	422	407	139	434	
311	467	465	453	237	224	195	276	
482	390	143	242	317	203	276	393	
310	221	100	329	272	336	296	49	
325	374	385	460	165	476	8	202	
475	291	447	185	377	88	264	239	
274	385	30	318	132	333	143	161	
262	196	124	183	56	421	412	32	
135	96	234	480	301	462	184	75	
418	396	420	362	398	156	121	36	
331	482	92	150	39	235	305	294	
437	433	443	131	5	280	203	447	
283	82	72	417	136	419	202	396	
247	102	457	408	73	480	228	121	
319	85	175	31	206	384	346	322	
80	455	57	198	471	62	215	143	
426	456	156	308	462	235	174	238	
114	71	311	119	148	136	496	247	
389	417	288	157	438	225	156	282	
475	413	248	398	469	200	304	414	
428	355	444	80	175	424	182	20	
443	65	95	147	145	402	496	261	
367	3	258	46	403	321	345	389	
453	434	74	83	160	47	259	404	
152	71	323	379	432	403	417	380	
228	314	19	309	173	482	60	159	
290	122	19	491	231	93	104	241	
162	164	286	75	51	238	213	108	
365	310	423	285	70	242	170	376	
232	115	11	219	342	117	204	178	
17	221	272	137	233	48	415	7	
364	347	215	195	79	87	130	86	
169	216	304	366	143	179	423	38	
469	390	213	467	356	306	347	458	
114	288	347	305	480	345	313	209	
463	209	204	1	372	433	121	82	
303	358	308	439	114	72	403	258	
38	78	319	63	221	499	261	117	
309	375	398	150	380	265	134	205	
342	13	358	288	68	366	152	208	
433	340	440	207	251	152	202	130	
18	308	220	418	290	253	100	68	
244	361	377	375	338	241	428	142	
305	116	195	487	339	327	394	202	
138	191	337	294	242	136	444	323	
413	423	461	353	408	97	370	395	
457	39	274	317	125	126	470	34	
467	479	171	295	327	355	227	165	
60	406	275	487	208	263	64	19	
487	94	435	103	204	384	37	272	
406	400	208	134	187	209	70	225	
262	203	99	439	283	92	423	117	
227	182	429	37	472	39	119	448	
358	231	289	101	104	471	309	403	
429	398	425	156	471	168	432	413	
328	404	208	137	310	403	76	70	
92	197	459	416	312	460	270	383	
34	363	5	263	184	129	147	91	
354	91	426	132	374	70	414	432	
288	64	430	299	490	122	150	194	
194	40	251	349	363	231	115	196	
346	9	85	51	64	54	162	12	
210	25	181	360	173	196	342	60	
327	435	5	220	341	410	334	193	
435	474	330	163	54	125	340	169	
423	260	398	76	289	355	325	294	
209	262	226	28	267	299	291	288	
225	139	386	192	136	423	241	385	
197	310	236	123	490	120	192	106	
174	343	11	128	491	301	253	316	
338	365	164	438	323	488	43	482	
198	250	341	99	191	397	238	354	
345	487	474	429	37	201	262	102	
413	256	453	412	411	308	265	123	
198	338	380	451	275	416	127	153	
476	336	362	379	191	77	351	392	
233	261	154	486	29	480	291	244	
491	282	73	117	324	334	32	180	
497	262	298	481	353	30	337	158	
68	285	337	269	292	267	4	310	
288	318	487	17	462	72	142	349	
304	93	54	165	429	58	9	145	
121	382	244	399	342	271	227	355	
327	460	315	308	285	481	299	472	
350	340	371	258	325	388	361	408	
7	63	130	337	480	390	76	327	
380	450	353	122	128	434	37	187	
331	62	496	450	89	295	402	183	
300	472	51	378	386	337	433	496	
459	464	155	129	63	358	23	114	
199	449	208	88	489	223	423	318	
373	380	148	163	31	128	202	427	
12	136	50	134	273	415	57	106	
254	311	398	75	346	112	352	88	
429	70	123	23	273	233	4	153	
412	325	389	368	340	4	463	459	
122	448	483	38	361	83	207	190	
381	341	418	48	180	146	288	101	
86	110	56	85	280	220	243	425	
394	346	227	99	280	296	75	347	
314	245	183	460	205	362	78	91	
138	352	325	427	166	266	57	407	
394	251	242	39	387	320	51	13	
278	412	494	167	376	36	34	81	
379	373	111	393	173	12	139	433	
134	489	345	80	95	170	60	119	
431	308	440	260	139	315	143	405	
348	300	325	268	231	183	421	341	
484	123	63	31	287	373	328	279	
297	20	123	470	457	286	430	29	
108	15	30	69	62	214	305	211	
261	41	442	28	209	18	71	182	
66	170	109	312	325	230	42	331	
196	461	428	353	1	86	411	468	
179	189	116	173	108	362	276	267	
242	291	35	445	402	126	180	86	
482	206	344	52	495	314	192	98	
493	390	112	311	457	333	418	376	
455	227	436	102	209	38	65	144	
196	348	279	301	475	456	366	173	
468	490	195	220	74	493	157	151	
496	409	165	92	487	144	193	383	
103	14	409	494	299	278	449	420	
437	20	12	85	285	282	50	460	
384	31	104	288	269	144	190	477	
436	54	66	491	13	228	5	310	
151	153	129	207	464	128	284	198	
404	290	463	203	493	222	99	232	
75	309	223	244	111	429	15	12	
38	286	497	40	64	402	293	144	
242	199	174	368	129	107	191	157	
170	243	454	370	401	190	52	176	
424	298	174	358	363	421	44	96	
261	405	442	196	227	492	269	11	
428	34	425	131	438	450	209	86	
181	80	166	470	281	47	63	360	
423	289	441	144	291	213	425	160	
458	495	421	267	168	414	285	33	
131	460	463	251	217	246	2	215	
45	115	347	0	171	57	463	159	
133	319	95	318	46	401	457	380	
366	463	179	12	144	22	409	294	
0	313	338	292	94	110	174	432	
177	288	301	389	214	19	34	185	
493	331	71	26	80	474	191	496	
349	281	391	498	103	342	408	7	
494	12	86	297	270	468	198	225	
217	343	490	383	316	66	477	91	
4	235	87	478	283	207	435	101	
