43	25	36	
20	23	29	
43	7	47	
35	26	9	
15	18	34	
43	16	18	
40	47	48	
13	48	18	
16	3	43	
39	29	48	
47	3	14	
13	45	19	
33	16	19	
7	46	38	
37	46	16	
32	12	0	
3	10	25	
1	28	2	
8	22	24	
6	34	31	
40	27	39	
27	7	21	
17	3	11	
0	24	5	
32	34	4	
7	20	23	
42	16	26	
18	19	27	
12	3	16	
22	1	26	
24	0	2	
33	45	3	
17	4	40	
31	33	6	
1	40	48	
34	4	16	
18	37	3	
1	9	30	
0	10	38	
31	5	22	
42	48	33	
35	33	2	
10	8	43	
12	17	48	
31	34	21	
46	6	21	
46	20	42	
23	27	37	
12	24	44	
19	24	10	
56	87	77	
84	79	93	
77	71	55	
70	55	81	
75	89	92	
52	91	63	
59	66	82	
91	68	95	
85	86	51	
54	55	85	
50	61	89	
93	97	50	
75	99	94	
96	55	64	
78	84	75	
58	89	87	
83	87	79	
82	73	66	
73	97	86	
59	72	55	
73	67	79	
55	88	96	
81	77	65	
98	53	92	
58	98	74	
74	57	92	
87	75	55	
88	57	82	
68	95	60	
64	58	62	
58	84	71	
51	71	60	
97	72	86	
96	61	81	
93	57	71	
73	74	71	
82	73	60	
60	50	69	
76	91	96	
62	65	52	
55	61	96	
62	80	99	
64	76	88	
75	87	83	
70	91	95	
67	63	76	
82	54	92	
87	94	82	
78	51	89	
99	89	66	
145	105	147	
112	134	139	
136	126	138	
143	100	148	
118	130	131	
137	106	109	
121	135	134	
145	130	141	
108	121	114	
121	137	113	
117	114	105	
135	129	105	
137	112	111	
137	108	132	
129	143	141	
130	122	139	
148	117	113	
147	140	124	
142	114	116	
146	131	102	
121	115	113	
125	149	136	
118	149	134	
148	146	132	
120	130	140	
101	103	115	
101	104	103	
129	120	126	
119	138	139	
120	108	117	
110	139	117	
135	100	109	
141	114	108	
139	132	127	
123	106	129	
112	126	138	
124	110	113	
114	123	126	
137	140	123	
128	132	104	
119	123	137	
100	103	124	
143	123	132	
126	133	128	
103	140	117	
136	132	106	
118	122	133	
142	136	107	
145	142	116	
109	111	123	
187	164	166	
189	177	191	
193	153	156	
186	152	180	
152	187	158	
156	166	181	
195	162	198	
165	178	185	
182	169	189	
176	178	194	
175	166	157	
198	197	182	
165	164	177	
182	176	197	
174	151	185	
177	193	153	
188	168	179	
180	163	164	
190	194	186	
165	183	166	
165	153	160	
152	174	197	
188	193	172	
168	178	196	
189	162	155	
156	152	189	
179	162	177	
153	156	157	
190	150	181	
168	194	189	
197	186	163	
173	181	184	
186	175	174	
176	197	193	
180	151	197	
163	157	199	
172	153	176	
177	176	194	
173	162	157	
196	154	170	
178	160	162	
172	159	189	
196	182	199	
179	171	170	
177	179	157	
182	192	173	
154	197	189	
192	176	175	
190	181	171	
159	154	161	
234	205	225	
210	213	212	
245	203	230	
205	249	228	
204	227	243	
208	238	227	
233	247	244	
248	247	237	
238	205	237	
208	200	201	
211	220	214	
229	222	202	
210	233	215	
237	211	244	
226	232	243	
235	247	246	
247	209	202	
234	201	217	
214	217	209	
248	233	217	
237	217	241	
206	242	211	
248	202	205	
208	212	236	
231	245	207	
202	210	231	
224	233	240	
230	227	223	
228	218	225	
216	234	219	
231	217	222	
206	239	245	
220	206	234	
239	228	207	
234	216	249	
234	215	242	
243	215	210	
248	225	249	
233	202	230	
216	225	235	
231	235	248	
242	237	211	
239	213	217	
224	207	222	
224	244	209	
208	238	206	
234	235	245	
244	211	221	
242	234	247	
212	203	208	
272	259	278	
291	273	277	
260	290	253	
264	282	262	
270	299	276	
280	297	290	
291	275	281	
268	288	258	
259	279	252	
251	296	261	
290	281	251	
254	266	251	
261	257	292	
290	254	272	
291	252	270	
280	250	277	
277	284	299	
276	298	262	
286	261	296	
282	258	286	
268	259	283	
289	284	291	
287	263	298	
272	282	289	
251	254	280	
296	252	298	
268	253	266	
292	291	297	
292	275	269	
260	269	256	
271	252	275	
283	295	258	
254	275	292	
257	283	279	
250	292	268	
272	260	271	
282	293	287	
298	287	279	
298	280	254	
257	291	271	
283	260	297	
298	260	264	
279	269	259	
254	264	274	
271	255	289	
281	277	292	
291	251	288	
273	289	296	
271	288	256	
250	252	271	
332	344	342	
339	314	348	
332	302	339	
342	349	339	
345	323	315	
331	334	328	
306	345	339	
323	330	338	
333	335	306	
349	302	301	
300	320	331	
334	348	340	
315	332	329	
349	310	333	
331	345	306	
312	341	309	
340	314	318	
319	307	301	
341	345	318	
348	301	315	
346	331	319	
332	302	314	
318	341	310	
302	329	334	
335	342	305	
329	301	349	
305	318	329	
304	341	308	
304	334	340	
319	304	303	
303	339	307	
325	303	304	
344	320	341	
321	311	322	
333	323	317	
317	331	309	
346	344	348	
334	348	308	
337	317	311	
305	315	324	
335	301	315	
312	343	325	
330	302	303	
301	312	339	
330	317	347	
325	301	348	
318	302	337	
346	333	302	
344	341	315	
330	317	332	
369	391	399	
380	366	384	
356	393	388	
368	399	377	
358	352	385	
377	354	355	
386	378	395	
365	362	352	
387	362	398	
355	371	378	
398	354	395	
361	369	372	
386	351	363	
388	382	358	
361	392	353	
380	362	389	
395	357	381	
365	367	386	
367	371	365	
391	378	369	
397	394	351	
363	352	399	
385	365	388	
355	394	363	
395	393	394	
381	357	376	
356	387	371	
375	386	397	
390	383	366	
398	367	365	
393	369	370	
385	350	398	
358	353	395	
387	369	365	
379	371	363	
376	384	359	
390	377	372	
372	351	380	
354	361	372	
373	358	353	
383	373	371	
375	399	352	
366	358	351	
358	350	360	
367	372	369	
367	399	396	
399	369	397	
351	397	358	
363	362	382	
353	397	383	
429	416	432	
415	420	417	
417	443	442	
431	413	407	
410	415	403	
445	401	433	
402	431	416	
401	434	405	
407	425	426	
434	430	449	
425	402	441	
428	435	414	
426	421	447	
414	419	422	
429	421	405	
425	406	426	
435	434	408	
435	406	408	
428	418	401	
400	412	438	
438	409	401	
428	447	431	
436	438	425	
436	415	412	
434	407	404	
441	438	420	
403	402	411	
419	412	438	
406	421	407	
448	414	425	
431	415	445	
436	423	425	
419	441	413	
409	417	428	
444	413	420	
447	436	427	
401	421	444	
446	432	436	
417	444	433	
401	424	413	
444	436	434	
449	448	432	
436	415	447	
438	421	413	
414	403	446	
416	447	422	
414	445	401	
425	411	413	
407	427	444	
414	424	437	
472	460	495	
486	459	499	
484	496	454	
455	494	463	
477	490	463	
480	468	492	
498	468	456	
465	481	485	
463	480	499	
482	484	485	
497	458	473	
473	457	460	
490	487	498	
485	470	479	
485	460	457	
464	493	465	
498	495	493	
476	495	491	
495	458	472	
494	489	484	
458	495	474	
497	487	499	
455	475	451	
478	450	495	
485	455	450	
486	452	477	
490	453	485	
472	486	484	
499	450	453	
459	498	473	
486	464	485	
465	490	469	
458	481	461	
479	456	466	
479	458	468	
490	472	468	
453	466	473	
479	494	488	
494	453	483	
488	450	491	
461	473	451	
498	456	457	
496	497	467	
453	480	472	
456	459	483	
459	492	471	
466	476	494	
477	457	494	
462	480	456	
455	465	489	
1	42	28	14	
23	14	49	7	
37	19	20	3	
5	49	3	26	
13	9	42	5	
38	25	20	13	
21	8	16	20	
13	36	30	21	
3	29	44	35	
29	2	36	39	
37	24	17	20	
30	39	29	17	
47	5	38	45	
42	46	36	8	
9	46	11	10	
35	19	8	36	
34	22	18	32	
31	49	0	29	
30	11	13	26	
44	11	30	49	
22	44	5	16	
33	16	0	9	
37	21	32	44	
47	16	10	19	
18	11	24	34	
3	49	23	0	
18	0	39	10	
6	13	18	45	
36	11	16	2	
28	8	14	37	
42	29	33	9	
45	32	49	9	
46	21	3	27	
13	23	45	7	
10	27	22	45	
17	5	3	34	
12	26	27	19	
20	48	22	21	
15	5	47	39	
8	45	14	37	
34	39	3	48	
14	31	34	48	
30	2	20	17	
43	6	48	21	
44	13	38	15	
16	41	2	0	
23	6	30	14	
12	39	24	34	
0	12	9	22	
3	31	0	35	
78	58	97	84	
85	81	51	55	
59	56	97	98	
79	84	88	94	
55	59	87	84	
59	97	55	75	
58	78	84	66	
67	78	71	95	
61	55	73	92	
53	86	78	69	
64	59	75	91	
75	80	73	91	
65	52	86	90	
59	95	89	50	
68	77	62	76	
92	89	94	72	
68	71	94	56	
67	72	84	51	
67	89	56	87	
61	87	85	76	
88	70	51	84	
70	62	92	83	
68	67	89	74	
63	94	72	67	
53	89	81	74	
78	82	53	72	
62	98	59	79	
66	70	83	57	
80	87	68	69	
51	82	79	84	
60	91	59	73	
91	92	66	74	
54	99	92	62	
77	71	73	54	
70	97	53	60	
99	70	91	74	
93	84	71	64	
77	76	55	58	
88	50	99	60	
71	61	95	98	
60	91	71	66	
96	82	65	92	
79	66	82	89	
76	56	65	53	
96	79	73	63	
56	91	81	89	
58	96	84	99	
64	69	75	93	
97	90	52	61	
69	58	71	53	
114	145	124	144	
100	149	148	116	
116	118	149	143	
144	111	134	138	
120	136	108	133	
118	146	135	143	
136	141	115	144	
137	117	106	146	
145	109	119	115	
109	117	138	127	
122	138	104	123	
115	127	101	100	
139	101	132	109	
105	129	100	104	
135	130	121	100	
120	126	141	134	
121	138	143	145	
134	102	118	132	
120	102	124	145	
133	134	146	124	
149	119	104	108	
138	112	124	143	
127	136	144	117	
142	128	146	125	
113	102	138	125	
131	108	137	100	
144	125	145	120	
111	143	116	117	
125	137	108	133	
149	109	107	143	
124	134	131	110	
142	138	118	136	
147	128	114	108	
110	129	147	132	
141	121	123	110	
118	110	146	112	
121	108	118	126	
120	138	104	126	
146	130	116	137	
146	117	120	140	
122	146	139	138	
142	138	145	103	
104	123	119	136	
100	122	138	101	
139	111	123	149	
126	106	149	144	
117	124	111	104	
118	125	142	146	
143	118	131	116	
141	134	117	136	
154	159	163	185	
160	171	185	150	
182	177	169	184	
165	175	178	167	
160	188	169	184	
162	180	184	186	
157	180	194	177	
181	154	177	174	
186	180	165	176	
192	180	197	155	
156	195	197	199	
153	164	193	194	
182	197	156	161	
188	177	197	155	
187	180	169	159	
187	151	191	179	
169	184	157	152	
180	195	174	178	
178	194	164	153	
151	168	163	178	
175	198	191	193	
177	154	171	163	
157	163	168	151	
182	185	172	179	
199	163	177	181	
151	184	187	183	
175	176	174	183	
175	199	152	170	
157	168	175	170	
195	158	150	159	
168	154	172	185	
151	165	174	188	
155	153	190	176	
172	182	194	178	
195	185	180	165	
159	184	176	182	
160	182	174	198	
176	172	173	153	
155	175	153	195	
168	184	197	178	
193	166	156	176	
198	163	178	181	
169	152	160	168	
189	162	152	182	
164	163	168	183	
171	188	179	163	
187	159	172	166	
170	193	168	155	
177	160	153	165	
199	151	159	188	
241	244	210	238	
243	212	226	236	
230	247	208	216	
244	203	214	221	
215	214	208	212	
245	238	211	230	
223	230	229	210	
214	242	225	237	
207	234	237	209	
209	233	245	222	
215	233	226	200	
200	244	236	228	
218	225	215	238	
233	214	218	224	
239	242	203	244	
208	227	240	234	
213	203	244	212	
249	226	223	217	
248	225	232	233	
215	239	221	216	
204	219	248	220	
207	219	241	228	
225	203	232	201	
204	228	218	201	
200	214	243	207	
249	240	241	220	
248	247	240	219	
227	216	234	223	
247	211	244	231	
244	225	235	223	
219	235	239	214	
200	207	249	246	
200	223	231	235	
229	202	221	207	
219	247	208	218	
223	200	212	215	
210	246	230	224	
200	205	231	230	
240	225	245	226	
220	224	223	228	
235	237	249	229	
231	244	227	240	
217	226	240	212	
244	237	230	200	
210	218	233	249	
237	204	202	235	
231	236	221	218	
214	227	222	246	
223	220	214	239	
221	222	225	242	
282	297	266	289	
276	256	292	268	
276	268	274	251	
271	272	264	283	
266	274	255	291	
256	257	272	254	
266	287	273	285	
269	265	276	257	
294	289	291	272	
290	270	291	274	
296	257	282	286	
263	250	252	289	
299	273	294	283	
265	277	251	298	
297	252	286	254	
274	279	261	266	
278	280	271	297	
285	293	255	290	
273	290	263	265	
297	280	256	293	
266	250	276	277	
283	291	269	292	
260	253	261	263	
270	258	255	293	
281	297	253	266	
265	288	263	264	
290	277	271	270	
293	269	289	296	
284	261	252	283	
289	251	285	266	
268	254	297	256	
279	294	288	264	
278	288	279	289	
251	291	294	267	
288	283	254	261	
287	299	273	291	
285	274	266	253	
263	252	253	297	
258	254	250	257	
299	271	266	288	
298	264	293	256	
264	287	258	269	
254	250	281	292	
291	263	284	280	
250	272	266	275	
289	276	288	292	
285	252	288	271	
262	299	267	264	
262	261	269	278	
275	286	260	290	
324	343	309	331	
336	316	339	301	
332	315	321	311	
328	309	339	337	
320	316	326	318	
329	348	319	349	
314	329	343	322	
305	320	321	310	
326	343	347	311	
327	301	329	312	
305	303	347	317	
311	310	339	309	
330	340	303	313	
308	300	320	349	
317	311	305	306	
301	303	319	339	
325	345	310	306	
348	301	300	311	
312	314	310	308	
327	312	311	305	
309	319	342	305	
325	335	306	300	
344	301	308	338	
308	346	311	336	
309	321	308	338	
323	304	338	344	
300	335	324	313	
307	326	339	342	
319	345	330	307	
327	314	311	301	
300	302	323	306	
315	329	332	318	
323	318	309	344	
305	321	348	301	
340	312	311	316	
336	325	323	337	
307	306	339	313	
322	336	341	303	
307	301	330	314	
341	319	349	339	
340	324	349	307	
310	333	335	339	
319	335	315	327	
307	326	345	322	
306	347	304	332	
302	300	310	342	
335	333	331	346	
323	348	349	316	
318	313	341	311	
338	322	325	337	
362	372	379	367	
373	376	352	391	
355	358	379	360	
387	365	375	369	
371	397	377	399	
375	359	385	365	
359	391	378	385	
393	394	355	354	
373	351	358	361	
385	392	370	377	
358	379	362	369	
368	353	365	359	
362	353	372	394	
396	358	354	392	
358	386	378	395	
356	350	384	376	
389	386	374	394	
354	388	384	396	
381	386	354	395	
381	368	373	371	
360	380	378	394	
355	364	377	384	
365	375	368	351	
362	356	381	383	
398	355	372	360	
369	350	390	387	
354	366	376	397	
388	363	394	383	
394	398	374	364	
383	352	387	371	
372	376	358	360	
357	350	393	399	
397	398	389	370	
383	376	364	392	
364	378	356	371	
396	357	382	371	
378	395	365	392	
375	377	389	397	
353	363	391	390	
374	355	361	364	
351	353	373	368	
352	394	386	369	
399	377	394	350	
392	374	376	383	
393	350	375	394	
389	360	369	367	
350	368	382	364	
375	361	392	363	
394	351	397	390	
351	389	354	387	
445	410	401	407	
436	438	405	430	
444	408	434	413	
431	409	432	430	
438	414	410	411	
420	412	449	425	
444	412	422	433	
433	415	429	411	
401	431	407	425	
411	428	408	423	
406	409	422	446	
426	408	415	414	
404	410	427	423	
414	422	407	413	
445	411	419	437	
411	433	432	446	
435	438	422	443	
420	431	404	449	
436	435	411	444	
430	441	447	402	
432	436	440	444	
443	424	445	403	
449	424	435	429	
430	423	409	445	
432	435	420	445	
406	427	440	438	
435	404	400	414	
418	406	409	402	
421	416	439	428	
431	418	401	445	
425	445	438	446	
441	429	403	437	
419	417	447	409	
412	443	414	400	
421	410	409	439	
420	411	431	414	
419	441	406	417	
447	434	402	415	
448	405	436	432	
419	427	403	418	
432	430	409	414	
429	435	443	403	
447	426	416	415	
400	438	427	418	
430	403	418	442	
436	401	411	431	
429	440	408	426	
404	419	434	412	
422	413	421	427	
442	434	448	418	
479	480	477	499	
450	461	497	460	
497	474	477	481	
473	474	463	462	
486	477	482	466	
498	469	486	454	
492	491	482	464	
498	494	453	495	
450	451	477	485	
499	456	469	468	
480	470	496	495	
493	496	465	466	
453	475	488	474	
484	452	482	478	
471	481	486	468	
465	454	458	459	
491	472	480	497	
473	496	479	475	
476	454	462	472	
474	463	469	451	
498	485	481	468	
486	498	471	494	
474	459	492	455	
453	472	470	459	
486	488	471	453	
456	492	494	463	
455	459	484	481	
487	478	470	467	
467	490	485	457	
474	459	468	466	
465	471	495	473	
497	475	471	474	
494	496	474	479	
458	475	462	455	
450	457	467	462	
460	455	467	462	
454	462	460	483	
480	494	474	461	
471	463	467	481	
470	471	493	458	
460	461	476	469	
458	498	463	467	
460	480	492	456	
464	498	463	460	
452	489	454	450	
471	463	497	485	
490	497	464	465	
499	495	483	472	
468	463	478	497	
458	465	451	471	
12	1	16	33	44	
29	45	44	41	17	
34	14	3	13	45	
19	25	21	7	43	
43	39	22	30	21	
28	7	29	11	48	
40	5	45	35	23	
39	49	3	35	10	
25	44	47	11	32	
13	18	40	41	46	
5	41	33	9	4	
24	9	45	23	18	
15	17	33	36	39	
32	6	49	13	12	
21	38	12	37	15	
36	27	9	29	7	
5	17	2	37	9	
15	38	30	25	26	
21	12	7	8	43	
38	19	9	10	5	
3	20	32	2	8	
10	11	38	14	34	
32	9	46	5	43	
2	15	38	34	36	
2	35	33	15	44	
21	15	2	16	40	
4	36	15	49	2	
40	21	10	27	2	
45	40	7	13	33	
15	24	11	18	46	
32	11	44	35	19	
32	4	36	37	48	
37	44	5	8	2	
3	6	14	18	25	
42	17	44	4	2	
26	6	20	5	25	
42	18	41	43	45	
45	42	18	25	1	
16	4	12	48	37	
10	20	4	29	33	
26	46	37	12	42	
8	33	47	20	32	
30	5	41	33	38	
5	10	19	17	4	
19	46	38	15	40	
39	7	11	47	30	
32	6	31	24	26	
19	16	14	40	31	
34	18	2	21	31	
23	0	11	33	13	
82	78	88	72	62	
55	90	59	53	57	
54	63	68	58	70	
81	90	57	94	97	
78	65	77	56	61	
64	95	93	89	76	
97	85	95	66	70	
89	96	94	62	82	
82	58	73	74	79	
81	66	73	80	67	
69	81	71	83	77	
60	58	72	52	98	
60	68	84	96	95	
73	83	59	70	88	
78	73	96	64	51	
55	50	84	68	73	
82	90	83	73	58	
96	91	55	76	75	
72	86	80	91	96	
76	88	99	73	58	
74	81	72	50	58	
90	84	50	68	82	
64	67	63	61	97	
77	98	62	56	79	
81	84	56	91	94	
80	79	63	64	83	
89	82	52	87	90	
86	58	94	87	73	
66	87	74	77	69	
57	55	64	53	76	
62	94	77	82	50	
79	71	88	67	82	
55	93	96	95	92	
64	59	79	84	53	
60	74	96	65	98	
85	84	68	93	56	
63	81	85	67	98	
66	95	99	92	89	
60	87	77	72	95	
50	87	67	76	78	
96	93	77	62	59	
76	80	60	66	54	
85	73	60	53	77	
92	59	75	58	71	
54	93	96	66	58	
64	70	57	96	88	
69	72	86	60	79	
68	86	67	80	63	
60	93	90	65	58	
87	54	70	52	78	
143	130	100	109	128	
144	126	136	130	124	
103	144	106	107	104	
139	108	109	129	145	
108	100	124	128	148	
104	101	139	109	124	
102	143	129	133	119	
113	132	148	106	128	
116	107	139	134	138	
137	133	106	126	143	
124	119	122	114	140	
127	101	125	138	111	
120	130	138	122	112	
112	115	133	121	128	
108	148	105	130	138	
100	115	130	106	102	
108	136	137	128	130	
101	110	114	147	134	
119	126	132	100	106	
105	108	120	148	100	
101	118	138	143	117	
147	146	110	107	148	
104	129	130	109	100	
101	148	105	141	108	
102	106	129	145	126	
129	108	121	142	102	
111	104	105	102	130	
108	139	140	133	145	
139	133	141	148	142	
113	135	125	104	143	
129	127	108	113	136	
129	147	121	123	120	
125	119	144	114	142	
112	104	109	115	124	
139	142	143	145	124	
116	138	123	130	137	
141	108	106	102	116	
108	141	115	149	144	
147	135	116	138	123	
121	124	125	106	100	
132	142	128	130	145	
101	117	122	125	135	
123	131	118	145	107	
132	140	126	122	104	
116	142	134	136	120	
130	136	113	132	148	
107	104	139	115	117	
113	100	122	101	147	
112	138	142	149	115	
125	110	100	136	120	
171	178	183	192	194	
185	151	190	172	183	
172	177	182	185	196	
169	194	189	198	195	
194	176	151	197	170	
166	183	169	168	158	
191	173	168	192	154	
195	159	196	171	155	
167	183	150	190	154	
174	196	178	177	184	
168	178	192	194	162	
154	192	182	199	186	
195	173	176	198	187	
171	167	194	183	161	
161	186	168	157	155	
191	179	154	168	182	
151	192	170	194	154	
163	188	199	152	194	
191	198	188	173	165	
160	182	190	184	170	
191	177	162	167	165	
175	198	167	162	186	
152	160	159	196	176	
188	167	156	185	157	
177	175	156	198	187	
170	187	174	193	196	
163	189	169	155	175	
177	186	153	180	174	
162	176	156	195	173	
184	168	182	153	155	
176	160	154	157	182	
155	150	156	199	175	
178	169	188	160	167	
186	164	189	192	154	
153	171	188	193	158	
161	192	163	162	151	
155	159	198	178	176	
194	183	172	182	165	
179	186	169	189	177	
172	177	197	193	157	
194	188	150	155	184	
160	191	172	165	196	
186	193	178	161	188	
159	173	165	177	158	
174	165	173	159	161	
175	180	151	152	166	
160	174	198	159	183	
172	194	156	161	157	
164	179	151	194	187	
167	166	179	160	161	
223	219	232	238	210	
239	236	231	207	237	
215	207	201	217	218	
243	232	231	223	207	
237	205	223	229	221	
227	223	202	206	226	
221	219	203	230	235	
221	248	214	207	235	
226	228	215	208	204	
211	225	200	231	227	
205	208	229	241	204	
244	218	200	221	246	
243	220	218	233	232	
240	205	228	242	210	
222	232	241	202	212	
233	235	209	240	243	
246	223	222	209	237	
200	210	243	246	249	
237	245	234	239	207	
230	215	206	245	223	
245	200	211	229	247	
224	221	248	226	238	
218	244	222	211	238	
213	238	240	215	242	
234	229	208	232	246	
247	241	242	222	219	
232	209	238	202	201	
228	244	237	203	208	
217	210	235	224	214	
245	207	203	223	218	
210	207	238	218	236	
248	219	221	200	246	
222	245	220	249	213	
210	211	232	204	209	
218	241	211	215	236	
227	217	220	204	249	
232	209	201	202	238	
213	218	214	233	201	
207	205	247	214	245	
238	246	234	225	212	
206	215	200	236	248	
249	212	232	216	229	
215	207	238	200	208	
239	219	235	247	214	
220	206	200	216	218	
240	204	219	235	212	
201	202	221	236	209	
205	203	228	226	240	
245	213	241	230	221	
233	227	209	211	246	
282	289	251	292	256	
268	271	257	269	251	
294	268	263	279	291	
259	257	278	283	270	
293	285	289	290	253	
259	250	269	267	258	
295	266	277	291	273	
271	258	277	273	253	
270	279	256	291	258	
281	262	284	267	291	
265	258	296	268	288	
283	288	252	294	291	
287	266	286	264	255	
288	255	274	257	250	
260	292	253	250	280	
293	295	264	273	259	
275	272	264	271	279	
290	278	270	272	256	
284	275	257	262	297	
253	278	282	259	284	
299	294	268	291	286	
283	272	267	252	263	
292	285	267	286	299	
252	277	265	258	298	
299	252	261	283	293	
285	261	281	268	259	
282	283	296	274	269	
296	292	291	281	261	
299	282	274	289	264	
267	279	253	285	251	
291	297	259	290	289	
252	266	270	272	261	
261	286	288	287	273	
255	259	287	296	283	
250	281	262	256	284	
258	268	289	277	275	
288	291	295	261	293	
271	262	254	281	288	
252	286	283	288	267	
259	253	271	250	285	
257	299	271	262	258	
282	253	290	277	283	
284	268	290	274	270	
263	281	290	298	296	
279	276	289	266	298	
282	281	252	297	296	
299	287	268	266	293	
262	260	270	290	288	
297	265	273	278	262	
265	293	276	253	270	
303	321	339	343	335	
332	331	329	328	317	
317	341	348	344	315	
320	342	321	324	343	
309	348	300	336	331	
339	336	333	337	338	
300	346	345	338	312	
303	344	327	335	331	
308	301	317	326	335	
330	306	315	304	314	
345	332	302	349	310	
329	324	305	330	334	
326	313	336	342	341	
349	345	317	313	332	
314	308	329	319	305	
307	347	324	335	346	
307	301	347	309	342	
340	335	323	326	343	
349	339	324	342	325	
316	306	327	326	308	
303	318	331	309	337	
322	346	321	317	342	
329	333	312	334	300	
344	333	312	349	304	
310	304	321	333	314	
342	308	344	310	320	
321	304	346	325	335	
322	336	345	300	314	
338	341	321	317	309	
302	308	316	315	332	
338	349	345	327	325	
338	301	342	328	333	
325	347	311	334	340	
335	324	325	336	346	
313	302	334	309	326	
346	324	323	314	340	
313	330	348	340	307	
334	300	318	303	335	
308	331	324	332	348	
313	340	317	345	330	
314	346	323	337	330	
330	348	318	345	307	
305	329	310	309	332	
313	320	328	325	324	
323	320	327	335	321	
345	320	346	326	331	
324	345	306	332	335	
328	346	333	327	338	
321	324	336	325	338	
349	319	327	343	326	
353	370	378	350	386	
355	360	352	377	389	
393	392	369	399	366	
364	359	372	378	390	
396	352	356	350	395	
396	399	388	384	386	
368	352	385	382	361	
375	380	372	354	392	
383	374	369	376	388	
398	361	371	364	378	
385	374	362	352	354	
389	368	388	369	364	
373	359	393	394	352	
363	372	367	370	369	
353	379	355	388	375	
385	397	386	375	353	
387	398	358	361	372	
365	391	390	352	363	
366	364	390	354	392	
366	379	364	353	372	
399	359	363	373	388	
350	370	359	389	380	
385	362	374	394	367	
377	350	399	354	358	
376	382	390	368	389	
395	390	396	380	357	
354	355	365	391	371	
370	392	355	360	387	
383	373	380	352	398	
394	385	374	380	352	
363	399	376	379	364	
358	352	394	372	379	
367	385	375	374	383	
367	386	388	360	395	
364	367	381	369	386	
359	351	398	353	374	
362	350	352	353	368	
393	364	365	370	361	
394	354	370	395	353	
385	387	368	391	363	
361	374	370	386	372	
362	377	397	358	376	
358	383	355	386	396	
354	359	383	369	397	
379	389	373	358	399	
358	365	389	350	376	
381	379	360	358	385	
397	373	388	372	371	
376	363	374	387	360	
357	383	392	396	355	
402	404	437	430	418	
409	420	404	432	439	
425	419	443	437	433	
409	425	430	414	440	
432	415	426	409	440	
449	440	445	434	413	
416	404	420	438	448	
413	401	434	405	433	
400	446	426	444	403	
431	423	446	439	429	
429	409	447	413	417	
445	441	435	448	410	
438	402	448	419	424	
433	417	434	438	408	
434	403	411	414	426	
419	447	412	433	401	
447	409	402	445	436	
414	426	448	406	440	
425	433	431	434	407	
442	444	409	449	427	
448	430	420	414	407	
434	448	422	443	449	
419	425	449	440	407	
444	409	426	441	403	
418	445	412	401	421	
411	447	402	437	412	
427	438	429	401	404	
406	419	416	424	413	
413	423	416	411	400	
430	401	440	448	406	
412	442	408	415	419	
420	442	405	433	440	
402	428	441	449	410	
414	424	407	410	445	
404	426	416	435	437	
424	403	401	425	409	
401	413	440	445	422	
404	433	406	420	427	
446	401	442	418	407	
425	415	419	406	428	
407	415	404	441	447	
437	426	413	434	449	
425	438	449	443	431	
435	440	407	428	446	
418	412	403	411	444	
406	410	412	424	449	
445	419	420	426	414	
425	427	436	406	403	
449	410	426	433	448	
436	437	428	443	404	
457	452	473	486	466	
465	466	481	491	453	
452	483	489	499	474	
484	499	481	495	466	
465	496	472	459	462	
479	451	457	450	473	
484	472	478	473	491	
453	466	487	457	483	
469	487	458	451	460	
472	461	454	469	470	
458	469	485	494	453	
458	455	450	470	489	
471	470	469	459	494	
499	464	497	470	477	
467	452	498	492	450	
457	453	461	459	456	
485	487	480	471	457	
474	462	491	473	466	
487	485	464	468	462	
451	459	479	486	470	
491	450	455	488	458	
451	469	468	485	457	
465	496	467	464	475	
494	479	453	483	470	
457	497	456	459	454	
475	489	487	466	492	
483	480	496	452	469	
477	467	457	465	486	
478	460	477	486	455	
483	459	452	499	466	
474	455	487	457	465	
473	455	476	458	479	
479	476	493	473	471	
479	451	485	483	473	
473	469	492	494	453	
451	484	471	453	495	
492	490	486	459	487	
475	481	496	498	457	
497	483	494	450	476	
495	497	483	471	474	
454	473	465	495	475	
476	477	469	490	451	
457	488	477	476	481	
467	482	490	475	464	
491	490	485	456	450	
469	483	480	485	493	
483	474	464	469	468	
483	474	454	461	451	
456	496	470	483	452	
466	458	499	456	481	
435	371	405	332	100	11	
337	187	60	322	347	228	
237	282	82	456	56	112	
0	247	85	343	234	62	
337	383	484	415	419	24	
153	23	260	160	259	467	
0	357	409	410	64	50	
21	245	266	251	96	394	
232	46	445	406	62	262	
117	286	47	399	433	0	
127	272	15	375	335	18	
271	345	24	382	294	166	
273	416	283	184	109	327	
460	338	303	459	362	229	
496	311	458	252	207	389	
437	133	311	71	497	273	
369	96	136	420	303	236	
248	40	6	49	54	402	
383	411	325	287	427	354	
317	174	342	161	63	429	
379	457	70	378	95	227	
52	61	147	392	460	102	
369	104	412	199	486	356	
310	324	6	10	417	20	
272	96	378	463	449	176	
23	244	259	383	321	375	
69	135	101	465	416	123	
70	215	183	361	207	427	
150	342	297	398	211	499	
377	8	101	451	343	222	
225	455	109	245	395	378	
166	375	173	182	306	460	
128	20	147	480	57	238	
69	376	235	256	317	46	
385	464	362	354	18	350	
241	184	496	13	368	21	
386	369	337	384	117	405	
136	345	343	14	35	383	
471	259	345	271	20	408	
319	471	300	205	430	394	
497	150	31	94	428	405	
53	275	11	454	474	431	
327	341	271	11	5	56	
8	369	193	277	418	172	
479	393	10	176	240	229	
389	201	221	337	485	155	
371	42	296	152	326	9	
477	386	322	448	111	339	
381	361	196	236	348	120	
85	371	90	27	432	225	
283	434	29	360	107	57	
404	363	376	275	131	228	
304	175	485	205	407	201	
358	7	492	163	264	13	
12	89	272	409	232	356	
400	32	172	272	332	435	
259	407	440	363	365	498	
157	207	163	424	197	193	
244	272	30	337	455	463	
499	109	341	451	27	288	
145	209	241	113	487	288	
154	66	264	447	412	472	
311	36	366	189	216	80	
315	252	226	448	179	202	
357	76	39	460	313	391	
391	356	130	13	222	472	
195	327	260	11	485	333	
305	393	2	49	413	24	
154	176	446	269	135	380	
33	425	74	134	17	86	
305	215	12	381	166	487	
171	377	231	131	254	322	
421	231	288	86	81	370	
21	355	448	300	486	183	
196	474	356	307	456	230	
229	305	162	425	57	131	
172	384	81	100	23	328	
50	151	255	321	10	374	
147	301	270	430	481	91	
266	352	39	385	125	36	
271	277	313	7	337	348	
91	285	130	488	230	451	
435	431	445	323	78	275	
18	178	447	263	481	486	
144	160	351	344	48	298	
347	294	95	228	207	332	
421	89	23	360	481	457	
53	212	491	375	446	262	
370	354	427	364	123	92	
227	175	211	461	158	84	
243	489	484	244	28	418	
207	237	52	491	309	495	
128	204	215	208	150	138	
428	469	23	407	376	468	
353	256	441	269	478	357	
124	230	66	268	438	463	
223	106	235	252	407	316	
156	455	226	496	198	62	
460	261	474	241	472	28	
277	113	321	298	168	188	
179	222	197	387	184	109	
382	264	154	365	141	456	
105	27	189	315	321	435	
98	450	30	117	474	29	
75	159	178	70	410	96	
323	79	201	472	491	354	
447	274	241	353	389	273	
273	181	406	120	278	247	
122	52	112	61	302	144	
36	46	167	147	310	296	
26	303	373	469	258	82	
37	321	292	2	71	426	
64	44	124	107	451	300	
311	326	178	259	308	30	
430	379	407	307	330	129	
458	491	294	158	267	43	
52	200	317	79	113	15	
498	383	365	236	322	474	
3	319	224	89	191	80	
196	364	222	252	318	73	
93	16	223	170	98	265	
357	445	330	371	489	205	
182	329	328	49	220	80	
394	236	474	104	457	42	
384	175	154	197	10	58	
52	321	439	387	257	425	
427	280	33	94	38	193	
266	14	174	454	169	341	
93	181	29	420	216	104	
108	266	123	493	37	82	
443	133	397	432	369	70	
160	274	404	428	449	110	
124	201	22	364	379	256	
412	455	52	172	255	156	
426	233	279	80	447	7	
110	453	363	351	325	159	
257	25	365	69	323	146	
212	6	415	89	282	365	
14	74	251	400	186	90	
265	481	384	484	473	352	
64	167	58	325	254	120	
421	198	347	56	99	464	
38	78	319	117	314	296	
432	387	452	71	160	201	
102	86	210	363	412	180	
265	151	437	319	305	460	
37	149	4	59	175	131	
303	26	184	222	178	24	
164	277	385	335	329	30	
497	254	321	218	106	362	
408	169	173	159	157	28	58	
121	395	481	385	495	115	12	
373	352	270	340	148	462	413	
482	26	10	318	58	463	18	
483	38	90	104	96	270	191	
89	343	477	424	486	207	382	
138	211	408	371	433	254	68	
78	360	219	8	187	357	331	
53	18	369	198	67	257	295	
71	320	480	333	137	208	352	
449	22	186	429	497	460	26	
449	9	479	257	126	94	51	
22	371	72	476	421	322	427	
423	63	96	76	89	351	460	
155	452	366	151	462	418	70	
152	420	75	376	481	301	222	
55	45	405	196	152	185	407	
495	249	412	181	432	20	295	
385	64	460	434	199	240	88	
337	270	308	165	422	430	443	
118	385	65	225	314	38	463	
398	177	22	176	85	54	153	
229	464	338	415	421	192	489	
32	407	331	150	315	87	291	
150	290	407	435	107	454	24	
68	163	402	191	20	86	470	
495	271	153	476	457	303	438	
225	283	329	465	366	159	284	
194	92	9	145	163	457	73	
347	202	278	252	437	198	264	
91	120	366	275	19	480	210	
103	320	470	203	347	182	437	
63	348	451	22	129	325	438	
454	252	428	60	282	10	400	
50	119	400	270	398	7	341	
417	424	316	304	365	98	128	
162	2	323	306	173	470	418	
469	288	118	113	169	271	496	
32	361	499	54	140	159	293	
401	202	169	13	496	296	336	
363	58	246	44	207	80	86	
92	330	19	120	50	130	469	
210	499	388	299	250	8	430	
155	384	356	80	5	76	204	
91	140	101	416	13	201	231	
312	358	3	248	36	432	388	
271	190	183	277	431	499	309	
253	311	19	415	75	196	155	
82	7	354	237	163	114	463	
116	248	383	470	255	200	365	
259	246	144	253	303	399	387	
75	438	259	476	36	111	305	
388	160	413	28	48	151	306	
333	163	377	146	128	336	317	
315	380	418	104	411	79	336	
105	38	310	498	367	191	258	
164	324	75	385	371	243	107	
156	214	8	420	382	343	466	
262	1	380	300	141	69	290	
215	441	455	150	493	181	217	
17	327	393	131	106	214	59	
454	65	8	317	284	282	276	
411	158	358	446	338	293	59	
13	499	78	3	293	30	187	
229	499	477	325	86	474	482	
270	194	137	40	52	72	192	
62	273	370	477	246	261	406	
78	62	291	429	214	52	348	
419	133	493	496	303	240	287	
436	250	402	209	166	391	43	
223	388	308	209	7	448	51	
289	74	465	257	163	275	452	
257	302	332	446	473	386	416	
269	258	445	40	164	233	42	
164	446	419	364	415	429	283	
219	345	266	86	409	23	140	
36	257	242	290	163	348	460	
346	334	47	466	210	259	411	
343	308	312	200	239	233	84	
223	84	423	480	334	285	47	
374	171	495	420	322	269	153	
353	1	142	163	382	69	412	
114	265	292	2	1	464	353	
341	379	26	116	3	200	450	
276	374	382	485	480	297	94	
411	93	172	395	376	313	273	
64	14	417	456	455	54	441	
52	498	267	256	406	155	10	
39	451	381	41	144	244	495	
84	113	346	92	321	417	39	
164	206	136	131	323	416	384	
127	329	109	202	115	126	2	
9	265	469	38	122	41	1	
59	465	352	83	399	428	114	
33	86	59	184	497	206	52	
190	166	41	348	297	475	131	
172	438	137	315	420	439	299	
356	194	368	188	66	423	259	
170	220	75	58	106	219	289	
6	463	183	301	274	314	151	
357	373	235	410	340	266	493	
47	403	159	279	391	484	283	
410	80	292	165	120	348	41	
116	48	118	112	286	72	454	
397	494	416	62	190	19	472	
305	119	335	190	278	117	222	
71	6	420	13	119	226	97	
443	231	46	324	288	317	73	
123	30	376	467	247	258	82	
385	158	453	212	419	86	226	
175	15	192	123	172	74	334	
185	133	364	220	318	403	55	
373	329	11	480	102	248	388	
40	226	272	6	487	159	173	
241	386	282	388	143	392	175	
378	475	462	25	222	101	448	
430	112	128	114	223	419	57	
227	27	383	193	235	75	182	
275	86	257	332	444	140	150	
261	490	343	168	184	96	161	
376	337	354	84	89	74	195	
407	151	302	305	180	141	327	
97	317	39	15	404	243	33	
303	215	312	469	57	74	412	
341	362	240	22	450	39	105	
338	405	375	114	298	449	27	
226	162	0	58	143	4	228	
34	122	291	477	348	6	438	
178	140	424	395	25	127	123	
160	50	41	443	122	486	357	
73	107	329	380	1	80	21	
226	177	117	429	42	340	4	
350	472	159	47	165	177	341	
91	170	49	400	82	238	237	
336	448	345	156	85	254	379	
299	219	93	189	306	169	409	
281	261	103	43	222	4	104	
408	443	414	53	256	50	184	
139	331	90	12	47	284	34	
119	23	206	279	94	365	74	
141	112	462	274	220	432	404	
110	362	43	323	462	88	77	
80	121	120	326	20	73	412	
299	118	20	399	78	61	391	
233	448	285	258	492	34	171	
258	498	31	118	337	148	316	
24	250	405	262	491	441	289	
252	3	70	319	326	332	30	
5	484	217	303	103	451	334	
373	63	405	227	323	113	301	
0	380	1	11	423	99	365	475	
91	46	173	49	366	9	156	257	
258	21	380	419	457	73	215	496	
195	437	104	77	406	399	176	137	
203	391	319	75	372	304	320	105	
139	255	33	274	446	404	117	224	
123	25	237	59	240	68	213	65	
207	176	160	123	349	392	236	198	
435	352	281	210	325	425	486	408	
247	206	457	459	179	291	283	74	
137	184	200	281	473	406	351	332	
133	458	348	288	102	460	156	252	
306	457	459	191	336	348	354	420	
193	247	221	129	356	150	498	16	
118	83	195	327	349	24	270	448	
3	314	335	295	360	339	53	327	
36	192	381	40	310	109	84	7	
490	347	296	297	376	168	6	460	
315	479	344	394	445	346	373	85	
60	116	46	201	191	23	486	290	
236	61	20	350	269	475	332	300	
46	225	239	148	74	317	285	301	
248	293	261	322	299	475	59	390	
330	358	289	177	491	298	498	129	
10	301	123	430	171	174	172	483	
107	289	300	358	427	148	261	1	
499	136	130	21	154	90	446	301	
219	166	489	270	68	167	330	74	
414	299	361	82	253	452	159	400	
185	461	288	436	127	48	386	387	
5	164	129	497	346	204	471	395	
38	163	164	347	85	52	463	93	
390	301	236	132	367	399	14	488	
191	86	493	307	190	444	172	189	
153	122	408	269	53	243	206	39	
338	466	398	16	336	488	335	5	
17	286	289	20	338	291	297	150	
199	333	436	33	106	371	363	286	
349	277	416	325	453	164	15	82	
472	425	107	292	291	262	156	140	
26	213	428	490	170	160	83	312	
198	411	152	123	173	355	167	435	
253	48	249	419	188	194	136	297	
65	222	472	298	215	468	118	331	
244	192	407	219	317	25	288	271	
350	180	410	10	168	81	407	66	
192	386	17	13	499	117	98	268	
259	373	421	402	493	182	128	168	
350	344	59	197	401	377	484	27	
51	494	367	476	457	193	393	96	
20	64	133	219	418	14	190	252	
462	7	64	9	233	79	257	53	
7	170	462	369	217	396	319	339	
122	266	192	70	208	360	325	204	
240	301	40	180	228	480	216	475	
84	263	1	287	64	218	32	16	
457	262	425	70	283	214	33	84	
367	355	487	24	453	296	387	217	
292	63	104	27	199	463	448	396	
487	369	332	179	278	282	188	395	
358	146	450	180	50	244	92	193	
331	242	416	80	266	480	369	333	
408	427	43	15	472	311	199	357	
286	16	222	34	264	382	118	154	
326	285	253	449	264	334	38	343	
132	49	322	444	96	171	381	192	
472	425	181	2	112	92	139	407	
399	57	41	53	46	49	89	358	
194	366	385	400	393	262	35	280	
85	454	458	306	483	468	340	460	
35	175	338	168	408	12	125	335	
378	286	377	324	493	298	123	349	
250	400	80	276	65	8	121	360	
414	346	287	331	478	77	315	125	
291	68	279	317	102	197	148	380	
191	284	422	324	412	203	91	211	
373	329	155	403	355	95	433	379	
303	157	119	224	138	118	433	46	
346	392	298	348	268	283	5	376	
223	151	404	455	188	419	431	148	
469	68	41	185	126	124	351	128	
426	222	61	142	113	146	466	163	
463	207	56	469	76	415	116	428	
262	111	129	217	482	489	252	230	
114	367	172	4	43	37	293	219	
214	51	236	418	20	487	154	191	
426	204	324	10	159	52	54	84	
436	89	346	434	125	294	292	47	
451	426	349	48	474	139	240	306	
398	77	330	468	460	302	99	421	
109	294	285	267	18	485	159	288	
52	39	205	272	50	474	193	342	
466	437	428	153	92	196	139	427	
403	81	157	113	353	292	100	397	
219	266	83	79	491	454	242	230	
410	135	372	59	38	65	390	348	
125	344	233	250	159	23	440	130	
33	64	230	244	285	93	124	256	
186	396	152	434	240	481	267	338	
83	17	380	73	324	186	356	282	
212	137	143	216	65	239	387	479	
415	6	233	418	181	356	492	38	
242	337	49	103	419	39	137	393	
397	348	451	99	436	177	40	300	
218	229	278	376	434	192	424	57	
411	420	252	294	126	112	97	120	
204	149	367	294	86	372	168	374	
436	342	114	184	118	130	462	84	
357	180	199	319	92	352	462	432	
95	51	439	1	443	121	49	140	
285	315	53	327	184	326	240	355	
107	123	129	11	215	399	421	438	
137	305	160	318	441	246	464	8	
363	50	453	180	183	361	220	212	
443	353	317	359	455	258	188	114	
172	214	83	339	5	47	30	2	
153	61	316	237	309	451	268	389	
413	2	243	17	45	293	145	458	
376	463	0	200	407	248	205	209	
307	453	99	210	282	310	416	351	
352	437	295	4	152	66	126	58	
353	212	96	205	188	337	342	384	
383	47	420	346	405	467	368	462	
18	88	373	129	316	455	172	24	
136	199	36	451	149	283	304	411	
414	285	226	201	129	301	367	118	
43	55	183	193	300	149	90	227	
478	117	102	222	121	85	432	290	
371	84	119	85	34	89	28	373	
31	483	88	196	494	210	211	6	
118	421	298	197	362	31	167	497	
216	141	359	448	166	368	452	325	
405	289	171	281	146	481	181	391	
106	447	341	141	349	236	7	12	
29	168	27	294	398	383	48	460	
445	72	318	421	368	260	270	107	
204	155	227	105	144	364	135	439	
173	73	389	153	205	376	152	296	
375	397	496	177	392	292	68	65	
356	382	239	118	359	200	34	144	
70	91	172	471	227	311	408	281	
39	23	141	325	403	259	244	220	
131	214	177	180	373	12	446	241	
264	292	454	83	347	71	86	305	
79	449	415	122	271	475	416	419	
410	382	441	435	452	98	86	331	
142	278	220	353	496	322	187	107	
62	440	201	330	171	364	346	63	
36	379	14	331	177	3	108	382	
325	34	160	289	329	197	307	169	
