23	13	2	
1	36	46	
21	5	36	
36	9	43	
25	7	48	
32	2	14	
0	20	6	
41	28	21	
33	43	7	
33	17	4	
10	15	11	
40	25	19	
19	3	28	
40	38	41	
0	37	42	
5	9	2	
23	21	22	
15	40	6	
10	36	8	
46	29	30	
24	42	49	
36	34	20	
29	5	40	
37	14	2	
40	3	28	
7	25	4	
4	44	40	
49	27	28	
42	4	17	
7	26	5	
49	48	37	
45	35	31	
24	43	39	
33	40	34	
31	2	49	
38	13	26	
43	9	42	
32	7	44	
38	15	32	
40	2	9	
14	30	33	
30	47	25	
7	30	19	
2	16	29	
21	49	8	
0	15	38	
44	25	48	
28	46	39	
16	45	22	
36	23	46	
64	97	94	
73	99	87	
94	80	87	
72	79	83	
65	98	64	
70	92	91	
93	72	64	
95	71	54	
61	90	81	
86	54	95	
53	68	57	
77	52	98	
95	98	83	
90	65	82	
61	88	62	
78	64	65	
83	72	61	
61	56	67	
97	56	55	
55	88	98	
68	81	72	
51	78	56	
78	60	96	
88	71	87	
96	75	88	
80	81	69	
56	78	80	
95	64	55	
79	94	90	
53	80	91	
50	68	64	
94	95	68	
93	95	67	
88	50	82	
53	52	80	
69	92	96	
94	78	55	
85	57	90	
78	68	62	
94	96	50	
51	86	85	
58	89	72	
67	51	73	
96	69	80	
72	95	65	
85	74	96	
79	93	64	
77	69	82	
68	99	54	
50	84	67	
110	138	111	
133	105	142	
120	142	134	
126	136	111	
105	125	132	
141	113	115	
136	135	105	
137	106	140	
123	130	120	
123	137	115	
138	127	122	
148	114	102	
131	144	108	
109	118	100	
133	149	111	
126	148	137	
137	102	109	
131	113	149	
109	149	112	
104	139	119	
141	128	110	
100	136	125	
118	117	112	
113	138	134	
115	129	119	
134	140	104	
124	125	120	
109	101	107	
142	119	135	
122	125	112	
107	148	137	
113	126	117	
138	104	102	
148	130	147	
113	106	127	
114	100	124	
106	138	113	
120	101	117	
108	106	128	
146	131	140	
145	102	142	
142	115	144	
136	114	104	
104	136	129	
116	137	135	
145	133	141	
103	122	148	
139	142	132	
113	106	118	
146	139	114	
171	153	186	
195	198	184	
161	150	195	
191	167	189	
162	183	190	
185	175	169	
189	194	150	
180	156	172	
165	189	184	
189	181	195	
166	180	197	
192	176	166	
187	193	181	
194	186	187	
174	165	187	
184	170	152	
186	170	177	
183	179	180	
196	161	155	
162	194	151	
157	185	186	
151	184	188	
151	175	177	
169	198	176	
152	151	189	
169	155	156	
168	199	178	
176	177	164	
194	193	178	
189	159	195	
191	179	157	
191	176	165	
187	192	155	
198	176	171	
156	183	158	
169	174	186	
189	159	152	
196	153	194	
179	157	165	
171	170	193	
166	177	167	
167	163	181	
170	194	174	
173	199	156	
161	156	154	
186	169	177	
175	170	182	
161	170	166	
192	150	197	
170	168	172	
220	223	248	
235	232	242	
238	242	241	
218	211	230	
210	239	228	
206	200	202	
213	202	229	
212	247	242	
224	212	240	
249	227	217	
242	249	210	
221	235	226	
222	232	223	
215	249	210	
206	230	218	
240	201	225	
209	248	219	
245	229	205	
239	212	229	
208	220	235	
202	248	213	
229	211	204	
242	237	233	
236	233	229	
228	208	203	
230	218	244	
228	233	232	
207	240	248	
208	205	204	
243	229	222	
244	228	235	
201	213	242	
206	226	202	
230	202	227	
211	202	215	
238	205	232	
211	235	200	
208	213	223	
237	226	246	
223	230	219	
235	225	249	
245	220	203	
209	242	218	
234	223	225	
241	227	248	
244	207	228	
246	245	234	
217	231	222	
217	200	238	
231	248	228	
281	294	290	
265	273	296	
287	290	289	
267	273	295	
293	295	260	
262	273	252	
257	288	251	
274	277	263	
254	271	291	
289	291	286	
283	262	253	
273	261	285	
293	289	290	
251	286	283	
266	257	283	
252	265	271	
272	274	250	
297	254	288	
256	287	250	
262	282	279	
291	281	262	
257	284	261	
276	269	297	
287	253	299	
296	269	288	
268	269	276	
250	261	272	
275	261	282	
299	260	289	
252	254	276	
263	280	261	
266	257	260	
294	267	291	
277	255	266	
272	293	286	
255	260	258	
282	264	273	
291	284	273	
280	250	276	
272	259	262	
273	280	279	
297	264	263	
291	293	296	
270	281	285	
284	298	272	
264	272	294	
295	260	283	
265	280	263	
295	296	256	
267	253	280	
349	332	314	
348	334	312	
336	320	339	
316	330	319	
324	339	343	
335	345	322	
333	340	319	
332	315	305	
330	306	325	
322	341	316	
326	304	303	
329	349	332	
314	344	323	
329	337	310	
317	337	342	
340	315	312	
336	304	324	
300	317	345	
318	310	302	
318	302	324	
306	327	342	
301	342	343	
304	320	308	
318	310	336	
301	342	315	
311	310	322	
308	314	309	
335	328	308	
328	316	321	
315	341	324	
325	306	331	
316	344	340	
316	323	345	
322	327	344	
300	337	302	
313	315	341	
319	325	323	
334	305	329	
320	314	315	
319	345	317	
304	319	300	
307	346	303	
322	300	330	
327	338	345	
322	327	308	
313	338	312	
315	330	349	
345	307	326	
304	322	324	
344	308	324	
398	353	371	
359	386	379	
374	390	396	
386	378	390	
373	379	372	
356	387	380	
397	361	392	
377	397	380	
387	359	386	
391	395	394	
370	391	364	
351	368	350	
392	386	352	
380	353	384	
373	351	390	
381	376	361	
378	367	390	
385	350	398	
363	378	355	
393	382	399	
352	359	393	
372	382	398	
365	362	354	
381	355	359	
387	354	399	
356	386	364	
352	371	390	
388	385	382	
369	389	352	
363	350	388	
385	396	368	
378	394	364	
382	398	376	
374	365	383	
393	372	389	
371	379	367	
385	395	397	
370	379	375	
395	394	381	
392	388	399	
392	365	372	
391	369	396	
391	372	355	
391	388	354	
385	383	396	
395	374	380	
377	359	362	
390	399	388	
376	394	371	
383	357	397	
442	423	446	
403	423	412	
420	411	414	
400	403	434	
419	406	448	
414	432	421	
415	421	416	
400	428	420	
421	422	411	
429	400	415	
427	409	414	
407	414	431	
403	447	409	
426	443	439	
449	412	403	
448	427	444	
438	428	426	
426	415	418	
400	433	443	
410	435	403	
420	428	421	
404	412	420	
445	427	432	
406	414	447	
402	426	423	
400	438	416	
437	424	401	
404	407	419	
408	410	448	
447	441	411	
404	442	420	
443	431	418	
447	406	430	
421	428	417	
436	434	441	
437	418	409	
410	418	422	
419	401	430	
409	410	411	
407	425	431	
417	401	429	
419	427	447	
446	411	445	
443	402	425	
406	426	403	
419	438	449	
414	410	425	
402	417	405	
418	435	445	
414	444	417	
470	498	490	
458	450	457	
451	498	470	
498	491	496	
480	464	482	
486	453	465	
453	487	498	
485	487	481	
451	457	496	
474	456	481	
494	465	492	
488	472	475	
450	468	467	
482	459	460	
465	497	479	
476	499	455	
464	490	453	
475	499	488	
476	484	490	
473	496	485	
493	489	482	
476	467	462	
453	497	487	
492	494	495	
471	495	452	
463	494	468	
478	469	464	
464	473	451	
476	498	454	
494	498	478	
487	491	473	
491	456	498	
456	493	471	
469	459	498	
486	461	465	
457	452	490	
455	471	484	
479	480	465	
494	450	455	
479	497	483	
452	475	477	
478	487	475	
499	498	480	
471	454	497	
468	481	494	
479	491	461	
474	483	480	
467	491	469	
476	469	467	
458	465	454	
31	45	2	9	
49	26	43	45	
17	48	16	23	
26	37	43	4	
44	15	8	9	
34	26	29	28	
0	1	2	27	
34	36	15	9	
39	15	46	1	
37	43	46	39	
30	45	43	29	
42	38	5	37	
26	14	32	10	
37	22	2	38	
35	10	39	7	
9	30	23	24	
43	15	23	5	
20	29	8	17	
10	4	30	49	
49	44	13	47	
24	49	48	30	
3	19	10	35	
24	6	14	15	
36	37	23	18	
21	10	49	13	
13	27	41	17	
36	41	27	1	
25	28	44	12	
38	31	46	21	
3	32	37	30	
18	25	3	28	
25	6	22	10	
20	42	4	19	
49	47	28	43	
7	9	47	5	
45	6	37	0	
23	42	27	4	
30	1	23	9	
35	26	21	15	
28	6	35	8	
22	49	44	18	
16	9	31	28	
49	41	36	2	
18	20	33	36	
31	45	1	39	
19	47	10	25	
40	1	7	19	
2	28	35	10	
3	5	27	38	
24	26	5	22	
85	83	65	79	
93	70	95	88	
80	83	96	65	
55	63	79	59	
99	90	94	82	
59	85	93	57	
77	62	78	70	
52	57	85	98	
99	53	78	79	
92	96	94	86	
88	72	58	65	
72	76	94	88	
92	59	93	83	
83	96	65	59	
52	69	66	55	
81	62	52	69	
94	56	75	69	
79	73	98	65	
73	70	64	63	
66	51	63	86	
81	63	64	52	
98	94	79	71	
94	91	96	99	
92	80	89	79	
82	87	76	69	
62	67	84	58	
99	68	85	62	
86	73	60	63	
82	62	68	67	
61	90	72	66	
66	58	91	56	
81	85	50	71	
96	74	77	69	
55	85	76	86	
65	88	77	66	
73	81	98	79	
71	51	85	56	
63	93	98	78	
87	81	89	93	
94	93	81	92	
94	88	70	61	
54	50	69	95	
99	66	92	80	
92	71	72	91	
89	59	72	91	
89	75	68	73	
73	66	60	92	
51	93	91	98	
56	94	99	75	
53	73	86	88	
118	141	107	140	
119	100	117	111	
107	133	145	117	
106	112	124	125	
124	138	114	104	
123	121	126	145	
119	125	137	147	
121	103	130	148	
145	142	113	106	
147	143	129	148	
101	143	104	103	
124	149	129	136	
144	122	137	141	
104	143	103	125	
132	147	136	137	
104	136	131	124	
125	111	108	102	
113	125	133	115	
105	146	127	140	
147	145	110	122	
143	149	122	137	
135	107	138	105	
138	114	115	119	
149	124	113	146	
131	114	146	144	
103	135	102	140	
113	143	126	114	
113	131	132	123	
135	111	123	129	
104	125	106	117	
147	111	124	123	
114	133	111	117	
100	102	137	120	
120	146	123	127	
128	137	108	118	
123	130	141	107	
128	129	134	139	
133	131	109	130	
128	103	148	130	
142	134	145	109	
108	111	135	144	
114	126	132	123	
123	115	121	139	
138	105	110	111	
130	122	136	115	
140	144	146	127	
126	109	149	134	
104	117	127	132	
116	123	133	115	
142	135	139	137	
194	166	191	176	
176	160	197	156	
158	184	195	168	
197	187	198	173	
162	186	193	159	
195	176	193	180	
163	193	174	192	
167	160	175	196	
195	167	194	168	
176	186	182	150	
150	153	190	187	
165	183	191	189	
186	175	181	184	
172	164	190	196	
154	183	174	161	
182	159	176	191	
197	150	171	161	
193	164	150	180	
160	165	158	192	
184	175	158	186	
188	162	160	151	
153	157	167	164	
171	199	196	188	
199	161	150	173	
196	153	179	193	
172	196	199	186	
177	153	179	178	
197	161	169	193	
159	157	182	158	
171	184	183	168	
189	191	192	184	
175	181	163	184	
197	157	189	165	
171	193	151	190	
194	171	151	196	
195	199	175	173	
179	174	176	183	
179	178	151	172	
175	150	159	191	
153	163	172	193	
174	179	190	191	
161	184	193	174	
195	168	181	167	
190	180	199	197	
193	169	162	195	
158	150	172	174	
181	191	185	198	
168	199	190	179	
161	164	170	181	
194	191	166	171	
247	208	207	232	
247	248	228	223	
230	247	216	200	
238	242	228	215	
200	232	220	209	
204	200	211	207	
246	230	201	234	
232	225	205	246	
239	228	221	223	
212	237	223	217	
224	207	225	222	
249	237	213	241	
244	248	233	238	
249	239	244	222	
218	229	201	216	
226	237	238	216	
240	230	216	236	
247	222	239	220	
207	208	201	235	
212	208	207	204	
221	212	238	225	
216	211	209	202	
216	247	217	208	
236	221	218	229	
249	229	218	226	
241	200	242	201	
201	200	249	217	
214	225	242	227	
245	206	223	246	
214	203	237	209	
241	232	221	211	
223	246	213	242	
243	220	233	249	
218	229	224	234	
214	233	231	229	
200	246	243	242	
228	226	211	233	
209	206	225	228	
229	213	239	249	
231	240	208	210	
217	245	214	223	
219	209	237	227	
200	208	244	228	
246	203	212	229	
241	223	216	215	
204	241	211	236	
205	211	215	212	
203	220	232	204	
205	219	221	226	
210	242	202	201	
254	258	260	263	
275	299	298	285	
268	298	297	299	
289	259	290	279	
291	251	293	283	
285	262	295	298	
277	260	275	265	
265	261	275	266	
292	290	286	291	
277	254	297	264	
280	255	256	287	
269	260	264	295	
262	297	270	254	
270	288	294	259	
270	272	268	264	
283	297	299	267	
273	252	287	291	
292	288	272	271	
297	275	260	253	
295	283	299	259	
299	290	293	254	
260	269	262	280	
289	266	282	251	
250	287	293	280	
263	292	276	298	
289	287	281	260	
273	258	264	285	
289	294	282	264	
273	293	282	277	
257	280	277	266	
288	270	273	279	
272	289	260	298	
271	293	282	259	
273	261	290	289	
279	256	288	261	
265	257	262	274	
298	250	280	274	
276	282	259	298	
279	273	286	270	
253	255	283	279	
266	297	294	278	
289	279	287	299	
257	274	291	289	
258	292	254	251	
256	257	253	289	
292	281	273	293	
296	290	250	293	
251	257	254	296	
270	257	284	285	
297	283	265	270	
300	304	347	337	
311	306	318	319	
310	342	318	313	
307	341	348	300	
313	309	337	320	
329	300	338	349	
318	326	305	346	
312	314	300	323	
311	345	330	338	
324	344	318	316	
337	344	328	312	
317	325	335	347	
306	316	328	319	
340	301	328	315	
341	315	302	336	
321	344	317	310	
303	326	332	338	
344	345	324	340	
315	327	308	313	
317	326	328	305	
348	300	310	308	
306	323	321	302	
347	317	345	338	
313	335	347	326	
318	321	314	338	
325	307	316	344	
315	319	301	331	
345	331	326	334	
341	306	339	318	
329	313	330	340	
310	311	315	306	
347	327	309	308	
347	338	320	307	
336	338	321	316	
317	310	315	308	
343	311	312	302	
321	335	323	334	
335	304	333	337	
313	324	333	329	
319	313	304	314	
300	312	341	337	
343	323	319	344	
307	345	334	336	
304	325	326	316	
332	325	340	301	
330	306	342	309	
345	315	333	314	
340	334	316	335	
311	301	316	323	
309	344	311	313	
362	353	396	392	
392	371	365	364	
371	355	390	356	
379	362	377	384	
379	358	361	390	
377	382	368	398	
379	351	395	398	
371	386	369	385	
367	369	399	394	
374	362	399	389	
398	370	386	390	
397	355	362	396	
396	366	359	387	
359	350	390	356	
355	356	373	363	
369	376	357	362	
398	355	389	356	
366	355	371	368	
353	398	376	368	
364	371	355	352	
360	351	381	361	
391	371	377	378	
356	382	380	363	
398	383	395	372	
355	385	377	398	
386	383	389	392	
364	361	382	394	
369	360	398	377	
379	393	351	374	
378	392	366	377	
358	359	362	398	
372	350	361	390	
358	375	374	366	
383	394	375	357	
377	355	376	396	
393	377	375	368	
378	365	380	369	
396	383	359	388	
375	374	376	396	
386	374	359	382	
380	385	354	389	
398	383	391	399	
396	370	383	394	
383	399	350	380	
397	357	368	399	
356	377	381	396	
399	377	394	351	
379	386	382	376	
351	371	394	354	
389	353	387	380	
431	433	420	406	
430	407	432	437	
429	440	427	408	
432	404	444	405	
401	444	430	442	
444	413	400	446	
427	413	431	400	
422	423	416	408	
413	444	437	443	
400	421	445	407	
400	432	429	403	
405	428	409	420	
415	442	437	428	
408	429	426	428	
401	403	408	429	
440	423	429	437	
429	442	402	417	
402	437	411	416	
413	449	411	401	
411	420	409	402	
430	401	435	416	
441	417	445	419	
413	440	430	407	
432	403	431	416	
424	423	416	439	
428	445	436	447	
433	400	425	446	
405	444	427	441	
419	406	427	409	
421	424	420	419	
446	438	430	441	
403	422	408	439	
408	447	437	435	
426	406	413	447	
412	405	407	421	
444	412	413	448	
427	401	424	415	
446	416	408	423	
428	429	444	410	
419	420	437	444	
415	434	449	418	
432	405	413	412	
419	408	436	441	
447	442	421	427	
407	445	417	432	
447	435	420	422	
419	431	423	422	
432	447	415	438	
406	417	448	438	
444	417	423	429	
474	454	484	471	
463	468	459	466	
484	466	464	465	
480	479	490	488	
490	499	474	488	
479	498	486	455	
484	459	473	462	
452	499	486	487	
489	479	498	468	
465	488	468	456	
498	477	481	468	
453	478	470	468	
462	451	499	468	
475	497	484	470	
451	453	456	495	
456	465	486	489	
491	476	463	483	
475	471	483	472	
456	496	475	487	
497	495	456	499	
488	479	467	474	
492	493	451	488	
492	476	479	465	
463	494	490	465	
462	474	470	475	
479	495	471	453	
454	499	490	469	
457	450	473	499	
452	459	456	482	
472	486	456	499	
476	481	470	459	
471	461	450	468	
453	460	484	469	
464	481	492	479	
485	481	490	459	
499	466	464	472	
497	489	490	488	
463	455	478	451	
462	496	466	458	
479	454	465	475	
470	491	465	492	
458	451	468	490	
451	452	470	490	
476	452	485	482	
497	476	459	450	
479	485	455	464	
499	461	484	495	
489	454	479	480	
495	470	488	458	
466	476	493	461	
41	36	27	28	29	
23	46	7	48	41	
14	37	32	25	28	
13	17	2	48	6	
47	49	39	26	4	
37	40	49	23	21	
38	29	31	3	19	
26	9	41	31	27	
46	3	20	30	5	
29	6	44	19	14	
40	20	22	18	38	
40	44	39	49	48	
22	41	12	5	9	
8	45	31	4	48	
10	45	13	8	25	
6	13	20	43	35	
42	31	10	19	17	
0	6	36	45	2	
31	10	23	45	44	
15	30	41	19	29	
5	20	15	29	25	
0	45	37	42	16	
32	3	2	27	18	
7	34	44	0	45	
49	6	35	32	11	
44	0	34	25	41	
29	23	3	39	12	
13	32	17	8	1	
48	25	1	41	37	
41	27	17	5	31	
23	24	32	26	12	
3	8	43	45	12	
46	3	38	40	21	
25	24	44	14	16	
9	6	47	49	7	
43	15	35	46	16	
23	35	47	21	31	
24	38	6	40	45	
16	39	3	35	45	
29	49	12	38	19	
31	7	44	37	15	
36	8	16	19	0	
36	41	39	48	5	
42	6	34	0	36	
31	22	13	42	28	
49	1	48	10	26	
29	30	10	39	31	
45	18	22	34	14	
35	31	9	1	26	
1	31	3	40	6	
72	57	76	80	98	
82	63	85	93	71	
59	82	54	87	97	
52	94	92	51	50	
72	55	96	97	88	
56	69	60	57	58	
92	73	65	98	53	
55	77	82	96	67	
72	69	82	66	86	
68	77	56	84	89	
91	94	95	74	67	
62	57	55	90	65	
71	82	54	98	58	
52	80	70	72	79	
94	61	60	76	66	
52	97	93	77	88	
91	74	94	87	50	
80	91	61	71	54	
97	52	66	99	98	
92	90	61	77	99	
54	67	83	61	68	
54	93	99	91	52	
53	93	96	73	88	
64	76	97	99	87	
92	90	63	57	66	
74	96	57	91	68	
82	51	75	69	91	
67	99	89	71	63	
94	61	53	99	96	
79	96	51	53	56	
75	77	61	83	71	
66	57	79	83	87	
58	94	51	70	50	
54	71	84	80	59	
68	84	88	53	74	
74	81	95	93	53	
73	63	87	54	53	
59	53	89	85	76	
78	53	76	52	50	
79	80	56	96	99	
58	71	67	70	81	
93	94	98	99	80	
75	71	92	69	60	
64	59	79	97	87	
68	65	61	81	66	
84	91	69	73	80	
77	85	68	73	69	
67	82	63	95	99	
75	95	55	68	84	
91	67	77	66	78	
100	105	102	143	149	
106	141	137	144	118	
103	127	118	104	140	
139	146	148	132	106	
146	148	147	108	114	
144	132	106	101	104	
141	131	122	112	100	
121	102	144	124	106	
116	117	149	133	131	
136	135	110	133	137	
118	129	117	112	106	
112	105	121	127	128	
104	107	135	115	138	
128	103	139	130	127	
104	127	135	142	140	
115	124	149	146	125	
137	136	128	142	135	
132	102	149	125	127	
109	101	116	113	107	
111	129	119	113	146	
112	122	113	140	119	
126	141	142	124	106	
107	135	127	101	116	
144	107	148	132	114	
105	140	132	145	133	
119	105	146	138	140	
132	143	127	116	136	
104	133	114	112	119	
147	125	108	122	138	
140	139	143	122	149	
148	146	131	135	104	
127	102	140	112	104	
119	120	128	109	146	
112	146	101	115	142	
124	102	125	128	130	
112	144	146	129	106	
125	117	115	102	121	
101	107	143	138	140	
141	145	115	122	132	
124	130	106	129	135	
118	149	142	146	119	
138	145	116	130	129	
143	137	115	147	102	
130	111	143	105	108	
140	123	136	109	117	
118	122	105	127	141	
121	141	103	104	148	
137	142	133	121	117	
114	136	148	102	122	
143	110	117	132	131	
182	152	186	157	197	
151	158	165	174	157	
188	184	194	153	191	
172	154	155	169	151	
169	177	187	189	167	
152	199	177	198	154	
182	174	152	164	162	
174	160	172	181	193	
171	159	197	172	198	
183	188	154	186	169	
159	196	191	161	152	
168	163	187	184	176	
198	192	180	176	193	
187	183	161	150	164	
151	168	188	162	190	
159	160	162	189	192	
183	181	172	173	193	
150	164	196	182	162	
190	154	175	169	151	
153	173	179	155	170	
191	188	195	176	180	
190	152	161	169	168	
159	153	195	172	196	
181	151	178	166	193	
194	192	172	171	162	
159	179	197	171	186	
171	192	173	196	189	
155	189	170	184	153	
161	176	165	150	169	
194	172	196	171	153	
191	198	163	168	158	
174	198	160	197	168	
163	162	170	152	164	
197	173	182	177	158	
189	170	157	187	186	
169	157	161	151	171	
192	156	174	198	150	
170	189	195	180	187	
151	190	181	197	184	
153	198	170	162	189	
174	153	152	167	186	
160	193	176	153	184	
197	192	191	194	159	
183	193	162	182	172	
158	180	166	155	162	
191	173	196	157	177	
190	152	159	170	154	
195	179	175	159	151	
173	156	162	163	150	
185	188	152	197	174	
234	231	211	207	204	
223	221	224	211	227	
225	231	204	215	213	
247	206	208	241	214	
204	208	213	220	218	
212	233	220	210	203	
245	204	220	227	209	
243	241	207	239	248	
229	214	205	225	223	
219	202	215	235	248	
232	246	234	230	224	
220	247	218	206	231	
205	243	212	231	204	
244	229	202	219	231	
216	213	204	210	224	
220	240	216	229	218	
209	247	217	225	210	
239	219	236	213	234	
203	209	227	219	212	
217	240	242	246	209	
228	234	210	222	211	
249	219	235	236	237	
236	217	242	218	244	
209	230	203	248	221	
222	214	219	226	212	
201	212	228	241	224	
208	248	246	204	222	
248	228	243	226	214	
220	202	217	208	230	
208	222	214	240	223	
210	230	234	239	225	
222	242	238	248	218	
208	237	213	217	214	
217	241	222	216	214	
207	240	210	220	223	
245	241	223	228	213	
218	234	225	205	244	
201	236	243	232	206	
237	206	228	209	200	
244	225	248	245	232	
221	233	220	229	209	
221	208	233	235	203	
205	201	240	223	224	
214	204	247	238	208	
211	208	240	220	210	
221	220	249	207	208	
216	244	236	228	222	
206	201	240	213	223	
205	232	231	239	230	
200	201	203	244	211	
256	280	266	274	270	
274	254	275	297	283	
275	257	286	258	299	
263	295	283	292	273	
267	260	266	269	286	
280	279	262	263	297	
262	295	297	254	288	
263	260	274	269	256	
287	264	265	297	270	
292	290	279	260	255	
296	285	265	252	258	
268	282	291	259	260	
271	278	288	251	298	
287	279	273	251	285	
288	295	268	279	253	
289	253	268	270	296	
289	295	273	261	268	
266	297	283	254	287	
298	254	259	285	262	
272	275	294	281	259	
283	266	262	264	265	
275	262	267	268	288	
270	296	277	261	293	
270	262	284	281	299	
260	252	284	282	285	
265	288	253	286	250	
286	271	264	255	280	
273	271	277	251	283	
265	299	292	285	295	
294	252	276	273	296	
283	289	293	256	279	
288	259	294	258	268	
258	257	254	252	263	
254	286	277	275	291	
295	294	269	270	276	
270	287	254	262	266	
256	294	251	285	254	
256	288	290	259	260	
296	270	266	271	282	
270	285	281	266	255	
293	290	253	271	250	
263	268	281	274	288	
281	265	289	291	278	
253	290	256	271	280	
263	286	266	254	252	
258	288	250	273	267	
287	251	299	276	298	
291	288	251	280	274	
290	297	257	263	296	
298	260	279	266	271	
323	349	327	333	319	
324	315	309	319	330	
304	314	312	300	337	
344	308	339	304	345	
302	301	331	315	306	
332	344	311	346	337	
339	338	336	329	332	
330	335	322	303	346	
349	327	332	313	314	
323	307	301	300	337	
307	325	340	330	321	
315	308	347	335	319	
313	300	317	309	338	
341	312	338	323	339	
320	316	344	307	343	
318	343	307	300	341	
313	316	315	323	336	
303	336	337	309	304	
300	346	323	349	324	
311	339	341	314	309	
308	302	333	305	338	
303	319	324	329	338	
321	329	300	342	334	
305	346	338	343	345	
339	343	314	321	316	
315	348	328	330	301	
346	313	328	318	317	
317	332	343	312	336	
322	342	310	338	303	
336	301	345	329	338	
326	338	321	318	342	
344	345	329	347	318	
330	314	305	318	312	
332	344	307	303	309	
342	334	310	344	336	
337	346	342	319	318	
317	301	326	335	340	
328	329	336	333	313	
331	322	321	309	341	
310	312	325	324	326	
304	321	320	307	347	
324	312	345	308	328	
326	341	325	310	343	
331	342	336	339	322	
326	330	314	327	317	
304	344	310	309	319	
326	333	348	338	317	
300	333	327	312	335	
339	333	336	319	316	
318	321	346	301	342	
359	375	389	386	396	
389	354	380	374	398	
364	387	373	381	360	
382	375	351	380	388	
355	372	363	354	373	
366	380	378	385	358	
379	358	367	364	372	
358	398	360	376	373	
354	351	352	350	392	
351	376	392	398	396	
383	376	387	392	356	
392	354	380	372	387	
369	392	358	354	385	
398	396	377	353	366	
376	360	395	379	384	
372	361	381	380	375	
354	387	351	356	361	
358	383	375	376	396	
365	380	392	369	370	
372	362	376	368	382	
393	352	372	366	375	
375	394	352	355	358	
391	395	356	392	368	
354	353	368	371	373	
361	371	350	363	356	
353	364	354	383	350	
369	358	362	375	390	
362	354	397	351	370	
363	391	377	356	378	
398	371	394	396	368	
385	392	357	396	381	
364	391	352	368	385	
398	355	390	366	399	
381	351	399	391	388	
356	382	377	388	371	
378	359	357	397	389	
399	360	362	358	398	
379	356	354	395	397	
371	352	369	363	373	
353	362	360	386	370	
391	390	362	384	374	
394	356	379	386	397	
370	387	359	386	364	
367	363	362	385	359	
354	385	369	384	388	
388	372	396	378	355	
396	373	354	363	394	
355	357	371	383	378	
384	388	373	359	386	
351	368	361	362	380	
443	435	421	415	448	
406	423	407	417	422	
401	425	422	427	429	
446	415	434	443	431	
437	416	402	422	447	
431	436	405	433	435	
419	433	445	442	443	
423	448	412	434	436	
438	418	449	419	437	
417	428	406	426	424	
443	418	447	435	428	
415	402	419	401	433	
402	447	416	446	418	
414	430	421	424	442	
422	405	404	412	418	
431	403	438	420	401	
449	405	437	412	424	
439	425	438	437	433	
436	411	446	422	416	
442	417	409	418	415	
438	402	435	439	424	
424	417	433	419	414	
428	446	409	415	423	
407	446	421	437	425	
431	426	411	421	434	
434	408	443	415	426	
424	418	448	442	428	
430	447	412	422	436	
406	409	440	435	444	
425	409	415	436	443	
448	402	437	401	426	
432	421	448	415	409	
417	401	418	432	443	
401	429	414	427	438	
448	426	403	410	421	
402	408	410	417	434	
405	440	401	410	414	
430	418	420	449	429	
437	418	432	425	438	
403	446	407	431	417	
437	422	414	409	425	
426	434	416	431	407	
402	423	425	437	440	
448	405	423	430	411	
439	403	429	430	410	
416	415	445	444	412	
426	449	406	411	409	
425	438	403	420	415	
430	438	401	417	420	
406	419	436	404	438	
475	454	480	485	498	
461	486	484	472	470	
453	460	490	481	478	
492	475	473	456	490	
487	472	497	456	462	
455	494	465	490	497	
459	470	461	462	483	
494	468	486	451	470	
461	493	466	484	455	
487	472	474	494	463	
460	467	476	499	478	
453	461	483	484	494	
496	483	488	481	479	
490	473	493	460	489	
494	458	466	464	467	
490	455	494	476	483	
488	495	456	483	457	
462	461	455	466	476	
469	468	451	492	474	
469	457	477	470	452	
457	467	465	475	468	
481	461	457	486	460	
499	473	471	468	485	
497	456	472	483	493	
455	486	451	493	471	
458	454	493	463	476	
495	483	450	473	457	
473	454	455	480	456	
462	459	455	483	489	
458	457	484	469	460	
498	456	471	483	480	
472	463	458	467	478	
498	495	455	454	460	
499	460	487	490	498	
480	499	478	497	486	
478	454	471	468	487	
489	457	450	493	455	
480	471	473	453	457	
489	459	496	462	493	
483	462	490	482	478	
465	484	479	476	489	
466	467	470	481	462	
456	473	450	488	453	
466	499	491	492	493	
458	474	472	499	450	
452	453	459	473	480	
456	471	472	484	477	
491	485	457	460	488	
481	498	461	497	473	
493	494	496	484	476	
327	182	21	114	392	66	
69	205	195	303	376	130	
422	66	135	194	25	450	
428	64	116	139	391	82	
17	257	147	220	0	456	
181	334	461	469	496	82	
325	491	280	414	447	416	
343	425	108	395	114	262	
91	410	191	83	128	227	
267	396	66	355	22	111	
13	389	166	393	496	422	
238	418	59	203	104	293	
327	147	184	265	103	369	
251	82	235	260	81	150	
218	198	288	301	33	41	
302	192	2	432	86	105	
75	434	280	160	222	411	
103	361	108	174	270	181	
246	457	140	84	191	198	
68	18	365	428	54	74	
460	367	188	237	381	66	
494	495	100	127	18	63	
482	191	406	53	97	292	
81	0	205	476	263	117	
170	194	103	4	431	136	
84	312	203	314	109	302	
333	99	479	468	255	13	
92	15	374	365	101	429	
236	49	164	460	198	22	
494	55	428	401	97	219	
444	454	61	125	1	111	
211	247	147	157	245	148	
193	428	109	424	320	440	
83	281	106	77	358	416	
3	353	404	183	460	190	
478	87	436	77	297	43	
410	253	346	362	95	181	
472	120	305	291	260	489	
19	88	252	209	74	396	
413	54	499	184	196	265	
148	76	204	129	37	291	
398	226	134	89	315	231	
217	218	244	487	23	302	
452	276	84	44	183	499	
50	3	497	386	402	148	
112	461	394	23	494	295	
250	283	294	116	366	198	
478	300	201	380	329	404	
343	373	260	438	476	400	
148	60	279	171	32	300	
93	466	67	421	199	30	
453	265	234	130	447	200	
499	136	435	414	178	205	
271	451	392	399	330	167	
38	425	246	427	322	168	
144	430	408	202	290	248	
90	26	7	117	278	292	
29	86	243	101	159	380	
247	211	187	249	66	147	
327	473	71	64	192	194	
9	276	265	247	177	296	
87	481	247	172	344	132	
417	82	278	468	67	217	
222	88	414	426	380	90	
86	464	69	401	257	98	
494	454	253	296	122	488	
466	108	131	159	257	125	
418	410	127	206	50	472	
398	121	232	145	319	373	
162	353	20	235	146	143	
479	208	269	324	222	206	
291	127	240	263	117	112	
63	354	95	0	450	249	
96	216	202	150	61	241	
40	89	439	297	277	338	
456	219	328	221	499	72	
460	276	0	267	375	359	
462	111	184	261	159	339	
21	121	250	178	450	339	
480	41	320	387	251	246	
92	6	273	240	406	397	
400	193	36	229	75	53	
190	182	419	64	335	352	
144	207	34	104	235	321	
363	316	169	354	468	397	
216	301	307	327	495	167	
172	295	62	69	0	218	
39	218	79	379	105	412	
92	463	443	72	108	282	
162	361	65	11	77	150	
315	469	213	447	225	374	
289	415	229	447	71	184	
479	152	288	399	224	141	
93	183	390	136	158	316	
300	296	122	396	279	52	
224	459	361	61	31	338	
355	465	187	16	143	163	
298	365	137	439	490	408	
139	19	223	398	63	378	
294	186	409	193	461	132	
370	170	167	428	437	460	
281	441	28	295	4	280	
210	112	22	343	470	463	
258	219	191	494	304	73	
270	296	461	176	4	387	
348	133	59	440	41	95	
142	238	490	82	93	194	
63	365	46	182	362	226	
3	213	346	262	259	286	
124	478	67	387	110	133	
442	480	308	105	123	443	
52	404	443	141	119	79	
169	384	421	312	72	480	
271	79	346	330	424	356	
66	239	398	407	183	14	
487	209	17	63	89	302	
241	382	81	201	248	439	
34	96	441	238	191	88	
165	274	424	419	493	134	
430	350	218	438	315	452	
71	422	134	113	479	237	
165	444	308	100	51	173	
154	383	200	181	449	363	
299	225	449	239	89	334	
254	36	146	163	13	46	
43	96	326	345	280	358	
455	264	165	27	335	321	
404	288	35	488	175	266	
274	377	71	333	58	19	
445	171	83	228	48	340	
416	120	1	247	461	382	
490	452	285	193	250	52	
123	478	64	226	320	80	
60	466	284	490	344	15	
243	482	314	291	304	338	
423	119	333	13	347	450	
24	55	481	169	229	257	
447	272	252	198	299	262	
173	457	166	246	89	233	
411	98	400	285	47	382	
288	303	209	158	52	332	
452	359	53	106	298	67	
253	352	432	407	147	357	
480	295	316	441	303	302	
177	90	137	430	369	388	
452	220	151	473	209	44	
108	467	341	204	369	10	
363	306	64	169	462	388	
28	210	459	291	72	39	
47	199	0	350	146	426	
372	59	230	311	99	162	86	
328	95	418	487	308	219	203	
213	63	339	368	494	406	274	
252	124	447	235	236	442	194	
14	297	219	37	92	425	450	
9	55	303	87	217	444	483	
289	471	298	393	233	351	76	
63	337	313	393	52	14	45	
186	425	132	327	31	16	351	
281	416	200	82	288	10	467	
362	153	492	37	49	280	270	
229	416	477	347	24	375	72	
290	318	343	6	359	363	189	
152	468	362	102	414	478	189	
289	149	318	273	269	368	246	
242	436	136	395	232	114	161	
322	259	486	222	451	206	108	
208	244	10	53	303	456	104	
14	117	63	102	479	450	374	
311	487	481	405	31	388	459	
127	294	335	391	430	210	143	
496	7	164	187	306	414	199	
479	264	420	99	5	288	163	
330	276	322	88	122	138	428	
221	127	417	32	492	191	272	
20	1	296	338	96	456	407	
30	329	166	495	268	338	221	
327	282	117	386	261	457	239	
339	404	477	403	80	19	82	
84	172	212	307	326	142	67	
464	131	126	344	408	108	223	
195	326	41	74	408	276	79	
203	488	165	334	446	297	369	
384	21	338	68	234	196	31	
48	338	469	230	412	108	472	
34	177	261	301	53	231	252	
73	169	312	326	164	11	133	
308	344	103	256	432	280	365	
241	131	326	316	40	356	4	
242	443	309	311	136	234	55	
147	46	354	203	206	207	445	
403	314	389	17	283	37	81	
385	422	191	337	124	471	189	
169	324	85	380	174	437	301	
96	185	196	184	237	385	370	
19	250	213	426	336	284	16	
5	228	196	30	128	341	324	
387	14	306	244	469	259	235	
404	312	66	197	107	221	367	
456	244	154	410	35	251	26	
329	64	251	309	396	238	250	
399	479	448	456	94	263	248	
344	27	385	216	292	87	188	
462	11	375	323	122	358	228	
281	85	359	83	446	225	61	
74	299	138	8	318	221	335	
57	194	415	400	422	448	280	
198	140	335	485	64	147	306	
3	422	243	214	471	109	477	
481	250	18	399	182	491	284	
423	61	272	34	408	356	381	
393	204	125	178	131	12	167	
449	382	42	137	231	403	454	
178	492	456	335	193	457	460	
95	367	64	303	325	128	387	
384	203	237	303	74	293	110	
54	439	409	133	300	20	356	
220	389	444	400	253	21	367	
12	445	120	348	254	351	456	
461	73	331	351	134	9	436	
34	238	485	223	357	255	396	
171	55	411	209	469	69	377	
131	304	98	440	296	402	398	
255	276	486	293	470	194	406	
314	275	153	171	50	356	142	
383	30	199	469	425	498	213	
208	230	148	219	83	419	53	
371	57	474	314	20	231	392	
291	305	348	202	343	250	246	
244	328	220	90	82	339	50	
12	376	7	256	229	93	440	
157	76	279	354	119	84	33	
2	185	261	470	108	402	29	
211	436	41	497	282	319	222	
368	72	47	428	246	8	233	
471	360	93	317	131	40	185	
31	231	359	345	80	177	340	
213	266	256	269	307	147	80	
272	242	419	16	378	28	143	
331	261	253	341	364	4	241	
317	56	476	257	471	482	66	
220	148	318	380	121	105	191	
139	187	94	106	484	270	358	
108	163	321	366	20	199	490	
465	395	496	187	254	280	455	
22	175	125	40	372	119	3	
283	306	97	184	474	441	299	
331	352	243	379	108	44	146	
299	232	265	1	428	188	132	
217	42	300	162	467	146	287	
388	199	419	302	157	61	321	
375	226	499	96	67	38	349	
140	198	116	361	21	350	400	
296	198	330	415	123	391	48	
309	85	66	295	357	39	333	
255	194	474	102	195	12	2	
90	288	112	406	284	278	181	
380	252	382	9	163	11	32	
342	333	249	372	128	183	489	
347	297	356	463	180	154	425	
112	325	148	218	483	192	261	
219	499	427	189	360	447	379	
284	437	415	263	246	267	53	
280	183	261	87	244	354	350	
416	93	337	182	38	352	423	
34	424	15	388	192	247	82	
491	353	436	60	361	417	453	
232	120	38	147	109	381	146	
267	68	6	275	239	366	172	
358	410	183	443	7	192	61	
336	33	452	143	49	487	233	
345	353	82	496	119	246	190	
396	472	169	390	351	355	495	
49	322	407	297	52	45	17	
346	228	400	16	45	335	134	
7	281	15	272	106	423	418	
255	213	355	88	244	356	143	
420	43	472	171	192	179	182	
457	70	356	197	274	100	13	
213	388	146	331	151	325	483	
312	210	488	205	233	84	419	
212	288	167	157	226	279	367	
66	474	170	313	75	227	441	
73	371	232	29	418	251	178	
108	27	356	91	475	168	467	
405	294	10	334	350	67	11	
491	299	92	435	108	48	35	
427	400	259	379	98	132	388	
295	34	465	173	436	48	77	
13	6	35	152	190	62	412	
99	377	237	433	15	212	97	
160	197	433	365	29	226	125	
69	428	225	105	119	251	250	
417	382	250	399	322	164	341	
86	243	475	272	26	395	227	
334	332	53	319	255	155	494	
370	369	103	246	497	323	413	
121	97	104	184	83	197	483	
319	330	221	358	26	262	387	
49	301	435	328	274	402	229	
267	488	160	364	85	292	145	133	
24	332	73	325	253	482	98	70	
3	63	128	418	172	182	160	477	
321	462	416	174	447	71	263	87	
88	466	373	47	250	137	117	304	
119	8	478	332	46	387	490	465	
469	230	46	237	372	253	220	18	
293	487	268	474	143	91	50	155	
499	183	159	310	92	78	248	170	
183	128	141	126	369	171	439	82	
262	193	200	65	416	452	151	17	
78	260	74	389	34	181	350	194	
301	3	405	458	464	42	27	217	
326	66	287	412	14	130	405	23	
327	345	242	434	207	246	319	63	
123	480	252	334	91	366	10	171	
345	227	85	454	460	173	479	376	
121	233	56	148	482	192	479	168	
291	454	206	320	216	388	81	259	
487	94	164	415	218	321	109	289	
340	64	201	186	466	241	110	364	
320	150	301	475	432	457	112	315	
332	362	427	216	366	494	37	228	
385	169	130	415	383	288	266	348	
123	27	483	373	47	117	218	422	
282	76	26	88	284	208	117	219	
324	82	461	373	407	95	327	194	
14	387	428	132	276	459	37	133	
279	24	139	17	421	172	258	431	
261	55	467	213	19	45	209	262	
94	305	8	479	253	203	83	266	
44	422	287	369	446	172	14	66	
215	119	365	256	418	294	348	110	
28	439	209	128	490	164	182	377	
21	473	232	435	205	471	344	388	
40	109	332	198	54	288	119	492	
243	153	322	365	358	438	367	95	
242	215	281	333	441	451	218	145	
242	143	368	342	182	450	198	157	
425	3	146	149	249	160	111	91	
245	433	8	297	311	322	262	121	
413	109	177	235	277	300	424	279	
463	401	327	243	53	478	94	79	
450	255	358	337	126	454	8	101	
251	388	335	477	44	329	486	243	
62	297	289	107	111	73	410	39	
275	142	436	255	449	468	136	44	
430	73	262	174	83	464	98	161	
68	263	71	149	42	16	402	90	
112	204	174	343	155	203	433	189	
42	139	30	216	276	478	291	157	
60	371	217	190	186	358	339	32	
16	4	160	466	35	283	180	254	
289	400	374	336	437	315	212	448	
455	235	197	432	325	376	384	71	
136	170	154	226	398	63	301	45	
142	181	393	67	308	85	417	150	
355	49	24	86	323	44	290	26	
465	227	481	4	276	64	430	206	
205	208	287	392	353	344	359	66	
171	119	479	107	303	319	96	34	
340	376	157	268	468	184	436	418	
233	11	79	102	317	486	257	209	
346	425	488	453	181	68	272	67	
141	389	208	24	247	144	38	128	
255	395	470	130	315	237	477	165	
24	179	348	3	56	494	491	207	
404	264	443	197	30	110	14	393	
486	365	219	424	22	293	145	120	
307	51	120	416	409	84	25	447	
145	199	264	295	186	320	73	341	
334	132	158	227	56	67	338	1	
499	384	240	30	344	406	182	451	
233	310	25	253	196	55	131	499	
317	232	53	210	147	432	128	292	
367	153	227	279	104	205	420	186	
179	71	447	486	330	407	315	352	
140	367	129	375	66	50	53	448	
14	432	346	196	64	426	335	159	
146	116	109	380	238	418	79	311	
226	454	441	60	473	197	255	442	
392	64	121	257	81	339	353	439	
382	64	123	7	61	198	303	258	
238	242	170	85	43	76	358	95	
188	13	165	450	249	363	487	355	
8	69	446	83	393	166	396	475	
1	59	209	433	94	339	190	334	
93	221	393	185	366	412	414	431	
359	6	31	51	307	230	103	298	
239	58	380	104	470	389	143	121	
232	418	482	373	5	409	127	143	
122	306	355	97	47	315	128	447	
481	437	145	240	192	274	333	67	
417	395	365	449	315	387	136	83	
227	128	188	225	158	342	107	383	
262	62	344	410	459	280	291	467	
241	188	271	327	219	398	197	232	
436	160	358	40	262	1	327	72	
427	22	170	429	97	72	169	494	
163	352	77	202	331	205	470	196	
485	152	116	334	33	102	410	375	
250	273	123	6	178	408	254	498	
452	371	64	102	205	45	202	134	
490	425	279	340	183	293	412	344	
221	252	192	27	13	73	480	296	
161	478	493	201	81	53	105	463	
216	156	415	272	428	267	393	312	
329	491	85	342	432	349	397	493	
71	449	138	349	88	487	182	186	
133	494	49	352	114	484	369	468	
349	131	260	345	488	190	97	452	
133	363	438	9	56	15	160	368	
183	401	410	155	61	286	94	73	
63	412	382	186	316	445	490	334	
13	397	14	414	366	471	373	245	
26	356	100	336	90	143	297	161	
154	288	227	365	390	276	1	375	
30	324	375	275	332	342	285	52	
499	438	50	467	77	70	26	492	
107	25	270	445	199	243	207	457	
429	413	475	134	314	302	111	309	
122	345	80	350	421	339	135	51	
272	324	356	347	9	360	467	91	
216	360	203	226	140	277	78	190	
364	411	445	176	265	485	279	37	
144	305	323	102	108	111	446	73	
49	169	208	472	18	331	415	279	
28	17	165	127	43	233	99	269	
316	370	461	337	398	405	322	3	
402	245	267	365	167	45	4	441	
127	416	73	489	79	10	310	131	
261	195	282	223	351	26	486	284	
369	12	106	234	48	97	253	403	
499	427	114	13	482	17	218	228	
153	201	69	422	411	143	192	125	
431	392	343	469	173	48	432	336	
368	428	472	78	281	133	256	135	
234	380	186	310	469	409	255	233	
362	48	29	343	118	415	127	95	
444	171	118	385	438	378	331	172	
494	92	336	483	484	384	236	267	
39	428	215	332	375	100	392	333	
265	378	141	36	284	300	164	142	
75	69	372	44	16	484	392	442	
26	209	296	7	54	5	195	328	
11	105	481	170	77	386	5	488	
251	381	280	330	380	264	469	378	
1	361	449	104	94	233	299	246	
252	441	350	479	13	17	492	335	
52	127	56	401	55	165	352	142	
