30	11	26	
1	37	21	
24	4	5	
32	23	41	
10	30	28	
36	6	49	
49	3	32	
6	18	49	
24	33	16	
10	19	11	
42	26	20	
42	41	3	
28	36	9	
30	19	34	
40	43	21	
34	10	17	
36	33	1	
40	20	7	
4	34	9	
48	20	24	
10	15	20	
14	33	8	
16	8	30	
33	28	10	
4	47	1	
26	21	46	
35	22	1	
46	45	25	
49	43	27	
26	9	30	
1	30	8	
45	48	4	
34	17	38	
35	23	17	
43	18	1	
9	34	0	
21	46	36	
15	10	5	
39	23	33	
20	25	12	
13	1	14	
12	22	39	
37	9	28	
39	13	23	
37	4	35	
40	47	21	
28	6	49	
13	45	36	
35	20	7	
44	47	16	
80	93	55	
89	54	84	
82	53	91	
75	82	90	
69	57	67	
72	82	88	
57	82	88	
80	66	77	
55	74	58	
66	84	74	
74	88	71	
82	51	89	
68	67	82	
51	57	77	
73	84	92	
55	64	71	
95	97	70	
70	51	84	
67	61	78	
84	50	83	
59	89	88	
70	72	52	
53	70	67	
87	92	76	
72	70	82	
90	87	62	
62	90	70	
57	58	83	
92	81	50	
75	78	61	
61	64	57	
98	80	79	
66	73	57	
53	60	83	
61	89	92	
84	63	58	
66	59	85	
80	86	60	
80	60	58	
64	65	51	
84	90	67	
92	90	72	
75	68	82	
72	60	50	
82	60	87	
56	88	57	
58	54	84	
89	53	75	
57	75	56	
72	70	96	
121	125	109	
130	142	144	
144	138	118	
122	108	140	
120	111	118	
108	101	134	
106	104	116	
123	106	110	
111	145	130	
117	103	140	
117	136	144	
135	134	137	
127	132	104	
127	142	131	
139	125	121	
115	126	105	
120	115	114	
103	110	102	
100	139	142	
104	127	129	
120	141	135	
138	141	149	
148	109	142	
145	113	100	
109	119	106	
128	106	130	
108	105	125	
118	111	101	
112	117	114	
146	115	119	
124	120	128	
128	103	125	
140	143	126	
140	126	118	
107	139	111	
144	143	135	
111	134	136	
120	113	128	
100	106	123	
147	101	129	
140	107	125	
107	131	121	
137	147	102	
101	141	119	
125	111	102	
130	127	132	
135	123	127	
138	126	145	
134	121	102	
125	146	108	
171	181	179	
157	155	169	
171	186	178	
176	177	192	
174	172	195	
180	194	169	
172	183	158	
170	150	168	
165	170	150	
174	188	178	
151	166	171	
175	199	151	
186	173	177	
151	152	187	
199	168	182	
163	199	167	
164	174	197	
191	162	163	
162	188	167	
195	163	162	
159	185	160	
169	163	168	
195	180	194	
187	153	162	
169	157	159	
192	179	177	
168	162	199	
183	159	154	
184	194	183	
160	198	175	
186	184	188	
185	196	163	
187	155	186	
191	161	198	
159	172	181	
151	181	164	
183	157	152	
196	169	179	
170	193	198	
199	150	161	
173	165	194	
176	156	153	
171	162	173	
174	152	198	
187	170	163	
189	169	190	
163	177	184	
155	153	196	
164	153	158	
184	190	193	
235	216	242	
224	233	209	
234	226	208	
218	248	229	
236	243	219	
247	229	201	
207	247	240	
200	218	213	
231	217	221	
239	224	229	
248	206	242	
200	205	204	
216	249	202	
229	211	214	
208	205	237	
230	208	249	
249	214	201	
239	246	202	
242	229	247	
221	232	243	
224	217	234	
232	237	230	
203	247	244	
244	226	249	
228	242	213	
215	226	234	
230	242	248	
228	209	240	
202	223	228	
241	209	227	
231	238	218	
244	216	214	
202	241	237	
212	215	228	
204	216	222	
248	219	222	
245	202	215	
248	234	217	
214	229	227	
247	208	237	
213	230	234	
222	214	205	
212	202	240	
200	246	214	
220	248	228	
235	238	232	
238	224	212	
205	244	245	
222	207	218	
229	201	234	
282	251	281	
278	292	273	
269	274	259	
276	255	253	
265	258	291	
276	270	279	
299	263	285	
269	267	297	
268	274	266	
279	278	297	
265	261	284	
255	284	272	
282	274	263	
280	284	279	
254	256	268	
252	265	278	
273	252	284	
295	270	285	
298	252	295	
297	299	268	
288	280	269	
266	264	287	
276	256	268	
282	288	290	
256	261	258	
258	286	275	
277	298	254	
270	253	276	
256	269	260	
276	298	253	
260	286	276	
273	285	262	
280	297	293	
298	282	278	
289	257	265	
293	283	264	
256	257	261	
262	297	265	
278	298	258	
280	271	250	
260	250	265	
267	280	250	
285	264	259	
267	256	287	
257	263	290	
271	274	299	
256	274	296	
290	277	282	
273	280	297	
275	295	255	
303	309	340	
316	315	324	
318	300	343	
329	311	317	
345	320	342	
327	329	346	
343	322	312	
348	345	326	
343	307	318	
340	347	332	
342	343	300	
336	326	327	
301	316	321	
346	332	338	
317	332	301	
323	341	315	
324	302	348	
334	323	346	
325	317	332	
334	330	335	
347	318	300	
307	303	333	
341	301	349	
331	315	319	
322	341	307	
322	315	349	
340	303	329	
310	301	323	
313	302	324	
303	324	332	
340	345	332	
349	311	336	
306	316	333	
315	309	348	
312	324	317	
300	323	332	
343	337	331	
345	336	302	
329	330	315	
313	333	331	
307	342	311	
347	310	329	
319	325	301	
310	317	346	
330	310	312	
334	300	316	
322	304	320	
339	300	325	
320	302	306	
325	319	300	
385	361	366	
396	366	352	
368	389	385	
368	383	394	
399	390	350	
370	375	386	
373	351	376	
359	386	381	
388	381	372	
383	381	382	
374	385	389	
354	367	356	
397	357	362	
378	389	376	
366	368	393	
376	361	356	
386	371	372	
397	396	362	
390	361	375	
358	364	357	
351	354	360	
380	352	365	
374	370	378	
362	385	370	
364	362	374	
373	396	364	
396	393	387	
350	364	394	
357	386	376	
350	382	369	
378	351	356	
387	368	382	
386	373	364	
378	361	384	
394	365	397	
390	395	375	
368	392	395	
381	357	356	
351	390	369	
387	363	369	
381	386	362	
367	398	391	
351	354	379	
387	372	383	
362	390	397	
360	368	383	
375	378	389	
389	369	360	
387	399	398	
352	393	362	
408	403	405	
428	449	442	
419	443	446	
419	430	401	
421	437	444	
442	411	431	
421	402	429	
435	402	418	
420	419	414	
413	422	432	
439	413	400	
426	402	441	
400	414	438	
402	433	448	
415	447	404	
438	417	406	
428	420	436	
423	429	434	
437	408	424	
449	416	402	
400	415	435	
400	415	421	
419	427	446	
404	421	439	
445	402	413	
410	406	443	
437	439	432	
423	435	405	
430	441	405	
420	436	438	
402	430	409	
443	407	404	
430	417	424	
415	444	435	
423	413	433	
433	432	407	
413	418	440	
430	445	414	
406	415	437	
435	444	442	
402	415	416	
433	423	406	
433	445	443	
436	405	408	
445	447	411	
432	421	403	
400	440	419	
419	432	414	
447	413	427	
413	404	437	
491	494	471	
463	496	458	
486	462	463	
464	479	467	
469	477	484	
458	451	461	
482	456	450	
478	490	481	
492	472	484	
470	493	471	
478	469	459	
498	462	466	
451	484	483	
485	486	453	
475	485	495	
478	498	472	
467	499	465	
458	450	493	
491	495	459	
472	483	489	
485	462	465	
469	455	476	
469	468	462	
492	470	459	
495	459	482	
485	463	457	
485	460	451	
478	495	464	
492	495	477	
478	483	480	
469	494	497	
473	465	452	
485	456	480	
474	455	480	
467	469	489	
473	481	485	
470	456	484	
492	474	453	
467	458	492	
467	470	479	
481	460	486	
471	499	450	
452	483	456	
482	484	467	
486	471	473	
469	479	468	
482	497	498	
490	476	488	
453	457	484	
477	495	467	
45	33	9	15	
25	21	43	14	
37	25	2	8	
19	21	28	16	
27	23	21	46	
25	47	20	5	
29	22	12	14	
46	28	6	12	
31	18	3	46	
18	9	14	11	
8	11	6	38	
46	6	0	24	
9	38	37	14	
21	28	27	0	
22	37	29	39	
48	4	34	21	
7	24	1	42	
7	4	35	38	
25	2	5	12	
36	41	29	15	
14	38	11	43	
27	43	32	25	
47	46	39	30	
24	48	46	1	
29	42	46	37	
35	49	23	14	
41	7	16	25	
45	40	0	49	
48	32	46	25	
22	33	48	3	
41	13	11	43	
48	22	39	16	
49	19	39	14	
16	26	42	3	
48	39	26	14	
3	26	25	15	
37	29	32	23	
23	13	29	14	
31	5	17	49	
7	12	15	49	
46	8	28	23	
25	22	40	39	
7	0	1	44	
17	15	34	8	
11	22	28	20	
27	14	15	17	
34	8	1	37	
28	32	7	44	
37	22	4	34	
45	16	40	27	
54	81	64	65	
94	61	90	80	
89	82	63	87	
87	99	96	60	
87	72	95	59	
62	51	60	70	
94	84	83	82	
51	65	64	50	
50	96	78	66	
55	61	74	96	
70	54	63	75	
55	76	60	85	
57	82	65	92	
74	65	72	53	
82	84	93	83	
86	95	90	52	
81	93	92	66	
59	99	77	70	
80	77	73	66	
57	56	51	52	
78	92	96	75	
70	83	64	54	
94	86	81	53	
81	70	80	87	
59	75	57	78	
58	96	51	83	
82	81	97	86	
74	57	82	52	
80	68	54	95	
74	78	60	93	
62	98	82	99	
55	95	56	82	
94	80	59	78	
61	86	75	79	
72	99	91	51	
62	53	72	77	
50	60	51	55	
56	57	87	74	
95	92	59	56	
53	77	73	96	
87	91	56	89	
50	71	95	91	
61	63	97	93	
65	60	82	96	
73	66	89	52	
55	63	76	53	
52	88	81	63	
77	71	84	66	
96	50	87	90	
90	56	99	91	
139	123	130	142	
106	137	103	147	
100	147	142	107	
106	112	137	122	
109	138	122	113	
122	149	144	136	
147	126	111	107	
100	123	133	125	
129	125	138	141	
105	128	109	100	
125	145	127	120	
145	122	112	134	
116	121	119	133	
119	139	134	125	
127	109	126	102	
102	117	134	139	
100	111	103	109	
129	105	119	139	
136	122	147	139	
131	149	133	117	
149	129	108	147	
149	148	136	139	
134	107	114	118	
132	100	107	133	
118	148	135	110	
143	146	140	118	
107	142	121	139	
114	104	106	118	
133	131	105	117	
141	109	127	112	
103	130	111	128	
121	115	147	111	
132	139	111	145	
109	126	129	124	
119	147	102	131	
115	108	114	129	
140	113	147	143	
131	130	114	146	
112	116	128	136	
109	149	131	146	
118	103	132	144	
127	135	106	100	
132	139	111	142	
142	132	117	130	
136	132	104	144	
137	129	103	121	
109	126	119	131	
129	149	144	140	
130	113	123	131	
126	113	123	146	
164	168	170	158	
161	162	150	156	
165	175	173	194	
164	163	150	186	
182	178	188	168	
152	162	182	179	
183	174	160	152	
188	169	180	192	
183	179	182	194	
190	156	167	151	
150	168	161	193	
187	154	152	191	
169	155	167	150	
150	162	151	192	
183	177	187	162	
199	166	168	176	
176	181	160	172	
162	153	186	155	
194	174	190	168	
193	163	160	155	
160	179	156	150	
161	195	183	186	
175	165	167	182	
180	158	152	196	
196	197	194	170	
198	181	159	155	
179	184	186	176	
151	195	165	193	
153	159	179	155	
152	168	180	194	
191	178	156	168	
177	193	186	183	
178	192	155	166	
181	187	184	161	
189	190	169	185	
189	169	180	173	
176	190	173	195	
182	194	183	162	
195	193	188	150	
172	150	197	168	
155	178	154	179	
162	173	170	163	
179	194	161	180	
198	175	170	150	
160	156	186	177	
181	174	160	199	
179	189	163	193	
152	159	157	196	
154	182	189	157	
162	193	155	182	
235	204	245	239	
206	242	213	230	
204	202	215	239	
224	219	226	218	
240	216	227	249	
216	214	246	245	
221	219	209	218	
238	225	220	208	
201	247	217	204	
235	249	242	238	
207	236	225	214	
225	230	223	224	
224	233	222	223	
242	243	235	219	
227	215	238	245	
215	202	211	213	
204	201	210	242	
231	202	241	201	
204	218	242	233	
225	246	216	204	
202	208	216	229	
249	233	200	207	
214	222	248	210	
238	223	228	239	
218	222	227	238	
221	243	231	200	
211	235	234	228	
222	241	209	239	
227	212	221	214	
243	229	242	216	
244	240	216	232	
241	226	204	247	
208	226	248	233	
219	203	210	227	
242	208	249	239	
239	238	205	212	
244	239	246	216	
216	212	209	243	
248	243	249	207	
216	212	208	242	
220	248	210	208	
241	203	208	244	
201	207	202	248	
234	246	239	216	
245	204	216	247	
206	203	243	236	
249	223	216	201	
214	206	224	230	
239	238	213	221	
245	214	226	242	
274	255	296	272	
266	278	257	296	
284	285	290	271	
292	284	283	287	
283	253	251	274	
267	253	261	258	
268	282	272	290	
252	253	291	279	
272	252	286	269	
285	298	299	267	
275	256	259	296	
275	268	262	254	
278	298	296	264	
288	299	268	255	
259	283	299	276	
266	287	274	290	
272	299	275	290	
298	276	261	282	
250	264	270	289	
252	264	296	271	
277	284	261	295	
276	255	289	266	
270	276	285	284	
252	294	292	295	
261	283	273	265	
299	253	282	256	
254	284	287	278	
293	277	262	255	
294	275	282	253	
257	281	294	298	
288	262	284	282	
262	251	263	272	
250	279	293	274	
261	260	276	279	
286	273	292	278	
288	273	263	296	
263	256	296	269	
275	268	250	273	
281	278	279	273	
278	286	287	277	
251	271	256	299	
250	269	256	281	
256	285	265	284	
270	260	263	280	
256	277	291	299	
284	263	288	268	
257	295	291	290	
273	297	289	271	
257	260	273	268	
267	294	296	266	
304	316	328	319	
314	306	336	340	
310	334	300	335	
315	313	346	323	
329	320	331	340	
347	324	306	339	
316	334	346	321	
304	320	311	318	
309	340	311	331	
343	335	319	330	
302	309	321	346	
335	307	340	306	
340	319	318	343	
325	319	333	345	
325	306	333	320	
310	326	340	327	
343	338	307	331	
316	317	313	325	
311	310	335	312	
337	331	317	303	
335	318	325	314	
348	308	315	302	
301	334	335	300	
306	311	338	331	
325	311	333	338	
336	337	335	311	
328	325	331	311	
310	303	314	341	
318	307	313	332	
321	349	336	325	
313	327	320	318	
322	325	346	306	
345	317	337	339	
322	342	301	317	
315	312	344	322	
335	317	348	301	
319	311	307	332	
312	302	346	324	
304	310	329	347	
318	304	326	307	
339	304	335	305	
331	341	314	307	
303	313	307	339	
318	345	331	320	
337	309	320	324	
337	341	316	309	
339	302	329	319	
348	337	326	323	
338	323	339	320	
322	315	307	336	
366	353	351	355	
353	352	396	384	
383	369	367	362	
373	390	361	387	
367	366	375	396	
372	380	382	366	
357	360	373	387	
358	376	356	381	
399	390	358	365	
378	377	371	356	
396	384	360	373	
365	395	369	359	
391	378	385	389	
398	382	363	367	
360	381	398	369	
369	390	393	399	
376	394	353	384	
373	397	382	383	
371	351	397	377	
396	377	372	350	
398	353	366	364	
393	396	386	374	
384	364	381	383	
395	364	360	352	
360	399	352	361	
372	383	386	384	
399	356	392	384	
361	354	374	350	
353	358	396	377	
377	376	368	362	
359	351	380	370	
376	358	352	386	
386	357	354	387	
378	385	393	384	
376	394	388	395	
358	373	352	378	
394	352	397	355	
384	391	368	366	
377	388	384	371	
378	381	361	385	
352	391	351	372	
376	371	373	367	
373	394	395	380	
383	375	354	387	
356	365	379	391	
351	397	360	387	
380	369	368	372	
377	353	378	386	
380	387	382	379	
368	391	354	370	
414	420	444	418	
407	403	417	421	
434	432	416	419	
408	412	446	402	
440	421	410	448	
422	419	433	421	
446	426	407	425	
433	408	448	435	
445	428	402	448	
430	439	422	447	
449	406	414	439	
425	408	420	435	
423	416	419	435	
402	442	423	439	
402	426	415	409	
441	414	401	427	
429	430	413	409	
433	444	411	434	
436	432	408	406	
433	425	416	440	
420	404	429	444	
449	434	439	438	
430	401	425	400	
416	438	405	423	
408	423	438	410	
425	416	422	447	
415	404	405	428	
407	406	413	415	
408	438	440	432	
443	422	442	448	
426	403	419	402	
435	427	429	437	
424	435	426	432	
449	445	448	402	
419	401	412	443	
445	402	433	409	
417	437	413	442	
403	411	429	440	
433	407	439	429	
443	432	413	446	
418	448	412	424	
411	405	415	427	
419	441	423	444	
407	440	448	413	
434	445	422	403	
422	423	446	400	
412	418	435	403	
425	439	441	403	
432	402	424	401	
413	404	428	409	
488	474	496	480	
451	499	489	457	
470	473	464	450	
492	474	481	451	
463	469	490	481	
480	476	494	464	
472	463	498	454	
469	464	455	486	
459	469	488	452	
451	467	488	468	
493	450	462	496	
453	486	496	471	
496	451	462	450	
455	465	479	468	
475	487	456	476	
461	499	470	487	
486	482	463	497	
461	451	483	465	
494	452	458	450	
489	467	458	456	
485	479	463	492	
499	456	490	468	
452	474	482	468	
494	498	469	495	
491	451	478	482	
455	458	490	481	
496	469	487	470	
452	494	491	473	
450	474	469	451	
498	474	458	466	
491	456	480	454	
474	487	463	452	
470	483	481	465	
479	468	465	464	
453	458	474	473	
497	461	491	472	
498	456	466	471	
493	454	471	478	
481	468	474	466	
456	475	467	492	
490	450	473	462	
456	491	489	464	
463	455	471	469	
494	469	453	496	
473	481	450	471	
499	450	490	462	
496	495	452	459	
457	461	490	484	
477	475	496	497	
476	452	470	484	
22	15	7	46	8	
4	37	2	19	36	
28	12	27	35	40	
33	7	15	21	47	
28	42	41	49	43	
16	10	21	12	4	
0	49	21	36	19	
21	37	26	14	31	
28	46	2	27	48	
41	20	12	30	22	
17	0	15	16	24	
13	6	25	19	39	
47	31	7	10	17	
2	16	49	22	45	
25	33	29	5	45	
35	28	14	22	25	
1	9	32	29	47	
28	46	27	15	5	
23	22	42	45	17	
24	6	11	36	14	
8	43	40	14	26	
4	22	14	18	13	
32	15	22	11	5	
17	43	8	1	28	
34	47	22	25	46	
8	38	36	9	13	
18	19	46	27	11	
27	29	4	30	41	
40	15	33	24	34	
24	8	25	48	9	
38	5	39	23	21	
12	47	17	5	21	
37	13	44	22	12	
4	9	23	11	38	
10	40	1	26	11	
39	1	21	7	26	
49	34	40	10	28	
29	44	24	48	6	
41	0	45	27	32	
23	25	47	11	16	
7	36	39	19	15	
39	12	31	32	33	
35	42	48	34	30	
22	3	34	27	35	
24	26	18	34	31	
26	31	3	4	17	
25	41	26	28	9	
28	7	1	30	14	
18	14	5	31	32	
24	12	16	8	17	
84	71	53	86	82	
51	60	69	63	81	
72	92	94	74	64	
57	95	80	89	85	
81	97	68	71	51	
93	70	96	80	98	
61	82	75	87	64	
81	64	50	89	72	
73	60	83	87	81	
66	84	51	82	60	
92	86	88	87	89	
56	94	52	55	64	
53	61	86	65	52	
63	73	64	60	69	
84	76	51	89	52	
90	72	62	73	79	
72	89	88	71	79	
75	55	80	81	96	
93	78	76	91	92	
70	65	61	58	82	
56	59	97	87	95	
58	79	80	77	84	
52	76	58	86	97	
91	87	66	98	72	
57	54	56	84	91	
66	50	76	52	67	
74	99	57	93	86	
50	55	92	66	63	
88	50	94	97	55	
94	59	75	86	84	
52	62	83	56	59	
76	78	65	50	85	
86	84	53	90	83	
70	74	58	83	79	
61	62	85	72	64	
60	53	73	52	64	
97	67	52	56	68	
54	91	89	99	82	
86	78	73	85	64	
52	80	82	66	93	
67	50	66	72	70	
76	62	53	98	51	
91	72	70	68	94	
51	71	79	93	55	
57	95	98	96	56	
56	64	83	59	50	
84	66	65	63	53	
95	76	61	83	80	
56	64	91	69	80	
62	91	86	70	64	
128	143	132	148	130	
108	148	124	118	102	
124	134	137	132	105	
113	117	111	141	130	
108	124	120	137	130	
131	112	145	146	138	
109	137	144	141	128	
128	100	114	104	127	
108	145	140	133	101	
109	149	117	121	129	
140	106	134	143	114	
130	136	120	111	145	
132	131	107	118	104	
131	124	106	115	100	
144	137	100	146	111	
110	130	148	112	105	
122	134	103	108	137	
100	109	133	116	137	
111	131	137	132	123	
110	115	122	112	101	
132	133	108	141	111	
120	149	142	147	134	
112	125	140	149	121	
110	148	115	106	126	
109	127	133	136	128	
104	121	110	144	116	
107	133	129	109	124	
107	143	125	134	105	
116	107	108	146	143	
149	126	139	114	119	
143	112	104	127	149	
117	144	136	145	135	
108	104	134	139	119	
146	117	133	127	139	
105	136	127	133	125	
127	129	124	148	121	
114	106	121	122	147	
114	130	147	133	144	
135	136	147	139	116	
141	114	142	143	112	
115	142	137	103	109	
129	141	147	134	133	
100	142	119	145	117	
104	133	134	147	103	
139	137	149	131	119	
131	123	125	115	119	
107	142	126	131	113	
100	136	124	103	101	
101	128	143	133	122	
148	116	111	137	108	
165	155	195	194	173	
157	162	197	169	152	
186	150	198	158	152	
172	194	157	183	180	
196	177	180	188	182	
170	152	160	176	189	
176	197	189	196	160	
185	162	166	184	186	
175	166	183	196	176	
176	163	199	164	154	
170	175	169	181	162	
181	151	152	175	159	
181	194	169	153	176	
158	156	197	153	157	
180	172	175	167	170	
154	192	161	159	177	
169	168	195	150	155	
150	187	154	197	193	
191	153	192	172	183	
173	159	168	191	171	
163	180	198	188	153	
163	180	159	155	191	
199	171	192	163	162	
150	151	170	169	168	
198	188	195	164	190	
155	193	186	154	150	
175	169	195	151	178	
184	158	170	194	181	
157	191	175	169	195	
184	171	175	185	173	
165	193	172	158	154	
180	150	159	188	197	
198	168	192	191	179	
198	165	155	153	185	
150	188	180	185	159	
185	169	170	191	153	
167	189	196	188	165	
172	160	173	183	156	
152	190	184	178	180	
195	164	199	174	168	
164	186	179	154	180	
180	163	199	152	168	
176	156	152	195	191	
181	151	159	172	153	
157	175	156	162	169	
178	163	192	183	184	
164	162	192	188	193	
184	179	150	192	196	
176	157	183	188	193	
171	192	191	163	172	
232	248	227	224	244	
248	240	212	208	221	
201	247	200	217	216	
217	236	215	238	231	
232	228	209	226	224	
221	203	227	220	244	
231	217	224	213	234	
216	248	241	220	222	
204	237	228	247	226	
241	212	225	208	244	
226	219	200	202	241	
232	215	203	220	231	
223	239	236	225	214	
204	210	231	221	222	
212	201	228	216	227	
206	212	222	225	242	
212	203	220	214	200	
238	225	236	218	209	
226	249	201	232	211	
217	223	214	215	222	
242	220	229	212	238	
236	245	220	212	222	
203	217	201	231	235	
244	237	212	200	241	
236	240	242	226	229	
205	201	226	243	204	
207	248	215	206	239	
216	213	201	241	234	
203	241	214	233	208	
201	203	214	234	237	
243	242	229	235	246	
204	220	225	249	215	
209	245	228	215	219	
200	221	202	230	225	
206	219	247	230	226	
237	249	207	220	232	
232	225	214	200	247	
209	229	226	231	236	
205	230	210	248	227	
236	200	210	227	214	
230	240	221	234	239	
221	216	228	244	227	
225	207	233	234	230	
236	231	213	233	247	
246	212	214	207	248	
215	225	217	249	200	
236	249	245	248	223	
245	237	230	203	220	
240	202	246	205	201	
207	217	236	246	208	
253	290	271	293	270	
259	288	290	299	273	
260	256	271	251	269	
278	254	256	257	250	
254	278	298	292	283	
275	296	284	291	251	
256	277	286	297	266	
257	264	266	259	295	
298	273	287	253	272	
288	296	263	268	281	
298	272	289	292	274	
256	252	258	265	275	
284	255	256	293	266	
255	285	272	280	294	
284	272	268	287	291	
272	263	278	285	299	
274	250	277	268	253	
280	250	267	299	291	
272	299	273	251	289	
255	281	277	251	253	
251	256	275	291	270	
250	278	272	298	287	
273	276	299	258	257	
261	290	259	264	297	
295	253	257	297	283	
284	289	274	259	261	
278	253	271	294	282	
277	272	288	258	296	
260	268	293	253	271	
288	297	296	270	299	
276	259	288	274	262	
291	281	254	294	299	
267	287	289	252	295	
253	281	282	298	288	
280	254	272	298	294	
255	297	266	258	294	
272	275	251	261	290	
281	259	299	273	268	
267	261	265	276	278	
287	264	262	286	263	
276	272	281	258	296	
299	298	254	277	250	
269	259	290	278	262	
286	273	257	253	250	
258	274	273	253	297	
250	288	287	270	284	
297	281	282	276	299	
278	281	258	268	292	
276	267	254	264	298	
283	259	257	284	299	
325	304	338	301	330	
322	312	335	348	331	
341	316	302	348	336	
330	328	341	349	319	
321	313	335	304	310	
309	345	316	347	311	
304	314	325	309	306	
346	321	302	348	325	
316	315	347	331	321	
349	326	316	328	339	
305	342	300	330	335	
322	329	305	327	342	
347	322	339	302	319	
327	303	302	347	301	
344	305	325	349	346	
343	336	308	334	333	
343	335	302	311	329	
338	339	309	333	324	
323	309	305	331	302	
327	301	320	330	334	
321	313	323	316	335	
331	344	348	339	305	
306	336	319	305	339	
323	347	313	341	300	
302	348	320	321	305	
349	313	301	343	346	
313	326	332	321	322	
315	334	338	337	302	
321	324	314	332	327	
301	311	346	322	337	
347	323	329	306	321	
343	342	314	339	315	
333	343	344	347	310	
339	341	324	309	327	
312	315	318	311	343	
300	332	311	346	348	
315	338	307	317	348	
314	337	327	347	330	
333	342	348	329	318	
335	321	339	336	325	
315	333	344	346	324	
328	335	327	337	317	
331	336	330	323	346	
309	319	330	328	302	
315	331	316	308	337	
344	302	333	317	321	
329	323	307	321	344	
317	318	347	303	307	
335	319	338	345	320	
342	318	333	315	301	
365	364	386	360	354	
355	384	350	364	368	
397	356	388	372	374	
395	350	364	354	375	
389	352	370	367	398	
358	362	398	386	367	
396	393	367	385	354	
374	355	360	380	367	
399	388	355	361	380	
378	367	375	368	373	
396	381	360	366	362	
380	362	386	359	383	
387	356	365	352	372	
361	369	350	362	358	
381	392	358	374	379	
364	366	387	361	367	
384	381	378	390	394	
378	367	370	355	393	
385	396	397	358	370	
366	371	352	375	357	
366	396	363	360	393	
388	397	376	350	393	
388	383	385	353	396	
385	392	351	368	388	
351	396	389	392	366	
365	358	397	399	371	
373	372	367	361	394	
396	364	358	372	354	
355	387	383	390	377	
387	354	361	386	399	
380	356	354	391	355	
371	398	367	355	399	
357	353	363	379	351	
397	386	351	363	352	
369	356	358	372	386	
384	380	387	351	378	
379	354	369	378	388	
388	365	392	351	389	
384	362	380	387	367	
385	388	373	351	366	
383	358	365	381	353	
371	360	363	386	369	
395	353	356	360	391	
380	389	375	379	374	
385	364	355	369	358	
357	380	371	399	363	
366	360	362	397	355	
356	379	353	399	389	
381	389	391	376	356	
398	379	382	387	391	
405	442	428	432	407	
404	414	419	408	449	
443	415	447	410	419	
427	418	412	405	422	
416	432	441	408	419	
437	417	408	449	420	
410	437	428	417	449	
412	405	424	401	423	
440	409	425	447	435	
435	405	417	424	401	
422	449	443	439	442	
432	417	440	448	412	
416	427	412	430	442	
429	404	421	424	446	
420	445	425	400	435	
402	412	422	442	401	
428	443	433	403	400	
446	448	412	402	427	
422	447	400	405	439	
408	425	433	401	405	
446	416	428	413	417	
418	422	430	438	421	
442	428	420	435	449	
427	442	414	409	406	
442	433	432	446	438	
441	409	439	440	400	
413	408	414	426	401	
425	438	417	420	439	
441	444	403	443	432	
409	449	420	413	412	
412	440	419	442	436	
426	413	403	438	410	
424	435	449	429	408	
436	430	408	400	420	
440	400	442	415	412	
426	447	448	443	423	
441	439	417	409	411	
415	422	449	435	406	
440	448	436	444	408	
438	407	416	409	429	
417	434	431	404	448	
434	425	424	423	403	
408	442	433	416	419	
426	422	406	400	441	
416	433	403	430	443	
410	431	412	439	422	
431	433	409	418	404	
409	437	401	439	408	
420	414	402	428	438	
428	416	417	405	443	
473	463	471	452	476	
499	494	456	450	455	
476	464	488	478	490	
497	459	452	468	458	
459	488	473	479	460	
491	464	482	496	465	
455	465	464	454	453	
454	481	450	490	465	
461	490	474	487	495	
485	499	463	457	466	
485	492	478	467	472	
470	497	495	453	472	
490	471	488	463	497	
455	493	478	450	489	
473	496	461	465	488	
471	489	492	459	494	
461	465	452	482	498	
478	486	491	489	483	
480	475	472	478	492	
476	481	452	472	491	
454	481	470	463	498	
458	497	485	457	451	
474	490	466	488	479	
485	453	479	493	457	
496	486	462	489	498	
485	498	492	468	454	
450	452	454	496	495	
465	484	478	456	469	
476	469	452	473	478	
493	471	496	488	463	
476	491	464	482	484	
473	489	476	470	472	
481	456	484	489	485	
493	472	485	481	455	
469	492	459	478	499	
477	465	457	483	474	
482	471	496	455	491	
455	493	460	473	477	
457	461	478	495	477	
489	453	483	470	488	
463	462	487	454	458	
467	494	495	462	461	
469	496	459	471	498	
468	477	469	484	487	
481	491	485	496	480	
499	458	459	479	497	
465	478	485	489	495	
480	456	489	464	486	
488	486	462	487	473	
487	462	489	495	469	
152	85	413	145	60	333	
72	55	472	13	484	440	
480	61	363	457	141	107	
388	226	381	123	69	105	
64	74	301	283	241	468	
58	162	191	264	243	36	
19	273	247	303	119	386	
232	89	404	56	44	45	
118	408	58	377	449	468	
432	402	158	130	243	331	
386	55	125	354	1	101	
89	466	431	472	87	450	
238	208	73	139	262	233	
20	435	458	293	47	430	
332	186	111	259	88	135	
95	112	130	154	190	102	
163	485	88	124	149	224	
364	104	168	327	397	358	
270	460	337	78	362	392	
262	426	172	13	371	236	
95	100	334	229	392	141	
368	325	457	139	116	183	
156	315	351	112	398	108	
469	214	52	242	54	247	
184	207	335	144	73	50	
147	195	1	41	185	447	
214	314	20	386	330	86	
175	269	495	463	70	411	
98	249	358	411	246	65	
99	134	178	150	357	354	
421	272	133	58	241	233	
119	114	71	247	298	340	
368	292	425	289	493	423	
444	165	496	277	352	495	
351	114	307	241	81	120	
287	31	407	84	354	138	
85	471	477	417	31	423	
129	3	366	23	68	261	
197	46	378	324	317	132	
495	78	337	119	176	449	
68	15	360	121	496	52	
224	154	486	323	45	376	
101	4	419	126	178	137	
309	497	165	345	54	305	
423	49	416	357	278	153	
392	218	182	426	354	69	
96	475	46	490	488	310	
228	186	226	416	65	499	
242	447	227	493	299	272	
247	166	139	265	67	116	
191	398	210	13	141	258	
379	417	78	312	105	344	
229	22	230	371	425	109	
193	211	404	116	92	372	
319	235	299	98	303	138	
282	401	39	50	431	329	
64	358	8	50	33	205	
203	245	28	370	405	442	
487	352	114	117	288	499	
121	415	321	469	204	24	
177	381	351	353	33	76	
249	190	326	210	174	107	
205	362	287	449	304	292	
358	139	233	117	473	318	
324	213	135	415	475	487	
161	302	246	292	125	395	
411	208	303	107	321	28	
374	410	15	24	167	34	
0	381	386	280	57	411	
9	161	102	496	442	32	
210	296	209	78	226	341	
136	151	160	304	411	46	
10	238	67	54	261	475	
225	243	0	287	369	228	
269	107	144	367	113	89	
487	98	99	57	235	485	
325	433	74	323	32	491	
29	410	69	132	244	342	
442	489	473	420	312	499	
300	460	92	3	444	323	
236	365	431	97	219	249	
447	499	50	234	488	141	
342	494	160	28	375	441	
286	78	427	62	463	334	
137	121	83	38	419	307	
478	305	43	132	133	135	
334	443	359	166	353	336	
360	195	491	340	205	18	
346	22	103	294	494	57	
337	449	440	267	116	487	
147	84	9	324	102	228	
474	83	11	55	49	150	
476	103	424	443	390	281	
186	237	191	51	139	276	
420	406	241	253	305	72	
168	159	37	488	214	443	
35	10	152	342	335	129	
128	124	11	283	141	429	
308	32	327	271	368	144	
85	209	354	49	163	231	
226	167	17	358	326	236	
467	171	402	374	69	487	
89	496	393	424	386	344	
105	408	381	328	451	132	
340	140	59	253	385	243	
246	334	407	322	312	132	
53	139	434	376	274	80	
84	284	300	193	66	258	
362	39	264	447	173	152	
267	279	450	8	46	475	
169	444	87	491	446	51	
276	286	303	346	337	83	
385	432	336	5	150	269	
88	79	414	196	26	355	
413	480	251	325	330	259	
155	135	116	138	285	59	
385	299	210	243	327	419	
378	323	185	26	28	271	
313	257	263	23	272	66	
154	389	158	100	142	321	
155	121	271	141	42	390	
58	167	465	285	439	118	
112	339	33	442	129	45	
475	181	425	329	395	392	
386	271	132	414	320	217	
421	317	268	216	331	110	
152	275	21	438	424	267	
453	318	230	402	21	299	
476	481	96	177	390	110	
289	487	422	312	165	405	
87	333	342	244	85	321	
134	23	416	195	26	54	
57	347	386	82	168	470	
444	149	113	339	332	260	
201	237	253	18	93	498	
174	313	362	309	288	468	
92	8	66	72	397	380	
190	353	361	175	456	8	
175	96	217	475	468	398	
298	319	44	194	120	53	
183	407	92	367	209	180	
489	142	128	160	345	186	
375	281	8	294	100	128	
365	329	322	54	485	380	
243	328	117	190	352	313	
29	48	3	389	150	346	
282	373	471	264	6	89	
143	2	263	455	241	363	
192	220	124	312	285	323	
301	26	210	441	482	395	
229	273	183	0	118	1	
234	499	125	404	118	430	
7	161	224	166	117	342	
409	493	84	428	487	115	
18	289	397	287	99	206	
190	240	165	104	356	147	
370	323	298	137	251	11	
431	202	95	33	284	475	
168	363	432	16	292	344	
187	420	445	392	338	4	
219	315	192	78	261	17	
440	298	343	30	8	402	
194	63	299	1	253	366	
131	264	460	304	58	160	
34	427	185	316	499	101	
458	177	202	366	86	242	
427	494	320	275	354	125	
355	411	13	424	209	314	
242	488	286	206	361	74	
136	187	476	229	478	366	
298	137	145	189	280	338	
64	142	51	72	161	3	
154	219	367	267	360	263	
291	110	310	366	77	170	
492	110	462	234	363	93	
257	131	360	169	452	136	
394	2	203	391	330	161	
173	50	135	486	446	388	
38	127	43	102	428	309	
337	485	263	409	43	225	
261	315	13	238	392	205	
206	58	498	468	278	49	
167	149	197	262	226	58	
219	208	453	418	9	443	
212	464	46	219	211	210	
31	356	495	74	468	246	
219	77	200	304	324	456	
449	316	145	80	373	281	
455	241	276	308	69	330	
78	328	50	398	438	361	
23	451	443	299	98	88	
454	356	34	104	434	63	
455	428	245	493	334	75	
453	109	438	352	114	9	
359	326	57	393	262	244	
275	32	422	172	248	263	
337	248	149	245	85	435	
362	321	302	394	457	224	
346	294	94	9	48	268	
48	18	87	158	3	144	
218	242	171	231	233	99	451	
76	167	146	280	185	330	68	
412	442	28	92	247	333	94	
232	411	267	129	90	353	326	
255	272	329	436	336	162	494	
161	247	190	142	150	54	454	
389	483	275	134	397	466	322	
6	160	309	188	228	367	442	
95	6	4	186	142	275	226	
300	31	416	362	78	251	208	
326	398	409	231	328	75	239	
219	270	221	68	274	320	99	
109	102	24	60	195	414	73	
415	198	402	188	162	417	383	
470	259	349	272	109	57	160	
45	401	195	40	179	489	172	
217	360	499	485	240	437	473	
483	149	136	298	478	209	305	
166	355	335	29	304	164	357	
156	496	96	173	41	210	88	
273	304	303	26	30	40	184	
347	337	68	101	154	298	179	
114	202	286	143	354	464	299	
198	399	34	169	143	298	133	
64	366	328	28	69	25	305	
486	337	488	126	419	41	416	
175	455	319	159	482	15	322	
113	461	292	1	68	320	467	
155	468	323	208	178	496	386	
248	338	258	233	51	301	66	
108	285	377	361	455	396	161	
10	482	484	47	341	426	359	
449	480	453	251	317	376	19	
102	351	163	490	402	480	86	
468	384	411	42	260	143	63	
195	133	377	183	21	496	146	
365	198	463	74	125	104	271	
63	46	132	496	329	311	400	
313	445	439	497	139	242	341	
222	305	461	86	391	364	445	
160	362	204	406	484	422	92	
499	462	470	58	139	19	251	
190	274	470	226	455	394	171	
374	240	352	14	430	284	137	
340	345	99	169	477	230	47	
223	67	264	274	233	86	421	
360	342	131	341	75	417	322	
421	116	37	350	402	63	343	
325	66	268	457	210	320	437	
341	205	76	86	5	487	274	
373	306	43	196	235	483	424	
291	479	414	251	244	325	483	
382	444	15	247	360	176	170	
381	219	422	221	334	466	55	
395	462	19	78	18	160	391	
404	199	368	326	484	342	418	
333	271	17	234	316	451	446	
74	338	346	271	23	143	390	
441	281	307	433	423	201	32	
200	379	484	422	336	418	32	
314	149	200	231	387	452	497	
358	431	398	250	157	180	204	
222	101	353	331	336	288	454	
453	236	87	461	161	331	79	
394	144	398	108	185	5	322	
310	190	290	236	24	414	266	
131	56	11	389	311	255	382	
89	130	274	219	24	272	75	
410	178	139	200	68	336	264	
313	85	429	230	461	434	156	
324	232	181	2	385	71	311	
341	103	332	113	147	125	213	
440	464	104	429	474	240	467	
342	412	344	316	205	135	199	
309	449	132	275	480	373	459	
222	457	207	488	338	381	480	
425	430	111	124	106	253	88	
47	177	124	467	414	26	394	
268	202	397	484	187	114	144	
491	391	432	103	493	85	191	
468	490	32	103	269	173	267	
51	185	374	453	266	486	194	
214	114	349	142	249	438	219	
339	494	415	448	132	61	491	
163	119	496	87	192	464	365	
209	404	101	18	126	269	328	
182	453	64	365	470	268	150	
123	99	485	301	26	165	195	
124	63	442	72	41	459	67	
327	387	383	37	495	364	69	
9	297	58	136	425	102	181	
259	287	46	39	142	217	228	
462	144	90	477	36	166	332	
111	246	120	98	279	191	105	
322	239	6	213	61	339	120	
276	334	369	297	345	471	142	
449	148	274	255	229	213	2	
382	460	220	58	335	153	469	
17	75	228	350	276	67	366	
418	1	354	68	461	307	318	
327	314	172	393	186	77	173	
280	18	198	452	238	203	283	
263	132	285	63	275	370	411	
380	110	95	114	446	433	430	
271	41	132	103	329	429	72	
379	51	412	47	171	332	490	
296	471	162	19	312	353	293	
477	306	446	412	378	199	57	
214	91	216	190	442	246	420	
137	149	238	128	377	461	253	
215	293	110	443	164	377	37	
185	191	24	310	412	55	488	
251	234	460	499	200	393	471	
292	94	300	263	285	347	467	
499	102	235	284	282	299	213	
102	325	220	21	180	478	79	
181	142	22	42	247	103	394	
74	18	13	118	375	286	490	
64	460	86	204	415	397	228	
386	213	469	228	311	274	18	
327	177	58	136	151	412	326	
370	121	345	331	175	60	324	
264	462	257	64	224	463	73	
246	243	279	407	404	275	451	
436	76	451	149	160	470	101	
318	387	301	87	146	129	76	
8	253	40	161	175	186	65	
336	89	398	239	230	67	194	
210	216	498	414	355	323	287	
363	437	244	481	146	120	296	
466	118	15	490	290	450	262	
421	498	351	77	419	323	61	
221	1	34	447	174	220	285	
474	192	334	445	186	79	96	
459	247	77	447	242	140	302	
220	130	266	423	202	244	310	
221	134	98	392	260	364	69	
393	418	303	422	339	414	146	
149	194	278	472	12	383	128	
163	20	137	121	267	125	323	
394	450	178	236	257	401	229	
108	202	144	310	14	241	32	
83	347	423	112	306	426	465	
168	232	167	42	36	303	480	
273	374	101	222	162	372	178	
455	497	271	76	93	75	313	
145	288	232	151	300	315	337	
323	228	338	483	54	393	334	
232	22	125	175	122	75	456	
194	438	333	280	394	231	25	
219	312	211	263	109	393	36	
401	498	36	421	213	490	46	
420	490	475	352	39	17	138	
495	399	376	138	77	147	65	
214	43	71	162	344	209	392	
163	354	91	294	454	341	269	
294	26	423	187	129	426	117	
59	280	262	475	148	104	85	
35	458	352	169	399	185	252	
173	46	446	336	323	278	223	
359	360	50	420	288	76	290	
377	0	37	210	434	180	167	
58	184	270	287	348	84	227	
124	52	488	192	95	336	232	
167	161	469	134	40	438	460	
86	254	342	107	51	105	7	
199	91	306	340	491	96	279	
357	299	233	41	377	472	209	
348	139	31	118	403	334	156	
69	340	58	437	140	6	11	
96	334	76	341	289	351	482	
91	439	474	496	5	325	407	
401	275	50	436	363	444	262	
335	337	112	235	76	100	476	
324	349	310	256	204	426	497	
231	63	312	181	377	103	237	
18	47	459	498	462	167	325	
71	447	460	491	209	427	124	
30	271	39	125	341	187	315	
439	331	465	312	4	212	322	
430	497	363	358	490	134	462	
362	396	265	58	95	53	40	
186	128	68	456	400	2	204	
152	371	483	471	405	387	479	
62	141	73	208	385	50	82	
454	260	342	355	66	25	121	
424	18	281	157	463	96	102	
155	138	465	389	373	27	47	
473	299	174	412	3	271	207	
305	200	356	59	15	430	214	
482	428	176	364	52	451	285	
68	153	496	452	212	454	226	
404	209	183	189	84	479	379	
341	160	206	229	159	57	305	
226	103	14	282	494	466	314	
322	186	338	251	258	32	374	
272	373	440	458	136	112	118	
44	211	350	303	281	49	312	
345	369	326	259	201	249	408	
198	349	177	176	25	61	60	
429	177	43	221	67	349	161	459	
28	81	201	240	487	188	246	390	
473	83	128	375	52	90	244	160	
166	9	335	309	217	408	267	233	
322	495	7	454	334	108	181	178	
47	296	419	93	334	271	78	402	
2	357	400	287	462	378	331	208	
363	376	26	49	222	411	294	186	
379	44	460	437	430	57	292	48	
434	134	278	166	140	468	207	336	
342	385	294	228	164	273	433	105	
145	383	232	238	77	290	55	365	
72	10	77	139	364	465	114	185	
15	64	207	359	294	421	7	116	
239	470	438	204	314	459	260	475	
459	268	327	356	474	126	177	154	
40	490	428	267	447	259	39	472	
91	357	104	199	384	273	367	198	
112	181	451	94	331	58	187	244	
376	318	233	253	320	268	394	166	
321	273	165	38	433	179	463	181	
411	388	339	137	203	132	290	145	
293	497	63	262	12	147	188	418	
379	38	334	476	393	265	221	413	
69	442	429	5	158	116	298	486	
160	58	474	467	128	9	310	184	
10	31	450	350	253	488	97	22	
181	59	431	213	485	446	371	27	
430	350	279	145	225	290	19	288	
89	471	177	484	52	20	260	481	
156	44	27	312	18	51	367	65	
417	149	213	126	241	229	363	302	
221	178	57	67	180	212	0	359	
108	381	129	316	131	374	291	436	
127	110	23	316	56	236	430	51	
281	39	117	482	262	366	338	147	
238	175	271	14	111	80	255	351	
408	378	497	187	31	487	73	138	
168	489	3	170	85	380	461	74	
396	398	47	144	321	68	74	367	
475	142	392	130	370	117	216	316	
358	59	496	467	273	355	154	210	
315	164	180	139	230	344	454	374	
434	53	498	113	368	180	24	128	
297	156	449	453	389	490	97	104	
6	49	178	401	466	259	251	453	
361	91	156	387	474	264	113	25	
91	185	125	494	422	420	105	25	
453	107	343	18	237	47	209	218	
307	348	425	118	270	408	197	312	
339	1	278	48	197	229	372	145	
246	135	471	291	162	433	376	259	
450	397	454	92	107	23	17	203	
161	390	242	109	170	389	494	86	
215	127	22	298	407	372	188	480	
176	268	387	342	381	264	155	200	
336	197	330	419	355	70	404	420	
232	422	460	97	418	206	127	260	
316	95	106	304	67	384	61	223	
66	278	214	171	424	163	460	409	
54	273	188	453	207	287	258	245	
172	315	443	103	165	197	237	493	
150	458	332	340	449	159	116	298	
35	211	251	97	405	59	434	481	
30	9	115	329	14	50	237	434	
377	211	381	239	346	221	274	143	
247	178	438	371	353	363	30	458	
345	18	255	323	64	101	244	50	
144	83	44	371	181	478	252	402	
398	382	138	477	115	296	224	29	
218	264	102	109	213	204	323	108	
350	256	396	67	197	324	480	97	
65	45	384	330	3	230	300	144	
444	384	492	277	132	24	474	117	
73	449	398	477	263	400	469	349	
213	143	68	446	196	384	119	138	
15	186	42	125	196	428	6	159	
270	73	167	164	145	282	260	337	
385	262	221	104	384	442	305	399	
69	164	442	184	495	366	368	429	
342	306	394	456	288	237	441	431	
414	471	386	182	435	191	458	198	
126	406	81	359	391	471	319	422	
212	142	173	190	91	477	209	294	
133	73	307	229	347	197	409	343	
96	285	152	280	81	67	270	385	
414	244	109	14	208	457	171	395	
199	177	416	477	138	263	53	481	
240	365	432	411	285	196	66	1	
370	211	427	166	176	493	192	193	
467	433	241	105	488	167	429	293	
337	300	305	366	362	217	309	478	
450	105	306	358	379	132	428	65	
151	412	497	148	128	237	247	201	
298	53	46	194	55	51	179	406	
422	202	389	31	466	145	447	190	
81	202	19	43	225	370	369	33	
389	142	59	17	414	258	245	493	
127	87	32	172	296	245	188	137	
186	39	183	233	130	347	401	254	
417	300	355	271	339	120	79	280	
138	365	298	74	491	477	463	142	
70	161	388	101	308	341	310	404	
450	393	492	342	47	217	394	455	
164	201	363	262	398	200	228	43	
207	344	54	26	98	215	407	376	
165	439	294	470	496	275	23	149	
96	172	32	240	89	455	459	171	
158	278	59	159	70	109	10	445	
133	405	322	100	7	350	216	401	
66	230	464	16	146	478	449	131	
267	145	397	223	329	124	296	247	
472	474	43	166	367	297	30	449	
187	205	245	382	489	145	258	5	
316	354	1	17	214	224	206	119	
3	20	474	355	284	433	306	332	
335	260	146	309	286	241	274	24	
65	452	342	437	352	209	96	208	
321	454	24	343	137	75	489	476	
206	256	275	179	463	7	21	216	
241	364	173	324	1	216	32	9	
49	78	179	389	420	316	452	473	
280	119	328	399	96	397	300	22	
90	93	433	74	63	488	22	258	
298	131	161	371	250	354	448	296	
454	493	79	455	254	165	29	224	
383	474	256	342	418	27	388	110	
190	449	221	154	94	184	160	107	
226	434	485	62	136	464	371	404	
448	290	472	474	27	486	138	114	
354	289	365	348	210	123	243	161	
206	289	223	457	323	442	298	490	
324	397	498	465	185	428	366	254	
249	310	398	300	418	147	423	284	
379	447	306	409	413	57	150	59	
50	334	10	472	57	70	262	9	
277	452	444	218	143	21	164	323	
87	169	28	202	35	60	329	222	
434	19	138	95	149	325	300	20	
355	424	307	105	108	101	119	215	
88	174	311	420	390	47	140	359	
455	482	338	195	53	229	194	147	
329	31	142	13	371	423	439	127	
250	469	270	24	138	64	342	427	
490	450	39	220	199	140	248	120	
95	227	201	67	280	145	286	390	
191	47	385	318	59	344	100	363	
460	42	263	173	383	490	138	205	
169	318	350	97	415	150	42	117	
38	273	331	161	470	467	471	95	
331	471	376	404	94	390	111	352	
378	96	49	157	189	183	422	158	
312	121	235	390	379	471	388	375	
136	273	155	55	271	446	62	293	
440	13	88	234	479	334	335	389	
255	74	161	24	315	364	106	485	
322	332	497	129	28	488	25	437	
344	199	108	184	289	157	177	284	
35	299	413	224	376	498	496	239	
8	190	364	327	188	29	482	138	
93	468	254	492	95	3	154	340	
309	296	409	168	273	260	201	226	
142	6	81	371	38	64	247	2	
448	465	7	373	143	80	431	286	
242	245	75	423	68	205	483	467	
200	438	123	474	54	305	219	148	
5	16	335	77	189	296	222	448	
474	418	124	481	165	95	46	164	
285	166	73	178	226	161	485	134	
405	459	375	167	278	300	264	23	
208	388	413	47	490	474	226	491	
301	416	406	319	200	346	196	65	
194	137	245	417	435	89	206	359	
425	38	438	12	392	435	384	447	
237	329	439	311	70	281	78	124	
314	434	227	361	469	367	274	266	
88	362	149	45	249	367	150	348	
1	319	462	336	298	307	156	268	
179	72	352	401	137	87	55	119	
378	325	158	227	130	45	350	315	
19	90	178	92	38	329	249	348	
443	281	72	181	391	111	315	102	
192	193	456	17	198	286	222	391	
127	435	250	149	321	445	9	491	
219	260	139	435	402	227	115	179	
143	119	268	408	251	141	358	205	
84	249	284	30	434	341	79	138	
429	285	357	130	450	11	443	367	
350	367	445	371	404	481	72	242	
494	374	144	192	75	85	125	358	
161	450	55	24	208	455	298	325	
352	391	461	464	248	406	188	491	
142	7	492	17	146	80	1	245	
497	35	243	96	257	115	483	120	
385	338	116	231	312	92	206	134	
89	172	165	468	349	375	111	6	
156	88	351	414	132	386	464	187	
359	408	21	293	282	358	60	298	
108	118	384	7	374	264	304	348	
81	78	370	1	197	343	444	319	
