31	40	49	
7	29	17	
41	8	34	
45	35	0	
40	0	38	
15	2	36	
48	32	22	
25	21	5	
28	9	16	
36	40	17	
29	49	8	
45	33	8	
35	45	49	
14	43	42	
17	25	49	
28	16	21	
7	25	44	
30	24	38	
13	15	42	
49	25	21	
26	31	10	
29	44	33	
9	12	30	
31	38	29	
41	40	15	
33	46	13	
49	40	12	
23	30	48	
4	1	12	
23	24	48	
37	35	5	
6	23	21	
11	3	47	
0	29	49	
35	11	16	
4	15	7	
37	41	4	
46	18	0	
2	3	43	
13	16	2	
19	39	48	
48	6	27	
45	16	30	
43	24	20	
40	43	28	
22	20	35	
10	40	22	
12	41	8	
42	6	32	
46	23	18	
70	85	75	
76	77	58	
78	50	94	
51	80	72	
73	64	92	
91	66	85	
55	99	74	
53	50	94	
63	54	69	
71	69	90	
69	55	79	
57	73	51	
90	70	97	
54	92	93	
81	67	63	
83	94	85	
66	86	73	
71	88	67	
58	69	60	
52	85	76	
95	74	71	
74	63	86	
52	89	95	
69	87	86	
50	69	88	
83	92	64	
98	88	90	
64	82	70	
68	76	53	
79	74	69	
88	52	51	
67	62	87	
88	55	72	
62	76	70	
58	72	68	
88	50	66	
96	81	84	
61	65	80	
84	62	70	
81	51	68	
95	81	64	
52	67	71	
73	96	95	
80	98	56	
86	81	54	
97	58	91	
53	71	82	
92	74	95	
77	76	65	
72	92	89	
145	139	114	
120	143	148	
113	137	109	
112	133	141	
100	147	129	
142	113	140	
148	132	113	
100	116	117	
106	102	110	
101	148	105	
118	103	115	
130	113	101	
114	136	120	
130	148	120	
142	121	106	
104	144	114	
108	139	137	
137	140	144	
146	149	128	
121	131	101	
110	140	131	
120	148	128	
118	112	102	
129	106	116	
128	125	103	
112	143	116	
135	115	125	
148	120	145	
106	128	108	
130	104	119	
139	121	106	
109	144	123	
110	137	133	
124	126	136	
119	134	133	
127	123	143	
144	147	148	
117	112	110	
137	145	128	
142	136	128	
148	120	114	
128	109	135	
127	124	144	
143	126	146	
128	116	127	
148	115	109	
131	145	144	
134	120	125	
140	141	119	
122	123	136	
151	199	169	
171	181	196	
197	166	173	
176	197	167	
158	185	159	
182	178	173	
155	177	187	
190	187	184	
188	190	152	
161	176	179	
175	197	187	
196	170	179	
152	177	183	
175	163	173	
180	197	171	
185	195	198	
172	186	188	
192	165	199	
168	187	157	
175	162	161	
197	181	169	
168	175	161	
164	189	162	
175	159	169	
187	154	159	
160	187	153	
173	198	165	
179	156	166	
196	189	194	
154	171	172	
182	183	170	
192	160	172	
153	183	192	
192	174	196	
167	158	170	
164	162	160	
161	169	174	
176	186	193	
158	160	154	
160	180	155	
175	159	152	
152	150	167	
176	183	178	
171	166	177	
154	166	175	
195	167	176	
175	198	197	
169	189	150	
168	169	151	
176	161	153	
224	208	212	
234	207	222	
213	220	227	
233	238	207	
201	244	209	
201	209	239	
218	236	202	
239	223	238	
246	218	230	
206	246	230	
218	236	244	
207	235	200	
220	230	242	
225	206	227	
238	200	247	
215	205	201	
247	210	233	
202	217	237	
216	219	243	
230	233	225	
225	249	237	
202	232	248	
223	212	235	
211	232	208	
247	244	226	
241	216	244	
243	215	246	
240	241	217	
234	248	219	
248	224	236	
238	235	232	
213	245	208	
239	204	245	
248	240	230	
215	206	209	
209	221	237	
209	231	228	
237	232	226	
243	200	207	
228	242	212	
246	242	209	
231	203	219	
219	204	239	
242	248	245	
239	222	227	
246	228	227	
248	204	232	
233	204	245	
243	213	218	
226	244	203	
295	276	253	
272	265	286	
272	293	251	
267	262	266	
251	283	264	
250	263	270	
281	268	275	
275	286	271	
262	282	294	
250	257	264	
286	283	299	
286	275	252	
292	298	265	
293	265	284	
296	281	250	
251	291	292	
256	287	298	
263	258	289	
284	254	262	
277	279	265	
265	271	254	
291	271	285	
250	298	278	
298	259	270	
289	251	264	
296	273	283	
291	274	289	
277	284	256	
259	257	263	
285	283	287	
274	258	296	
295	293	292	
294	290	259	
297	299	259	
286	261	284	
287	255	286	
262	282	260	
259	280	257	
259	263	271	
261	299	278	
274	250	287	
269	268	288	
287	279	268	
285	295	262	
276	278	279	
255	262	250	
259	298	292	
288	299	277	
257	284	255	
252	294	299	
312	315	336	
317	340	310	
314	317	316	
308	320	348	
305	300	306	
301	324	347	
315	326	343	
320	347	304	
333	300	339	
309	332	345	
334	306	346	
338	328	326	
330	327	337	
326	336	314	
321	313	338	
335	339	317	
319	305	337	
336	311	330	
347	326	313	
305	346	337	
310	308	311	
330	329	302	
326	336	328	
301	334	315	
319	301	326	
323	321	306	
301	321	349	
306	326	335	
318	310	331	
330	303	337	
306	309	337	
302	310	312	
314	306	321	
333	347	343	
307	326	344	
326	328	336	
347	338	319	
301	337	339	
334	303	316	
322	321	313	
326	345	339	
320	325	330	
303	319	301	
304	339	333	
305	346	313	
322	315	312	
311	317	306	
310	336	333	
303	305	335	
330	343	322	
392	356	364	
372	399	356	
384	352	389	
377	360	361	
397	353	378	
393	363	379	
388	397	394	
364	392	353	
363	390	350	
379	376	388	
353	363	393	
383	389	375	
383	363	380	
393	385	367	
373	371	378	
383	399	389	
353	388	380	
375	388	372	
393	356	387	
389	364	382	
368	366	393	
377	358	382	
358	361	385	
368	360	361	
372	383	368	
389	358	355	
395	371	352	
388	360	364	
366	386	361	
399	390	393	
378	351	399	
391	372	390	
368	388	371	
369	354	386	
362	370	396	
355	383	396	
392	391	362	
395	378	359	
392	373	397	
391	392	368	
366	356	384	
399	365	393	
379	355	374	
363	385	397	
362	395	359	
360	371	397	
353	385	361	
354	378	376	
359	354	370	
379	395	392	
425	427	434	
415	409	428	
436	402	447	
419	429	422	
444	418	435	
420	433	434	
405	431	411	
409	444	413	
411	433	412	
405	408	409	
423	410	403	
401	433	430	
410	430	425	
448	416	403	
411	446	429	
428	402	415	
409	415	438	
417	406	401	
439	425	443	
401	402	431	
448	400	432	
440	430	427	
403	438	416	
412	420	404	
440	425	449	
438	410	445	
424	416	429	
411	424	444	
427	432	421	
430	407	440	
426	425	401	
417	402	425	
407	431	434	
415	433	449	
419	447	445	
407	433	446	
425	408	404	
440	420	419	
418	408	449	
413	435	404	
425	403	437	
426	419	423	
422	426	447	
444	432	433	
435	414	405	
404	408	403	
444	419	400	
429	424	407	
430	421	446	
444	434	441	
499	464	455	
453	466	484	
499	486	481	
495	494	454	
476	454	460	
488	474	489	
476	471	486	
499	451	494	
486	459	454	
499	456	462	
483	460	497	
467	497	495	
463	486	475	
480	472	474	
457	496	470	
469	485	482	
471	499	457	
467	468	452	
494	479	464	
497	467	472	
490	470	496	
465	485	462	
457	473	470	
491	498	472	
498	480	453	
492	452	456	
484	493	474	
488	478	470	
484	487	469	
450	471	483	
481	494	455	
475	457	487	
470	451	454	
481	454	464	
475	460	453	
465	496	499	
471	469	498	
468	451	494	
461	452	451	
450	464	482	
476	457	485	
463	498	455	
499	490	489	
471	458	498	
481	486	451	
487	479	457	
455	461	485	
496	483	475	
482	469	470	
487	453	484	
4	40	5	47	
10	31	23	28	
45	14	34	6	
1	30	43	25	
8	14	9	43	
6	7	13	19	
44	32	24	38	
19	26	14	9	
48	17	33	31	
35	23	11	27	
38	45	43	39	
6	11	42	15	
44	45	5	25	
43	30	22	14	
47	16	35	11	
18	21	4	20	
19	42	38	35	
6	11	39	21	
0	24	43	7	
12	3	7	25	
17	28	38	0	
3	1	38	13	
42	45	16	6	
32	21	9	35	
24	20	42	35	
5	18	1	10	
28	34	48	32	
44	9	18	27	
40	34	21	14	
40	43	14	46	
17	10	35	23	
35	3	41	44	
9	46	22	41	
14	19	30	24	
37	11	34	8	
38	42	45	12	
7	42	26	1	
3	36	9	1	
48	13	22	23	
28	47	44	10	
13	6	2	38	
27	26	23	2	
13	7	32	30	
5	23	45	40	
16	25	12	27	
15	3	11	49	
2	36	27	20	
42	20	24	43	
26	47	23	20	
20	13	18	31	
87	62	72	78	
64	84	78	63	
60	79	93	98	
88	75	58	73	
74	50	57	63	
92	96	68	69	
75	71	60	78	
89	91	71	70	
50	72	90	94	
86	78	93	69	
79	95	87	76	
52	89	58	79	
79	97	86	84	
74	99	83	72	
60	78	85	68	
75	84	55	76	
88	84	99	92	
52	76	88	61	
86	62	82	67	
67	94	80	91	
96	85	90	76	
90	78	70	73	
77	99	68	82	
74	91	89	92	
80	83	68	87	
74	86	60	95	
71	92	76	95	
93	77	97	70	
53	90	92	93	
83	71	93	99	
66	88	50	74	
78	85	62	82	
80	98	50	82	
74	81	83	98	
51	77	63	68	
85	97	93	81	
66	58	54	95	
71	95	63	51	
65	61	66	51	
55	83	60	78	
85	75	91	61	
58	76	86	91	
81	67	93	78	
94	84	65	99	
83	97	54	93	
60	78	92	89	
74	98	68	99	
63	97	50	77	
86	87	77	99	
85	98	93	82	
138	120	125	132	
117	138	119	126	
109	117	132	116	
103	101	141	128	
126	112	108	103	
126	136	110	112	
129	101	149	127	
122	100	109	111	
138	149	113	102	
100	112	116	135	
123	127	105	115	
104	114	131	117	
134	147	139	100	
138	144	107	105	
139	147	146	122	
126	121	119	124	
120	134	146	137	
119	107	144	129	
145	131	107	134	
125	142	120	148	
107	135	143	103	
110	106	127	102	
148	104	113	126	
122	108	125	147	
148	116	142	133	
113	104	142	136	
113	116	109	102	
136	140	115	101	
119	137	145	105	
124	110	111	116	
120	121	127	135	
129	101	119	127	
140	100	129	148	
125	131	115	146	
118	126	144	131	
136	143	120	147	
129	145	123	119	
130	125	134	118	
108	139	100	131	
104	128	121	140	
140	113	133	144	
139	102	145	106	
132	128	144	106	
146	111	148	127	
103	100	124	107	
136	103	140	113	
117	131	103	125	
147	143	115	122	
106	141	129	135	
126	109	134	108	
185	179	170	190	
185	193	181	168	
179	188	184	162	
174	150	159	156	
196	161	185	174	
162	151	194	153	
189	168	171	197	
158	174	151	183	
172	169	153	176	
196	178	163	168	
178	171	197	185	
183	150	156	154	
163	189	178	154	
158	172	184	195	
179	161	157	165	
195	181	167	172	
176	185	199	152	
186	189	176	191	
166	199	183	196	
175	183	159	176	
173	180	192	183	
175	197	152	199	
168	183	172	151	
192	196	168	171	
157	189	161	177	
168	196	164	181	
154	168	190	181	
179	170	155	177	
194	193	162	171	
168	174	160	176	
180	193	154	159	
198	154	181	175	
192	156	180	157	
170	164	171	192	
165	158	192	171	
168	191	171	193	
164	180	165	193	
195	198	155	177	
173	169	198	154	
160	199	174	164	
155	181	150	169	
189	198	173	178	
191	150	159	197	
198	154	175	166	
163	166	198	158	
163	167	151	150	
156	190	187	172	
164	184	158	172	
193	191	160	190	
177	176	178	181	
206	200	207	216	
233	218	234	248	
215	247	223	212	
227	210	201	238	
202	222	203	225	
216	204	212	217	
239	200	222	228	
205	241	231	247	
218	205	236	202	
205	238	247	223	
231	248	219	235	
244	207	201	204	
225	224	200	222	
240	223	230	245	
210	207	218	232	
240	227	233	226	
208	218	241	245	
216	211	226	200	
208	247	225	217	
244	220	239	200	
217	216	203	236	
247	222	243	248	
220	231	208	201	
200	213	205	211	
218	209	207	212	
216	206	238	221	
234	214	211	210	
249	205	214	227	
229	210	234	222	
225	218	239	228	
209	220	244	232	
210	237	245	218	
205	210	241	235	
202	243	242	209	
206	236	200	249	
208	210	200	217	
249	238	232	221	
200	215	202	236	
245	241	242	211	
216	230	217	241	
248	206	235	216	
227	226	231	215	
205	209	208	243	
238	204	205	239	
226	238	242	249	
204	235	243	229	
223	203	200	243	
235	225	240	201	
234	209	240	247	
204	220	214	246	
277	273	288	297	
297	286	282	263	
268	288	275	282	
293	265	281	294	
269	285	284	259	
279	253	255	272	
253	275	276	297	
284	288	273	292	
285	250	292	258	
292	287	259	296	
298	275	289	290	
263	294	256	280	
285	260	294	276	
258	299	283	270	
275	283	299	266	
272	261	270	258	
287	275	252	296	
290	272	277	252	
270	260	254	275	
256	252	272	281	
252	289	263	270	
296	284	290	285	
253	250	282	258	
292	285	253	295	
266	257	279	280	
267	253	283	279	
265	256	283	263	
284	265	272	279	
290	253	298	283	
298	296	260	289	
281	290	259	263	
262	281	292	294	
251	297	281	278	
294	298	251	267	
280	270	269	259	
288	272	256	279	
259	251	250	254	
257	253	296	284	
278	264	280	284	
271	264	260	253	
283	256	259	285	
281	255	262	259	
290	294	255	271	
255	297	299	294	
273	252	294	263	
293	259	255	297	
275	268	281	262	
256	266	273	252	
299	272	259	283	
298	263	270	280	
315	310	347	344	
322	306	346	305	
309	327	322	343	
321	328	343	301	
336	305	347	318	
343	347	319	320	
343	337	339	322	
321	306	336	309	
341	348	342	328	
324	329	303	325	
318	313	311	315	
339	347	330	315	
322	300	325	309	
304	306	326	313	
319	303	347	332	
341	349	330	338	
309	301	322	333	
333	338	326	341	
315	336	325	316	
347	342	314	303	
336	334	306	311	
348	316	327	342	
327	312	314	310	
335	338	333	319	
337	318	323	326	
316	325	334	302	
325	330	312	335	
316	349	333	304	
301	303	302	318	
315	309	338	301	
306	335	344	331	
303	344	345	329	
344	317	327	337	
333	348	347	337	
319	343	302	349	
304	306	338	345	
343	334	327	300	
318	348	332	305	
318	313	326	302	
318	307	349	316	
300	321	338	307	
340	323	341	346	
345	315	327	306	
332	305	318	308	
309	343	306	346	
340	319	325	302	
302	310	319	333	
315	338	344	339	
336	308	326	327	
331	323	326	319	
361	352	390	397	
368	361	379	376	
382	391	396	351	
364	398	396	353	
366	354	358	352	
372	358	354	373	
375	376	390	389	
396	383	374	387	
391	354	398	362	
388	371	373	378	
361	360	372	396	
384	353	359	355	
399	373	356	389	
356	393	385	374	
382	359	391	376	
392	374	379	372	
384	393	397	394	
352	380	388	391	
370	380	392	382	
373	387	369	381	
384	387	380	353	
378	373	381	389	
389	377	375	384	
369	380	384	393	
354	357	368	359	
352	385	370	359	
354	382	362	356	
384	394	368	356	
389	382	360	365	
351	375	390	353	
377	351	370	394	
388	383	359	360	
378	368	377	371	
399	375	378	380	
360	359	365	368	
352	363	354	385	
374	396	360	386	
395	383	362	356	
350	391	398	377	
362	393	371	382	
372	398	351	364	
398	395	396	356	
397	393	377	395	
379	378	397	399	
355	358	363	351	
379	374	399	395	
399	387	394	398	
359	357	384	385	
384	364	388	374	
379	385	368	387	
448	407	415	432	
445	407	447	433	
426	446	427	414	
440	429	400	419	
429	448	421	401	
419	418	414	428	
442	441	424	439	
415	439	413	411	
434	430	412	426	
439	411	447	404	
402	424	429	421	
448	441	412	409	
435	414	424	417	
445	430	424	403	
416	417	434	423	
401	413	410	404	
427	415	422	428	
445	402	430	405	
427	433	416	430	
447	405	411	440	
432	434	403	425	
409	440	446	407	
445	429	432	407	
443	400	418	441	
410	408	446	412	
422	404	411	430	
416	408	437	405	
448	442	439	422	
419	429	428	412	
429	443	436	448	
400	430	420	418	
434	419	415	409	
432	427	415	433	
425	447	410	400	
424	447	444	428	
415	422	443	423	
446	432	407	440	
419	425	432	443	
438	441	432	409	
407	410	409	444	
430	444	410	426	
437	402	417	401	
411	434	421	402	
415	448	425	431	
414	410	429	421	
448	428	438	446	
425	440	429	401	
406	442	422	423	
419	437	438	429	
408	442	422	413	
459	494	455	490	
459	495	474	499	
454	488	494	458	
460	491	468	486	
486	489	488	494	
487	494	482	498	
457	469	471	494	
492	485	454	465	
491	455	482	497	
481	458	463	483	
477	488	481	485	
454	488	464	495	
488	489	473	499	
453	468	454	478	
472	488	484	491	
465	493	494	473	
452	498	455	471	
476	473	480	471	
482	461	498	456	
457	454	451	458	
493	466	484	470	
481	486	480	457	
489	492	472	482	
482	450	454	483	
484	461	476	474	
476	473	467	472	
458	468	482	485	
467	462	457	459	
454	469	459	471	
471	466	465	490	
474	476	484	487	
479	453	458	466	
490	454	451	484	
452	478	468	470	
472	478	490	481	
489	491	482	495	
455	463	466	457	
498	457	492	479	
458	491	465	466	
497	492	451	475	
485	481	457	489	
491	498	453	476	
486	466	497	455	
497	478	452	493	
471	499	485	488	
491	481	480	457	
497	466	468	480	
453	482	457	465	
475	486	487	465	
453	487	469	470	
19	46	15	22	36	
29	22	33	11	0	
16	31	10	48	39	
11	13	12	21	42	
27	40	8	47	23	
22	20	43	34	14	
35	46	9	8	7	
5	8	41	26	32	
22	26	13	17	20	
43	42	28	2	34	
36	47	26	34	21	
48	7	32	11	27	
24	46	26	14	19	
27	45	7	2	21	
41	23	0	47	6	
5	14	35	17	39	
47	17	26	16	42	
28	39	31	47	34	
20	36	19	6	32	
33	2	22	49	10	
48	18	12	36	26	
45	22	32	4	44	
46	34	42	14	20	
13	16	41	37	12	
5	32	49	27	46	
3	36	24	17	23	
25	43	48	36	28	
0	19	25	37	28	
41	33	44	12	6	
10	30	23	22	37	
28	24	49	34	27	
32	19	18	31	10	
40	9	31	25	4	
4	16	41	8	5	
17	12	2	25	3	
42	49	26	11	32	
38	49	36	34	5	
30	18	10	22	17	
36	49	8	10	27	
45	1	5	38	11	
7	40	17	16	22	
31	28	3	41	47	
3	23	6	28	14	
20	11	43	15	30	
29	14	49	31	45	
12	31	25	4	42	
33	42	41	1	0	
40	6	30	18	29	
0	23	12	6	25	
36	37	21	12	10	
79	60	52	80	99	
79	94	82	81	56	
50	59	57	64	94	
76	50	93	72	55	
62	50	76	63	99	
97	51	77	78	70	
64	89	99	66	59	
50	74	64	53	63	
69	73	57	94	86	
91	88	73	64	69	
79	97	64	74	59	
85	95	91	66	65	
71	81	62	99	64	
62	78	75	71	80	
89	73	52	82	91	
71	56	74	95	52	
84	68	71	79	90	
50	91	74	78	62	
76	91	97	98	95	
58	75	54	59	72	
74	65	64	90	57	
75	99	95	60	66	
62	99	70	98	69	
92	99	96	77	58	
84	57	87	68	55	
91	78	66	72	56	
74	58	67	79	72	
93	71	99	76	61	
51	95	89	68	81	
85	61	53	99	69	
78	51	98	83	86	
80	67	75	79	94	
76	57	77	53	95	
78	52	93	61	94	
58	68	53	66	52	
51	67	95	91	52	
53	59	87	82	85	
90	59	94	81	77	
97	78	85	75	54	
99	65	77	53	90	
63	55	77	65	68	
58	73	86	66	51	
57	56	86	92	65	
68	87	99	72	76	
67	84	62	52	95	
95	89	96	56	51	
57	93	75	77	84	
98	99	82	85	75	
64	53	59	89	74	
58	52	54	76	78	
148	130	120	115	107	
127	135	108	102	105	
136	123	117	149	102	
148	107	133	125	119	
107	132	121	137	113	
108	113	133	109	127	
112	126	133	140	104	
143	115	117	119	141	
112	132	119	103	113	
113	132	102	108	105	
125	104	146	133	118	
127	144	128	145	108	
108	144	119	124	109	
131	149	119	148	123	
115	112	105	143	108	
145	113	140	101	105	
144	111	145	133	134	
141	102	100	134	114	
108	138	128	137	134	
129	147	127	141	144	
133	118	110	137	141	
121	108	106	102	146	
134	144	104	141	115	
135	119	108	140	142	
120	143	131	126	128	
142	119	124	121	114	
132	113	149	112	100	
125	124	114	136	134	
129	135	147	146	119	
118	106	128	145	114	
118	126	137	101	111	
119	106	133	104	108	
113	103	146	112	104	
123	130	143	118	146	
112	143	105	100	121	
115	104	100	108	106	
120	110	121	125	129	
116	120	127	104	126	
114	104	128	108	125	
145	100	141	114	149	
148	132	143	115	130	
137	134	121	146	135	
126	128	106	134	136	
113	117	123	142	137	
106	127	116	135	140	
146	149	145	137	116	
102	103	133	139	130	
147	105	119	108	146	
102	148	109	149	110	
148	136	118	130	103	
163	177	172	181	167	
167	188	180	155	160	
198	181	159	191	190	
182	178	198	186	189	
187	162	174	157	156	
170	171	186	164	172	
186	165	191	198	153	
156	195	160	187	180	
173	198	177	163	175	
152	161	183	173	162	
191	161	187	170	157	
168	152	166	187	172	
172	171	154	167	183	
157	167	151	174	160	
160	180	169	166	151	
184	151	160	155	153	
156	199	184	177	180	
182	186	166	177	183	
172	178	188	187	157	
159	152	198	160	186	
194	155	161	178	168	
187	192	188	155	194	
189	199	152	186	187	
176	161	175	194	154	
194	188	176	172	189	
186	183	178	173	164	
177	194	155	189	176	
151	150	164	155	188	
163	162	155	180	181	
192	169	156	183	193	
190	162	188	192	151	
187	154	191	151	188	
170	172	153	195	155	
197	156	176	198	158	
189	151	157	171	195	
178	155	181	152	190	
173	169	196	175	168	
199	176	177	192	153	
186	154	185	169	195	
158	165	164	197	183	
194	182	184	170	173	
177	168	160	175	164	
180	162	157	178	181	
151	180	157	166	198	
169	189	158	164	162	
173	166	175	160	168	
157	173	193	165	194	
186	175	150	185	170	
155	177	158	194	190	
163	157	190	165	158	
242	205	248	203	222	
246	227	242	209	233	
217	202	244	240	237	
200	206	210	238	203	
238	215	229	228	208	
210	243	225	226	228	
217	221	224	238	208	
215	243	219	218	213	
230	234	215	203	241	
219	217	206	225	222	
207	239	234	214	247	
215	241	238	231	246	
210	226	230	214	242	
232	214	216	226	203	
229	225	210	201	208	
238	242	203	247	206	
239	201	249	226	242	
235	245	249	219	240	
243	228	221	232	201	
217	200	245	249	213	
237	234	224	221	232	
246	221	247	215	242	
238	223	207	216	214	
213	214	240	219	227	
222	207	220	211	223	
245	217	224	229	225	
236	227	224	214	232	
220	235	202	203	217	
224	221	233	235	217	
236	224	228	245	202	
227	246	209	244	220	
243	206	238	235	240	
216	225	217	240	203	
228	217	242	240	204	
219	237	206	205	236	
236	246	214	213	220	
210	207	242	212	233	
219	238	216	220	224	
247	217	238	202	211	
220	206	235	223	208	
247	201	229	232	219	
215	219	243	206	232	
228	231	242	224	203	
233	238	200	237	212	
245	231	236	217	227	
211	201	224	212	248	
224	218	248	238	242	
202	218	237	203	220	
225	201	224	236	230	
230	239	206	205	207	
254	290	251	252	289	
279	270	257	268	299	
292	261	263	251	299	
289	257	293	250	288	
251	287	292	262	268	
254	272	275	266	299	
273	283	275	299	294	
267	280	297	262	279	
284	271	260	256	280	
283	255	254	297	270	
289	276	290	266	271	
288	254	289	295	270	
255	274	252	273	254	
290	285	268	259	288	
278	279	287	267	276	
277	251	281	287	293	
291	293	251	254	285	
270	296	284	279	289	
291	272	265	275	290	
250	260	295	279	262	
290	277	287	293	298	
252	296	274	294	260	
293	263	292	271	260	
275	296	250	267	263	
267	279	276	281	280	
268	266	257	299	252	
295	297	286	251	288	
298	250	251	268	254	
278	292	285	283	274	
252	268	272	254	255	
254	299	261	265	282	
284	278	288	291	260	
278	282	255	271	292	
266	274	285	286	251	
271	256	289	279	297	
273	292	258	293	265	
254	275	299	282	288	
258	269	250	289	277	
296	298	274	273	279	
266	256	293	260	272	
289	296	270	291	256	
270	273	257	285	260	
287	251	261	268	296	
271	284	265	281	288	
280	290	256	274	252	
259	254	288	291	292	
256	266	251	289	254	
269	284	265	280	293	
287	258	266	286	281	
291	275	258	264	279	
308	328	317	340	324	
334	333	301	300	303	
324	304	307	323	341	
342	321	317	349	345	
333	338	300	326	317	
333	320	327	312	337	
311	331	335	301	333	
326	336	311	330	339	
314	330	319	313	347	
302	303	325	313	338	
300	336	316	337	312	
308	325	303	317	315	
315	314	310	343	341	
347	303	323	341	317	
317	312	341	320	321	
343	315	334	344	310	
305	323	303	336	313	
327	318	347	319	315	
344	327	333	347	310	
319	329	340	311	324	
312	315	320	313	318	
317	320	324	321	343	
311	303	328	305	341	
323	309	320	313	303	
319	346	314	317	313	
325	310	334	317	337	
328	344	303	331	323	
348	341	319	325	347	
319	339	344	306	313	
321	313	308	344	310	
335	321	324	346	300	
344	346	303	309	307	
322	311	320	339	309	
327	304	342	328	307	
312	301	327	342	303	
348	343	346	312	347	
301	327	329	345	306	
307	308	343	302	338	
314	301	348	338	341	
308	305	311	326	300	
302	336	321	303	334	
301	302	303	312	330	
303	304	324	327	323	
306	321	305	316	341	
302	344	327	333	317	
332	331	306	349	321	
315	314	300	302	334	
345	310	317	305	322	
313	314	327	316	309	
322	313	312	343	310	
394	383	392	375	397	
378	359	382	370	354	
371	386	390	351	373	
391	379	361	385	376	
396	392	351	350	390	
350	380	353	376	367	
353	360	378	388	371	
391	356	359	371	390	
398	382	386	372	366	
392	377	390	382	394	
358	399	366	385	393	
366	367	385	365	360	
383	381	360	373	367	
389	396	375	358	370	
374	370	393	398	385	
367	377	386	392	385	
376	357	351	361	365	
353	390	397	391	375	
370	366	391	374	394	
360	381	358	395	394	
389	397	396	380	361	
399	378	392	350	373	
398	399	374	389	361	
379	380	384	375	388	
378	351	363	366	386	
359	387	397	399	362	
395	359	351	376	369	
367	363	382	399	395	
370	384	386	361	353	
373	361	352	370	365	
372	351	394	384	369	
378	389	352	354	360	
380	382	366	371	374	
384	371	398	385	360	
352	376	391	364	398	
394	373	380	385	395	
393	382	364	355	376	
360	375	364	355	382	
394	364	397	388	376	
374	370	395	386	350	
356	388	358	397	390	
374	362	364	350	377	
358	392	374	396	398	
364	393	383	362	380	
353	384	377	357	387	
364	399	374	380	370	
392	368	388	381	371	
379	358	373	374	353	
399	385	396	395	375	
355	374	369	353	370	
441	432	437	429	401	
404	445	447	449	448	
426	447	422	405	437	
430	403	444	426	415	
447	414	435	423	426	
402	413	431	447	400	
428	416	407	415	432	
416	420	434	418	424	
428	409	422	430	427	
407	423	438	444	449	
438	402	435	439	432	
448	421	428	420	437	
411	447	435	427	421	
406	443	447	446	413	
426	412	438	423	445	
402	446	406	417	409	
449	427	415	436	438	
442	407	429	447	406	
413	443	409	428	436	
419	436	413	448	412	
403	401	447	415	424	
448	417	438	428	411	
421	420	406	410	412	
421	404	429	427	438	
424	431	435	403	419	
408	413	406	434	424	
431	440	405	424	444	
433	408	430	441	417	
421	403	440	412	414	
403	436	413	446	412	
400	441	445	402	418	
448	443	442	446	444	
448	431	418	427	447	
449	414	416	407	444	
411	407	425	448	441	
440	409	437	412	426	
432	404	433	402	441	
416	443	431	402	424	
401	432	420	418	421	
413	409	414	417	423	
449	429	414	421	445	
422	404	415	444	447	
417	439	405	401	447	
422	408	406	401	436	
440	426	406	422	417	
400	431	409	411	425	
447	404	435	418	449	
438	440	437	406	400	
438	431	439	417	409	
411	414	422	438	432	
474	463	476	494	459	
454	464	452	474	487	
472	498	460	452	467	
451	468	492	460	456	
484	451	469	480	488	
492	487	485	470	482	
454	465	491	461	481	
462	454	488	489	477	
499	486	495	481	463	
465	481	452	497	463	
485	465	459	480	461	
495	468	481	469	467	
463	492	478	479	477	
484	461	480	475	458	
491	487	452	492	464	
476	492	487	490	460	
495	480	451	494	493	
485	481	452	458	475	
470	492	480	455	479	
465	494	463	477	479	
471	454	460	468	496	
484	482	496	498	462	
491	452	461	490	489	
452	456	495	481	465	
469	479	455	490	456	
458	488	496	484	465	
462	487	464	486	491	
474	452	473	478	471	
456	478	475	480	468	
458	467	488	486	462	
496	479	499	455	498	
481	473	452	450	492	
489	494	452	491	492	
492	474	483	463	487	
493	484	474	470	464	
452	461	464	485	481	
489	465	494	478	470	
482	460	455	451	457	
459	471	491	462	472	
497	492	493	468	483	
499	472	473	484	486	
466	499	480	460	471	
482	455	478	472	466	
484	495	474	461	473	
487	460	491	467	466	
466	465	487	490	477	
487	499	494	476	496	
470	461	475	497	463	
479	465	466	493	497	
450	454	455	483	479	
423	72	231	176	12	416	
413	476	191	39	231	387	
288	201	24	6	273	216	
378	441	81	30	300	369	
386	175	8	145	34	220	
489	375	163	498	207	30	
257	347	190	195	359	297	
57	432	51	83	382	356	
88	114	78	40	172	424	
22	241	293	186	78	481	
431	92	121	96	43	9	
59	256	259	357	178	352	
96	473	476	297	367	280	
389	150	134	41	238	94	
311	54	83	257	356	362	
72	122	333	359	474	96	
19	63	445	408	159	314	
304	394	461	235	272	481	
434	498	28	355	390	393	
434	153	272	388	123	175	
224	189	322	65	330	18	
366	465	143	199	63	382	
140	268	139	424	235	111	
264	139	312	193	281	469	
290	378	10	350	79	325	
481	189	467	476	165	301	
125	298	295	248	489	281	
448	279	467	421	52	127	
68	411	0	209	183	3	
320	405	55	229	97	40	
146	324	32	60	235	204	
411	287	334	489	36	258	
386	8	437	190	253	14	
101	451	465	201	112	299	
444	130	437	144	213	121	
226	224	49	336	175	436	
217	339	290	358	203	340	
120	301	415	71	225	46	
75	216	14	265	461	49	
263	56	223	462	183	414	
153	188	306	196	376	476	
261	251	65	48	333	481	
439	109	467	164	492	310	
308	31	476	148	223	481	
467	276	82	312	110	194	
210	460	275	133	437	193	
309	491	13	332	208	100	
437	171	129	240	250	498	
114	453	33	378	0	317	
328	414	179	48	106	384	
217	107	498	477	281	293	
166	188	19	145	257	449	
270	442	307	175	271	127	
489	213	278	422	158	338	
277	230	88	279	30	26	
105	330	170	256	436	4	
78	352	436	212	272	255	
206	161	82	188	211	238	
69	455	362	140	67	297	
449	185	176	316	369	188	
26	455	264	457	323	182	
204	93	156	111	73	342	
467	392	450	163	370	379	
374	104	267	115	299	23	
140	216	386	43	74	56	
70	32	195	170	334	282	
184	263	327	250	24	123	
207	4	303	332	260	254	
241	111	127	272	75	496	
168	177	440	74	272	24	
185	257	474	300	484	231	
129	408	494	41	92	484	
3	28	67	66	320	411	
348	120	439	157	22	192	
474	408	461	368	499	73	
269	219	97	412	280	37	
397	327	11	150	84	349	
390	417	474	497	244	363	
246	356	123	496	498	470	
444	480	230	167	233	94	
320	416	254	85	275	28	
21	397	375	493	22	246	
334	107	132	366	419	418	
405	371	96	398	211	296	
70	345	324	261	437	229	
27	312	486	28	488	371	
246	79	315	61	219	355	
458	388	81	341	182	146	
108	105	63	129	469	369	
454	364	345	15	290	102	
349	402	142	345	356	165	
13	95	362	395	71	119	
375	320	370	180	203	427	
251	337	8	295	469	443	
9	228	126	252	12	374	
86	264	187	451	140	40	
360	405	115	433	428	451	
188	281	243	393	426	77	
279	276	393	0	445	85	
89	21	221	294	385	24	
264	338	17	315	200	169	313	
342	272	228	137	253	97	128	
435	119	232	376	109	208	307	
276	377	380	26	248	184	427	
171	9	469	88	426	33	435	
361	144	200	68	252	485	336	
476	180	106	148	205	489	246	
219	3	205	75	461	484	127	
396	435	20	194	342	197	304	
212	296	416	92	313	251	373	
28	112	57	294	410	401	63	
265	239	355	248	30	409	36	
163	67	386	37	174	460	151	
486	350	37	341	284	472	222	
308	74	406	333	133	496	397	
180	479	56	98	251	496	390	
221	316	219	297	180	429	107	
60	321	271	23	108	114	188	
369	75	128	3	157	440	245	
340	88	158	391	197	441	180	
108	163	411	484	307	363	117	
423	334	270	476	201	479	470	
112	105	11	358	76	161	357	
355	470	488	146	297	13	119	
3	2	388	489	202	117	91	
271	68	285	78	0	376	414	
237	489	447	416	124	123	155	
309	422	168	274	223	444	186	
456	43	203	147	459	307	211	
376	265	476	48	136	307	328	
311	273	76	434	442	291	222	
265	187	448	336	462	286	90	
468	266	379	75	360	390	368	
135	428	239	431	215	411	98	
328	155	10	217	121	477	182	
305	350	497	137	491	395	422	
436	390	414	470	253	71	143	
453	489	460	290	34	334	444	
425	489	221	494	299	94	304	
242	403	1	104	293	439	220	
490	389	387	126	431	140	274	
302	246	17	360	464	412	241	
41	14	495	440	42	64	478	
21	207	423	133	482	125	28	
447	309	334	72	348	324	332	
431	47	418	314	489	294	57	
7	403	124	221	258	395	32	
284	212	177	70	75	358	111	
262	121	324	249	378	447	154	
463	217	321	209	218	192	432	
114	162	5	369	38	326	170	
267	97	357	277	388	419	242	
332	0	416	2	222	104	164	
124	409	378	473	380	263	467	
271	402	180	186	320	39	368	
457	140	50	143	417	482	18	
428	117	242	87	124	35	440	
489	327	395	416	373	298	10	
288	456	182	312	476	437	116	
191	200	31	103	144	236	247	
251	333	102	225	263	156	253	
99	22	112	91	340	220	250	
260	95	472	284	156	438	441	
102	285	342	328	177	49	296	
350	111	105	131	52	3	31	
285	201	49	391	131	441	413	
323	278	140	122	11	487	152	
321	52	42	194	462	195	275	
34	438	255	168	364	26	449	
167	467	142	92	75	237	311	
363	130	266	64	467	289	453	
319	44	153	9	13	127	309	
479	322	83	40	8	480	200	
204	136	430	299	55	104	92	
220	390	69	266	119	398	296	
319	464	255	87	57	293	406	
213	423	121	429	247	214	128	
158	196	197	175	96	365	99	
444	62	263	269	25	435	235	
73	51	103	116	154	182	80	
335	74	410	206	177	425	63	
359	146	378	89	465	343	483	
494	25	68	50	286	99	430	
439	393	442	469	156	452	228	
257	270	99	337	284	376	192	
243	5	260	276	128	315	23	
351	376	199	36	225	299	138	
181	359	483	416	314	406	145	
379	284	336	78	312	192	208	
169	373	55	187	66	495	258	
229	137	78	247	213	346	446	
175	57	494	37	100	451	263	
410	158	5	235	145	385	123	
484	376	390	289	159	27	259	
72	191	88	40	391	35	107	
20	180	281	27	377	323	305	
479	199	418	43	450	241	7	
126	461	465	216	40	0	41	
307	71	176	394	433	57	357	
269	462	342	283	484	145	13	
329	421	405	452	164	262	253	444	
256	323	112	342	437	149	235	300	
77	319	372	106	434	420	96	236	
351	108	79	277	191	309	318	39	
379	214	342	121	343	236	60	224	
123	285	227	208	303	44	307	95	
386	87	122	434	381	433	309	486	
449	134	302	377	498	236	84	371	
406	393	353	391	290	52	307	37	
218	432	309	1	49	305	485	181	
184	139	460	348	373	480	67	314	
260	496	321	443	179	425	360	11	
150	228	316	18	51	495	122	270	
425	264	479	331	328	142	103	213	
89	333	447	212	44	217	76	207	
59	328	253	341	123	441	321	333	
159	277	390	136	168	369	303	242	
304	94	296	196	230	487	491	193	
389	458	317	279	382	491	239	89	
79	78	338	439	37	339	44	191	
360	333	492	175	137	138	403	401	
222	258	46	404	378	491	111	327	
19	194	127	255	229	207	108	333	
102	89	35	480	30	171	14	166	
313	383	267	410	448	155	388	38	
390	377	183	118	208	333	22	495	
276	199	15	359	324	238	200	98	
458	328	31	259	387	194	373	60	
469	441	284	11	338	258	296	354	
407	277	283	291	413	32	223	492	
341	358	133	166	463	475	25	84	
437	141	239	227	98	308	34	75	
182	277	6	354	12	174	175	201	
445	170	359	337	413	435	109	463	
472	351	292	187	361	316	481	265	
316	382	266	213	494	369	122	182	
248	483	37	346	463	262	492	419	
434	233	202	72	368	327	403	184	
51	350	211	277	442	252	290	94	
306	494	95	127	157	329	382	37	
284	67	292	482	194	328	332	213	
9	61	297	44	146	253	40	325	
69	211	418	475	273	48	218	267	
54	301	347	126	106	447	483	372	
236	17	43	450	30	313	292	198	
335	180	408	151	58	71	363	254	
439	498	308	12	244	14	115	151	
478	456	388	254	257	466	311	164	
223	334	299	303	147	16	495	327	
297	316	65	379	274	84	225	360	
405	41	280	322	19	339	83	192	
384	134	285	108	362	127	37	372	
468	361	336	10	97	190	432	283	
410	177	466	398	81	474	331	246	
379	434	113	453	282	258	332	485	
412	273	210	175	84	72	147	209	
410	90	452	54	46	70	308	42	
233	252	287	1	156	304	265	129	
103	3	433	353	471	299	98	429	
22	181	81	142	406	175	148	101	
319	395	228	409	284	292	260	211	
414	120	479	427	457	150	497	279	
355	463	71	136	135	419	327	300	
16	325	329	381	408	168	67	98	
312	23	246	458	314	461	240	262	
267	366	31	353	55	204	23	356	
251	18	12	23	92	49	53	348	
44	99	180	228	215	413	272	372	
282	202	183	381	304	215	49	109	
87	32	421	373	407	339	307	175	
273	352	42	255	325	129	159	137	
444	479	439	420	482	209	300	59	
28	50	73	491	242	112	483	45	
449	353	427	230	305	12	165	159	
174	300	102	62	29	297	359	343	
441	327	406	285	380	446	465	365	
165	460	281	293	251	279	7	124	
74	199	303	27	173	79	177	312	
456	147	444	128	79	489	103	14	
11	72	478	6	499	317	463	195	
74	283	38	182	185	214	209	451	
138	417	124	231	321	262	54	56	
282	484	230	191	241	254	215	217	
423	484	225	201	103	5	319	301	
457	179	210	492	215	103	154	428	
41	465	147	11	74	114	278	261	
273	331	206	46	490	249	218	149	
374	87	202	64	44	130	475	192	
104	469	298	418	406	414	62	456	
145	259	448	351	414	421	19	111	
291	412	430	287	277	237	19	359	
157	73	302	237	353	85	343	456	
491	363	180	73	354	255	201	243	
312	483	462	200	172	290	101	148	
1	114	450	270	402	267	299	337	
312	200	452	262	216	231	319	305	
496	452	188	354	97	162	60	357	
56	279	225	224	438	346	143	246	
480	394	346	321	7	277	175	397	
88	265	63	226	140	192	215	145	
