39	11	48	
46	28	33	
8	38	49	
10	38	32	
18	28	45	
40	48	18	
29	34	40	
48	10	40	
13	49	14	
38	6	27	
39	30	0	
16	11	38	
32	20	15	
16	19	2	
24	38	29	
10	38	21	
3	31	20	
26	13	43	
14	12	28	
1	23	40	
10	35	28	
33	3	35	
4	10	31	
24	34	48	
0	39	37	
10	3	11	
36	15	44	
29	36	1	
33	26	23	
29	8	19	
37	45	2	
49	8	28	
35	17	1	
4	9	11	
3	34	26	
19	21	5	
8	30	26	
45	27	17	
1	8	32	
12	40	47	
19	23	33	
49	22	20	
38	13	18	
25	9	36	
1	46	13	
27	14	7	
12	40	0	
25	18	20	
49	31	41	
43	26	48	
70	96	90	
81	52	92	
57	65	96	
84	97	60	
86	60	63	
89	86	63	
64	51	81	
88	97	85	
76	70	84	
61	55	94	
84	68	78	
61	87	76	
92	98	55	
95	51	87	
92	86	91	
90	84	97	
75	86	87	
74	51	99	
55	93	83	
90	77	68	
55	77	58	
97	58	91	
70	90	66	
90	53	63	
86	69	88	
55	50	83	
96	82	67	
63	59	91	
62	89	57	
64	76	78	
96	73	62	
65	91	69	
82	92	93	
50	64	65	
73	80	92	
79	59	83	
63	79	83	
53	90	89	
68	95	55	
88	65	85	
53	68	55	
77	53	67	
68	84	69	
58	63	94	
98	65	67	
66	62	96	
95	97	77	
89	65	91	
97	78	91	
55	54	75	
131	148	100	
143	129	105	
106	100	129	
129	146	132	
125	122	101	
137	116	118	
100	114	119	
133	135	149	
107	100	105	
140	100	124	
131	137	117	
142	137	128	
137	127	110	
104	144	130	
102	137	133	
144	134	104	
134	112	141	
146	123	121	
126	107	149	
139	144	109	
122	127	102	
112	117	118	
137	112	144	
117	106	120	
129	104	110	
118	114	101	
137	113	103	
101	143	149	
124	123	136	
121	128	119	
128	129	138	
100	127	138	
119	110	120	
122	112	136	
135	112	139	
140	119	120	
124	143	132	
103	112	139	
102	141	139	
110	142	105	
147	135	104	
125	131	130	
107	134	112	
105	128	102	
123	107	146	
104	139	108	
125	138	146	
102	138	137	
123	120	142	
121	126	149	
192	160	177	
163	151	176	
169	195	151	
161	174	177	
193	177	190	
186	165	173	
157	169	158	
163	182	187	
174	171	178	
171	178	182	
185	169	180	
188	152	159	
160	159	154	
153	173	157	
150	152	166	
199	164	180	
193	196	194	
159	167	186	
177	174	191	
170	191	166	
193	163	177	
153	161	167	
177	198	169	
180	171	156	
188	165	196	
177	198	189	
176	180	152	
154	166	189	
173	164	190	
165	153	171	
168	174	178	
158	189	163	
179	175	178	
179	187	180	
178	165	175	
183	172	179	
171	192	173	
158	195	181	
172	182	187	
161	172	163	
152	199	166	
185	168	183	
192	172	171	
157	160	198	
183	162	161	
155	165	160	
153	198	155	
155	179	180	
156	198	170	
198	162	185	
228	203	218	
244	240	206	
244	213	219	
219	214	246	
248	232	226	
235	243	230	
239	210	211	
204	208	216	
225	209	220	
206	222	240	
240	244	213	
222	214	211	
245	233	219	
242	221	234	
227	200	226	
204	238	249	
213	240	223	
219	242	222	
211	226	215	
225	206	230	
233	207	247	
240	247	226	
206	209	240	
215	245	206	
240	229	207	
246	225	230	
206	226	229	
242	219	235	
213	211	227	
217	215	228	
234	218	225	
225	201	239	
233	227	220	
207	210	227	
236	224	242	
204	203	249	
247	205	229	
240	227	222	
201	228	206	
240	230	215	
223	229	246	
243	200	215	
216	232	203	
219	215	236	
242	241	220	
233	217	248	
204	235	239	
230	247	224	
229	249	203	
206	244	200	
255	259	278	
272	261	265	
289	272	290	
254	265	264	
295	284	267	
253	269	298	
295	276	281	
282	279	295	
261	259	285	
255	252	275	
267	274	260	
275	283	299	
250	273	297	
253	279	255	
256	290	289	
299	255	286	
259	253	289	
290	262	250	
275	283	298	
255	274	254	
286	266	251	
287	278	284	
259	282	283	
287	290	267	
293	278	279	
275	292	294	
290	269	254	
271	293	292	
286	275	264	
289	276	277	
277	293	294	
285	289	253	
297	277	286	
273	256	298	
276	254	299	
264	282	278	
268	284	259	
251	279	255	
254	295	263	
277	295	278	
271	254	253	
275	262	285	
281	285	256	
293	257	292	
250	260	289	
296	254	297	
298	294	263	
261	280	264	
275	292	257	
273	261	252	
340	349	335	
347	345	335	
344	346	348	
315	332	344	
337	323	339	
312	347	304	
304	323	317	
341	346	316	
312	349	317	
331	310	303	
333	348	309	
327	300	335	
301	340	344	
321	301	332	
315	345	309	
331	318	347	
308	318	324	
307	343	328	
343	302	340	
346	318	303	
307	317	347	
313	349	333	
305	332	324	
331	315	340	
312	314	329	
308	348	338	
330	307	339	
340	319	328	
320	328	310	
331	307	309	
321	305	340	
332	342	313	
319	322	329	
307	338	331	
342	316	323	
333	319	317	
324	322	329	
317	341	304	
309	301	349	
343	338	310	
324	334	335	
332	339	337	
344	324	339	
326	327	337	
341	322	305	
309	322	338	
349	333	323	
316	305	334	
314	312	333	
303	308	306	
370	391	351	
353	360	369	
379	352	357	
396	395	373	
378	370	369	
363	392	353	
384	378	383	
354	398	383	
388	380	384	
354	394	397	
363	386	388	
360	393	395	
357	373	360	
386	358	387	
355	358	399	
371	366	356	
385	396	366	
369	366	370	
390	374	398	
364	388	393	
363	361	350	
366	399	388	
394	381	386	
387	353	379	
364	388	357	
384	371	357	
358	356	385	
396	363	374	
375	359	357	
353	380	388	
365	389	352	
385	357	373	
361	370	358	
399	384	355	
397	390	385	
376	354	393	
359	385	368	
370	399	368	
362	372	365	
355	360	390	
354	365	385	
356	371	389	
353	394	376	
352	370	371	
363	370	350	
381	371	352	
394	379	366	
380	352	373	
384	357	368	
390	399	380	
432	440	402	
444	418	410	
423	435	446	
427	420	405	
443	406	403	
414	447	413	
448	425	412	
410	432	449	
429	418	428	
416	444	421	
429	439	403	
426	413	437	
411	448	400	
420	404	449	
413	424	419	
422	411	430	
432	430	441	
429	420	405	
433	414	417	
434	417	414	
444	440	437	
407	439	413	
441	425	416	
439	407	433	
429	402	427	
403	418	447	
412	443	404	
405	415	436	
448	426	402	
417	411	447	
446	447	413	
421	429	422	
405	444	409	
445	407	441	
446	442	416	
404	407	445	
431	444	445	
439	427	405	
407	441	446	
439	405	419	
439	406	434	
441	421	407	
411	419	401	
423	437	439	
401	432	449	
449	447	427	
400	431	417	
431	412	405	
410	423	444	
407	449	438	
494	485	454	
473	488	484	
451	499	474	
460	496	476	
488	479	483	
476	493	469	
474	472	475	
465	474	461	
486	480	472	
480	466	469	
485	456	468	
478	452	460	
459	477	493	
473	490	465	
457	466	494	
492	474	453	
492	459	498	
486	489	456	
497	478	495	
451	496	497	
481	457	495	
459	479	467	
487	476	456	
483	482	494	
483	455	484	
491	457	472	
457	473	498	
464	487	458	
478	455	495	
477	466	453	
469	464	485	
452	484	474	
459	463	457	
464	459	479	
468	479	454	
469	497	454	
479	476	480	
478	496	471	
458	452	499	
489	497	462	
464	456	468	
474	482	466	
484	457	476	
477	494	480	
470	484	454	
463	470	499	
493	480	485	
471	459	470	
493	458	459	
459	472	453	
29	32	45	2	
24	39	33	23	
9	18	8	20	
31	46	25	26	
15	11	20	33	
2	39	27	10	
28	16	34	7	
33	5	19	20	
10	45	3	31	
0	31	38	17	
7	49	38	4	
32	48	27	6	
24	41	33	3	
34	31	26	23	
28	46	18	36	
5	2	19	45	
3	36	10	46	
35	20	30	16	
36	48	43	21	
13	21	12	36	
43	3	44	4	
6	24	33	40	
12	31	7	28	
31	6	23	27	
36	33	23	41	
39	41	6	5	
40	6	26	9	
38	7	17	20	
21	13	4	47	
3	36	26	11	
46	23	10	13	
33	47	46	39	
4	31	16	10	
32	24	25	46	
29	14	38	19	
38	41	11	25	
46	19	36	1	
27	29	17	15	
40	32	35	34	
32	48	0	9	
45	43	9	13	
32	47	25	10	
11	31	10	17	
26	2	20	43	
6	42	37	27	
15	16	23	14	
17	25	4	45	
7	9	32	4	
32	12	46	43	
32	6	34	38	
54	82	93	55	
75	96	60	90	
53	54	55	65	
50	76	98	65	
61	54	51	74	
87	54	64	78	
58	90	84	71	
97	85	93	70	
57	95	82	73	
53	74	54	63	
86	84	56	91	
71	68	55	53	
73	89	50	61	
95	63	56	77	
53	93	75	66	
67	83	86	53	
63	80	81	91	
91	81	72	98	
54	83	95	57	
76	82	77	92	
83	76	66	68	
97	81	76	69	
54	75	93	61	
73	55	69	90	
68	61	74	64	
78	66	85	94	
82	60	55	64	
83	98	81	95	
53	85	80	77	
52	69	51	50	
59	93	56	76	
89	98	94	99	
77	73	88	87	
52	98	81	77	
55	52	78	91	
56	59	84	67	
54	73	63	67	
57	58	99	55	
62	90	58	52	
84	58	53	92	
67	93	70	84	
76	60	53	50	
55	67	72	96	
83	50	95	67	
85	72	96	69	
89	98	71	90	
59	90	79	80	
74	77	84	53	
91	90	74	81	
73	56	70	98	
102	109	114	124	
139	100	114	147	
105	139	125	148	
133	147	104	103	
132	100	107	143	
106	129	121	122	
120	127	122	112	
106	138	129	130	
123	109	127	104	
137	144	139	119	
103	147	122	118	
111	138	105	134	
120	130	125	135	
128	105	149	147	
143	101	107	126	
103	136	128	100	
114	126	127	138	
148	106	122	149	
115	111	130	134	
140	133	149	108	
131	111	116	102	
137	127	105	146	
146	120	138	114	
119	107	100	137	
111	122	138	117	
146	147	149	113	
112	109	107	101	
137	102	129	141	
107	108	110	102	
138	129	104	126	
100	121	126	134	
126	113	101	107	
111	134	142	148	
101	119	118	139	
137	135	100	109	
128	107	136	130	
149	101	113	100	
113	126	102	118	
143	136	115	116	
106	102	114	146	
118	108	121	100	
124	149	109	129	
100	128	129	142	
113	138	106	132	
112	122	136	148	
136	124	128	134	
142	146	149	121	
141	135	104	105	
127	111	146	110	
125	131	148	132	
161	185	189	178	
175	176	168	177	
183	169	160	177	
157	186	193	184	
161	162	188	196	
180	197	198	179	
196	171	199	172	
178	189	162	194	
196	152	171	189	
171	178	162	170	
165	184	166	178	
168	179	158	172	
158	196	186	188	
154	179	187	191	
171	166	195	175	
160	199	193	173	
197	170	158	171	
167	157	188	156	
166	190	197	183	
194	183	197	153	
171	161	157	168	
176	170	193	152	
191	155	158	164	
165	175	172	185	
194	178	154	181	
168	164	177	179	
164	179	190	188	
169	173	187	191	
179	152	154	171	
158	194	156	161	
196	171	197	193	
176	177	164	191	
164	190	198	170	
188	184	183	185	
162	178	157	159	
150	162	177	184	
193	190	197	189	
172	198	161	193	
166	169	165	168	
152	191	197	156	
179	193	177	195	
166	164	178	151	
189	181	150	175	
164	195	186	194	
170	161	189	180	
183	177	185	178	
165	163	177	194	
170	193	172	195	
174	155	165	183	
167	171	162	173	
227	245	241	248	
243	234	208	214	
226	203	209	211	
224	209	249	215	
241	206	207	235	
205	224	239	228	
243	209	213	210	
202	241	246	214	
225	233	246	240	
204	213	239	207	
205	220	241	212	
212	213	205	204	
233	246	221	241	
220	200	210	233	
205	237	217	243	
218	215	241	206	
237	225	228	222	
219	231	209	200	
201	215	206	241	
233	245	242	240	
215	237	238	244	
241	242	235	209	
231	233	200	202	
208	220	247	248	
204	244	236	207	
216	219	206	239	
238	241	209	224	
209	236	224	207	
214	208	220	239	
243	204	226	246	
226	202	246	210	
218	212	249	230	
223	228	240	237	
248	200	213	223	
237	229	210	203	
244	218	234	235	
236	208	210	219	
247	240	208	244	
234	235	240	204	
245	217	236	234	
208	217	202	210	
230	233	227	219	
218	225	248	236	
235	230	220	239	
244	220	226	223	
215	247	209	203	
206	246	245	221	
233	224	206	203	
200	228	235	220	
224	220	225	249	
275	289	274	259	
264	262	266	251	
252	296	292	264	
284	271	254	296	
299	265	284	294	
255	271	277	298	
275	287	295	268	
271	291	255	280	
294	254	262	259	
261	297	286	273	
279	285	281	284	
285	269	262	265	
286	287	257	276	
262	280	268	254	
251	252	285	291	
264	276	299	295	
269	254	288	297	
283	291	274	265	
283	287	290	264	
287	286	264	259	
274	275	266	299	
286	296	262	250	
282	293	291	251	
291	266	269	267	
262	294	272	276	
265	293	289	292	
298	263	291	268	
272	292	267	258	
270	262	280	298	
253	272	258	251	
288	286	280	273	
253	292	290	273	
271	267	282	290	
289	284	285	269	
299	274	285	292	
284	274	267	298	
261	258	268	285	
280	263	266	295	
261	285	297	293	
295	287	261	251	
298	254	273	280	
290	292	276	293	
261	268	271	281	
269	284	298	262	
292	288	252	263	
253	274	252	294	
293	267	250	278	
284	278	259	268	
255	296	288	283	
262	258	298	299	
335	329	307	347	
332	342	334	314	
334	342	302	319	
302	316	303	333	
319	311	345	323	
317	323	341	321	
328	327	331	332	
344	341	323	314	
301	322	347	331	
340	329	327	338	
303	324	344	333	
300	327	311	315	
317	319	323	311	
334	337	301	347	
334	330	331	347	
345	328	344	300	
311	339	301	343	
316	348	324	342	
319	311	325	333	
336	324	304	301	
313	338	348	323	
321	349	323	347	
334	341	313	345	
345	305	302	343	
300	341	345	305	
345	317	310	311	
334	319	323	314	
319	303	325	347	
319	330	308	312	
331	347	330	320	
339	321	324	319	
303	324	321	335	
339	335	307	343	
348	312	317	343	
316	301	349	346	
305	324	329	314	
338	326	345	311	
347	327	346	329	
320	300	335	333	
307	341	336	345	
303	304	314	307	
348	334	340	339	
301	310	309	315	
330	311	339	344	
321	333	341	316	
305	313	341	304	
348	302	336	337	
348	330	319	326	
333	346	332	324	
312	303	314	325	
360	391	364	357	
393	380	369	353	
382	367	360	362	
354	380	365	394	
393	363	386	382	
360	364	382	358	
376	382	378	353	
352	363	359	392	
363	395	388	387	
381	362	399	366	
355	390	358	374	
373	367	374	392	
350	352	363	369	
372	397	371	383	
367	357	383	389	
353	362	384	393	
399	389	382	363	
350	392	358	394	
370	386	384	367	
382	386	350	375	
379	383	367	382	
372	386	354	387	
370	366	372	376	
361	387	357	383	
398	379	353	373	
377	381	364	371	
362	379	382	373	
385	390	379	353	
393	367	361	364	
371	368	353	360	
355	374	386	393	
359	365	368	399	
392	378	354	357	
396	359	369	398	
367	357	398	356	
358	387	356	396	
393	396	394	385	
383	376	353	380	
375	388	356	398	
359	373	398	377	
355	361	359	363	
376	353	359	399	
393	354	397	355	
394	355	380	365	
390	367	354	359	
384	387	397	368	
352	389	374	356	
359	361	397	376	
350	361	367	395	
389	362	374	390	
426	434	430	422	
400	438	413	415	
424	434	418	422	
443	444	420	405	
446	406	431	440	
445	421	412	425	
449	402	419	439	
403	433	404	442	
438	443	424	413	
446	429	436	403	
446	402	426	401	
443	409	441	431	
443	439	407	402	
434	440	432	417	
419	405	420	423	
432	436	430	400	
401	447	435	428	
402	433	444	416	
425	439	403	405	
426	401	431	449	
404	416	433	426	
434	430	408	415	
412	448	443	444	
407	448	435	403	
406	428	408	438	
412	407	428	431	
412	427	404	415	
432	400	445	404	
418	440	403	412	
405	446	433	430	
408	425	407	419	
414	436	443	418	
426	449	428	416	
447	414	401	421	
420	407	406	424	
406	409	411	443	
400	427	414	419	
447	422	415	416	
427	445	402	447	
434	411	435	416	
443	402	444	430	
436	443	401	431	
417	435	441	404	
430	420	446	437	
433	410	448	432	
424	441	420	449	
446	439	443	433	
414	433	424	428	
428	443	420	419	
401	416	406	403	
460	462	496	461	
496	464	484	465	
497	455	468	493	
456	471	469	473	
455	461	484	452	
497	480	469	476	
479	455	459	495	
465	498	452	499	
496	474	483	452	
451	475	453	489	
467	456	481	468	
469	487	453	466	
451	463	455	498	
453	492	488	472	
456	467	461	492	
483	476	461	489	
491	483	498	477	
484	479	486	496	
463	465	467	464	
482	474	467	487	
489	464	468	487	
454	453	491	462	
485	492	454	457	
486	492	471	488	
463	484	451	491	
463	458	489	499	
489	475	455	494	
469	483	453	470	
453	476	473	492	
499	491	460	481	
462	467	486	477	
469	455	457	466	
459	455	466	482	
495	465	476	478	
456	491	450	468	
473	456	487	497	
465	460	462	481	
486	455	494	464	
470	474	459	461	
495	476	487	474	
495	459	492	491	
487	486	492	460	
498	479	455	457	
454	467	452	487	
473	469	466	493	
467	469	488	463	
478	491	483	490	
487	468	469	480	
489	472	491	487	
463	491	495	472	
17	12	37	15	34	
17	15	12	39	24	
23	4	26	11	19	
28	26	34	14	38	
0	29	23	4	26	
38	10	23	26	11	
0	11	45	37	9	
16	46	0	18	30	
39	43	35	11	3	
25	48	27	26	44	
2	24	36	25	33	
35	20	40	46	6	
37	42	32	23	3	
11	38	20	6	44	
18	11	15	17	46	
41	8	26	4	36	
43	13	2	24	28	
33	22	1	18	7	
14	11	30	36	38	
39	46	18	4	21	
39	36	6	28	49	
29	9	18	44	37	
21	6	5	31	0	
4	39	27	29	6	
25	12	47	35	42	
31	25	16	8	41	
24	37	21	18	5	
46	31	19	17	42	
12	47	10	21	28	
41	40	15	23	35	
7	33	42	1	45	
28	35	14	48	42	
6	3	20	36	2	
38	36	27	9	29	
30	40	47	25	13	
0	31	7	10	35	
6	40	2	42	19	
49	12	5	32	14	
40	39	31	10	17	
15	4	31	26	7	
4	24	5	11	9	
39	2	13	23	31	
38	49	30	10	1	
3	44	8	18	11	
46	17	2	0	29	
35	40	17	45	13	
21	34	37	1	22	
6	28	31	22	12	
34	1	22	32	0	
11	23	8	34	4	
87	88	75	93	62	
95	60	89	65	93	
60	79	58	61	64	
55	62	71	97	56	
78	75	56	96	94	
50	64	90	53	93	
86	91	59	84	83	
63	99	93	70	82	
53	91	65	54	67	
60	63	50	54	87	
76	57	77	96	59	
98	86	79	61	95	
52	59	98	77	76	
81	51	68	76	56	
55	81	59	70	68	
99	85	97	67	71	
95	89	84	68	80	
56	66	82	72	79	
80	99	98	69	60	
55	67	63	72	87	
72	53	78	94	70	
84	61	64	53	69	
89	88	61	75	99	
76	52	89	55	51	
50	95	57	77	83	
67	87	99	50	58	
77	98	67	74	58	
98	56	71	67	81	
52	65	83	72	84	
61	59	63	64	86	
63	85	64	80	95	
84	82	59	65	51	
65	64	95	71	59	
84	89	56	88	61	
82	88	71	85	92	
69	92	56	62	78	
76	92	74	91	53	
57	78	74	61	93	
68	77	94	52	78	
86	56	78	50	64	
76	66	72	65	88	
82	77	64	85	79	
57	95	59	98	63	
94	66	54	74	88	
51	98	69	71	76	
68	74	63	99	97	
90	77	99	62	70	
84	60	72	99	85	
83	56	54	72	50	
97	80	99	50	95	
120	103	125	137	111	
128	108	104	126	107	
134	122	120	145	110	
139	118	120	116	119	
128	117	144	129	135	
130	145	144	135	140	
116	125	115	146	105	
137	139	106	140	129	
117	106	115	111	133	
131	136	116	106	133	
136	143	131	140	107	
129	100	148	141	137	
148	131	129	102	134	
131	134	120	140	104	
136	133	116	138	118	
146	130	116	139	125	
101	116	122	147	138	
124	114	115	142	119	
133	121	147	110	145	
112	130	122	117	100	
109	100	115	124	133	
116	118	135	136	109	
135	137	142	131	100	
103	120	105	125	124	
105	115	133	107	148	
140	146	113	110	100	
108	123	119	110	112	
135	105	123	122	145	
108	149	122	106	145	
144	149	118	116	111	
140	118	137	103	131	
122	126	123	130	146	
137	130	129	135	107	
107	136	116	102	126	
143	144	106	103	128	
127	125	107	139	126	
117	142	128	146	138	
124	107	132	142	108	
128	132	115	125	135	
113	118	120	146	124	
111	120	141	140	106	
101	115	110	132	114	
146	124	137	120	110	
117	137	105	145	139	
118	134	126	112	129	
125	101	114	139	132	
148	107	133	115	120	
134	148	127	139	119	
128	138	117	140	118	
107	120	148	144	130	
168	165	164	155	169	
158	199	190	170	162	
182	172	152	194	161	
173	179	190	196	155	
160	180	196	166	184	
182	160	197	181	156	
160	194	188	196	170	
179	156	185	196	160	
176	185	186	197	169	
162	171	198	150	168	
180	193	188	187	165	
184	158	156	171	180	
188	167	166	195	160	
187	182	169	167	184	
194	199	192	166	187	
198	163	150	162	180	
169	177	187	197	175	
154	169	152	168	186	
158	189	175	168	187	
160	159	157	176	163	
167	169	177	151	159	
155	184	193	176	158	
150	162	193	164	166	
177	156	171	173	161	
188	199	168	182	154	
155	194	173	197	156	
198	164	168	169	196	
164	166	187	191	179	
155	163	153	191	165	
155	174	176	159	183	
150	162	164	193	157	
196	170	187	165	167	
177	191	173	172	187	
159	183	166	187	150	
170	186	167	191	160	
163	195	198	172	188	
170	197	189	154	169	
193	179	171	167	156	
186	168	176	170	190	
151	154	168	158	177	
171	196	150	192	194	
191	174	166	173	193	
185	150	195	169	171	
193	170	188	185	161	
156	152	179	165	160	
175	185	197	159	164	
168	191	176	155	163	
160	155	156	192	195	
160	180	162	181	167	
186	154	171	166	192	
207	226	203	217	212	
222	203	246	208	240	
235	210	249	240	223	
209	249	205	233	226	
212	210	237	205	200	
221	203	207	202	222	
234	218	231	247	228	
211	238	210	244	222	
226	249	221	231	214	
242	209	217	231	224	
203	215	232	228	235	
229	216	214	221	238	
233	244	204	229	240	
231	206	220	224	202	
210	217	232	242	233	
243	242	244	202	222	
225	220	231	245	246	
216	210	225	241	240	
217	204	244	212	232	
242	237	200	244	235	
216	200	234	243	229	
216	210	214	218	205	
229	210	216	212	213	
231	234	249	219	229	
230	203	209	223	201	
239	231	237	227	234	
220	231	214	230	246	
231	200	227	246	239	
231	220	201	204	247	
203	249	202	215	204	
246	225	206	221	235	
204	245	247	244	216	
210	213	240	242	216	
210	201	222	246	214	
200	218	203	243	206	
226	206	203	207	201	
247	207	249	244	235	
206	234	229	240	216	
226	217	222	205	213	
218	213	215	221	223	
224	213	237	222	244	
235	220	201	215	240	
244	208	241	224	211	
202	203	226	206	249	
230	211	209	216	240	
241	234	223	221	211	
206	218	209	244	247	
235	206	219	215	236	
233	210	211	217	212	
203	240	222	204	226	
267	280	256	261	276	
282	292	261	274	284	
254	281	282	272	270	
293	289	278	270	260	
294	287	258	262	281	
275	255	284	292	270	
263	284	287	267	266	
291	296	271	289	265	
294	259	292	269	260	
265	277	271	270	292	
293	288	258	296	259	
299	254	288	285	291	
297	286	265	282	296	
277	282	290	276	257	
293	295	277	296	267	
278	258	254	273	292	
293	254	251	279	289	
291	296	266	257	282	
258	299	255	297	290	
295	290	272	281	269	
266	257	276	265	253	
255	257	270	282	262	
269	279	257	250	273	
279	295	285	260	283	
289	271	272	253	275	
265	250	259	288	254	
291	268	289	293	276	
265	275	284	290	268	
298	299	273	266	296	
273	298	256	257	278	
279	285	250	271	290	
250	296	299	265	262	
263	258	251	270	295	
299	291	275	274	283	
269	287	257	278	284	
290	288	252	286	293	
297	273	262	270	288	
291	297	280	281	289	
286	284	290	274	281	
299	269	259	264	257	
254	274	293	287	289	
280	285	294	256	290	
288	299	271	293	296	
259	277	263	256	297	
272	252	256	284	261	
261	283	280	264	265	
275	299	254	283	286	
254	287	276	258	271	
294	274	271	296	292	
298	267	251	264	253	
322	348	326	311	344	
349	308	325	347	344	
314	342	309	321	345	
321	319	308	339	324	
323	336	319	306	300	
339	335	333	305	331	
330	349	312	325	344	
335	310	338	314	348	
348	306	327	345	317	
336	301	347	338	312	
344	349	328	327	334	
326	348	310	338	340	
302	329	313	343	300	
323	300	345	305	320	
312	305	313	303	304	
347	336	325	305	337	
306	326	329	330	333	
318	338	310	331	306	
326	308	316	338	340	
323	308	307	301	349	
312	313	303	306	349	
316	309	326	323	349	
312	309	315	347	305	
317	328	302	340	309	
316	319	335	312	320	
327	315	311	343	307	
346	343	332	349	318	
302	338	301	328	311	
303	309	304	334	330	
322	307	344	337	325	
330	335	308	323	337	
313	315	320	321	332	
337	346	320	332	324	
300	324	323	301	309	
345	318	343	311	328	
324	344	342	312	301	
311	316	348	336	330	
306	307	340	302	322	
340	314	329	331	304	
342	331	343	320	322	
323	309	343	303	325	
313	316	310	336	332	
301	347	304	311	329	
341	317	312	322	347	
336	345	337	328	332	
326	339	343	312	303	
324	325	334	340	347	
335	349	315	313	346	
305	349	315	300	338	
319	327	306	349	340	
383	399	398	384	377	
360	398	389	387	375	
373	362	353	393	386	
394	377	368	395	381	
361	368	372	373	391	
373	395	396	352	384	
365	359	398	373	368	
357	362	359	370	380	
356	398	397	361	393	
358	365	356	393	394	
385	355	381	397	369	
350	382	392	380	389	
380	371	350	377	384	
372	358	354	379	361	
370	374	380	358	398	
374	377	389	353	365	
391	393	381	375	373	
390	387	379	389	391	
381	350	354	375	389	
392	360	351	386	395	
369	386	355	362	381	
366	373	395	376	398	
390	379	388	369	382	
379	358	392	382	378	
398	374	364	356	371	
378	366	374	369	371	
367	370	392	358	382	
395	391	374	393	369	
381	361	382	369	364	
351	392	384	377	376	
354	353	351	361	381	
365	375	368	385	356	
357	396	365	372	389	
395	364	393	367	366	
388	376	386	379	356	
377	358	394	369	361	
368	391	366	378	389	
394	388	387	350	382	
383	368	382	373	399	
363	390	366	396	352	
367	398	360	374	379	
361	350	360	355	363	
382	364	391	368	392	
391	398	381	350	360	
355	350	354	357	390	
387	363	360	393	397	
368	392	369	397	383	
365	383	356	386	367	
384	386	364	390	396	
363	386	376	390	351	
404	401	409	435	438	
403	400	440	412	405	
432	404	431	415	423	
440	408	417	409	415	
430	400	407	448	417	
432	446	433	420	434	
446	407	438	429	432	
424	426	416	442	432	
403	446	426	445	415	
445	437	410	425	404	
433	404	401	421	447	
407	404	420	408	427	
408	448	403	401	423	
448	424	418	436	415	
417	411	402	442	428	
424	442	416	401	413	
408	419	421	437	404	
446	430	448	440	400	
432	410	444	411	425	
412	423	404	406	430	
414	417	413	405	441	
447	404	422	416	401	
423	440	426	437	406	
405	428	418	441	430	
425	424	442	415	404	
404	418	408	416	447	
430	443	432	405	447	
428	416	407	446	403	
416	418	432	415	411	
401	440	410	407	402	
422	446	440	424	430	
445	414	447	426	433	
418	435	401	427	408	
433	403	439	412	432	
437	411	443	436	425	
448	400	432	439	406	
442	443	409	404	420	
419	438	445	407	408	
403	428	412	411	400	
424	430	409	400	438	
401	430	423	440	411	
445	440	435	420	437	
423	415	403	410	401	
433	435	404	434	441	
408	435	417	440	402	
449	428	418	412	414	
431	421	416	432	449	
412	410	404	400	434	
411	408	447	449	419	
435	444	429	431	409	
498	473	496	495	450	
495	472	477	486	489	
472	493	463	468	489	
499	492	461	485	482	
461	460	482	487	493	
489	486	472	496	451	
461	450	495	477	479	
472	478	480	496	461	
463	498	468	479	472	
453	468	484	451	496	
469	499	487	481	462	
466	467	455	486	491	
484	469	452	487	488	
456	477	450	461	467	
464	460	470	474	453	
468	480	489	498	458	
483	489	471	454	457	
457	458	497	492	454	
463	490	472	482	493	
487	450	465	463	478	
476	493	480	453	450	
458	499	459	489	498	
455	491	468	463	456	
472	485	469	470	474	
473	497	495	498	494	
483	450	485	495	482	
459	479	496	477	492	
466	467	484	491	461	
482	495	498	467	470	
456	453	477	463	495	
489	470	487	485	452	
497	489	479	451	487	
475	455	457	453	489	
468	498	486	465	491	
479	471	467	481	450	
456	452	459	495	457	
470	462	493	474	455	
470	487	497	453	462	
473	458	492	490	474	
474	489	454	460	458	
474	486	465	471	482	
466	462	470	454	460	
464	489	490	462	471	
454	489	488	493	464	
455	471	478	462	498	
459	451	493	478	461	
484	493	477	491	475	
470	451	487	450	474	
473	476	454	485	497	
463	499	473	452	497	
193	406	128	349	72	10	
34	283	176	299	440	140	
359	227	68	321	96	402	
46	320	470	155	29	211	
174	156	352	240	349	351	
154	264	444	308	384	324	
7	61	497	168	273	146	
122	149	57	342	366	390	
145	218	400	402	47	33	
73	83	13	380	484	102	
213	355	285	383	391	181	
282	40	330	288	419	257	
474	418	88	140	150	419	
1	14	303	166	290	104	
242	76	212	493	133	255	
129	155	336	115	457	395	
475	32	355	379	335	67	
458	381	229	191	123	246	
218	83	147	178	436	312	
108	243	494	381	192	335	
134	383	165	231	185	114	
50	93	185	450	419	190	
0	282	434	441	271	468	
391	225	83	318	74	385	
403	84	300	440	232	430	
116	376	133	448	185	304	
17	194	494	487	11	296	
434	146	302	98	473	378	
380	237	349	468	266	134	
332	98	26	166	467	75	
412	225	98	10	58	484	
450	456	210	131	373	479	
478	229	113	363	119	30	
26	315	92	471	413	438	
25	226	351	485	323	301	
28	74	63	410	434	333	
391	198	472	339	258	222	
444	405	370	157	33	80	
35	200	59	424	406	302	
28	95	73	120	27	433	
362	340	405	392	317	394	
76	399	440	487	347	82	
335	461	217	268	21	97	
198	406	327	300	313	363	
5	461	356	332	84	396	
417	82	223	62	286	296	
110	106	433	458	184	131	
84	124	163	370	17	52	
497	416	493	372	298	358	
299	340	417	15	117	398	
128	174	288	381	110	106	209	
21	392	424	339	344	92	219	
237	285	125	405	17	499	497	
455	111	230	392	316	247	438	
279	434	472	293	198	272	328	
16	59	244	250	485	167	300	
97	334	212	226	325	381	303	
248	41	455	182	123	327	424	
282	188	275	179	158	438	292	
236	330	74	235	239	448	300	
478	114	21	399	395	143	64	
331	41	285	182	209	42	109	
470	395	399	453	418	315	435	
497	335	468	393	114	34	170	
77	205	363	423	240	339	427	
19	472	35	300	362	305	402	
317	30	191	428	310	434	204	
2	428	62	305	406	3	322	
330	96	306	102	117	45	122	
381	237	452	89	126	45	355	
437	282	100	201	145	190	396	
172	93	349	11	373	231	96	
338	27	52	336	116	193	324	
23	16	197	15	390	483	492	
463	156	302	32	118	368	333	
395	216	274	300	229	382	247	
322	263	335	283	419	354	376	
391	433	165	376	202	352	40	
151	244	327	163	208	51	153	
38	268	497	479	49	238	63	
429	253	375	102	312	76	267	
494	182	84	57	195	296	178	
94	71	103	296	68	180	311	
163	240	233	395	495	326	221	
478	103	292	361	418	165	490	
61	381	197	373	79	301	281	
381	198	293	234	184	220	452	
476	287	215	307	183	216	481	
465	283	438	269	99	483	444	
12	498	2	188	124	479	378	
362	5	370	110	138	275	357	
407	89	267	36	84	465	483	
392	350	152	227	216	229	261	
351	129	376	114	314	36	354	
74	284	17	318	15	415	317	
78	82	151	480	245	169	443	
194	47	469	223	445	56	159	
108	2	87	458	256	475	70	
493	396	30	24	235	486	214	
223	315	107	150	3	412	289	
93	316	41	160	130	239	158	498	
331	180	323	43	35	409	411	351	
137	291	243	208	496	301	78	480	
202	50	39	28	423	178	281	87	
335	434	423	422	238	97	242	330	
427	204	393	60	32	291	411	114	
140	405	283	492	436	397	468	206	
351	141	319	10	177	421	457	231	
116	39	163	482	351	149	176	348	
403	256	223	12	331	160	76	9	
27	28	308	322	333	418	142	158	
257	126	302	439	179	134	224	231	
268	173	157	17	365	64	85	457	
133	337	418	467	3	254	207	450	
498	176	118	414	185	412	499	216	
66	9	353	433	121	117	6	15	
340	50	445	440	292	295	268	165	
81	113	71	372	99	358	275	486	
292	243	151	485	142	331	492	487	
106	374	236	35	228	150	222	25	
109	393	202	245	488	195	141	196	
319	373	175	429	134	246	141	131	
155	315	420	222	391	157	103	253	
225	175	371	306	275	342	378	361	
382	54	74	431	128	87	97	348	
482	470	106	137	249	383	334	337	
392	296	40	228	273	93	66	287	
41	289	60	314	326	264	1	14	
199	495	327	447	308	381	37	16	
377	475	39	338	489	61	438	434	
461	261	361	205	188	389	396	62	
124	419	443	394	281	12	304	472	
129	71	465	404	46	489	261	102	
437	371	207	495	411	295	185	440	
54	106	29	152	154	323	44	236	
312	204	460	458	302	148	76	19	
329	404	492	482	421	79	458	86	
115	161	246	196	224	177	411	244	
377	455	424	370	256	133	324	363	
142	172	390	308	433	336	497	159	
189	399	119	17	282	368	52	484	
451	485	482	18	121	100	265	266	
416	338	475	96	387	180	477	125	
29	100	148	426	248	379	470	28	
124	329	71	332	207	125	364	301	
153	373	215	338	96	226	368	415	
354	199	198	83	352	11	425	282	
197	113	364	223	80	477	494	53	
391	38	212	125	392	349	393	218	
42	401	24	260	166	38	16	346	
