39	9	40	
34	38	12	
18	9	5	
46	21	32	
45	40	5	
29	27	17	
25	46	19	
20	23	32	
33	8	45	
14	7	36	
45	46	23	
23	40	2	
11	21	24	
26	16	21	
6	42	11	
32	39	22	
20	22	15	
19	44	32	
6	47	11	
8	16	4	
7	23	15	
17	20	15	
48	1	38	
35	27	18	
10	36	49	
42	48	19	
36	32	33	
37	40	2	
45	22	26	
38	2	32	
4	7	10	
20	17	40	
29	12	32	
8	16	33	
9	24	21	
38	43	3	
15	19	23	
9	10	5	
14	29	24	
18	27	16	
48	7	25	
47	3	35	
40	21	10	
6	18	14	
21	24	26	
24	22	46	
2	25	40	
18	40	33	
40	25	8	
16	7	34	
93	67	94	
93	94	52	
84	51	78	
92	59	64	
85	97	61	
99	97	50	
78	79	52	
70	59	85	
86	80	87	
79	54	64	
60	81	72	
86	85	54	
80	72	82	
82	92	66	
62	98	65	
52	79	69	
71	90	63	
81	96	66	
66	65	90	
67	68	80	
98	56	90	
81	62	98	
50	57	78	
93	95	97	
78	91	97	
87	99	60	
86	65	64	
96	52	94	
96	64	71	
72	50	56	
75	73	81	
58	66	59	
90	97	80	
84	79	72	
57	89	56	
97	54	92	
95	88	90	
60	52	72	
64	66	68	
94	96	88	
67	92	62	
59	72	80	
72	83	60	
66	91	92	
57	55	53	
95	56	74	
53	77	85	
88	91	82	
56	90	80	
78	82	59	
123	132	144	
120	130	100	
110	147	128	
117	112	108	
100	144	104	
101	133	111	
124	131	116	
126	148	136	
140	110	112	
116	148	127	
125	144	140	
117	130	132	
142	139	114	
130	142	108	
123	108	137	
121	101	118	
139	105	145	
125	126	122	
148	141	118	
146	123	141	
104	123	144	
107	111	141	
146	124	113	
109	124	112	
100	120	134	
125	133	105	
117	131	119	
127	128	119	
100	131	106	
129	117	102	
115	114	123	
142	145	109	
128	116	138	
142	123	122	
111	119	136	
101	122	130	
119	122	113	
106	134	101	
105	112	103	
112	148	120	
120	131	102	
122	138	102	
136	132	144	
149	103	115	
142	106	144	
143	116	140	
125	144	105	
111	107	140	
112	123	114	
102	108	137	
173	178	160	
158	174	189	
156	194	182	
193	190	165	
179	184	191	
176	183	150	
176	189	194	
185	171	152	
156	161	192	
164	154	156	
159	164	176	
183	153	197	
177	181	155	
190	151	184	
182	158	186	
174	162	190	
174	150	196	
183	170	179	
167	175	183	
196	161	152	
161	182	190	
158	154	198	
175	193	159	
195	189	158	
195	179	185	
171	194	192	
167	159	152	
158	151	186	
167	194	168	
186	196	159	
187	168	159	
178	176	169	
164	182	165	
185	167	195	
169	188	160	
160	175	170	
178	197	196	
170	198	190	
184	193	174	
179	184	159	
178	196	185	
185	178	171	
197	171	193	
159	183	162	
163	158	150	
181	187	193	
193	183	155	
199	190	170	
160	171	183	
153	175	170	
204	218	234	
211	224	210	
214	249	229	
241	242	210	
249	200	211	
200	247	214	
223	232	206	
225	223	208	
214	206	227	
234	233	212	
226	229	213	
202	242	233	
248	220	221	
249	241	235	
214	239	221	
239	223	229	
205	202	236	
231	212	217	
205	201	206	
215	226	223	
249	236	214	
201	212	207	
240	233	239	
235	224	240	
229	223	239	
227	231	210	
241	227	239	
218	216	210	
204	203	246	
205	228	206	
236	244	231	
240	211	215	
229	236	206	
210	242	231	
234	226	215	
234	246	241	
232	207	211	
224	206	230	
217	209	242	
206	204	247	
231	200	224	
222	215	236	
216	223	238	
230	244	237	
209	207	247	
218	205	230	
235	209	233	
203	231	220	
234	211	233	
219	206	213	
265	299	281	
281	297	299	
260	272	269	
267	255	254	
277	257	258	
251	291	278	
282	287	276	
282	273	299	
252	287	296	
262	257	284	
281	269	277	
265	258	282	
257	279	289	
270	271	294	
284	274	283	
282	288	281	
299	297	262	
295	256	286	
254	298	256	
284	291	276	
280	258	295	
271	250	270	
265	291	262	
257	289	277	
288	281	279	
254	298	256	
264	270	251	
289	266	252	
251	280	298	
271	268	270	
256	283	287	
287	271	250	
258	288	252	
282	256	298	
289	285	295	
273	271	280	
285	292	298	
255	254	284	
282	269	274	
250	288	279	
297	291	281	
278	279	269	
272	299	267	
255	252	269	
292	270	253	
290	263	293	
278	259	262	
275	259	278	
275	264	253	
253	258	282	
321	323	348	
302	319	347	
307	338	341	
311	346	345	
321	333	309	
338	323	326	
349	306	327	
305	338	318	
320	300	348	
315	302	309	
313	317	341	
309	329	349	
336	314	318	
336	322	335	
345	325	304	
347	311	345	
326	309	310	
344	318	342	
332	341	309	
321	335	328	
315	306	324	
322	347	316	
330	300	316	
337	317	309	
316	314	343	
347	301	346	
320	301	341	
345	311	337	
347	332	321	
305	327	345	
322	321	325	
346	330	333	
311	313	321	
312	339	324	
306	342	302	
335	330	302	
323	347	326	
329	315	311	
300	342	304	
313	320	333	
349	326	327	
307	304	323	
339	303	344	
321	323	314	
309	333	322	
345	307	309	
316	341	301	
312	323	315	
323	312	338	
344	319	300	
367	387	374	
376	368	360	
382	380	385	
372	358	360	
378	397	386	
393	372	356	
374	375	378	
370	388	380	
380	363	360	
389	379	387	
375	394	379	
374	353	391	
396	367	365	
398	368	367	
370	362	386	
377	364	371	
393	377	375	
354	363	393	
389	399	368	
370	376	383	
384	383	372	
363	354	365	
359	394	395	
386	357	358	
372	381	399	
394	381	379	
361	397	363	
372	385	398	
374	380	358	
399	353	366	
384	378	375	
392	396	366	
394	373	371	
351	381	367	
384	357	364	
389	361	353	
368	357	390	
357	356	376	
357	363	371	
399	382	388	
355	385	399	
394	365	373	
355	396	374	
359	355	351	
373	361	377	
350	387	359	
389	358	359	
370	354	351	
381	392	387	
358	369	397	
426	421	403	
405	416	440	
430	423	446	
413	400	429	
419	448	425	
432	426	411	
416	424	406	
400	434	439	
414	436	413	
404	427	420	
441	402	428	
427	408	430	
419	407	422	
446	400	424	
434	417	431	
447	410	425	
440	424	448	
412	431	420	
416	440	434	
427	445	435	
414	418	445	
422	438	416	
407	433	406	
433	411	430	
421	408	413	
431	419	433	
436	430	437	
422	426	434	
424	410	404	
408	437	411	
442	400	417	
427	412	439	
419	417	412	
429	431	407	
427	441	411	
412	435	404	
402	438	448	
425	438	404	
400	402	432	
406	419	400	
424	400	425	
435	423	422	
412	410	424	
447	449	425	
417	423	422	
445	449	429	
407	442	422	
416	423	438	
424	404	434	
415	421	446	
487	450	481	
497	451	465	
487	493	479	
461	489	484	
457	466	465	
476	466	460	
458	457	483	
494	487	499	
469	460	464	
468	459	450	
468	490	485	
474	478	473	
464	474	498	
460	497	476	
488	464	469	
484	479	466	
462	457	460	
462	482	485	
457	452	499	
499	454	477	
488	457	487	
471	468	465	
486	470	466	
462	464	455	
450	475	484	
494	492	464	
457	494	460	
488	452	494	
486	470	487	
457	450	484	
485	496	451	
457	479	477	
452	474	458	
470	486	496	
458	452	495	
450	473	472	
467	462	477	
474	468	464	
476	497	460	
463	451	495	
460	468	457	
489	475	476	
481	463	453	
455	482	472	
473	488	457	
483	485	491	
461	478	466	
462	482	461	
475	491	454	
453	457	467	
49	20	27	28	
24	20	44	28	
26	27	24	19	
9	19	18	36	
48	33	11	7	
33	47	25	7	
40	48	26	21	
0	29	23	3	
43	39	47	2	
43	16	27	23	
27	1	45	24	
40	10	13	15	
49	29	15	0	
18	9	25	38	
18	33	45	37	
27	41	13	38	
28	5	36	11	
13	32	34	42	
11	44	0	38	
25	46	35	18	
38	36	39	30	
17	7	2	27	
40	25	14	13	
22	37	47	16	
19	48	20	37	
44	26	33	29	
46	0	32	37	
18	30	8	19	
18	46	41	26	
13	36	43	2	
3	36	0	34	
29	41	49	13	
4	21	0	25	
38	9	22	37	
26	17	9	25	
13	5	29	28	
43	32	40	16	
44	33	14	20	
39	41	12	9	
44	37	30	5	
17	2	7	16	
2	40	47	4	
37	21	28	6	
6	38	49	21	
14	25	29	17	
49	8	5	38	
20	23	39	45	
32	12	1	46	
6	31	24	48	
33	23	13	22	
56	93	68	60	
97	69	60	96	
70	75	71	69	
93	54	56	67	
93	71	84	96	
98	68	93	66	
71	50	70	92	
66	93	88	94	
52	98	93	92	
68	81	74	60	
54	77	78	75	
64	71	85	79	
88	87	60	56	
63	85	60	96	
59	86	50	68	
89	85	66	70	
92	75	86	58	
55	93	69	64	
87	60	75	80	
53	83	63	65	
67	68	83	70	
74	61	51	98	
66	53	65	75	
81	64	91	75	
61	60	69	56	
80	89	50	81	
72	75	95	68	
62	85	84	60	
54	97	51	68	
90	89	56	95	
94	96	53	67	
78	85	55	59	
50	54	99	76	
96	95	73	72	
98	61	93	73	
73	68	81	89	
99	86	56	91	
82	50	77	65	
60	89	93	99	
75	88	79	71	
53	80	59	77	
89	50	61	96	
68	61	93	56	
95	59	68	93	
83	86	82	85	
79	97	66	65	
95	92	83	85	
66	52	75	68	
80	84	98	60	
52	64	82	78	
131	146	140	143	
112	133	113	140	
117	104	110	139	
118	143	145	149	
124	146	128	102	
100	102	140	117	
124	108	104	132	
102	148	114	132	
141	128	104	134	
111	124	102	145	
128	147	148	141	
111	133	147	126	
128	141	143	147	
109	118	105	102	
117	110	141	149	
109	119	132	112	
121	142	116	105	
119	131	138	104	
146	107	108	131	
139	104	102	138	
115	145	125	131	
147	146	124	133	
149	111	112	115	
126	120	115	138	
105	148	124	112	
133	113	118	132	
135	124	149	112	
146	118	126	116	
125	113	102	115	
120	132	147	124	
137	103	102	117	
149	143	131	127	
132	116	143	130	
107	114	148	128	
138	115	137	149	
119	128	137	108	
132	139	120	111	
110	147	104	117	
128	117	122	106	
132	114	116	113	
101	130	132	102	
128	106	146	127	
138	103	102	116	
131	101	106	105	
141	120	107	133	
148	106	100	127	
118	148	122	126	
106	130	100	138	
147	122	125	140	
139	147	124	100	
194	185	173	169	
170	159	173	158	
162	188	156	175	
161	172	196	166	
165	187	197	163	
196	192	173	174	
182	195	160	159	
189	184	194	199	
196	167	151	156	
182	165	183	164	
174	167	170	192	
154	166	183	164	
196	155	176	182	
168	166	198	150	
157	183	159	153	
182	159	158	192	
182	152	162	199	
196	178	160	192	
165	196	153	157	
151	183	163	197	
180	154	176	192	
160	161	170	174	
166	158	194	171	
181	179	197	168	
162	174	157	161	
181	197	180	199	
180	197	186	182	
196	184	186	162	
197	190	192	189	
165	163	175	195	
166	158	190	196	
179	169	156	159	
168	189	156	175	
186	188	163	185	
182	163	172	179	
183	187	165	156	
192	188	193	183	
195	178	155	188	
193	181	159	188	
174	155	154	179	
151	194	199	156	
174	158	163	153	
181	192	167	193	
189	199	172	164	
182	167	159	179	
166	167	161	197	
167	153	162	198	
153	195	171	173	
169	182	164	187	
171	162	187	196	
233	227	209	210	
248	226	223	247	
236	247	231	239	
221	201	247	223	
246	210	209	212	
248	246	247	233	
212	218	222	241	
243	228	220	224	
211	231	220	246	
204	242	240	220	
216	236	202	210	
245	210	232	213	
210	206	233	221	
221	216	227	241	
225	236	203	248	
203	242	216	232	
207	208	233	215	
200	215	213	248	
224	226	242	241	
241	234	230	235	
247	227	222	216	
245	205	206	248	
213	231	234	227	
203	202	218	243	
224	219	212	229	
226	227	212	249	
224	214	219	203	
232	223	212	224	
247	231	235	246	
222	244	239	233	
222	217	248	249	
214	203	229	237	
228	230	222	241	
208	230	201	217	
239	225	244	210	
219	218	249	214	
238	209	218	221	
207	224	218	240	
219	228	223	222	
243	219	224	231	
243	229	246	225	
224	233	237	215	
234	238	220	213	
224	215	227	228	
225	227	240	249	
224	230	219	226	
244	235	230	249	
204	240	245	203	
248	218	234	232	
240	242	213	211	
269	287	288	277	
272	250	267	294	
268	285	281	297	
267	257	280	285	
253	265	278	284	
260	262	296	277	
265	293	280	277	
297	260	273	256	
291	277	263	251	
283	260	285	252	
271	250	298	275	
280	260	261	259	
290	270	254	252	
253	285	265	274	
258	261	277	297	
252	280	269	268	
260	292	299	267	
273	289	291	261	
251	269	255	254	
281	296	285	298	
251	283	252	267	
283	299	273	282	
257	299	274	279	
283	272	275	299	
250	265	299	288	
253	250	274	281	
275	268	270	281	
256	250	271	283	
257	293	258	295	
293	298	257	271	
271	263	290	292	
289	280	281	299	
260	281	257	295	
275	269	274	278	
255	280	268	264	
273	261	274	269	
252	269	287	278	
250	271	280	263	
258	257	252	280	
268	282	261	283	
298	288	293	284	
253	273	299	286	
295	288	275	282	
265	251	262	253	
266	296	298	259	
275	256	299	287	
270	296	267	278	
257	295	254	256	
250	286	292	284	
255	290	258	292	
339	341	321	324	
329	303	337	318	
335	319	328	345	
312	317	300	310	
300	320	311	329	
348	331	326	310	
337	320	304	305	
307	334	317	311	
312	348	338	307	
324	332	320	342	
308	348	336	317	
328	348	321	345	
307	332	300	322	
319	307	332	303	
312	332	325	311	
343	324	321	306	
345	328	343	326	
318	326	303	319	
314	338	330	306	
328	345	306	332	
324	305	325	331	
325	334	304	345	
346	337	315	341	
347	348	338	314	
319	340	324	301	
343	313	302	307	
304	326	338	331	
311	321	329	319	
312	336	317	348	
327	320	340	343	
311	313	342	330	
327	348	312	344	
338	345	312	324	
306	330	305	334	
318	310	303	334	
339	348	322	311	
311	309	326	300	
301	347	311	302	
336	335	314	349	
340	325	321	330	
314	338	309	337	
315	344	336	346	
341	324	314	304	
341	306	343	346	
322	333	308	347	
340	318	324	300	
307	349	343	316	
318	337	309	342	
345	346	305	325	
341	317	301	307	
368	370	380	352	
351	382	373	372	
368	356	386	387	
383	370	352	369	
351	382	358	350	
371	377	395	379	
370	381	385	380	
391	386	370	351	
366	361	383	392	
382	351	371	399	
392	381	356	394	
372	375	380	381	
374	392	364	396	
361	363	366	358	
352	361	388	375	
392	399	368	385	
375	372	368	360	
370	399	380	385	
356	357	399	350	
389	372	358	366	
371	396	351	362	
382	389	352	357	
356	355	392	395	
397	367	354	379	
381	361	377	375	
353	373	352	370	
371	354	365	360	
397	386	399	370	
352	381	357	378	
397	378	398	389	
358	368	353	386	
396	353	397	372	
366	382	393	361	
388	366	365	360	
382	396	386	397	
399	368	373	369	
377	385	372	387	
358	382	396	368	
392	352	370	389	
397	382	392	370	
371	350	352	368	
370	397	352	350	
359	395	386	356	
377	369	384	375	
360	370	353	371	
390	373	385	370	
363	377	357	359	
372	385	383	360	
352	367	362	366	
397	376	377	395	
400	409	416	404	
440	405	441	412	
422	400	428	410	
424	425	408	445	
443	423	445	448	
416	430	445	425	
449	439	412	447	
429	438	430	424	
444	412	430	401	
446	404	430	426	
406	444	421	433	
432	441	403	409	
422	433	408	419	
407	402	423	408	
441	436	443	414	
443	422	436	442	
441	401	409	417	
426	441	421	437	
441	422	407	404	
413	405	445	446	
445	404	410	423	
435	447	431	421	
412	431	447	443	
437	400	419	424	
432	434	439	433	
437	429	403	428	
434	444	403	412	
406	401	434	419	
432	410	405	433	
432	409	429	430	
435	406	433	443	
440	430	433	415	
441	406	411	429	
412	445	430	409	
420	424	448	441	
404	443	401	436	
402	425	431	449	
421	440	427	409	
403	420	407	413	
431	423	439	416	
442	419	418	421	
442	427	430	443	
423	438	404	421	
438	417	444	437	
445	444	424	413	
413	436	412	435	
445	434	409	407	
407	413	440	426	
415	449	436	448	
424	408	437	420	
477	486	474	475	
472	483	455	469	
487	474	498	490	
486	466	484	459	
491	461	459	462	
466	476	499	462	
460	498	466	470	
479	492	481	474	
473	486	455	484	
459	483	495	468	
472	490	455	483	
479	486	470	459	
451	474	467	459	
485	480	498	453	
467	456	471	492	
489	492	482	457	
469	453	474	457	
454	480	494	451	
458	471	487	462	
460	470	476	484	
494	487	460	481	
451	469	481	459	
497	466	471	499	
451	479	499	457	
456	488	454	477	
476	461	480	454	
472	478	479	486	
494	473	475	484	
482	480	495	467	
454	481	457	486	
454	456	457	489	
489	471	479	481	
462	459	477	453	
456	480	462	476	
464	473	468	470	
468	466	494	478	
471	476	491	497	
483	454	460	463	
467	489	453	490	
473	465	466	484	
451	469	458	453	
463	461	491	483	
483	490	487	475	
477	466	489	468	
460	479	469	485	
478	461	465	473	
454	496	488	471	
455	454	492	479	
478	454	484	496	
491	455	469	476	
32	17	5	19	28	
5	2	49	24	3	
10	26	44	22	48	
38	31	36	28	42	
4	17	9	22	35	
10	15	22	0	25	
46	19	49	18	40	
44	42	22	8	5	
32	15	48	16	45	
12	13	32	44	4	
32	47	46	26	19	
4	46	9	12	2	
4	48	24	46	34	
3	25	44	12	16	
4	28	34	2	23	
3	0	1	32	29	
7	29	20	49	26	
28	21	35	44	1	
18	5	6	25	24	
15	26	19	44	16	
44	49	29	26	14	
21	30	32	23	9	
35	11	10	48	5	
33	26	37	27	5	
43	35	39	29	38	
45	1	8	19	12	
19	6	47	48	17	
22	27	29	10	40	
7	27	17	41	21	
35	17	11	37	43	
6	45	35	29	41	
9	15	27	4	39	
23	7	6	38	4	
36	37	41	4	46	
2	1	33	41	15	
22	3	49	18	44	
48	15	49	11	22	
13	3	2	5	6	
12	1	40	15	45	
40	46	1	37	14	
43	44	3	29	47	
13	8	23	30	11	
25	26	36	2	44	
12	2	26	33	28	
23	16	22	8	34	
24	49	23	41	44	
49	41	19	39	28	
37	30	17	10	23	
3	49	4	10	37	
37	5	47	40	7	
60	65	92	74	50	
51	87	83	66	92	
96	97	68	99	76	
80	72	74	54	51	
56	93	65	51	97	
90	50	61	87	75	
83	78	84	97	90	
66	51	87	96	86	
73	67	77	92	85	
67	83	79	64	68	
81	69	65	93	66	
62	70	57	83	76	
86	67	66	95	99	
59	74	95	86	52	
52	53	69	99	96	
84	87	63	93	85	
54	50	87	53	96	
63	78	55	92	80	
70	60	63	80	96	
81	86	55	61	89	
55	70	86	63	52	
77	55	93	91	63	
64	52	79	61	70	
82	59	55	84	65	
98	80	68	77	75	
88	65	60	89	91	
69	65	79	87	62	
97	51	67	52	79	
88	73	91	72	93	
96	59	94	87	81	
89	66	51	97	57	
50	51	65	84	80	
57	85	60	97	67	
60	83	95	75	89	
82	99	84	74	94	
62	91	76	53	64	
69	59	67	90	92	
67	95	53	75	84	
85	82	94	80	74	
87	90	56	58	80	
81	68	53	89	98	
98	76	52	53	59	
61	91	92	70	67	
74	62	94	98	79	
80	90	77	83	87	
57	94	56	85	87	
94	70	95	96	61	
74	83	98	69	93	
56	50	79	71	70	
63	57	67	59	86	
103	129	138	121	141	
146	139	109	145	126	
119	145	141	149	120	
104	105	131	119	128	
111	118	100	134	115	
136	143	104	121	114	
123	132	108	149	130	
110	125	139	115	114	
108	145	135	132	124	
140	105	144	114	130	
117	133	114	109	132	
123	148	106	130	147	
126	107	114	131	140	
107	145	133	104	103	
132	124	127	133	149	
137	143	139	123	145	
106	140	137	141	149	
148	132	102	111	100	
138	117	135	140	113	
120	145	125	114	147	
138	112	135	131	134	
126	119	141	107	146	
103	105	113	121	148	
124	127	104	112	144	
131	109	135	147	103	
104	118	137	107	140	
110	106	148	102	103	
110	149	104	120	115	
140	109	123	133	149	
113	100	122	147	126	
137	100	135	109	130	
120	118	131	125	119	
114	138	120	106	116	
145	125	102	124	143	
138	101	130	127	107	
111	119	131	107	117	
133	117	100	104	139	
104	117	143	135	121	
147	112	130	116	137	
106	139	145	142	122	
104	108	138	128	122	
144	137	106	127	130	
128	141	145	104	127	
132	114	135	145	144	
109	104	139	101	108	
148	107	104	120	109	
142	119	100	147	111	
122	129	141	101	100	
103	114	140	110	147	
126	129	125	120	135	
186	153	176	164	195	
189	185	188	191	190	
163	177	165	185	162	
157	174	177	189	196	
175	198	180	154	190	
155	164	175	171	157	
180	178	175	184	170	
162	188	187	198	177	
163	177	193	182	196	
150	192	155	152	170	
182	179	159	151	167	
181	157	166	169	188	
188	197	152	192	174	
164	156	198	150	185	
189	198	153	175	156	
195	153	173	167	164	
190	182	174	151	189	
163	166	152	185	190	
189	194	176	177	157	
164	183	184	152	186	
194	163	191	162	168	
154	170	197	151	182	
198	190	188	166	197	
171	178	190	192	176	
186	168	171	156	183	
172	188	165	156	179	
169	179	195	191	194	
159	165	184	160	191	
194	196	173	188	169	
193	166	164	177	178	
154	198	175	171	188	
179	156	172	157	170	
170	152	186	184	175	
175	196	182	198	174	
198	170	176	180	174	
189	196	158	192	182	
195	199	150	179	178	
162	194	183	168	153	
194	191	178	167	150	
180	159	184	181	186	
183	178	182	154	197	
159	150	154	183	169	
152	178	174	171	189	
176	153	196	194	160	
151	184	174	156	178	
192	158	161	160	175	
196	183	158	157	151	
150	174	175	195	160	
173	155	164	195	177	
190	165	177	192	191	
204	203	236	200	247	
233	245	246	209	203	
213	231	206	235	246	
246	220	203	235	245	
214	221	226	223	248	
205	229	204	236	212	
233	237	226	240	221	
205	218	249	228	234	
242	225	208	249	231	
212	207	231	235	201	
233	231	219	221	213	
216	229	206	208	204	
226	244	200	213	230	
224	215	212	223	248	
211	229	231	215	242	
240	230	232	249	233	
210	223	221	211	235	
202	221	209	208	204	
234	210	238	223	217	
217	243	213	236	230	
240	209	229	225	217	
223	222	204	235	224	
230	215	201	244	206	
244	227	205	223	212	
230	245	218	238	200	
227	247	205	209	242	
201	241	207	216	233	
240	212	214	220	237	
241	220	219	245	211	
227	229	228	212	243	
209	210	219	238	232	
246	224	210	248	222	
220	226	249	207	232	
237	201	206	247	244	
244	218	236	247	214	
234	243	203	207	222	
226	211	203	212	229	
222	245	241	231	233	
217	232	223	202	203	
240	220	238	226	242	
225	243	230	226	222	
242	211	216	244	239	
224	240	228	205	235	
230	228	227	218	247	
202	249	247	244	222	
201	205	246	223	232	
208	248	229	234	240	
200	229	210	226	239	
230	210	239	229	216	
231	230	239	242	237	
250	262	295	294	289	
285	254	257	277	280	
287	299	288	277	296	
255	286	294	290	270	
276	278	271	298	268	
292	256	272	253	282	
281	286	299	280	289	
282	285	299	253	293	
290	258	299	262	270	
299	273	260	264	269	
275	261	262	288	273	
267	250	253	289	257	
259	298	287	285	295	
296	266	292	286	251	
254	284	268	279	264	
267	250	276	268	290	
288	269	277	260	293	
291	271	262	259	280	
271	297	283	270	279	
259	276	269	255	256	
291	262	270	289	297	
267	266	296	292	258	
294	281	275	267	299	
267	299	278	266	286	
258	264	299	260	287	
293	290	292	298	284	
265	268	253	292	267	
294	255	266	274	258	
298	271	290	256	292	
264	296	269	278	260	
270	287	272	294	282	
280	288	255	294	258	
291	258	261	294	268	
259	255	270	274	251	
266	294	255	288	289	
278	260	264	253	280	
260	265	296	251	264	
292	278	281	280	262	
264	292	253	269	257	
260	273	276	280	254	
262	298	260	250	284	
269	270	277	289	287	
291	252	295	284	265	
284	260	269	253	291	
259	289	276	251	256	
286	263	281	250	253	
284	281	289	298	270	
293	261	270	269	296	
297	295	262	283	251	
263	267	265	271	282	
318	308	340	324	335	
300	345	318	323	321	
318	309	304	332	343	
312	339	307	332	342	
327	317	320	313	323	
332	316	315	323	306	
348	334	308	332	347	
335	339	341	326	318	
337	308	332	344	333	
341	305	340	300	337	
317	341	349	313	329	
333	301	343	304	328	
347	332	306	310	326	
320	339	318	321	337	
346	318	330	329	338	
347	306	313	309	345	
333	324	327	314	325	
316	318	327	319	322	
313	307	346	301	330	
331	335	310	323	325	
302	344	308	317	345	
335	304	320	325	312	
330	319	333	348	346	
316	308	349	336	332	
345	312	302	304	305	
315	342	301	304	307	
320	335	314	343	324	
306	304	348	305	339	
317	338	345	320	307	
337	305	304	330	346	
326	325	323	331	330	
349	321	323	348	314	
304	309	341	313	315	
303	309	307	347	335	
328	336	337	303	311	
338	328	314	348	304	
344	306	335	303	342	
337	303	346	338	347	
305	322	304	341	342	
310	306	340	305	319	
305	342	329	322	312	
317	328	309	340	307	
306	347	316	322	328	
341	321	318	319	303	
327	304	334	325	346	
311	327	339	346	334	
321	342	319	332	305	
324	338	323	318	340	
336	333	300	303	329	
339	307	303	304	313	
352	398	368	369	395	
388	367	390	351	377	
365	372	393	375	352	
390	350	373	394	371	
367	360	353	363	357	
389	398	362	372	375	
383	357	380	370	358	
383	355	367	350	384	
396	399	377	368	381	
379	374	395	380	387	
397	362	395	391	371	
390	357	380	376	369	
398	394	378	379	362	
351	390	377	397	382	
374	372	376	355	360	
390	389	355	392	384	
361	375	388	371	359	
399	397	389	357	361	
357	365	353	377	366	
355	394	388	383	375	
354	372	393	380	397	
358	378	351	371	395	
377	350	398	355	379	
383	350	387	362	391	
375	386	353	379	381	
388	354	369	389	359	
363	392	364	391	375	
391	367	382	377	366	
388	369	367	397	386	
350	377	373	387	371	
367	375	358	383	357	
351	398	390	376	396	
377	356	364	350	376	
386	384	393	375	355	
396	394	369	355	361	
356	370	390	396	374	
398	375	361	354	392	
371	362	392	399	374	
392	370	366	395	387	
371	356	392	381	383	
371	359	397	381	376	
354	398	359	362	365	
392	370	381	388	389	
357	375	396	350	360	
354	365	391	371	372	
359	377	368	370	384	
371	360	351	398	356	
376	380	373	378	366	
387	392	369	396	383	
354	394	350	356	367	
424	408	415	446	448	
423	445	428	433	404	
447	400	418	432	449	
410	414	447	405	420	
400	424	408	421	403	
425	418	417	404	422	
444	430	443	435	446	
434	440	403	428	447	
439	406	420	421	417	
417	436	411	418	426	
405	436	435	426	439	
431	414	438	427	415	
428	415	446	448	427	
442	411	417	444	440	
418	433	443	415	405	
412	410	419	436	416	
436	444	446	417	416	
425	426	429	406	403	
413	414	423	403	444	
420	439	436	428	419	
417	419	442	449	448	
401	402	419	403	432	
433	419	449	447	438	
406	449	429	420	403	
427	431	437	448	444	
440	427	426	446	419	
401	410	427	428	438	
423	406	403	411	435	
420	446	408	437	432	
419	443	403	433	418	
441	431	410	442	422	
440	448	432	415	446	
402	436	410	413	433	
406	447	419	410	435	
427	433	410	448	415	
408	439	448	400	433	
428	405	440	439	434	
413	418	416	424	431	
434	441	425	417	436	
419	416	402	434	438	
405	435	424	401	425	
439	412	420	418	417	
444	421	422	441	430	
447	433	412	420	439	
402	447	415	414	443	
435	449	410	441	402	
439	422	441	408	440	
405	436	444	425	414	
440	414	411	430	405	
420	434	444	424	407	
462	486	459	456	488	
466	465	493	488	456	
476	461	473	460	465	
480	471	493	462	490	
470	453	471	461	490	
453	478	488	474	493	
495	464	480	479	491	
471	494	466	461	465	
472	450	467	491	495	
481	461	455	479	483	
499	459	490	470	483	
473	487	498	461	457	
453	465	467	491	478	
477	468	482	494	452	
473	496	467	490	457	
454	483	478	495	482	
474	484	482	462	460	
454	459	450	452	479	
464	484	457	477	485	
494	451	457	483	456	
483	475	459	478	451	
487	488	499	470	458	
466	464	470	452	461	
474	479	499	483	457	
458	488	451	474	476	
453	467	481	473	465	
498	492	466	476	463	
459	496	460	494	470	
483	476	461	456	495	
479	453	495	474	484	
484	463	464	459	473	
459	492	490	468	499	
499	482	466	461	455	
499	491	495	489	481	
484	478	489	480	470	
476	481	479	478	458	
467	494	474	472	498	
499	470	490	454	465	
498	497	472	467	454	
493	484	492	494	460	
450	495	460	451	455	
463	466	496	480	459	
465	484	476	469	472	
482	475	476	465	471	
453	463	452	468	458	
476	499	451	474	457	
461	487	467	452	459	
474	498	478	473	476	
462	488	472	461	483	
493	454	476	471	463	
