43	48	34	
40	24	23	
7	41	37	
15	42	34	
4	38	5	
18	43	40	
38	5	31	
33	21	11	
4	3	11	
24	27	43	
8	46	18	
49	37	11	
42	9	47	
9	47	40	
36	25	14	
19	24	25	
40	32	5	
48	27	1	
4	34	22	
24	38	17	
27	20	13	
47	49	21	
18	11	35	
42	14	23	
12	29	13	
25	41	24	
27	26	20	
12	48	8	
37	32	33	
6	19	30	
7	37	13	
47	42	26	
35	20	42	
8	24	46	
20	28	0	
45	31	15	
34	18	15	
27	12	47	
10	44	39	
38	24	27	
3	15	36	
3	6	17	
36	27	40	
16	6	5	
29	47	22	
2	38	1	
34	20	35	
33	32	10	
20	43	36	
36	45	46	
52	64	77	
53	62	70	
65	88	84	
98	96	52	
91	71	72	
79	91	93	
86	98	61	
70	74	84	
79	93	56	
85	91	62	
70	78	52	
93	79	65	
89	82	81	
58	96	54	
60	89	50	
74	77	83	
92	79	70	
59	96	50	
52	91	50	
81	93	55	
75	72	50	
81	80	83	
63	54	66	
59	99	81	
79	71	72	
98	71	79	
56	85	70	
80	66	81	
76	56	87	
63	84	82	
74	70	52	
89	60	69	
55	57	76	
91	78	64	
91	84	68	
82	92	99	
86	90	52	
85	81	71	
57	61	74	
92	70	52	
82	74	53	
76	71	50	
66	84	93	
77	54	94	
75	74	67	
86	95	60	
54	88	61	
65	69	87	
50	87	96	
78	77	61	
104	123	140	
145	129	104	
126	123	106	
132	135	136	
141	119	124	
108	102	112	
148	100	109	
135	143	130	
149	101	138	
128	127	133	
136	135	100	
144	133	145	
125	107	131	
118	116	125	
112	129	119	
143	110	116	
112	108	106	
131	139	126	
117	137	133	
125	145	131	
141	108	117	
143	144	116	
131	111	120	
113	144	146	
107	108	140	
109	115	108	
140	107	125	
146	126	143	
102	126	142	
102	138	147	
122	113	140	
114	137	147	
106	110	101	
103	148	147	
127	133	138	
125	138	148	
144	127	136	
113	132	125	
128	130	100	
107	125	138	
106	125	102	
106	103	113	
133	131	132	
145	104	111	
124	132	139	
125	104	149	
137	119	112	
145	125	110	
134	132	141	
109	125	137	
163	191	186	
154	167	193	
157	195	190	
195	183	196	
164	186	155	
172	192	161	
190	155	166	
182	153	168	
163	176	169	
181	183	157	
170	157	154	
185	153	164	
162	172	177	
161	173	179	
186	174	178	
152	199	168	
163	198	184	
159	186	174	
169	163	189	
152	175	194	
153	158	187	
160	174	155	
155	159	174	
151	165	155	
164	169	154	
189	163	197	
175	150	174	
176	154	185	
159	164	196	
162	151	150	
162	166	183	
179	191	163	
156	193	155	
171	160	198	
180	194	186	
189	158	186	
193	162	188	
165	168	154	
189	158	184	
158	155	163	
198	159	186	
186	158	167	
156	177	180	
171	182	176	
190	161	191	
167	192	194	
165	150	184	
152	189	187	
177	175	161	
178	169	155	
233	206	207	
209	244	208	
208	215	233	
209	212	210	
235	242	232	
242	221	223	
203	231	223	
202	217	246	
213	228	223	
204	209	227	
238	244	240	
200	213	227	
218	222	213	
215	221	214	
229	226	219	
201	246	213	
221	227	244	
208	200	206	
228	224	209	
237	210	203	
214	202	207	
241	208	242	
232	236	225	
239	224	203	
247	229	226	
200	235	239	
245	210	214	
234	249	214	
244	242	228	
226	214	242	
208	231	211	
212	241	243	
239	238	211	
224	233	209	
240	227	213	
213	241	245	
210	244	217	
200	238	215	
241	223	237	
222	229	207	
215	218	214	
206	212	219	
235	240	220	
221	233	213	
203	200	245	
231	248	212	
222	200	206	
200	207	220	
235	249	240	
238	230	229	
259	258	275	
281	297	258	
283	294	268	
269	297	283	
254	255	265	
269	266	291	
287	254	288	
284	286	274	
290	299	276	
251	274	271	
294	293	272	
281	297	252	
280	283	260	
280	253	293	
277	255	288	
257	280	261	
258	260	282	
268	293	285	
251	275	269	
284	275	271	
257	298	250	
285	297	258	
273	258	277	
262	257	276	
274	289	255	
291	278	295	
275	269	283	
275	277	258	
289	292	295	
259	287	275	
279	277	254	
291	269	297	
271	262	293	
256	264	272	
281	250	272	
274	269	253	
261	292	285	
253	279	278	
294	296	283	
260	284	254	
251	266	294	
285	287	268	
262	272	282	
271	260	262	
261	275	298	
253	260	252	
265	261	264	
258	276	272	
273	260	295	
264	286	260	
325	349	303	
308	319	317	
313	348	307	
304	306	324	
329	331	346	
311	321	344	
321	324	314	
341	305	300	
317	336	321	
331	312	341	
325	320	306	
329	318	315	
329	315	327	
331	322	314	
319	339	317	
320	326	324	
324	322	312	
319	311	340	
312	341	316	
341	334	347	
346	315	323	
333	326	302	
333	308	315	
335	306	343	
317	337	311	
300	336	311	
332	340	301	
320	345	319	
308	304	312	
342	319	338	
342	344	336	
331	343	330	
336	327	317	
324	337	320	
342	324	319	
345	314	340	
345	335	331	
316	334	304	
340	309	318	
308	311	331	
325	322	321	
338	314	342	
344	318	349	
313	306	324	
310	341	331	
303	327	316	
315	335	347	
329	327	348	
305	323	329	
305	320	332	
373	357	394	
377	384	362	
379	383	394	
397	389	381	
395	366	371	
398	367	376	
389	360	386	
367	372	383	
381	366	363	
350	369	383	
394	387	361	
366	380	367	
378	398	384	
396	359	355	
353	397	371	
366	391	396	
387	384	380	
361	383	369	
359	367	397	
381	363	375	
393	361	389	
376	352	379	
382	374	380	
352	395	392	
375	380	352	
389	390	351	
354	398	377	
390	370	381	
386	350	356	
354	393	377	
386	399	378	
380	373	360	
388	395	387	
355	373	385	
392	397	387	
372	369	382	
373	352	354	
396	351	374	
394	356	369	
396	364	356	
351	352	393	
387	398	370	
365	375	371	
386	358	371	
392	353	370	
383	370	361	
363	395	366	
390	377	376	
389	367	351	
356	390	397	
405	441	430	
415	430	418	
428	432	429	
441	425	439	
429	413	443	
402	406	440	
403	405	444	
437	408	407	
409	433	400	
432	442	429	
400	418	435	
408	445	416	
414	440	438	
407	424	430	
437	407	409	
402	437	418	
420	425	437	
408	437	433	
422	439	417	
444	411	446	
433	444	426	
411	403	415	
436	402	408	
423	410	434	
443	435	418	
401	447	424	
406	408	442	
432	413	438	
424	409	441	
431	410	409	
425	405	403	
427	425	408	
438	444	411	
430	427	407	
419	425	426	
447	432	441	
423	432	430	
418	429	412	
449	426	409	
434	428	436	
448	417	439	
440	414	436	
435	432	428	
443	422	401	
432	446	430	
405	427	411	
403	405	402	
415	425	400	
425	419	420	
431	430	402	
456	482	493	
498	482	481	
488	471	493	
492	479	450	
495	452	476	
468	471	456	
489	450	471	
470	494	495	
479	461	489	
476	497	460	
498	464	458	
462	483	460	
466	492	455	
479	472	450	
464	458	491	
456	495	461	
480	479	459	
463	481	477	
466	479	494	
487	478	467	
457	469	491	
482	457	490	
459	460	491	
493	466	473	
480	463	484	
489	498	485	
453	473	472	
481	499	489	
473	496	450	
499	483	492	
473	464	489	
469	459	453	
495	491	459	
475	496	459	
475	453	498	
491	455	451	
463	499	486	
478	482	455	
460	459	489	
450	464	493	
492	470	494	
471	482	467	
498	451	485	
477	490	471	
468	475	459	
471	473	484	
477	498	493	
453	463	467	
464	459	498	
463	480	482	
18	49	38	15	
42	19	1	31	
0	4	47	24	
12	10	27	25	
20	48	17	13	
47	21	34	8	
48	7	16	35	
3	13	33	9	
3	40	27	1	
1	5	32	10	
31	1	26	20	
30	8	27	25	
6	5	23	41	
27	19	32	16	
38	8	47	3	
25	49	26	29	
12	35	25	47	
44	29	25	18	
20	21	10	41	
37	42	18	33	
27	15	7	38	
47	21	4	5	
37	4	49	16	
18	26	15	19	
5	45	13	32	
33	40	11	45	
4	6	25	21	
43	41	1	6	
23	5	36	0	
5	16	39	23	
4	43	46	25	
13	11	23	27	
23	9	16	46	
35	48	10	18	
18	46	43	39	
37	34	22	11	
5	28	44	41	
36	15	6	13	
30	0	32	27	
32	8	9	7	
27	6	37	19	
35	27	4	44	
28	14	4	37	
33	25	14	27	
10	31	43	46	
28	14	43	0	
1	33	37	13	
9	45	49	26	
5	43	44	15	
21	5	16	45	
71	55	97	70	
63	89	65	56	
69	96	92	64	
63	67	54	87	
91	84	93	90	
56	59	63	95	
79	53	77	67	
85	90	79	54	
90	80	54	75	
66	85	94	90	
67	56	99	75	
84	75	83	54	
99	98	96	77	
58	68	97	89	
65	59	70	86	
88	96	85	57	
95	51	60	88	
84	94	85	79	
73	86	90	94	
74	53	85	83	
78	61	84	59	
53	75	89	58	
73	94	96	72	
69	97	79	52	
61	99	92	51	
98	53	76	73	
84	99	91	88	
62	81	56	95	
80	71	92	59	
55	86	84	72	
99	90	82	58	
65	89	75	55	
83	59	53	73	
83	74	89	55	
89	73	52	78	
97	62	99	61	
52	58	57	80	
66	54	51	96	
62	88	77	79	
88	95	79	55	
71	58	69	51	
70	82	88	58	
50	82	55	98	
70	61	92	96	
95	81	76	62	
67	56	91	51	
60	77	88	68	
90	65	51	83	
57	71	53	84	
82	93	75	84	
116	135	131	101	
107	123	133	142	
108	112	100	106	
104	103	148	134	
118	102	106	100	
118	134	139	135	
103	106	134	135	
107	117	114	112	
106	148	119	110	
125	106	143	123	
147	105	139	126	
138	109	104	127	
110	141	125	124	
114	109	123	147	
108	101	113	120	
135	144	106	116	
145	119	129	108	
101	112	131	132	
104	127	142	144	
120	139	146	112	
100	111	124	141	
101	118	108	127	
126	139	145	112	
147	115	145	104	
101	139	130	129	
108	129	126	128	
138	119	135	101	
109	140	123	121	
126	110	137	120	
120	123	142	102	
139	134	142	108	
148	147	109	145	
140	138	109	132	
137	120	139	130	
121	100	104	109	
114	139	117	110	
141	103	131	125	
106	108	134	141	
123	105	104	144	
140	148	100	149	
114	145	113	134	
143	142	100	118	
126	113	110	101	
110	128	114	130	
131	114	115	141	
117	108	124	116	
100	142	147	137	
124	102	131	149	
103	113	115	102	
131	146	124	147	
163	156	183	194	
153	160	176	182	
161	168	178	179	
193	198	170	178	
185	184	187	198	
152	159	170	169	
168	195	186	169	
175	197	188	164	
169	154	160	175	
160	162	188	166	
164	179	150	181	
199	169	179	186	
155	171	169	190	
179	192	183	155	
156	191	157	161	
185	182	183	188	
159	155	193	152	
158	189	164	182	
189	153	178	180	
159	153	170	192	
151	172	168	162	
157	150	170	158	
198	162	183	192	
174	152	190	167	
158	177	164	176	
154	177	156	160	
150	199	179	162	
159	176	187	163	
195	153	192	188	
197	151	171	159	
160	158	186	195	
152	197	195	173	
164	172	161	192	
164	159	151	183	
166	168	163	197	
191	195	183	185	
186	174	163	170	
150	167	172	181	
185	166	187	188	
178	184	176	166	
179	165	185	170	
174	177	182	185	
194	163	153	160	
165	156	195	173	
183	163	192	164	
153	175	196	158	
158	163	156	187	
156	155	167	188	
169	161	159	162	
157	155	199	195	
243	215	236	218	
220	227	221	225	
208	236	220	231	
202	235	214	210	
243	210	238	224	
208	223	236	222	
215	236	223	243	
245	223	215	209	
219	212	203	235	
200	249	247	230	
215	249	225	248	
220	204	245	229	
247	214	243	245	
222	215	211	247	
249	206	227	203	
221	229	219	212	
241	219	227	224	
223	229	243	231	
206	205	208	228	
214	205	239	230	
232	212	214	239	
218	207	228	234	
248	211	247	202	
237	227	209	236	
207	244	238	228	
204	233	209	240	
227	235	214	229	
249	226	229	203	
215	235	221	245	
216	210	234	201	
217	245	221	216	
229	207	223	242	
230	244	236	247	
207	215	221	216	
217	225	214	248	
203	220	234	248	
200	208	223	237	
237	238	202	242	
225	221	249	216	
226	213	242	220	
204	211	208	242	
233	248	245	203	
242	208	244	200	
218	202	237	224	
201	228	224	212	
247	239	229	214	
226	245	238	207	
226	240	209	228	
209	203	211	242	
244	232	241	214	
289	293	271	268	
293	282	295	256	
266	274	286	299	
283	274	250	290	
251	282	259	277	
257	279	274	266	
268	254	267	260	
295	293	286	262	
262	263	272	280	
252	261	296	278	
255	290	278	281	
297	298	263	262	
299	270	281	298	
291	251	275	254	
266	255	278	291	
264	265	260	290	
270	253	257	287	
286	257	260	280	
274	290	283	251	
276	262	286	266	
256	274	290	278	
267	260	277	265	
285	295	253	283	
290	250	297	267	
276	295	253	296	
288	255	271	267	
292	268	290	286	
273	260	269	271	
257	281	269	276	
263	277	251	259	
268	266	288	277	
279	288	259	296	
250	252	295	271	
290	251	285	268	
294	258	276	271	
259	257	294	290	
296	250	290	274	
288	252	296	291	
271	255	268	299	
271	285	252	269	
294	254	268	267	
254	281	293	299	
256	290	296	285	
265	262	269	271	
277	272	271	283	
287	274	292	267	
271	294	267	269	
254	258	298	282	
277	269	257	251	
277	271	274	282	
324	321	308	332	
339	343	317	335	
342	311	321	329	
344	347	314	326	
310	348	324	307	
318	304	322	340	
348	300	323	325	
324	308	316	330	
312	345	301	318	
345	300	324	343	
338	325	303	332	
329	318	317	328	
328	319	312	306	
310	337	348	314	
345	331	309	306	
336	313	345	319	
323	330	307	345	
340	326	333	349	
348	302	335	309	
329	301	336	311	
304	334	324	317	
330	307	321	302	
343	322	334	330	
347	306	349	307	
310	325	349	327	
346	302	324	319	
328	315	317	319	
336	304	346	345	
324	302	304	309	
300	336	301	304	
310	306	335	322	
340	314	318	339	
303	346	330	341	
314	326	342	308	
338	347	334	335	
324	318	309	304	
305	327	343	307	
337	324	309	349	
344	319	321	343	
302	342	325	317	
321	314	320	311	
320	302	315	323	
337	338	349	302	
330	333	303	343	
307	348	334	342	
303	346	304	313	
314	335	324	333	
313	311	328	315	
334	329	335	300	
346	320	312	317	
393	394	387	383	
353	386	369	381	
355	391	383	368	
393	390	396	355	
366	357	358	388	
389	354	351	381	
351	395	378	365	
361	370	360	351	
368	373	389	350	
383	357	380	352	
354	356	389	388	
389	373	352	351	
357	378	384	388	
382	398	386	390	
391	355	384	352	
361	367	394	376	
395	391	364	368	
372	389	379	351	
397	379	357	396	
376	381	367	361	
389	358	361	397	
359	353	378	393	
359	385	364	377	
369	371	398	394	
380	395	392	355	
366	395	387	393	
364	365	384	379	
385	368	355	392	
365	376	379	350	
381	361	383	371	
387	352	374	372	
391	354	375	350	
371	355	372	362	
374	388	382	379	
358	351	375	387	
369	362	389	392	
376	389	382	374	
399	375	363	366	
370	359	374	398	
389	388	362	357	
369	356	392	383	
383	354	353	397	
378	382	371	372	
359	353	374	398	
371	370	397	350	
367	381	361	387	
369	398	373	363	
356	374	389	381	
358	381	364	387	
387	374	358	397	
412	433	421	429	
403	408	439	426	
441	447	445	423	
441	448	431	417	
409	448	433	429	
438	404	443	407	
409	444	417	445	
408	416	424	402	
419	408	402	444	
432	411	429	439	
405	418	412	413	
443	435	425	412	
423	405	443	438	
409	444	428	443	
437	443	427	400	
438	432	423	449	
422	412	420	410	
423	446	411	403	
431	406	424	416	
448	411	404	420	
414	405	404	408	
443	446	432	400	
418	430	401	442	
424	405	428	435	
413	433	434	410	
445	411	440	422	
425	440	447	426	
439	418	426	448	
442	439	444	426	
434	423	427	449	
406	423	412	404	
413	431	425	402	
415	432	436	400	
410	402	417	422	
401	431	413	412	
401	448	439	447	
430	440	410	432	
416	420	405	444	
404	432	438	430	
405	433	408	442	
447	425	421	436	
404	448	429	412	
436	440	407	429	
433	416	401	403	
404	444	426	449	
406	443	402	407	
427	439	401	422	
418	438	415	434	
406	435	427	423	
408	403	448	428	
491	488	461	477	
490	472	459	488	
463	490	466	480	
471	479	461	499	
486	468	498	451	
481	496	472	479	
488	477	485	454	
460	495	473	470	
452	458	499	493	
467	472	466	485	
496	468	469	478	
466	465	452	459	
497	473	450	452	
482	480	454	488	
498	460	486	494	
479	485	457	472	
472	498	452	481	
452	455	458	485	
478	498	455	454	
466	479	468	451	
492	477	455	472	
488	461	494	492	
465	461	472	464	
494	481	469	482	
475	451	471	494	
496	469	458	481	
499	479	474	487	
454	463	467	480	
467	462	459	499	
452	479	455	458	
469	481	452	460	
498	474	480	486	
464	496	481	494	
450	457	480	478	
470	482	466	477	
457	470	461	495	
468	454	489	459	
479	461	458	489	
483	498	479	482	
497	481	494	499	
456	477	472	464	
484	451	497	498	
467	470	453	450	
483	464	495	463	
462	494	460	492	
491	451	484	455	
480	483	485	457	
466	491	456	470	
472	457	480	468	
476	461	480	454	
32	41	47	38	21	
21	28	41	40	36	
24	48	39	44	22	
9	4	37	1	34	
25	23	8	24	18	
10	4	15	49	48	
35	46	22	8	48	
45	15	2	10	43	
31	23	40	37	9	
31	35	34	20	9	
38	21	42	25	5	
35	38	9	27	26	
16	0	40	12	5	
22	8	33	35	18	
41	3	29	15	40	
15	3	37	0	16	
0	6	4	48	37	
6	45	38	0	31	
40	16	49	12	26	
47	1	37	41	44	
6	26	41	49	7	
47	44	26	20	41	
23	17	1	46	26	
27	20	12	19	26	
11	0	14	42	21	
37	25	5	15	28	
5	40	10	22	37	
3	19	0	10	4	
27	42	20	47	12	
48	49	37	12	28	
44	7	15	34	48	
10	7	2	26	13	
39	33	11	45	31	
37	15	28	41	14	
32	36	42	40	18	
32	17	37	43	33	
46	47	30	41	33	
31	15	24	10	9	
47	1	15	48	22	
10	49	13	24	3	
19	42	47	2	8	
21	14	26	40	24	
18	26	40	21	13	
22	23	5	12	2	
31	43	8	10	25	
19	24	37	12	18	
39	21	33	46	49	
12	6	25	7	46	
20	16	0	48	42	
34	0	19	15	16	
50	81	82	70	60	
70	92	99	55	67	
88	78	97	77	76	
66	81	96	68	55	
72	84	75	98	56	
72	71	94	97	70	
76	87	50	81	98	
79	54	74	63	95	
95	60	71	82	76	
62	95	97	64	59	
89	66	80	60	50	
83	88	66	82	67	
98	60	83	68	95	
59	83	99	93	86	
52	61	93	86	96	
66	80	84	71	58	
70	86	61	94	82	
87	91	93	61	84	
99	73	69	84	81	
74	72	77	58	88	
66	71	77	85	53	
93	52	89	64	81	
60	62	78	85	51	
83	81	85	78	63	
89	83	52	91	76	
82	60	70	56	76	
63	67	68	61	72	
84	83	79	58	99	
58	69	72	93	83	
91	87	90	66	57	
95	99	65	57	78	
86	70	98	74	68	
82	67	99	58	63	
61	92	55	96	84	
63	75	59	53	81	
66	98	57	63	76	
53	77	81	75	70	
87	81	50	74	85	
92	74	57	91	98	
92	64	51	61	96	
55	83	78	88	93	
57	59	90	67	63	
69	92	54	68	61	
74	58	97	76	56	
68	84	81	54	74	
50	76	86	60	56	
60	54	73	82	96	
96	94	65	84	53	
57	71	52	74	72	
74	87	68	51	71	
110	144	137	145	133	
109	127	115	100	121	
105	139	123	142	127	
133	140	145	118	139	
120	132	107	106	134	
140	124	126	106	145	
127	134	130	111	131	
119	137	109	128	124	
119	146	136	103	106	
106	112	109	121	119	
143	138	109	107	137	
146	131	116	148	133	
113	136	149	105	116	
100	108	129	138	134	
143	125	122	119	142	
132	149	110	139	118	
140	147	103	143	110	
113	147	119	145	111	
128	103	149	136	121	
122	100	112	142	143	
107	133	113	120	140	
109	124	130	104	140	
149	129	104	132	128	
111	131	124	143	144	
112	118	121	141	122	
115	116	113	119	133	
139	136	128	149	146	
118	132	111	104	130	
103	142	105	129	134	
149	142	135	137	116	
102	144	136	127	121	
125	134	102	126	101	
134	107	109	132	100	
142	143	140	133	139	
140	146	110	104	135	
131	119	126	133	137	
149	142	104	122	144	
118	130	117	106	148	
113	138	140	108	148	
120	121	111	105	119	
114	128	115	144	136	
133	115	108	124	119	
148	104	106	144	135	
138	122	102	112	140	
110	137	139	128	134	
109	148	143	116	147	
143	110	148	102	123	
133	130	147	112	145	
133	103	137	104	130	
117	143	121	125	120	
199	196	187	165	179	
185	182	178	150	154	
155	150	161	193	173	
180	168	185	178	173	
150	194	166	185	184	
177	156	189	191	179	
198	175	158	173	180	
165	174	198	162	157	
154	167	184	173	180	
185	157	154	155	160	
159	197	160	192	163	
180	159	152	160	172	
150	169	174	157	197	
177	183	154	197	190	
179	157	198	188	194	
198	157	193	168	160	
174	182	190	184	199	
178	193	164	168	197	
170	180	159	168	164	
199	178	160	168	158	
162	152	177	160	194	
162	179	175	188	160	
189	183	160	193	151	
193	176	187	191	195	
154	169	156	171	167	
163	156	162	185	196	
162	150	160	159	168	
176	191	163	190	199	
164	150	189	195	158	
188	166	194	159	163	
180	168	178	179	177	
173	193	198	191	158	
168	155	165	162	158	
160	154	171	156	157	
158	176	177	172	194	
150	159	162	189	177	
178	176	161	169	156	
180	178	195	163	196	
184	188	160	159	177	
169	183	184	151	187	
156	177	189	176	181	
159	166	156	198	169	
165	160	171	181	174	
182	155	184	181	198	
173	152	169	180	199	
176	199	162	151	184	
151	174	195	185	172	
176	159	160	190	170	
186	160	196	169	182	
170	173	157	158	183	
211	244	217	203	231	
225	222	236	223	227	
235	223	249	241	211	
229	206	242	235	202	
237	214	216	226	230	
209	234	208	236	215	
222	213	210	238	203	
222	218	236	247	200	
234	249	239	220	242	
204	205	229	247	203	
232	225	233	242	217	
247	222	249	223	203	
210	208	211	222	201	
202	225	224	235	245	
230	208	242	241	226	
214	229	243	208	203	
238	221	213	241	211	
221	205	236	208	240	
248	211	242	201	238	
230	221	228	203	208	
204	214	222	212	221	
215	244	222	224	202	
201	243	216	235	222	
237	222	214	242	232	
235	249	224	216	238	
213	211	246	229	249	
242	211	246	215	233	
234	231	218	206	239	
215	241	242	237	216	
213	230	207	249	220	
224	222	248	223	221	
211	205	236	201	230	
213	202	218	206	230	
201	223	236	206	240	
249	234	222	209	226	
227	219	222	230	243	
246	218	205	230	234	
243	233	241	218	230	
231	211	227	232	225	
205	215	239	247	201	
224	231	216	242	225	
215	218	244	221	216	
239	235	242	205	230	
226	241	209	238	231	
234	229	246	220	242	
201	235	222	243	237	
247	217	235	210	239	
222	225	237	205	200	
208	242	236	221	223	
239	228	240	233	202	
281	262	256	264	293	
291	257	276	280	286	
274	292	257	277	263	
250	277	263	282	265	
292	263	265	264	259	
280	250	285	262	276	
252	259	279	286	272	
253	297	260	267	250	
284	271	292	293	278	
288	259	283	260	273	
283	253	281	258	257	
279	251	258	294	262	
283	276	252	258	293	
252	259	296	278	295	
265	292	283	258	255	
270	264	258	252	286	
250	277	293	274	282	
254	292	283	297	280	
290	272	287	283	282	
281	266	292	287	269	
282	297	252	286	266	
260	256	271	277	255	
267	275	292	256	253	
253	270	278	264	294	
252	268	262	271	295	
250	285	265	286	290	
273	293	284	283	260	
292	296	258	253	282	
299	259	292	270	291	
290	282	273	258	287	
269	253	284	276	250	
288	262	258	277	271	
285	258	282	251	275	
287	299	261	290	258	
263	275	278	292	281	
281	291	277	283	298	
297	298	283	290	293	
288	283	294	273	275	
266	296	294	283	256	
261	290	282	270	295	
275	284	265	286	273	
263	262	272	261	299	
267	298	253	288	266	
252	262	289	297	268	
258	294	270	291	253	
268	267	293	272	299	
295	263	254	289	293	
296	298	260	269	292	
255	299	286	277	263	
277	262	293	284	280	
336	345	344	337	333	
314	321	331	320	332	
334	305	340	307	316	
316	313	307	326	349	
348	345	328	306	300	
316	342	334	348	347	
303	328	318	305	315	
312	300	326	306	329	
310	312	328	324	335	
313	337	345	332	305	
331	338	349	339	341	
316	325	310	338	327	
330	324	307	328	303	
317	304	336	329	307	
347	345	308	310	328	
328	315	339	310	313	
340	326	328	320	303	
331	333	300	305	310	
307	343	335	349	302	
306	312	334	331	325	
323	342	314	335	334	
316	300	305	318	340	
326	333	342	315	303	
340	337	321	314	306	
332	314	316	310	326	
349	336	311	302	323	
314	313	308	333	348	
348	315	319	308	316	
346	321	327	303	326	
331	313	325	349	342	
306	300	333	325	345	
318	324	339	328	306	
302	329	344	339	338	
304	349	308	318	329	
327	305	316	342	311	
323	328	331	322	347	
338	307	311	332	331	
315	338	318	339	330	
328	344	324	340	333	
341	319	306	327	322	
300	331	332	307	320	
323	301	342	321	306	
318	323	349	338	327	
343	327	348	306	309	
316	333	313	339	332	
317	311	328	312	336	
338	310	328	346	321	
330	303	320	349	331	
336	315	335	303	327	
306	317	311	324	315	
381	361	378	366	367	
387	380	356	390	383	
381	355	391	367	370	
388	382	360	391	364	
359	351	384	368	370	
352	371	377	357	362	
351	363	390	383	392	
352	378	373	358	395	
388	382	351	372	381	
358	393	385	374	370	
396	367	375	366	377	
393	367	378	364	390	
386	356	366	378	368	
391	358	384	388	396	
365	355	397	381	350	
372	398	396	359	377	
389	396	385	367	398	
385	376	382	354	360	
383	371	355	375	363	
361	399	391	366	352	
371	388	352	373	396	
394	360	371	397	388	
384	385	379	355	356	
375	395	358	377	384	
364	394	361	382	392	
357	392	363	368	371	
358	366	362	379	390	
355	383	375	377	386	
384	361	397	353	363	
377	356	379	383	365	
375	354	377	387	355	
388	398	368	353	367	
359	386	389	392	385	
398	387	365	361	378	
382	356	386	364	398	
378	372	380	350	390	
399	351	360	359	352	
373	396	381	380	360	
364	392	398	390	351	
371	390	351	396	379	
367	379	352	387	384	
357	399	393	354	360	
385	353	355	393	363	
393	377	370	395	378	
393	395	380	392	396	
395	356	357	375	361	
394	385	392	374	399	
361	367	357	396	372	
381	356	378	372	354	
377	360	350	351	387	
422	445	424	435	411	
423	402	425	444	438	
422	432	431	428	400	
426	408	403	441	413	
433	440	438	445	442	
417	410	408	441	435	
404	430	448	427	440	
411	412	418	402	419	
428	419	414	421	412	
432	436	448	415	427	
433	419	442	404	423	
448	435	432	437	429	
419	408	404	439	438	
447	446	434	445	449	
439	431	405	430	422	
446	430	443	420	438	
406	414	443	431	444	
412	441	448	410	400	
414	411	405	409	421	
401	418	406	424	419	
426	432	412	448	406	
434	408	440	405	445	
438	412	431	411	413	
417	406	401	407	437	
423	438	443	427	446	
401	424	431	406	434	
417	440	409	436	449	
431	415	419	445	427	
403	405	410	443	423	
418	443	446	416	438	
425	447	433	428	427	
439	438	427	407	414	
409	428	441	403	402	
425	434	417	444	426	
444	406	405	403	448	
428	409	422	447	420	
433	416	437	435	438	
449	439	420	415	416	
406	428	421	426	420	
423	429	414	437	422	
439	406	420	405	422	
413	401	433	409	428	
441	420	439	409	405	
406	423	425	442	434	
409	443	428	417	442	
409	423	444	441	416	
426	423	411	420	448	
410	411	400	403	442	
415	438	443	423	409	
427	436	428	435	421	
452	477	496	472	480	
452	482	492	479	453	
495	487	482	499	462	
469	487	479	495	463	
481	473	455	494	453	
470	462	456	498	466	
496	480	468	484	462	
473	458	484	468	466	
469	478	468	456	476	
486	493	476	459	484	
480	479	474	496	460	
486	468	499	485	453	
488	490	487	461	451	
466	470	476	495	489	
484	498	464	471	468	
450	494	465	485	486	
467	493	485	472	461	
475	483	468	486	455	
470	461	488	455	462	
457	453	476	469	459	
461	495	462	457	458	
451	495	483	472	450	
490	454	474	480	463	
455	482	479	474	489	
478	485	457	482	474	
480	454	487	497	461	
450	466	468	456	457	
467	465	460	488	497	
461	455	459	491	452	
479	483	459	492	490	
459	464	473	480	454	
471	464	485	498	496	
499	491	495	496	476	
496	473	480	459	467	
461	452	464	496	477	
457	471	469	493	478	
497	468	475	469	486	
495	490	498	478	479	
498	492	452	471	487	
477	467	481	494	451	
490	487	493	497	486	
480	460	487	458	477	
486	464	479	474	499	
499	477	463	476	494	
496	491	464	452	480	
470	484	486	490	466	
480	483	494	452	462	
492	498	470	460	456	
494	487	497	453	484	
479	471	491	457	480	
337	179	315	438	90	220	
389	382	467	286	447	404	
182	479	306	240	283	495	
310	229	76	55	184	103	
441	371	37	175	97	484	
19	407	438	390	160	228	
368	490	40	454	377	239	
443	388	140	13	290	15	
454	405	322	265	196	306	
233	427	463	217	422	41	
492	140	41	53	227	76	
233	205	213	172	203	376	
347	397	286	217	207	257	
294	229	286	210	382	103	
175	160	93	359	63	408	
247	404	126	316	330	393	
336	369	324	302	2	92	
121	457	456	241	40	412	
10	495	312	351	469	324	
74	423	199	264	418	301	
126	259	457	115	402	127	
410	117	486	68	474	225	
254	321	53	83	449	250	
35	126	279	66	259	4	
451	181	14	392	347	120	
365	148	263	234	328	240	
144	80	449	209	380	265	
262	178	421	115	218	391	
432	264	488	478	41	479	
46	163	191	371	204	454	
316	16	465	352	193	20	
408	499	156	83	355	202	
91	224	217	165	362	9	
52	27	440	499	137	429	
326	102	192	138	296	366	
224	38	448	122	204	443	
186	228	386	21	393	76	
264	23	323	453	28	332	
40	445	285	172	305	137	
364	454	217	423	258	170	
291	183	435	388	292	212	
335	140	159	258	330	341	
143	279	75	23	125	45	
30	480	236	290	295	98	
111	460	351	407	35	16	
298	381	166	498	57	92	
104	337	471	385	411	249	
404	163	265	37	428	293	
226	411	4	251	459	358	
244	269	397	415	440	205	
25	50	167	223	489	318	
383	84	365	489	56	317	
179	117	232	81	137	181	
379	5	174	230	104	320	
88	376	42	94	460	182	
86	261	279	454	227	351	
337	190	447	239	180	243	
380	225	215	135	319	311	
55	110	127	399	307	437	
271	402	273	282	34	440	
256	204	300	193	319	258	
353	347	232	248	243	206	
403	88	233	312	419	219	
76	200	215	324	418	438	
332	375	414	305	210	475	
357	150	67	452	426	446	
269	155	414	362	383	360	
498	367	225	444	116	46	
206	372	220	488	359	59	
121	138	401	73	237	347	
357	213	263	89	82	208	
342	186	160	343	396	385	
265	213	151	197	474	96	
179	203	499	122	259	429	
258	349	16	284	444	459	
181	67	193	59	402	156	
437	58	245	408	140	417	
470	139	326	441	430	167	
315	421	483	3	13	49	
260	274	423	86	76	144	
283	194	175	298	169	265	
363	211	130	385	315	281	
404	420	490	363	284	481	
69	438	66	470	145	11	
264	248	313	102	73	416	
411	367	343	105	270	493	
392	433	440	54	258	423	
157	52	353	361	143	481	
325	319	374	168	273	80	
368	381	66	303	256	446	
412	114	203	418	109	414	
255	280	478	472	97	69	
204	438	252	188	30	305	
379	185	447	361	93	145	
386	51	251	473	383	173	
280	367	73	377	133	363	
463	495	302	279	322	400	
194	340	196	342	94	22	
319	283	337	235	260	152	
195	420	124	119	18	46	
240	418	247	128	179	163	298	
57	121	402	434	268	372	387	
253	176	58	337	27	161	85	
8	189	319	161	30	368	37	
311	350	296	169	267	94	98	
387	474	435	28	272	342	427	
296	11	466	253	409	272	164	
167	424	5	142	419	285	151	
176	428	497	325	3	444	415	
125	318	352	319	225	360	246	
351	376	119	108	82	181	62	
128	149	436	265	464	445	90	
66	82	455	439	344	151	370	
125	239	387	494	184	358	95	
238	308	192	322	126	116	81	
257	376	267	66	52	235	364	
374	278	415	235	21	419	3	
279	299	53	494	386	466	177	
81	226	400	158	21	447	389	
287	116	270	329	51	94	448	
230	360	288	26	164	74	123	
361	255	152	419	225	294	427	
497	68	132	499	267	261	50	
121	107	451	213	258	173	393	
51	449	20	264	183	167	289	
42	147	311	370	102	332	191	
391	424	428	162	310	180	67	
465	92	161	269	230	199	318	
457	380	185	478	49	178	44	
126	221	87	162	351	161	469	
354	243	101	348	383	204	296	
107	32	252	442	101	289	496	
463	416	255	25	226	136	163	
13	431	138	350	144	439	487	
231	272	296	309	443	137	369	
169	324	100	13	486	21	218	
345	325	169	144	472	143	466	
389	452	302	414	274	357	342	
50	376	262	372	79	396	63	
57	245	313	340	27	282	144	
264	439	433	35	92	207	89	
57	37	140	410	178	14	130	
473	409	114	340	224	15	444	
17	331	197	308	281	224	383	
105	477	35	74	244	202	95	
396	208	366	449	454	279	438	
206	311	358	374	234	80	191	
62	296	232	164	398	478	51	
442	392	145	212	184	141	483	
16	94	115	237	37	58	86	
440	208	94	69	210	184	22	
331	449	382	249	202	450	376	
457	406	107	208	488	188	489	
104	12	7	127	260	376	410	
148	415	251	340	233	181	121	
369	476	385	304	413	245	20	
288	122	461	280	15	67	214	
460	427	240	203	154	176	478	
457	366	337	141	201	357	46	
278	120	314	158	220	118	51	
139	316	161	312	254	401	127	
228	33	101	329	77	127	320	
22	374	42	335	183	379	376	
102	113	140	165	377	177	144	
269	254	377	386	382	84	470	
309	109	145	210	131	499	67	
44	485	251	214	66	352	271	
185	135	326	364	329	231	289	
329	300	158	379	409	145	222	
316	178	37	494	127	57	308	
240	148	396	189	452	335	203	
174	117	475	94	31	446	190	
474	489	151	83	239	24	305	
457	405	295	269	56	399	198	
185	406	167	493	414	40	390	
276	346	113	257	330	334	361	
40	16	358	134	305	298	332	
143	294	356	477	414	243	138	
196	253	359	233	50	323	66	
302	111	48	380	287	327	168	
5	248	10	202	266	494	225	
411	427	352	472	196	97	5	
325	232	433	36	181	227	166	
173	94	136	222	477	83	80	
402	192	162	165	43	111	156	
367	243	395	144	239	437	128	
465	474	342	320	344	28	221	
357	14	306	39	88	407	302	
133	126	163	464	409	488	369	
68	482	455	228	65	42	454	
323	486	158	38	99	276	139	
374	291	453	403	78	60	255	
198	434	127	158	469	216	397	
316	166	310	361	267	337	342	
178	255	176	482	16	80	182	
398	116	35	337	231	395	11	
266	196	48	261	98	314	141	
421	127	463	209	495	265	117	
362	467	402	424	259	419	338	
214	187	378	98	457	334	52	
478	251	59	405	221	433	83	247	
111	7	490	412	413	288	0	140	
230	147	338	16	232	439	429	292	
108	314	216	369	180	250	368	462	
107	301	473	399	428	485	164	439	
377	15	263	312	42	373	101	133	
31	248	7	493	184	43	46	263	
61	415	168	118	191	234	465	362	
217	442	69	433	180	263	260	349	
72	371	203	144	94	86	498	491	
410	208	129	113	71	206	372	288	
47	250	493	5	81	128	463	233	
269	292	236	133	41	181	170	34	
109	104	154	296	264	466	404	88	
266	499	407	440	192	363	165	491	
358	10	243	53	161	308	123	337	
126	391	95	187	324	334	291	327	
333	86	156	17	61	138	153	489	
474	172	479	469	25	402	188	458	
488	348	202	21	248	310	320	339	
492	483	297	457	400	417	29	123	
482	416	236	147	93	42	286	388	
359	197	325	251	42	241	18	106	
220	129	233	154	241	359	222	242	
453	380	496	216	125	34	106	164	
427	213	102	266	71	252	386	254	
365	291	362	113	115	464	256	102	
387	30	413	320	66	369	346	380	
129	160	455	277	408	168	359	401	
486	77	272	119	207	111	259	124	
72	369	187	488	176	93	158	250	
209	257	160	346	185	213	336	385	
173	166	392	499	161	52	485	411	
482	72	189	14	61	9	75	201	
5	490	446	98	323	402	174	335	
199	122	89	291	347	19	91	372	
314	425	143	283	107	259	44	8	
467	241	376	346	145	311	188	363	
416	10	333	379	25	119	99	499	
138	93	376	369	444	360	478	171	
326	256	96	370	405	120	218	470	
337	409	497	480	405	395	163	121	
400	120	87	160	153	310	306	235	
482	266	205	338	311	292	109	98	
113	111	303	104	109	71	253	219	
44	170	262	263	471	147	95	210	
468	141	210	342	4	235	56	422	
423	120	213	92	249	326	379	11	
321	15	297	86	306	17	393	21	
309	482	175	497	129	99	353	131	
496	121	168	94	461	78	472	219	
345	133	170	338	20	359	45	18	
29	396	123	32	403	381	439	343	
407	353	227	203	398	103	98	147	
3	220	398	179	157	133	467	425	
464	213	445	165	163	402	14	442	
413	455	129	31	110	14	292	427	
347	151	197	445	482	497	199	317	
275	446	41	110	482	225	256	202	
477	201	342	23	368	149	436	394	
37	173	205	423	57	153	163	9	
17	383	453	188	215	102	99	40	
301	258	364	255	111	367	141	45	
315	474	247	298	99	397	288	353	
30	10	21	390	81	54	106	251	
393	127	466	485	57	8	258	286	
266	104	476	133	307	246	183	262	
193	36	145	103	336	173	324	426	
143	493	488	4	266	254	170	484	
132	340	262	233	7	73	423	436	
404	385	203	253	157	108	43	5	
217	119	118	429	376	410	89	168	
154	103	172	251	391	375	106	424	
134	186	170	83	93	119	197	268	
180	413	373	62	493	370	57	221	
228	246	139	291	84	447	299	417	
217	120	257	59	495	140	64	47	
219	285	417	221	467	450	456	216	
140	304	429	237	350	144	218	367	
385	224	428	161	124	355	455	387	
376	282	97	126	11	470	280	26	
106	137	104	212	20	26	7	110	
104	442	7	144	302	36	439	109	
491	24	288	34	456	349	71	396	
423	58	18	95	153	194	389	401	
433	124	364	275	188	276	444	260	
366	452	476	146	345	316	137	188	
137	304	203	484	360	40	461	108	
497	46	155	331	311	12	195	307	
265	31	37	112	438	418	306	20	
263	410	151	455	68	74	447	257	
154	440	293	395	400	343	478	265	
0	403	328	118	467	277	460	192	
269	17	242	218	490	470	75	350	
241	214	263	7	486	89	237	455	
276	267	253	232	490	254	9	90	
428	445	361	212	441	252	165	339	
488	102	344	461	328	219	348	266	
34	163	362	182	150	290	50	329	
20	92	361	341	411	397	44	369	
