29	15	23	
49	16	32	
7	10	18	
10	5	20	
8	43	16	
21	6	40	
2	40	9	
31	43	3	
34	28	46	
19	10	9	
1	29	47	
11	16	28	
37	43	21	
46	7	10	
24	47	32	
37	28	2	
43	25	11	
4	37	44	
20	43	38	
43	27	12	
9	41	6	
14	11	48	
35	21	45	
48	20	24	
26	21	15	
40	37	15	
24	35	25	
8	43	12	
8	19	26	
12	17	30	
11	33	23	
9	23	28	
23	28	14	
21	19	40	
16	0	27	
20	39	14	
4	35	10	
46	40	36	
3	40	21	
25	49	2	
25	37	36	
18	10	22	
19	44	27	
30	38	45	
7	42	24	
41	19	14	
9	32	23	
23	47	46	
46	9	49	
5	44	11	
94	77	63	
92	60	62	
87	91	52	
75	51	85	
69	88	82	
94	79	97	
71	91	55	
90	53	63	
51	77	67	
60	87	86	
89	91	96	
57	64	85	
90	93	63	
99	87	69	
92	85	82	
81	53	89	
89	66	79	
78	72	61	
94	74	85	
81	62	71	
88	54	79	
63	84	65	
66	80	52	
73	95	71	
78	90	81	
89	99	64	
53	67	62	
83	85	70	
95	63	90	
70	54	87	
56	76	93	
73	89	75	
60	96	51	
53	87	82	
64	90	99	
65	84	74	
92	80	71	
95	80	76	
57	65	62	
54	51	50	
69	78	89	
54	85	83	
73	59	69	
67	68	64	
99	64	60	
73	99	91	
53	69	75	
59	97	88	
87	82	72	
58	54	73	
109	123	146	
127	134	100	
133	145	120	
140	141	131	
105	100	106	
142	100	106	
122	138	129	
107	126	133	
126	113	104	
130	110	131	
149	138	140	
102	122	113	
103	126	117	
139	144	117	
139	129	109	
105	134	110	
130	115	111	
112	120	103	
139	140	123	
142	117	122	
100	103	111	
147	136	142	
148	110	108	
126	109	132	
124	111	144	
149	113	134	
130	121	118	
136	110	143	
103	120	149	
105	128	140	
124	138	132	
106	147	114	
112	102	111	
134	132	148	
124	144	113	
138	121	105	
100	127	125	
117	111	119	
138	107	109	
147	121	115	
117	122	133	
110	118	144	
124	119	128	
128	139	104	
146	119	136	
120	109	110	
144	107	103	
108	143	126	
136	100	125	
137	121	130	
188	182	195	
173	168	189	
169	151	162	
187	197	163	
196	175	162	
157	172	180	
184	174	175	
164	152	166	
152	171	161	
157	171	153	
156	166	177	
189	166	178	
157	150	166	
159	173	199	
176	171	177	
170	163	161	
189	150	184	
197	159	196	
168	169	182	
182	186	196	
170	161	172	
153	192	171	
190	168	154	
188	176	172	
155	193	151	
173	197	180	
174	175	199	
170	172	178	
150	193	182	
178	196	165	
177	163	164	
192	197	155	
173	156	190	
167	196	159	
180	165	177	
190	156	155	
153	198	163	
194	192	166	
175	155	177	
160	189	187	
169	150	190	
182	166	170	
157	153	163	
198	150	164	
168	175	183	
186	155	160	
159	183	179	
151	167	181	
172	179	183	
165	176	169	
208	243	240	
226	227	229	
233	241	209	
235	211	227	
249	226	223	
233	220	215	
208	235	220	
230	229	208	
241	228	234	
249	246	224	
230	247	203	
231	222	205	
210	248	205	
224	223	201	
235	218	231	
204	214	242	
224	216	202	
249	204	217	
233	222	210	
233	238	234	
241	235	221	
217	213	221	
234	241	215	
218	248	217	
200	243	216	
246	214	215	
222	238	248	
201	226	246	
235	247	221	
206	202	201	
200	234	221	
239	227	219	
233	214	223	
215	219	238	
222	224	212	
230	206	231	
233	225	221	
243	239	237	
209	225	213	
245	244	223	
233	238	206	
228	226	220	
232	208	241	
214	210	213	
208	233	218	
229	224	235	
215	203	216	
228	243	202	
236	230	239	
230	212	204	
272	263	279	
294	289	264	
251	281	258	
291	292	285	
299	271	258	
269	261	277	
296	299	260	
267	276	277	
258	278	295	
254	281	290	
282	263	278	
278	283	272	
252	274	288	
267	281	279	
275	295	290	
280	293	266	
269	277	298	
258	267	275	
290	296	254	
266	269	267	
270	287	293	
264	281	266	
251	268	272	
269	278	283	
282	297	296	
295	298	296	
291	250	297	
282	260	281	
289	286	268	
280	262	285	
267	263	284	
297	280	285	
292	271	252	
254	295	252	
282	278	276	
295	258	285	
252	273	266	
284	289	292	
288	254	293	
253	251	295	
287	292	279	
276	252	274	
273	278	261	
272	268	251	
273	250	274	
260	296	287	
271	263	296	
289	297	256	
281	253	272	
287	260	299	
319	336	320	
333	347	327	
333	317	311	
331	347	303	
345	347	303	
307	322	308	
339	328	302	
315	306	302	
308	307	332	
320	347	308	
314	343	346	
320	331	345	
336	346	333	
305	311	345	
334	349	346	
348	317	337	
300	311	304	
317	328	325	
300	301	313	
324	314	344	
331	313	340	
326	307	343	
304	325	306	
333	336	319	
349	323	348	
323	343	347	
331	348	335	
313	302	312	
302	315	343	
314	305	308	
309	300	308	
329	313	341	
314	345	338	
348	308	340	
341	347	338	
318	311	307	
316	315	306	
322	300	332	
338	308	347	
317	303	349	
334	340	301	
309	340	323	
307	321	332	
304	319	331	
303	317	324	
325	303	324	
309	312	326	
307	332	322	
328	310	324	
320	332	327	
397	364	373	
394	389	354	
380	359	386	
350	391	396	
358	376	364	
389	375	360	
364	387	389	
363	369	366	
389	388	375	
364	357	360	
352	380	358	
351	368	353	
380	373	397	
363	368	379	
397	398	384	
387	361	398	
376	395	371	
388	392	368	
388	370	371	
350	367	398	
382	368	350	
357	350	389	
394	364	355	
399	386	372	
395	392	391	
374	387	386	
390	350	363	
397	370	357	
394	392	381	
358	350	369	
384	369	356	
394	385	354	
358	360	350	
360	375	395	
376	373	387	
392	370	385	
381	358	385	
397	388	363	
350	355	386	
374	394	359	
381	388	389	
376	394	359	
369	398	359	
389	363	356	
391	392	370	
394	352	353	
396	378	394	
393	359	399	
375	399	368	
398	369	354	
440	411	403	
413	414	405	
442	406	447	
407	423	400	
439	440	418	
411	414	415	
418	430	404	
414	440	449	
424	440	406	
432	412	430	
401	405	408	
409	443	432	
430	421	432	
423	439	412	
425	429	418	
411	405	406	
448	446	445	
413	428	415	
406	417	429	
405	411	402	
407	404	428	
431	408	432	
448	445	426	
428	438	439	
438	436	443	
424	430	404	
430	401	424	
422	426	448	
403	400	417	
426	422	411	
430	425	418	
446	434	422	
443	431	425	
417	446	425	
442	406	448	
420	445	402	
436	437	413	
410	415	435	
406	400	419	
404	449	426	
448	414	437	
435	427	403	
404	448	444	
438	416	444	
435	401	413	
406	435	412	
421	438	413	
433	413	405	
411	435	444	
408	435	413	
488	492	463	
492	470	497	
451	450	463	
451	487	461	
455	453	476	
484	488	464	
457	475	494	
496	457	477	
463	462	472	
480	495	474	
470	494	466	
498	475	472	
450	473	490	
471	487	457	
483	470	474	
497	482	495	
491	487	483	
494	496	450	
462	494	498	
480	450	493	
483	498	470	
454	457	466	
495	456	488	
493	482	470	
481	459	460	
495	454	483	
456	469	478	
488	480	457	
450	458	496	
493	484	485	
457	476	491	
451	487	491	
472	483	478	
499	495	489	
451	480	496	
468	472	455	
454	484	457	
489	451	461	
499	461	451	
475	463	457	
464	457	492	
465	490	450	
481	480	465	
451	455	463	
460	452	453	
468	465	484	
484	476	474	
489	461	482	
485	457	469	
487	450	474	
10	33	14	9	
18	46	47	2	
6	7	36	41	
35	15	32	9	
26	19	29	37	
15	34	13	10	
30	6	40	46	
28	10	13	7	
49	25	26	44	
13	29	19	30	
19	5	38	32	
14	30	15	21	
36	12	17	19	
29	10	33	30	
25	27	9	24	
27	19	21	31	
8	39	42	21	
0	41	33	17	
46	4	3	35	
45	43	35	27	
32	46	29	12	
14	36	48	43	
6	0	21	8	
31	15	47	9	
37	38	12	8	
31	30	29	16	
36	30	39	35	
1	48	8	24	
38	18	11	2	
3	43	7	8	
13	35	33	39	
48	10	11	27	
2	32	48	9	
19	5	24	15	
8	5	9	23	
19	35	36	30	
42	1	49	37	
44	15	45	33	
35	25	15	40	
0	44	1	27	
40	20	32	45	
5	36	15	1	
35	39	9	31	
34	35	31	47	
4	17	33	25	
40	28	16	15	
1	26	3	5	
10	40	15	4	
30	47	38	18	
19	34	26	45	
50	54	78	76	
88	56	60	99	
60	84	93	92	
63	74	91	87	
99	68	53	52	
53	58	84	66	
68	52	91	70	
90	50	54	87	
67	57	85	80	
61	84	81	73	
54	64	72	85	
94	88	56	82	
97	88	87	81	
65	77	76	88	
83	86	97	78	
75	85	80	69	
84	64	57	76	
58	67	80	65	
82	87	93	92	
69	66	63	62	
51	58	68	97	
77	72	97	55	
56	61	85	76	
65	81	83	84	
93	66	94	86	
95	64	96	77	
60	66	59	83	
51	69	72	98	
99	53	81	65	
90	81	64	56	
78	58	81	74	
64	73	90	68	
83	53	87	75	
76	85	81	57	
92	52	53	75	
72	85	75	96	
57	97	59	70	
72	80	88	98	
65	63	72	91	
52	76	70	91	
70	89	87	88	
68	60	74	65	
60	55	52	85	
90	89	69	60	
87	91	79	64	
82	97	50	93	
87	55	86	61	
90	96	83	88	
77	69	90	84	
78	50	69	72	
137	148	113	120	
144	134	100	114	
113	141	117	147	
110	135	121	138	
137	149	119	136	
101	125	140	110	
100	113	122	101	
140	132	103	142	
117	139	144	130	
101	135	125	130	
112	120	103	126	
136	102	149	116	
137	123	114	144	
135	104	147	102	
112	125	106	127	
129	125	140	141	
125	133	139	149	
109	126	129	120	
120	139	105	133	
145	113	132	109	
127	100	137	149	
110	132	128	125	
111	104	137	142	
144	117	130	109	
111	127	120	116	
133	119	105	138	
105	149	101	124	
139	148	126	127	
112	131	105	142	
142	104	111	109	
100	141	110	103	
141	114	148	105	
117	120	139	137	
130	135	146	111	
121	137	134	119	
149	107	134	143	
111	124	121	148	
129	117	124	143	
101	125	117	144	
138	113	100	122	
129	137	119	135	
103	137	119	108	
136	103	114	128	
139	106	116	143	
148	124	126	105	
100	104	109	138	
116	103	138	144	
104	106	103	143	
129	139	122	132	
129	105	110	131	
173	172	180	184	
182	166	153	181	
160	193	185	171	
179	178	196	192	
162	183	154	173	
159	156	197	167	
157	170	186	168	
159	175	154	160	
184	187	164	167	
174	150	152	159	
150	175	151	179	
164	189	160	151	
173	157	190	161	
179	197	170	198	
165	176	184	156	
159	172	153	160	
196	173	170	199	
177	161	154	188	
163	180	168	169	
174	192	194	165	
187	165	182	181	
159	171	196	197	
153	194	197	152	
153	154	152	178	
169	153	155	178	
186	192	169	185	
151	150	196	185	
167	198	159	185	
155	168	152	194	
167	164	163	181	
185	182	167	195	
189	172	181	197	
164	156	173	195	
164	178	152	199	
193	182	175	172	
164	156	174	163	
157	187	196	188	
154	193	155	171	
188	198	155	160	
190	194	179	170	
195	163	162	154	
192	180	157	185	
152	193	155	184	
159	156	198	175	
193	169	159	179	
170	183	157	162	
160	188	159	157	
190	174	177	180	
188	194	159	193	
153	183	191	192	
223	204	208	235	
249	224	229	235	
215	235	203	218	
240	209	243	247	
224	249	205	229	
239	219	207	233	
221	204	249	215	
200	204	238	243	
240	237	249	220	
216	247	235	232	
216	224	245	239	
238	216	231	203	
219	206	229	230	
229	237	227	206	
245	206	238	223	
213	248	205	221	
217	237	208	210	
215	202	223	237	
228	217	233	211	
217	229	220	223	
228	214	233	220	
204	217	231	200	
207	205	208	210	
227	235	208	205	
249	232	236	204	
231	230	203	216	
248	241	220	206	
213	239	237	231	
236	223	248	209	
209	222	220	215	
229	247	230	239	
207	215	209	217	
232	233	200	212	
206	210	211	207	
235	219	236	227	
215	229	247	216	
209	210	247	239	
211	231	224	219	
242	214	223	247	
243	242	239	201	
243	247	219	242	
245	228	232	234	
209	212	201	208	
215	208	242	223	
238	207	239	221	
204	208	214	225	
229	213	228	215	
243	217	220	231	
233	243	236	217	
216	237	227	231	
275	268	287	297	
255	295	286	290	
257	255	251	270	
297	261	293	264	
274	288	270	285	
262	259	280	285	
296	285	258	269	
278	298	250	271	
282	252	261	288	
293	267	272	262	
298	271	268	291	
285	292	295	288	
288	255	262	260	
257	253	275	295	
285	287	276	277	
272	267	257	279	
271	262	282	292	
260	256	284	250	
279	280	256	270	
298	296	288	266	
269	275	297	295	
283	264	297	289	
255	272	275	265	
255	281	294	288	
296	264	250	254	
275	263	299	256	
250	270	255	260	
277	294	281	276	
263	251	298	294	
283	266	299	268	
260	293	272	255	
286	274	250	255	
269	291	253	298	
257	288	281	250	
267	295	256	273	
296	285	253	259	
280	297	289	263	
284	281	265	263	
294	284	269	268	
290	269	281	267	
256	275	270	273	
284	299	270	257	
252	276	258	286	
267	252	287	269	
272	267	282	252	
281	287	265	253	
263	252	269	273	
280	297	275	273	
281	278	268	269	
279	254	281	252	
304	312	340	329	
302	318	306	337	
306	341	321	317	
344	338	325	326	
319	308	348	341	
339	338	328	318	
332	310	305	347	
345	308	310	320	
320	321	318	323	
326	333	338	313	
327	329	324	335	
316	302	349	327	
336	307	300	334	
332	341	330	311	
332	316	346	319	
323	322	314	321	
314	303	300	349	
318	336	330	310	
334	347	320	321	
335	306	343	307	
308	330	316	347	
311	330	339	313	
307	321	333	339	
342	341	337	309	
316	305	332	345	
305	334	343	344	
344	309	319	341	
303	343	346	347	
348	346	302	306	
329	337	331	307	
303	333	323	318	
341	330	348	315	
342	307	332	309	
318	343	346	341	
313	347	309	326	
313	316	321	335	
341	311	321	304	
313	334	339	316	
318	317	327	310	
349	323	314	309	
321	330	335	341	
332	310	347	301	
334	310	307	327	
348	334	327	347	
327	349	330	344	
315	337	332	318	
313	327	348	303	
320	300	340	311	
334	340	302	308	
333	328	329	322	
392	398	360	357	
385	350	389	382	
373	364	367	388	
386	395	399	384	
382	385	378	375	
372	381	388	357	
384	356	377	359	
383	388	377	354	
387	374	352	372	
371	375	382	361	
368	378	393	361	
360	359	374	356	
369	373	367	350	
390	399	379	377	
369	368	397	371	
354	357	377	358	
386	369	352	368	
364	395	355	360	
352	388	381	363	
382	389	350	361	
352	370	374	357	
377	360	370	378	
378	370	398	368	
357	392	377	368	
364	391	387	362	
396	394	361	378	
371	395	358	352	
372	352	383	373	
383	372	370	369	
350	377	358	365	
352	362	358	380	
350	368	375	390	
353	372	381	373	
368	350	385	369	
372	381	363	376	
393	395	354	350	
364	373	353	367	
351	375	360	357	
399	378	389	398	
392	361	386	360	
393	387	389	367	
383	364	368	369	
361	351	366	356	
390	361	353	352	
392	353	351	358	
368	382	358	373	
399	379	381	368	
398	380	384	352	
369	352	385	368	
379	353	392	360	
440	420	405	448	
404	447	406	440	
444	414	432	404	
414	442	411	445	
423	418	430	422	
430	429	417	410	
436	433	404	401	
411	438	440	433	
446	445	437	407	
406	401	416	408	
433	406	440	409	
427	441	419	422	
423	416	448	421	
406	426	444	402	
434	426	433	407	
402	440	428	423	
438	402	442	414	
426	448	449	408	
441	428	434	414	
414	401	432	416	
402	442	447	446	
446	417	418	430	
438	448	428	445	
433	441	438	423	
443	420	404	412	
427	424	403	429	
448	432	427	449	
406	439	414	411	
410	432	444	422	
434	424	404	431	
427	422	441	429	
406	409	412	400	
405	449	407	422	
437	420	430	401	
428	415	439	409	
424	403	428	431	
427	406	428	412	
410	412	406	407	
433	415	420	407	
434	438	420	431	
425	429	423	400	
401	439	404	432	
424	428	448	439	
430	410	444	426	
401	408	446	423	
416	404	405	447	
415	436	432	437	
406	427	413	408	
425	405	432	404	
437	416	448	424	
480	478	450	457	
499	466	468	478	
459	488	493	456	
496	481	471	475	
457	491	488	470	
462	483	476	454	
481	492	474	453	
450	474	454	464	
466	492	482	483	
450	495	455	499	
472	470	494	469	
466	451	487	474	
470	487	493	458	
458	481	476	452	
454	461	467	477	
496	490	450	484	
459	485	493	490	
478	470	486	456	
495	480	463	493	
492	471	458	470	
457	456	493	487	
458	468	465	451	
457	485	470	469	
466	454	479	468	
463	475	469	491	
472	459	475	483	
454	468	466	463	
496	469	480	482	
490	458	479	474	
475	471	454	495	
460	484	483	485	
473	453	471	482	
493	463	481	485	
461	464	470	493	
499	476	450	497	
476	453	463	459	
495	452	474	487	
468	470	462	490	
467	465	474	483	
499	455	484	456	
455	458	482	451	
453	458	481	475	
479	474	498	484	
489	473	453	487	
494	475	455	467	
496	498	468	473	
466	463	477	465	
450	481	496	453	
467	471	483	474	
465	456	483	461	
36	6	19	38	30	
29	49	9	45	3	
7	25	4	35	17	
41	5	9	13	18	
32	17	18	45	39	
21	40	25	6	49	
49	7	40	15	39	
11	3	17	48	41	
7	34	43	17	2	
17	10	5	8	43	
28	14	21	39	8	
16	18	33	26	42	
24	1	19	28	40	
29	42	19	32	5	
22	21	5	1	47	
20	44	48	3	2	
31	10	24	42	48	
26	8	9	35	4	
43	32	15	49	41	
7	40	27	21	37	
44	36	8	12	47	
41	14	32	13	20	
37	26	1	27	47	
2	45	39	37	33	
49	19	37	44	17	
41	17	28	37	20	
17	26	23	49	1	
42	14	18	43	44	
23	13	2	33	24	
6	37	42	14	0	
1	6	27	39	49	
46	0	38	22	7	
41	12	28	31	44	
21	7	22	31	44	
47	29	1	35	2	
2	12	30	29	22	
3	32	38	7	23	
41	37	25	18	5	
37	35	6	34	39	
9	21	14	2	8	
40	3	1	43	30	
4	14	19	16	5	
7	31	9	20	14	
35	28	36	5	49	
5	23	43	25	7	
42	43	32	38	49	
24	0	11	6	26	
26	33	14	25	47	
14	5	4	38	39	
25	2	14	12	33	
76	56	69	66	77	
57	51	62	67	98	
59	56	75	81	80	
70	51	85	57	73	
63	59	90	72	79	
96	83	59	61	99	
60	89	62	51	82	
55	64	71	61	68	
73	84	71	70	61	
95	75	93	70	64	
93	95	54	82	87	
58	56	61	83	59	
57	99	93	79	53	
73	87	82	91	88	
90	91	51	70	83	
98	78	64	79	93	
71	85	61	75	83	
55	99	62	87	77	
50	53	74	63	66	
78	71	70	87	60	
98	88	92	51	74	
63	91	82	83	99	
55	69	64	95	87	
54	90	86	69	60	
68	59	72	91	64	
59	89	93	96	85	
54	92	94	87	99	
66	60	67	95	93	
53	70	93	65	80	
91	66	97	52	80	
64	70	74	81	68	
60	63	88	91	53	
63	62	77	61	57	
99	86	83	96	68	
95	76	64	66	85	
54	81	88	61	94	
62	68	71	91	63	
84	57	82	69	66	
64	60	84	58	55	
88	75	78	56	73	
88	76	75	71	95	
94	81	63	53	80	
51	65	52	68	99	
67	62	71	61	90	
86	77	54	85	66	
89	84	51	94	64	
60	87	89	97	58	
90	80	56	83	82	
75	88	63	89	61	
53	59	99	52	57	
148	107	139	120	113	
145	115	126	105	116	
112	104	149	134	117	
135	105	100	112	144	
107	124	143	116	104	
124	118	146	144	143	
129	119	103	141	109	
110	143	137	115	107	
110	111	122	139	102	
132	102	149	134	144	
110	146	136	116	126	
147	133	117	141	149	
137	141	147	103	144	
133	131	126	107	145	
146	126	111	147	107	
134	108	113	144	120	
145	114	141	149	118	
111	112	103	108	132	
141	100	109	119	132	
119	138	136	145	140	
111	140	129	114	135	
111	146	141	119	115	
131	100	103	107	111	
114	144	138	127	102	
112	137	104	124	127	
143	109	132	128	142	
118	114	127	133	144	
147	107	117	145	132	
112	129	100	149	147	
127	137	130	129	117	
148	101	143	145	146	
127	121	108	146	143	
113	129	117	114	148	
106	145	142	126	129	
111	131	114	119	147	
120	105	145	129	123	
149	122	102	139	147	
149	134	145	141	106	
128	109	106	105	122	
116	109	100	125	120	
148	103	120	114	147	
138	114	110	115	113	
116	130	109	100	141	
107	135	131	125	118	
122	131	128	132	148	
127	121	146	116	125	
117	122	101	106	125	
147	138	100	133	119	
135	109	131	141	146	
114	113	142	107	103	
198	192	190	167	177	
155	172	173	171	152	
187	180	156	161	179	
168	192	165	151	188	
184	188	164	177	189	
177	182	169	155	170	
188	184	162	177	160	
177	188	196	189	197	
172	167	184	179	190	
194	157	181	178	193	
192	181	194	175	150	
159	166	153	199	195	
168	156	171	158	184	
150	152	168	161	179	
168	157	194	167	198	
170	158	159	160	156	
162	199	180	159	152	
188	169	175	179	199	
189	152	194	169	163	
173	168	165	153	162	
183	177	180	164	199	
155	178	195	157	167	
191	190	184	160	181	
165	166	170	188	174	
198	166	174	182	191	
198	189	181	160	199	
179	162	165	154	191	
162	152	185	192	164	
198	150	193	183	155	
180	172	170	154	156	
158	164	187	174	161	
196	150	154	185	153	
187	199	155	179	186	
152	199	186	155	164	
162	177	155	175	163	
151	195	182	179	196	
167	168	160	176	150	
186	159	151	164	158	
182	165	192	175	169	
172	176	159	194	198	
193	170	155	182	164	
181	178	190	198	170	
183	158	179	191	190	
151	173	180	159	185	
195	185	199	170	179	
198	195	199	173	163	
166	189	179	188	173	
195	165	160	179	182	
154	192	158	165	156	
180	190	171	196	163	
206	208	221	211	223	
201	212	218	235	246	
246	216	204	230	221	
242	205	216	234	212	
225	205	222	234	210	
232	223	237	240	224	
206	202	205	230	247	
244	231	248	210	223	
205	209	240	208	223	
220	200	246	221	242	
222	240	215	242	232	
227	212	201	209	231	
213	248	243	227	204	
239	242	231	237	227	
223	233	234	241	200	
222	232	220	240	248	
212	209	211	226	234	
205	249	215	208	202	
230	211	219	245	228	
219	223	215	208	234	
234	237	211	208	249	
232	239	245	238	231	
222	204	219	218	241	
210	213	244	204	224	
244	245	207	222	202	
217	221	244	239	206	
210	236	231	209	208	
201	216	220	202	225	
214	241	244	230	222	
244	222	227	235	202	
249	216	240	234	223	
226	211	200	212	201	
205	209	230	208	239	
230	246	229	212	211	
212	211	232	231	214	
233	244	240	232	241	
230	240	247	209	200	
220	204	224	227	241	
228	247	207	231	216	
215	230	205	211	234	
211	238	236	215	249	
215	229	239	223	232	
236	214	220	245	243	
205	214	246	226	220	
208	220	212	210	227	
243	248	223	221	233	
201	231	228	246	219	
234	204	202	235	217	
225	239	205	232	221	
204	212	223	249	214	
259	262	257	267	295	
295	277	261	297	293	
275	253	298	254	264	
289	283	276	292	274	
298	287	273	254	283	
271	259	283	292	274	
268	273	269	292	257	
294	262	250	276	282	
273	266	287	290	256	
266	250	257	294	271	
293	280	269	258	273	
259	265	291	268	282	
276	285	271	280	273	
267	296	298	279	257	
299	268	294	256	261	
278	283	297	289	251	
280	292	257	288	256	
293	264	299	270	290	
275	254	285	282	269	
298	275	296	259	260	
283	254	273	261	294	
276	287	266	278	272	
264	252	289	291	250	
263	283	275	269	260	
280	253	293	289	270	
294	276	265	255	288	
299	282	256	257	272	
275	294	262	271	260	
280	269	274	268	297	
270	262	256	285	290	
261	296	271	281	277	
269	253	252	284	276	
280	277	253	265	259	
256	274	257	298	295	
258	253	297	282	259	
299	262	251	270	265	
257	276	274	290	255	
250	273	254	283	274	
289	292	266	288	296	
262	263	280	296	299	
299	286	283	279	265	
276	278	264	277	254	
265	298	258	274	295	
287	269	262	289	274	
256	253	299	265	296	
254	272	250	274	251	
291	294	262	283	275	
268	283	272	286	265	
290	261	266	253	263	
288	260	287	257	254	
307	304	344	310	326	
337	310	300	306	348	
329	337	328	312	301	
300	336	311	322	329	
349	315	322	307	304	
308	326	318	312	336	
304	320	326	318	315	
344	341	343	324	336	
329	349	307	345	315	
302	329	315	337	349	
328	342	339	334	301	
314	316	331	334	320	
329	316	307	326	348	
313	347	310	344	334	
337	327	339	326	310	
344	328	338	317	310	
326	320	332	313	303	
302	319	303	348	347	
346	348	324	309	330	
330	334	336	300	313	
313	317	329	305	327	
342	316	323	315	332	
323	314	346	301	316	
332	311	331	308	304	
333	338	302	322	345	
322	330	347	328	309	
334	305	339	313	315	
345	339	340	302	301	
349	316	300	307	333	
312	319	315	344	317	
302	325	329	317	340	
332	321	308	323	328	
303	343	304	342	312	
304	335	347	312	318	
345	306	337	307	314	
317	348	346	335	303	
336	301	312	313	342	
332	316	347	306	349	
347	345	324	312	315	
344	337	340	312	315	
319	317	345	334	337	
333	316	321	305	336	
348	344	324	329	311	
324	335	333	339	320	
302	317	306	300	311	
330	316	301	337	313	
326	341	328	332	344	
332	334	337	301	323	
344	321	334	310	304	
335	312	302	333	338	
355	398	363	383	373	
351	355	360	367	377	
371	382	389	357	350	
398	354	380	358	394	
365	379	359	354	399	
387	351	372	390	376	
370	352	395	388	374	
365	376	350	393	389	
362	357	367	371	378	
361	387	356	368	351	
389	374	359	394	353	
388	361	399	354	365	
362	373	359	386	376	
366	392	381	379	369	
369	361	357	351	356	
372	359	382	360	353	
350	361	379	393	374	
396	388	369	354	398	
372	354	380	384	386	
375	390	376	392	398	
368	388	397	362	385	
352	375	380	389	360	
357	386	362	351	367	
354	386	375	357	380	
393	381	359	373	363	
381	373	362	367	398	
365	392	385	399	351	
394	366	367	354	371	
359	380	372	357	351	
388	358	356	363	389	
363	381	382	372	375	
393	395	359	382	372	
368	396	369	354	370	
375	360	391	381	362	
355	375	366	380	399	
387	382	393	379	391	
387	370	383	369	380	
371	353	368	382	390	
390	380	387	393	381	
371	364	374	398	389	
399	388	371	356	366	
373	391	399	356	353	
379	353	367	359	363	
364	360	372	398	371	
381	366	363	377	392	
356	387	390	359	383	
384	368	393	370	391	
363	389	368	356	381	
389	394	353	362	356	
369	371	393	385	352	
400	427	434	422	409	
416	406	427	440	411	
423	403	425	443	412	
432	434	446	405	401	
415	422	444	412	416	
415	444	436	416	419	
428	411	449	432	419	
435	413	403	434	420	
439	409	449	435	425	
413	428	407	449	431	
402	423	440	421	428	
427	444	415	447	413	
426	414	427	441	402	
410	405	426	408	420	
443	420	406	419	404	
406	432	440	410	401	
438	446	409	431	435	
418	432	414	446	428	
422	416	424	423	419	
441	437	413	412	431	
412	443	447	422	404	
438	445	414	416	430	
417	429	446	448	407	
422	421	408	425	409	
439	448	436	408	430	
449	417	445	448	414	
404	436	429	411	406	
416	422	430	432	418	
416	447	434	413	436	
428	410	423	440	405	
409	408	427	428	411	
444	414	410	422	425	
405	446	415	400	441	
446	406	438	429	448	
442	421	404	426	410	
404	439	401	449	445	
430	420	447	408	422	
419	420	410	409	417	
420	445	421	424	446	
426	448	440	438	404	
448	449	434	417	400	
421	406	410	400	412	
440	407	414	420	428	
407	441	404	440	448	
425	442	449	447	446	
426	421	448	443	424	
436	422	445	414	421	
442	441	425	434	444	
434	413	418	428	443	
435	404	402	410	434	
473	470	453	462	496	
462	458	494	477	489	
478	481	493	462	464	
468	489	469	479	486	
490	477	462	467	473	
481	450	472	457	469	
474	463	486	489	492	
498	463	481	457	493	
472	499	456	467	493	
487	470	488	477	461	
493	473	453	463	489	
465	466	492	458	463	
491	456	485	495	453	
479	466	467	474	462	
457	452	451	485	495	
452	455	494	492	464	
459	465	460	498	471	
494	495	490	497	458	
459	462	479	495	463	
470	475	458	466	498	
477	498	450	483	492	
473	465	481	493	459	
459	450	475	461	499	
464	486	463	483	496	
460	485	471	451	499	
453	457	452	478	475	
464	486	491	456	458	
487	451	460	476	454	
499	459	492	497	494	
457	495	463	488	462	
461	480	481	463	479	
479	477	489	478	464	
465	467	480	457	452	
462	491	450	457	474	
487	479	489	494	486	
452	453	487	455	475	
478	495	483	496	467	
491	460	450	497	451	
496	469	467	462	453	
492	453	489	470	480	
451	495	487	473	462	
481	493	472	488	491	
480	464	457	460	459	
460	450	458	495	464	
451	460	476	457	459	
493	453	483	454	499	
472	473	450	484	463	
490	452	495	497	461	
452	459	491	490	450	
497	460	488	458	462	
296	193	475	67	72	22	
200	192	174	384	320	399	
495	176	274	296	209	320	
274	3	368	114	387	347	
61	80	172	452	7	123	
381	454	274	201	387	31	
155	22	169	450	232	309	
189	386	29	193	204	418	
376	29	421	468	32	316	
198	380	143	155	104	59	
492	92	66	47	313	39	
19	9	491	354	438	489	
454	185	338	409	310	191	
375	499	438	465	252	176	
497	329	194	372	131	103	
466	62	371	178	242	429	
463	216	361	133	394	255	
248	284	304	308	259	468	
95	296	89	337	417	374	
411	17	46	242	179	406	
290	341	423	472	208	222	
113	338	127	100	270	199	
428	345	85	161	398	93	
391	298	246	182	448	9	
412	420	481	427	25	72	
1	270	492	129	444	98	
164	153	487	348	281	488	
74	245	442	206	50	471	
356	16	484	82	175	227	
490	352	443	440	82	121	
116	473	497	163	409	9	
319	293	208	437	336	274	
135	174	104	251	373	451	
426	55	497	252	155	277	
450	473	412	261	346	343	
37	437	474	91	283	368	
388	11	50	444	12	111	
79	29	425	413	293	231	
141	88	318	67	412	171	
261	414	386	222	59	304	
80	362	452	352	172	44	
111	493	8	325	267	206	
112	404	352	425	113	293	
54	63	70	141	187	380	
184	358	185	428	481	496	
307	143	285	421	349	311	
356	319	37	6	344	476	
141	347	90	105	3	76	
91	230	31	191	367	379	
268	183	298	75	274	241	
19	95	460	399	211	146	
96	410	455	163	42	341	
486	370	99	32	414	371	
4	217	218	190	472	366	
110	93	380	224	43	309	
22	297	245	37	468	257	
119	407	189	272	283	33	
161	1	490	5	209	366	
122	97	157	246	188	211	
363	259	74	81	494	361	
49	487	29	108	353	272	
118	152	232	444	18	146	
460	39	214	248	422	246	
405	326	62	497	203	93	
398	494	293	454	24	351	
235	259	296	270	108	47	
71	170	389	134	18	461	
221	82	114	199	101	230	
111	424	211	11	408	459	
181	265	26	444	225	456	
284	282	376	133	329	381	
447	324	162	467	151	48	
443	282	321	188	58	105	
1	223	433	492	482	244	
281	71	464	172	96	118	
40	361	452	145	471	317	
97	294	148	127	320	452	
386	55	94	443	152	255	
283	268	373	111	452	207	
69	243	377	188	248	7	
436	305	460	231	344	370	
210	142	208	344	12	132	
332	231	395	195	258	58	
435	10	114	36	405	15	
390	474	130	409	488	383	
348	200	365	188	10	322	
210	2	99	499	45	487	
312	37	115	314	252	254	
222	396	234	1	54	345	
279	45	431	109	255	122	
361	245	100	200	339	39	
341	119	142	92	54	366	
52	243	307	351	472	134	
3	186	314	166	241	94	
422	177	243	461	130	89	
423	482	194	324	338	308	
13	368	115	233	462	262	
192	224	8	64	456	355	
129	366	495	442	12	152	
478	495	219	279	490	48	
161	176	443	340	205	489	
295	339	9	445	495	305	
4	261	113	226	237	117	
219	415	51	114	284	120	
360	170	354	11	423	313	
407	63	183	172	166	82	
55	274	301	322	40	407	
187	468	400	269	381	177	
353	56	119	101	487	495	
74	128	415	418	491	476	
19	275	446	417	73	429	
60	487	398	124	204	28	
305	350	162	277	418	116	
237	132	411	100	103	344	
143	113	72	194	274	285	
28	213	349	480	138	158	
467	334	293	21	458	450	
3	57	334	67	356	349	
291	13	382	62	178	245	
456	214	147	0	444	491	
177	355	235	283	164	207	
416	364	247	493	173	98	
266	205	48	362	462	77	
149	269	262	356	435	195	
380	426	299	207	345	87	
327	490	321	220	194	429	
349	107	452	170	370	68	
478	203	398	30	45	32	
46	0	17	269	1	499	
178	373	146	268	327	414	
318	386	346	191	2	424	
167	221	43	131	250	422	
28	21	367	277	268	90	
22	384	148	191	5	97	
446	288	410	472	42	393	
374	436	118	234	388	318	
197	344	86	457	23	212	
388	391	199	198	380	10	
330	318	174	182	11	484	
222	462	9	349	418	32	
259	95	263	403	101	445	
461	291	146	392	475	96	
282	475	387	359	266	117	
21	150	411	49	430	113	
156	82	493	385	473	243	
261	355	196	444	127	274	
135	373	293	252	234	367	
222	463	8	202	348	85	
249	360	405	242	437	274	
172	308	346	440	447	354	
53	399	44	7	400	8	432	
332	88	308	399	473	318	164	
220	0	421	383	77	417	133	
77	112	467	173	494	75	404	
168	282	303	292	462	223	246	
358	199	331	351	56	384	408	
343	107	309	144	10	43	332	
271	325	436	131	105	304	196	
465	450	435	185	338	132	225	
388	479	322	242	282	40	398	
353	426	249	419	189	362	357	
274	45	134	238	417	447	391	
185	240	447	55	233	280	275	
478	324	292	121	495	451	376	
256	14	468	430	131	359	39	
217	471	125	94	206	320	88	
77	388	148	74	111	430	321	
200	38	257	182	310	330	384	
366	262	28	302	146	163	349	
16	181	499	212	264	340	2	
190	58	488	24	337	238	72	
263	438	143	492	2	251	74	
295	235	339	281	492	421	474	
350	446	400	326	434	358	70	
3	187	434	449	447	223	220	
487	473	256	458	375	395	429	
102	148	440	347	305	200	16	
52	360	478	413	295	385	304	
498	425	354	41	285	59	495	
163	237	258	115	375	304	422	
265	460	108	85	413	53	153	
415	73	182	325	175	45	143	
37	367	67	322	314	231	297	
308	166	81	69	29	331	27	
156	449	286	91	218	359	356	
384	29	489	81	465	35	257	
320	1	337	17	326	446	70	
304	246	411	451	141	461	0	
450	68	98	167	312	465	396	
428	30	193	362	16	192	136	
342	223	193	473	69	80	371	
124	336	456	398	228	268	202	
251	452	246	289	133	237	480	
62	337	272	361	118	226	102	
168	430	398	222	224	150	187	
22	16	399	7	252	132	175	
99	133	15	383	128	398	193	
307	137	269	283	138	131	1	
212	328	31	406	21	357	181	
69	55	200	271	115	213	254	
354	78	31	156	251	124	110	
65	169	185	116	248	230	416	
166	261	399	302	340	254	417	
26	223	329	194	485	393	36	
210	498	297	419	11	353	209	
497	297	435	181	114	293	153	
479	120	230	371	37	181	285	
25	132	326	37	8	31	3	
253	81	19	269	386	410	65	
407	151	438	133	131	69	121	
481	250	444	327	373	425	127	
229	446	193	282	440	277	403	
340	412	90	178	224	241	355	
67	23	268	495	396	410	288	
465	69	219	111	304	331	449	
143	294	246	232	209	220	331	
365	113	102	402	438	219	92	
174	212	12	249	432	400	409	
252	290	155	133	203	188	196	
4	283	85	348	489	170	342	
400	398	275	335	269	82	316	
32	254	310	48	313	134	59	
391	355	374	192	419	477	460	
149	316	146	145	194	477	324	
313	338	209	470	468	355	362	
194	216	355	452	403	455	447	
284	88	11	171	195	365	346	
420	194	73	352	341	301	146	
45	243	327	468	135	371	253	
198	331	150	86	341	443	297	
293	441	440	143	254	154	249	
361	413	495	173	220	481	171	
313	152	445	334	142	90	381	
434	165	387	411	108	317	347	
163	434	325	470	189	485	75	
1	221	95	96	102	208	285	
26	156	438	494	164	223	445	
170	238	41	190	158	148	60	
258	292	87	323	238	324	396	
389	62	77	460	496	321	121	
250	415	136	359	449	186	100	
438	62	218	14	376	75	72	
199	247	480	347	237	264	433	
453	301	213	289	71	123	345	
101	335	380	400	163	63	474	
161	224	279	98	157	436	407	
38	331	89	67	260	44	263	
256	399	78	180	326	301	431	
362	494	243	3	452	68	43	
258	200	350	114	442	181	168	
307	48	119	6	178	135	283	
342	129	453	85	316	107	223	
370	39	260	394	283	416	10	
55	410	147	475	404	330	296	
343	298	171	91	365	177	441	
117	289	495	350	480	233	215	
0	395	453	135	392	112	169	
36	265	193	152	111	182	150	
81	470	266	425	489	26	106	
68	338	66	82	347	370	499	
236	177	185	107	416	29	257	
471	341	136	350	274	332	288	
196	458	24	383	363	157	306	
49	273	130	43	242	208	337	
265	345	106	468	146	81	266	
295	209	43	18	458	473	39	
489	50	470	280	385	463	309	
420	419	53	375	423	349	354	
496	72	332	308	415	384	51	
369	131	213	247	181	206	190	
60	215	431	434	124	469	299	
461	394	64	396	298	253	193	
262	339	293	356	222	315	132	
252	1	0	86	225	362	443	
40	176	34	100	145	24	448	
167	250	201	364	216	443	319	
302	429	227	90	410	350	209	
212	195	463	321	433	208	119	
7	97	396	54	359	59	458	
88	158	55	304	496	429	280	
93	27	491	114	111	479	68	
39	466	142	27	397	408	497	
5	380	247	175	62	58	21	
424	281	40	122	280	212	197	
438	413	217	89	455	152	338	
384	136	20	277	39	382	267	
202	447	393	156	9	238	226	
92	59	36	351	287	112	189	
149	420	345	231	11	353	3	
34	241	370	286	77	453	421	
50	362	257	492	129	146	348	
332	379	452	208	221	103	133	
92	309	497	429	106	454	174	
246	351	465	432	446	491	98	
46	410	26	485	14	96	454	
332	333	310	406	128	324	230	
59	89	203	385	158	247	400	
406	235	376	98	289	121	226	
373	304	377	415	144	50	448	
302	461	211	170	183	146	249	
150	198	265	174	473	409	192	1	
487	129	237	243	40	389	371	99	
203	119	30	111	266	301	387	194	
176	224	355	379	157	10	51	307	
28	38	200	450	437	224	436	444	
375	246	336	347	23	49	74	170	
326	211	468	255	308	157	315	284	
277	270	194	287	311	345	380	453	
281	242	5	98	494	352	220	78	
291	274	233	164	193	310	396	40	
48	496	485	114	414	188	304	96	
173	498	127	145	7	4	396	241	
191	29	67	363	378	371	329	190	
407	193	319	230	352	416	72	477	
474	212	290	339	291	15	91	158	
108	247	297	309	10	86	345	53	
42	402	422	157	194	365	232	499	
142	160	494	28	74	493	319	71	
82	408	350	282	304	17	91	441	
68	153	31	83	482	479	6	155	
425	40	450	180	416	147	117	445	
91	228	111	175	446	184	178	430	
176	129	458	366	95	359	407	59	
53	129	262	232	490	494	101	9	
294	99	94	228	183	342	422	297	
161	169	22	335	95	372	54	475	
71	184	22	334	283	46	53	387	
91	64	353	418	393	369	285	373	
285	1	313	239	353	126	464	387	
450	488	264	77	434	159	174	326	
199	132	213	140	278	225	465	485	
244	411	79	201	345	395	406	374	
136	263	217	206	214	86	213	270	
488	44	294	431	379	40	159	324	
440	250	249	353	222	124	219	63	
39	364	150	96	421	310	83	137	
257	430	427	51	77	276	163	428	
317	290	364	32	491	14	72	331	
254	187	21	2	57	33	225	45	
392	397	239	272	428	316	245	202	
287	470	271	159	137	497	354	50	
416	365	262	466	84	107	391	243	
187	477	308	20	185	440	402	38	
8	323	498	30	45	250	394	62	
412	30	179	311	345	364	247	454	
137	175	38	404	273	283	58	453	
388	386	184	6	24	31	163	19	
96	60	381	444	266	431	94	399	
311	365	349	261	6	354	152	428	
209	446	168	439	380	275	294	367	
359	208	153	306	192	447	420	285	
471	396	39	438	458	462	251	356	
111	286	465	225	456	59	462	237	
205	163	173	79	29	497	197	328	
159	215	178	485	410	389	261	250	
31	68	133	224	44	454	211	488	
376	464	425	43	458	184	381	323	
246	71	174	312	291	347	328	57	
124	211	142	273	397	290	394	122	
68	7	280	92	308	295	492	17	
387	215	275	357	447	373	249	457	
257	36	217	323	81	109	238	267	
497	53	30	285	161	231	110	460	
269	115	410	116	179	65	357	298	
28	135	497	41	370	116	332	365	
293	5	334	28	474	285	388	248	
64	307	159	403	399	30	129	208	
428	166	254	478	207	348	319	186	
87	286	266	411	344	31	76	464	
21	396	52	143	170	23	405	437	
46	292	494	470	286	257	290	441	
164	429	191	320	410	285	31	303	
105	385	481	16	67	120	362	443	
68	401	163	33	323	342	36	54	
442	12	403	64	353	145	327	415	
411	74	212	215	52	478	42	159	
237	127	384	159	423	467	35	26	
253	1	144	12	62	235	78	265	
240	203	120	379	215	353	122	60	
425	205	297	292	95	497	345	14	
242	92	345	325	425	260	294	305	
122	123	62	116	382	3	267	296	
65	347	149	212	191	327	332	202	
469	51	499	210	326	263	339	260	
415	343	54	402	282	344	263	362	
29	315	451	202	194	409	473	4	
244	71	408	127	353	416	12	352	
275	404	253	341	452	451	489	123	
428	29	119	305	408	410	67	155	
66	447	15	441	3	184	120	483	
418	225	135	32	205	64	162	166	
165	48	219	29	132	95	246	208	
33	48	193	250	298	18	94	421	
6	2	217	145	193	110	291	216	
357	73	239	306	428	436	369	487	
164	327	437	202	464	340	199	288	
314	130	119	423	458	410	328	90	
81	375	449	342	148	377	262	310	
184	162	149	488	485	119	175	221	
75	441	121	29	430	312	231	83	
449	123	343	177	484	101	294	138	
146	221	367	138	103	334	59	29	
467	416	68	132	189	36	419	192	
98	27	4	79	240	254	295	370	
96	365	125	324	295	454	379	498	
203	223	453	418	192	355	46	404	
414	455	130	467	487	9	168	186	
261	303	102	228	109	487	184	411	
127	316	269	458	284	289	24	211	
428	361	171	213	411	63	484	347	
376	84	244	482	252	24	45	130	
314	126	6	203	44	62	49	435	
407	490	103	102	374	497	339	383	
456	415	181	380	301	228	416	159	
168	166	271	474	46	205	438	144	
238	278	486	132	308	325	355	363	
224	95	265	279	283	233	92	47	
321	190	467	241	386	270	95	110	
303	264	63	74	98	90	78	142	
427	184	306	55	494	368	440	406	
404	203	233	12	142	445	53	161	
403	370	146	445	390	331	258	99	
369	308	474	144	429	56	51	300	
80	92	321	275	397	1	253	197	
230	27	51	473	444	94	162	186	
271	83	208	132	342	176	409	480	
54	310	436	68	138	227	258	83	
378	403	212	73	307	280	290	436	
283	37	296	473	427	228	162	323	
203	388	253	436	109	434	16	3	
4	138	140	84	272	38	318	212	
180	451	321	394	55	229	83	407	
156	219	225	424	463	299	14	216	
84	188	195	442	53	105	250	314	
353	425	94	414	350	266	19	76	
138	329	281	177	176	178	69	432	
247	207	386	343	426	474	452	24	
230	369	437	279	25	284	199	270	
250	213	73	232	106	187	118	357	
407	404	131	471	12	29	5	418	
111	368	415	480	146	433	215	292	
124	136	8	446	228	126	67	411	
147	241	220	404	211	103	215	291	
55	128	204	269	52	107	218	33	
225	488	190	106	85	7	194	487	
76	58	212	40	269	494	1	249	
464	5	234	195	325	22	187	38	
387	348	470	112	131	360	62	483	
145	136	275	291	27	9	428	342	
365	320	344	301	71	385	403	28	
