20	34	48	
7	38	45	
8	37	24	
34	3	10	
1	17	45	
30	8	5	
13	25	2	
16	19	22	
41	34	1	
41	38	21	
20	34	48	
21	33	24	
5	26	14	
0	32	43	
18	6	7	
33	8	15	
4	18	21	
43	17	47	
3	26	1	
23	27	7	
10	38	46	
3	5	31	
47	49	39	
11	9	45	
16	1	5	
49	29	14	
25	28	1	
34	22	38	
18	44	6	
11	12	31	
49	25	31	
39	27	22	
24	36	11	
31	21	10	
30	26	5	
41	32	38	
41	12	18	
2	21	28	
4	49	5	
20	14	3	
26	38	9	
7	0	44	
7	28	49	
6	34	7	
19	18	49	
16	6	48	
34	2	8	
33	37	24	
38	7	47	
19	3	43	
94	85	75	
67	60	92	
58	69	91	
67	68	76	
53	65	57	
76	63	67	
97	65	68	
78	64	50	
70	93	72	
75	55	67	
51	70	56	
80	50	55	
65	97	51	
99	85	59	
88	57	84	
66	74	56	
68	99	76	
50	72	55	
52	65	74	
91	63	97	
59	78	60	
61	89	56	
91	99	79	
52	79	82	
78	82	95	
85	59	56	
92	87	86	
53	64	75	
99	50	82	
84	51	97	
64	57	72	
88	84	66	
60	53	58	
57	94	58	
91	51	84	
61	80	93	
61	64	73	
72	78	70	
88	61	93	
56	92	88	
81	90	56	
60	98	93	
92	68	86	
65	63	67	
56	92	94	
54	56	55	
72	70	84	
73	94	64	
94	82	85	
89	64	61	
134	110	124	
149	127	106	
120	127	142	
103	119	114	
129	116	103	
147	122	144	
102	100	105	
134	112	143	
140	100	124	
134	142	120	
118	111	133	
121	142	132	
124	110	118	
127	138	130	
146	117	112	
113	117	120	
114	124	144	
102	105	131	
148	119	141	
114	118	111	
128	122	145	
116	136	132	
136	104	124	
127	120	108	
105	107	149	
144	131	103	
111	124	135	
131	123	134	
117	104	137	
108	113	124	
118	133	117	
119	120	109	
130	107	143	
135	103	123	
141	133	105	
127	119	106	
117	121	102	
106	128	123	
119	112	107	
135	119	115	
114	138	100	
106	114	123	
123	148	114	
125	107	149	
116	103	140	
147	139	130	
101	126	109	
127	103	106	
114	113	116	
125	134	142	
156	158	153	
190	151	187	
197	198	193	
181	162	199	
189	178	173	
189	163	161	
181	162	190	
184	194	175	
184	191	185	
169	196	192	
197	167	180	
182	193	153	
181	184	165	
170	190	176	
199	175	154	
171	186	170	
191	186	188	
158	167	187	
173	174	181	
176	171	190	
152	190	180	
168	180	163	
182	152	156	
181	180	175	
171	194	185	
157	199	151	
161	160	150	
199	179	174	
167	150	185	
175	197	165	
198	181	189	
181	187	161	
191	189	186	
173	178	161	
177	197	175	
165	185	196	
162	157	199	
195	180	198	
174	165	196	
185	179	158	
173	156	162	
163	186	192	
172	199	155	
189	151	191	
161	199	156	
150	183	180	
199	160	172	
198	168	167	
158	175	179	
160	150	198	
217	239	227	
207	239	210	
202	203	237	
229	225	203	
238	215	237	
216	215	206	
212	246	203	
243	238	228	
221	219	234	
231	203	206	
236	234	218	
249	221	227	
205	231	213	
212	233	241	
225	202	216	
247	234	213	
230	236	213	
216	205	240	
248	206	227	
225	219	224	
237	221	228	
238	226	230	
217	211	238	
248	234	216	
206	200	203	
237	213	219	
215	209	206	
212	219	248	
211	208	223	
223	235	229	
226	244	206	
243	205	228	
242	217	207	
222	230	226	
235	249	205	
247	239	202	
231	214	221	
210	203	227	
205	210	239	
247	214	211	
241	230	238	
232	234	249	
230	231	228	
206	214	230	
216	248	224	
217	224	244	
227	209	249	
216	214	206	
244	205	200	
218	221	239	
255	294	265	
277	261	287	
296	255	279	
274	278	262	
266	250	262	
298	282	272	
291	278	274	
251	276	275	
261	278	263	
289	268	285	
269	259	254	
271	276	254	
258	257	266	
253	286	276	
266	276	265	
294	267	250	
297	296	255	
274	282	264	
286	252	251	
272	280	251	
268	250	273	
282	288	279	
251	263	268	
291	283	273	
281	271	280	
292	287	262	
288	290	271	
294	260	289	
267	282	283	
283	297	279	
275	286	253	
299	293	285	
268	264	255	
288	273	294	
290	273	267	
287	250	288	
295	285	264	
289	295	266	
297	290	270	
250	252	267	
288	270	261	
266	271	251	
277	256	290	
255	278	251	
280	254	289	
286	250	283	
270	253	294	
268	258	282	
288	293	255	
297	253	258	
303	315	341	
334	327	322	
311	304	335	
309	303	345	
309	305	345	
323	340	313	
329	346	324	
333	334	348	
338	317	349	
341	309	330	
347	318	315	
307	308	332	
323	331	336	
340	344	300	
304	340	324	
315	328	311	
308	315	337	
349	301	317	
349	330	338	
331	314	305	
302	318	312	
326	337	339	
344	314	300	
323	345	302	
332	344	307	
319	301	313	
334	346	319	
308	335	310	
349	326	321	
304	327	323	
326	322	304	
318	323	331	
339	332	330	
335	319	345	
332	326	323	
349	347	346	
338	320	331	
320	314	338	
325	332	327	
316	300	330	
335	305	340	
323	309	336	
344	303	341	
303	312	307	
331	340	328	
303	311	327	
323	349	336	
322	332	317	
344	327	320	
335	304	307	
386	355	351	
396	356	376	
382	381	352	
355	370	378	
383	379	397	
362	399	361	
376	379	350	
395	374	381	
364	361	397	
365	360	354	
371	393	357	
376	397	388	
369	365	363	
392	365	398	
398	366	352	
396	359	393	
365	398	367	
396	389	388	
399	355	393	
367	374	368	
363	394	366	
369	374	399	
356	355	369	
355	363	393	
384	393	352	
370	385	390	
371	354	361	
399	356	378	
379	384	369	
367	399	380	
355	391	363	
370	358	350	
362	372	354	
366	379	360	
396	350	371	
387	385	397	
356	393	386	
396	386	363	
384	372	382	
388	366	369	
399	368	372	
384	398	392	
378	355	376	
363	362	373	
378	396	385	
358	399	394	
374	350	355	
399	394	389	
396	351	352	
354	359	381	
424	434	430	
424	444	422	
424	437	408	
435	441	433	
427	429	445	
402	446	445	
402	432	409	
417	445	444	
443	441	429	
439	404	401	
427	426	400	
415	425	419	
416	411	400	
442	434	413	
412	408	402	
404	434	413	
444	418	446	
405	409	447	
437	414	429	
411	412	408	
449	434	426	
408	420	447	
407	447	436	
447	433	412	
432	439	443	
408	426	439	
430	434	409	
424	434	418	
402	446	449	
448	410	445	
430	449	406	
418	416	442	
428	412	434	
422	430	423	
414	410	430	
410	408	437	
422	423	425	
406	417	413	
427	438	420	
446	434	440	
403	414	417	
403	437	425	
411	422	444	
447	422	449	
412	436	417	
427	400	414	
415	444	409	
400	404	443	
431	442	429	
405	409	408	
456	476	499	
487	458	450	
495	454	484	
489	473	497	
459	482	465	
452	462	484	
459	477	490	
488	471	493	
462	471	493	
452	499	494	
478	490	452	
486	483	451	
478	489	457	
454	489	487	
492	459	471	
489	493	478	
461	499	465	
454	469	491	
487	472	450	
489	485	478	
481	497	470	
453	493	477	
462	474	493	
494	470	473	
455	450	478	
490	468	457	
463	464	495	
464	474	489	
474	467	450	
489	452	484	
494	454	451	
488	463	465	
483	495	486	
462	479	480	
455	493	460	
475	456	457	
453	457	499	
494	457	491	
460	454	486	
494	458	454	
465	460	494	
476	461	483	
498	491	478	
475	458	469	
491	459	464	
498	490	450	
453	494	452	
478	482	457	
473	450	486	
475	499	472	
15	12	21	1	
29	27	18	46	
19	39	2	15	
36	14	44	9	
17	6	18	26	
33	15	44	14	
9	45	31	6	
36	20	10	12	
31	42	29	46	
18	31	47	2	
36	28	15	4	
48	24	7	37	
30	49	43	4	
6	21	22	35	
40	17	14	18	
21	24	25	30	
20	19	18	15	
27	48	3	7	
21	12	45	39	
10	30	15	5	
23	44	28	25	
28	20	35	4	
35	4	11	38	
10	49	8	12	
21	32	16	7	
35	11	23	19	
43	22	36	34	
1	37	32	43	
42	20	37	30	
10	4	17	9	
9	40	5	31	
5	47	0	46	
13	38	34	2	
27	10	34	20	
28	34	32	22	
8	21	43	22	
45	18	27	49	
13	44	33	35	
48	23	4	36	
33	19	42	49	
30	11	8	2	
7	2	48	14	
40	24	31	39	
0	13	11	49	
21	19	25	43	
5	48	11	16	
25	31	22	42	
28	8	23	39	
20	5	28	48	
38	41	16	44	
72	91	92	61	
64	93	83	68	
97	55	54	89	
60	91	95	72	
68	89	77	91	
75	67	68	63	
72	79	73	59	
97	75	80	86	
57	74	66	73	
61	53	83	65	
77	88	50	79	
82	68	58	67	
53	85	73	63	
91	96	83	60	
73	89	51	91	
70	91	63	52	
86	93	54	57	
99	73	67	84	
93	81	99	69	
94	89	61	97	
95	64	51	85	
54	82	99	63	
91	86	69	76	
52	62	73	84	
54	65	88	75	
70	94	77	98	
52	64	53	99	
80	53	76	65	
67	65	55	90	
61	97	57	76	
63	59	84	71	
80	98	81	84	
70	58	67	60	
54	90	51	83	
67	83	81	61	
95	90	63	55	
57	83	86	89	
63	55	71	85	
53	63	75	85	
63	94	52	62	
67	98	95	84	
67	56	54	60	
68	66	59	96	
91	53	56	67	
57	80	60	51	
68	91	77	95	
77	92	87	64	
75	59	57	53	
60	58	91	88	
53	60	51	80	
133	129	147	100	
104	133	123	135	
105	113	133	149	
104	111	125	148	
144	114	100	103	
116	145	107	124	
109	111	136	116	
118	120	144	111	
147	121	140	148	
110	136	109	140	
139	134	113	148	
113	117	122	134	
145	108	136	144	
119	120	141	147	
123	137	145	140	
132	120	125	144	
134	140	118	149	
115	134	122	108	
118	106	144	104	
131	146	107	136	
113	106	130	145	
123	134	146	148	
136	102	115	146	
127	107	132	146	
119	107	149	143	
148	129	122	136	
112	136	148	103	
116	110	148	118	
118	144	112	109	
122	140	104	116	
125	127	142	136	
113	132	105	103	
110	134	145	147	
136	102	140	142	
105	119	138	144	
149	136	117	131	
116	146	140	137	
110	100	115	121	
141	112	123	117	
106	109	124	136	
131	141	100	116	
135	124	118	116	
113	121	126	142	
100	143	112	126	
137	103	145	102	
135	118	134	143	
102	110	136	122	
113	123	116	103	
114	147	116	102	
119	104	112	133	
185	181	189	197	
169	187	199	190	
192	158	150	196	
199	175	193	159	
197	150	163	177	
179	188	190	155	
185	167	163	174	
185	178	172	197	
189	183	197	150	
169	176	183	178	
197	165	189	152	
167	194	186	180	
155	190	178	166	
164	160	190	189	
167	183	182	199	
197	194	190	196	
190	193	164	151	
164	154	185	150	
168	182	178	183	
198	185	180	158	
165	181	170	168	
151	156	160	192	
157	179	169	151	
191	195	173	150	
196	177	163	195	
168	179	192	195	
190	165	179	169	
160	177	196	193	
175	157	192	170	
162	192	198	163	
164	166	156	163	
166	162	188	154	
196	160	178	198	
195	193	179	196	
176	160	167	175	
198	185	152	153	
188	172	168	187	
165	157	181	186	
196	171	179	174	
179	169	195	159	
177	162	163	197	
160	177	184	151	
171	178	169	160	
186	162	171	169	
151	196	193	175	
156	182	153	163	
184	189	199	178	
151	182	189	175	
150	179	152	198	
157	160	176	168	
207	242	221	243	
221	225	228	227	
245	240	214	200	
243	226	239	200	
249	238	213	206	
249	240	237	208	
211	209	236	217	
201	219	214	223	
206	215	209	203	
210	208	215	217	
206	211	228	204	
235	204	206	210	
226	200	245	249	
201	228	203	249	
211	230	246	229	
211	201	238	227	
208	241	234	219	
220	203	241	217	
226	228	203	225	
209	220	203	227	
203	215	237	225	
216	201	205	213	
243	229	231	213	
226	207	216	202	
216	241	223	238	
232	210	237	218	
206	231	244	204	
232	204	230	224	
242	207	205	227	
208	203	244	216	
235	228	203	201	
209	228	242	206	
209	229	238	201	
245	247	248	217	
215	243	213	208	
217	228	243	208	
204	246	249	239	
217	230	203	223	
234	240	248	231	
215	247	224	239	
212	229	233	225	
243	229	206	242	
208	225	239	242	
238	245	201	207	
222	248	230	247	
209	234	222	237	
219	239	247	246	
232	212	235	248	
246	232	200	225	
231	226	209	228	
265	268	296	280	
265	288	281	274	
269	294	281	292	
269	286	276	290	
255	284	298	272	
266	296	258	283	
293	281	266	270	
251	271	257	278	
284	291	265	267	
263	266	285	253	
255	295	290	272	
278	268	287	275	
263	299	277	284	
298	268	277	257	
274	263	260	267	
272	297	278	295	
289	258	272	254	
253	299	269	296	
271	261	275	287	
258	279	273	295	
258	256	271	272	
296	254	250	266	
257	284	292	295	
285	271	255	263	
283	271	291	273	
284	251	272	255	
252	268	283	295	
262	265	292	285	
285	269	252	290	
285	296	291	287	
283	275	253	295	
290	281	264	287	
256	296	250	255	
262	280	267	276	
261	270	286	277	
289	283	264	263	
292	294	277	266	
254	253	293	298	
259	251	276	294	
261	290	256	292	
277	295	275	260	
271	290	286	252	
268	280	265	266	
282	267	275	293	
284	285	276	266	
298	268	284	262	
287	253	266	292	
262	291	294	251	
295	256	286	268	
291	282	267	266	
318	340	312	327	
332	340	312	337	
320	313	338	343	
349	303	317	320	
341	332	316	340	
323	345	309	319	
342	311	347	349	
303	301	347	328	
317	302	307	325	
307	313	343	314	
301	320	330	309	
327	329	326	305	
334	328	348	325	
328	336	344	349	
304	343	325	311	
349	332	337	315	
349	308	303	340	
318	344	338	333	
338	336	323	346	
312	308	311	326	
304	312	316	340	
344	338	331	316	
330	329	308	320	
344	300	324	333	
319	338	347	317	
324	317	340	309	
344	349	333	322	
322	314	305	302	
323	303	316	321	
310	327	333	323	
345	340	346	317	
321	320	336	341	
337	309	324	344	
316	304	313	337	
316	341	310	314	
304	306	316	318	
308	329	306	313	
306	319	301	316	
324	329	309	321	
300	345	306	349	
340	341	329	349	
316	311	300	321	
315	303	328	311	
335	315	331	346	
345	305	346	308	
304	302	306	331	
324	301	325	329	
341	319	322	347	
304	315	343	340	
300	318	331	338	
399	377	376	375	
366	359	379	377	
366	394	360	352	
381	396	373	399	
369	352	384	371	
378	367	390	382	
364	353	395	350	
375	399	387	395	
398	390	373	392	
379	386	397	387	
370	369	386	373	
364	381	391	360	
363	377	367	375	
368	357	380	386	
361	383	384	367	
366	369	362	361	
353	392	393	372	
375	357	360	373	
350	366	372	384	
398	397	392	396	
377	378	393	380	
369	392	377	356	
378	364	385	382	
356	384	374	360	
385	350	392	377	
355	372	363	356	
387	360	389	378	
364	353	380	384	
360	379	371	350	
354	365	396	393	
367	396	382	380	
358	395	380	382	
365	364	391	375	
375	350	387	380	
372	356	384	350	
358	357	370	372	
397	378	370	390	
398	395	363	372	
384	357	391	377	
397	373	358	385	
357	367	379	350	
372	351	355	367	
364	378	370	372	
374	376	391	371	
376	363	395	366	
392	350	394	397	
367	357	382	387	
366	389	374	367	
384	382	374	371	
385	362	399	352	
409	422	418	440	
415	435	448	403	
402	443	445	408	
416	412	434	408	
433	400	413	411	
425	415	443	437	
412	414	434	402	
423	406	411	440	
415	402	434	429	
431	423	428	421	
436	404	440	406	
435	442	444	449	
445	405	411	402	
407	446	432	402	
409	403	427	435	
423	428	430	408	
425	404	407	411	
443	401	441	446	
414	405	413	401	
425	434	422	411	
413	446	405	402	
441	425	405	406	
432	400	408	449	
437	436	430	447	
440	441	438	414	
437	415	401	404	
448	423	422	434	
425	409	406	423	
426	410	422	435	
415	443	407	445	
402	422	424	426	
434	416	412	433	
419	423	401	417	
437	433	439	422	
438	410	429	414	
416	438	433	441	
404	440	427	439	
420	411	406	402	
429	419	441	406	
408	443	401	430	
413	419	448	438	
420	437	417	404	
430	421	446	449	
412	417	427	406	
418	417	416	412	
433	408	439	411	
432	446	433	435	
410	406	434	432	
426	437	444	417	
439	429	423	432	
468	494	470	455	
454	479	487	455	
487	492	489	473	
465	458	453	497	
474	454	476	477	
451	454	459	497	
483	494	487	460	
478	481	492	498	
488	496	465	486	
466	495	490	483	
453	451	474	480	
460	489	457	494	
479	458	475	454	
470	477	497	487	
483	496	464	469	
450	477	476	481	
469	472	495	462	
483	470	481	484	
499	488	473	471	
478	457	485	462	
465	464	489	468	
471	467	480	474	
499	458	487	461	
488	493	484	451	
464	471	456	451	
450	464	496	473	
458	476	460	489	
465	487	494	479	
487	482	472	488	
484	451	465	480	
482	466	455	458	
480	470	452	467	
451	489	464	499	
453	458	496	473	
477	465	486	499	
495	489	454	497	
476	451	471	456	
489	484	473	491	
472	490	491	498	
498	458	488	459	
469	490	498	457	
495	464	488	454	
496	482	454	499	
458	472	460	459	
453	467	481	475	
458	497	465	455	
481	472	484	488	
473	488	499	484	
477	491	488	460	
499	478	486	465	
0	17	34	2	23	
48	43	11	18	37	
15	35	5	10	21	
15	8	24	41	1	
27	19	44	34	17	
1	14	45	21	36	
10	0	13	1	8	
27	49	31	22	33	
48	44	30	7	8	
28	21	3	32	39	
0	28	34	39	35	
49	10	39	16	2	
22	43	6	37	17	
3	17	35	12	43	
41	24	44	8	29	
24	30	10	3	49	
30	2	36	9	25	
6	40	39	27	30	
45	7	0	10	35	
0	21	29	23	27	
46	26	45	0	28	
3	37	4	35	7	
44	10	27	45	6	
21	22	6	13	44	
5	11	1	30	49	
32	7	35	4	19	
39	36	38	30	9	
47	19	33	44	42	
23	35	33	48	9	
40	45	30	31	47	
2	39	37	41	28	
3	0	25	24	37	
17	21	41	39	24	
20	5	18	2	26	
34	47	31	32	19	
28	18	30	12	13	
9	16	14	24	32	
25	0	4	34	22	
44	7	2	36	35	
28	34	3	25	45	
30	6	35	4	7	
37	12	44	27	41	
23	30	1	12	31	
14	40	30	39	17	
44	9	25	23	4	
1	34	47	26	19	
34	0	25	44	36	
2	41	45	17	21	
6	9	18	28	46	
11	29	24	49	30	
69	55	57	78	90	
64	56	79	83	52	
70	54	97	67	52	
58	75	79	64	70	
98	90	70	72	53	
98	76	53	73	57	
74	85	96	92	61	
63	75	90	59	92	
87	95	81	82	88	
91	83	98	53	59	
84	54	51	58	98	
88	92	73	71	57	
89	83	91	60	93	
86	61	91	94	68	
55	97	73	70	68	
79	65	83	90	72	
60	85	97	93	98	
76	97	87	79	58	
77	52	82	83	88	
55	52	95	63	79	
76	51	98	70	78	
86	81	84	90	80	
51	63	56	73	61	
74	84	98	75	67	
78	74	99	84	53	
58	69	95	89	76	
52	59	84	87	56	
54	76	95	78	62	
59	89	64	54	62	
85	82	95	61	93	
53	71	88	56	70	
50	69	61	80	90	
94	83	64	92	60	
58	63	99	67	88	
56	88	91	96	66	
99	78	84	76	80	
62	98	71	53	77	
74	87	91	88	81	
62	57	88	85	69	
66	56	77	78	64	
85	86	66	77	99	
86	57	82	55	97	
87	71	92	55	64	
85	98	61	91	97	
63	50	52	73	62	
84	64	98	57	97	
88	95	69	72	77	
73	70	83	90	94	
71	85	58	73	66	
57	59	53	79	91	
132	149	140	118	146	
143	103	104	107	117	
106	142	146	125	101	
130	118	146	102	110	
147	129	109	133	122	
146	135	148	118	110	
131	147	104	113	139	
107	117	111	120	113	
149	115	135	126	108	
111	131	124	121	145	
145	121	101	126	119	
147	134	141	127	107	
119	137	139	103	146	
110	122	112	118	146	
119	146	136	142	130	
110	101	104	137	115	
107	125	143	146	129	
105	121	136	132	149	
137	145	127	103	146	
128	140	108	117	132	
136	119	102	101	148	
122	138	136	100	148	
139	119	108	112	107	
134	135	103	132	118	
133	129	149	107	120	
133	109	117	126	124	
115	149	132	139	127	
108	117	105	126	127	
101	102	123	129	126	
118	108	132	110	124	
113	132	138	135	145	
107	113	123	135	106	
105	127	146	135	111	
117	126	108	141	122	
118	107	145	111	116	
126	145	144	118	109	
136	128	118	109	145	
147	137	125	141	119	
111	104	149	129	139	
110	111	115	114	103	
136	130	105	103	122	
106	137	132	128	119	
115	147	102	148	141	
106	122	111	142	120	
146	148	115	143	137	
123	148	143	140	136	
137	134	127	132	102	
105	100	129	124	146	
101	118	103	122	138	
111	106	117	125	113	
189	197	186	153	162	
179	177	162	176	185	
156	184	193	181	198	
150	176	152	194	179	
185	176	183	193	194	
172	197	173	180	165	
171	169	177	196	184	
151	159	183	156	187	
165	181	187	150	195	
175	198	182	181	172	
166	178	152	191	179	
161	183	182	155	197	
152	176	193	181	177	
174	151	162	167	153	
156	188	181	151	162	
196	158	169	163	165	
172	157	170	160	175	
193	164	177	191	187	
154	153	191	176	190	
182	187	151	167	194	
188	153	187	193	154	
161	178	183	167	166	
199	165	154	164	184	
159	151	178	183	196	
164	172	153	160	179	
162	199	193	194	196	
163	186	185	188	156	
151	158	172	174	199	
198	163	170	155	178	
183	152	192	178	150	
159	181	179	197	153	
183	167	168	193	153	
151	156	165	158	175	
194	153	177	161	163	
181	163	197	188	152	
154	197	178	155	158	
173	196	198	155	189	
177	170	164	195	185	
154	170	161	197	175	
157	168	164	173	182	
152	153	199	175	195	
177	152	154	198	165	
154	199	155	174	168	
166	191	152	162	167	
159	153	196	172	157	
195	162	183	165	178	
175	177	162	180	164	
155	186	174	152	166	
161	186	155	151	191	
154	168	198	170	169	
248	219	231	200	203	
201	218	233	243	230	
210	215	226	235	202	
224	241	243	240	246	
212	240	241	238	214	
219	248	202	229	215	
229	220	223	237	242	
209	226	211	203	242	
248	217	240	242	232	
224	213	240	235	200	
240	246	216	235	242	
229	203	226	249	248	
217	246	233	223	230	
202	238	223	248	226	
211	227	207	249	212	
223	231	217	248	212	
235	207	231	208	204	
207	223	242	213	229	
206	238	203	217	249	
204	206	231	207	234	
239	203	207	200	208	
236	245	237	212	231	
226	241	214	235	205	
226	209	214	227	248	
238	208	219	213	231	
234	228	242	210	204	
241	217	239	226	247	
223	248	249	211	241	
244	245	225	223	235	
242	224	240	222	206	
216	210	228	233	226	
235	217	246	231	238	
204	230	205	225	232	
247	212	202	216	222	
237	239	223	215	235	
243	219	228	200	221	
201	212	223	242	243	
221	249	226	228	243	
209	248	222	218	224	
229	204	247	218	248	
225	215	208	241	240	
205	237	231	247	245	
201	225	217	219	207	
200	245	224	243	233	
232	226	237	219	243	
225	244	233	235	224	
233	246	223	201	217	
221	201	247	243	206	
237	211	206	200	225	
201	200	215	206	226	
265	253	266	278	261	
264	270	281	275	282	
287	277	254	290	292	
252	298	275	295	299	
279	276	259	256	260	
291	251	276	295	297	
275	266	295	293	297	
298	277	257	287	255	
263	266	289	295	274	
259	265	263	289	270	
252	279	260	285	270	
285	261	278	258	266	
270	275	271	260	264	
255	252	295	267	288	
280	296	253	279	283	
279	297	266	265	278	
293	279	281	252	294	
278	292	269	287	261	
250	276	274	292	257	
258	295	287	294	298	
295	252	294	283	272	
270	277	262	253	286	
250	265	253	296	257	
267	258	299	290	265	
258	268	269	283	274	
267	272	286	299	263	
250	277	280	252	276	
299	264	259	273	250	
271	291	281	294	293	
281	299	278	269	252	
294	298	283	269	256	
261	296	257	297	269	
270	274	282	259	257	
256	262	279	280	270	
281	258	287	293	290	
279	293	255	291	274	
289	277	270	298	279	
253	290	275	286	296	
285	252	263	290	283	
296	274	288	284	294	
258	251	294	250	286	
297	281	266	261	275	
262	292	287	280	266	
292	272	259	267	297	
270	291	288	293	252	
295	264	267	250	265	
294	269	271	286	253	
256	296	289	274	258	
259	251	269	285	287	
267	279	269	256	255	
331	315	305	306	349	
345	313	327	316	319	
318	336	330	333	312	
344	340	313	305	345	
346	303	312	344	335	
320	319	345	315	336	
311	340	318	312	323	
346	339	349	302	305	
308	302	310	305	322	
339	309	318	307	343	
347	301	337	338	324	
339	316	320	308	324	
316	318	338	313	323	
330	327	334	339	341	
316	320	344	343	327	
314	340	313	334	331	
305	342	302	327	321	
302	347	331	300	320	
346	326	300	322	341	
348	312	329	324	309	
340	311	344	346	324	
307	322	337	317	346	
322	306	329	339	333	
328	348	304	342	331	
318	306	332	315	343	
326	333	348	336	312	
328	331	324	336	307	
300	318	307	328	332	
324	329	320	335	327	
315	346	335	310	316	
337	333	338	301	341	
317	344	347	302	307	
333	337	309	307	327	
337	327	321	331	339	
322	327	312	306	313	
328	308	334	307	331	
300	324	334	326	339	
303	346	320	327	328	
317	336	308	328	347	
312	313	316	318	319	
331	314	321	317	326	
348	301	312	322	326	
338	324	328	343	332	
336	303	300	337	317	
305	328	344	302	301	
318	311	328	305	344	
307	328	312	334	331	
301	326	348	319	325	
317	341	326	329	338	
313	319	306	316	318	
382	387	356	398	375	
360	375	380	392	372	
386	374	382	399	352	
375	367	353	397	360	
389	391	372	370	354	
376	358	374	357	360	
378	357	393	395	399	
353	366	385	381	350	
392	361	354	366	377	
388	361	371	390	354	
388	397	379	355	354	
352	374	382	390	366	
358	354	388	397	363	
376	389	358	398	379	
399	377	391	350	358	
357	378	393	381	391	
387	380	356	388	353	
370	372	378	373	366	
382	368	369	371	398	
368	390	398	379	369	
380	386	375	383	376	
355	359	369	364	383	
365	371	389	374	380	
381	356	360	361	375	
366	388	395	391	363	
355	382	363	378	394	
379	366	354	396	373	
375	394	352	395	370	
392	356	359	379	387	
380	356	399	350	382	
371	390	391	387	394	
362	368	377	355	386	
386	350	388	385	380	
378	391	361	392	352	
366	395	381	361	382	
380	354	389	381	359	
388	368	392	356	381	
362	393	392	366	396	
357	354	369	376	394	
352	372	363	380	377	
350	366	372	357	389	
386	391	373	365	369	
378	374	381	363	369	
390	392	389	353	354	
389	370	357	385	351	
376	370	390	396	389	
375	379	353	384	385	
353	372	388	394	381	
396	384	372	355	399	
390	375	350	378	367	
409	433	402	440	423	
413	448	436	418	414	
432	426	410	446	444	
440	400	430	447	409	
428	400	423	444	424	
437	444	411	417	420	
407	414	408	415	416	
418	419	440	409	423	
414	441	426	438	430	
445	440	417	407	400	
431	406	421	436	412	
430	436	440	403	420	
443	404	423	444	429	
412	407	448	443	435	
430	434	433	437	432	
406	421	411	441	445	
412	427	449	404	405	
423	426	440	445	424	
409	404	430	445	447	
428	438	449	433	439	
400	441	437	412	443	
427	424	421	428	434	
436	417	434	439	407	
436	431	424	411	404	
433	447	401	440	400	
424	417	427	402	436	
404	430	431	440	425	
403	445	408	448	444	
413	403	428	414	406	
440	427	412	418	416	
437	401	422	436	404	
446	442	404	421	449	
444	427	419	448	439	
438	403	426	437	428	
402	406	445	421	422	
412	429	445	406	425	
409	419	402	443	447	
416	400	436	421	430	
408	413	435	448	414	
431	432	436	434	449	
422	417	419	440	413	
422	440	404	423	402	
412	448	408	422	439	
420	444	422	406	401	
439	425	449	440	432	
448	423	408	449	440	
419	416	427	433	411	
435	422	417	427	412	
440	418	405	401	411	
445	413	427	434	448	
468	475	463	481	462	
473	452	468	482	451	
455	490	456	481	492	
499	465	475	488	455	
495	456	465	466	463	
498	483	482	472	488	
467	476	498	472	490	
472	453	461	473	493	
499	458	466	487	452	
481	485	469	467	479	
497	458	488	456	451	
463	489	462	479	466	
471	485	463	491	494	
455	463	467	459	489	
471	496	462	490	493	
497	457	454	479	477	
484	497	490	458	469	
496	456	492	463	454	
478	479	482	483	498	
488	480	477	485	467	
469	492	452	470	466	
491	479	495	470	459	
479	481	484	457	458	
485	477	460	487	461	
497	485	491	496	459	
476	467	481	484	499	
456	492	484	469	475	
471	461	475	464	499	
493	466	481	451	478	
493	496	488	461	457	
476	472	460	471	482	
482	472	456	478	463	
496	498	451	494	460	
459	454	494	483	496	
493	462	475	477	458	
470	476	458	459	482	
497	477	466	476	471	
489	486	482	469	492	
458	473	471	459	468	
471	451	482	456	478	
482	457	451	499	464	
451	476	454	470	499	
462	460	489	495	487	
483	481	472	489	480	
460	492	472	471	486	
473	482	469	488	464	
490	497	456	452	451	
451	484	478	466	485	
476	466	462	454	472	
492	468	455	472	485	
