32	45	43	
8	47	29	
8	46	21	
8	41	39	
42	23	34	
1	17	34	
4	44	27	
17	45	43	
29	27	1	
4	0	23	
25	21	28	
45	11	2	
40	16	15	
22	48	37	
42	11	18	
2	38	33	
40	4	0	
13	31	43	
12	44	40	
22	10	24	
18	14	4	
2	5	4	
10	28	12	
18	29	25	
35	39	21	
23	1	10	
10	3	35	
19	21	30	
49	14	36	
0	20	26	
42	36	45	
45	7	6	
12	1	39	
48	39	17	
28	21	34	
10	31	9	
0	37	9	
0	8	9	
3	7	16	
45	31	8	
40	27	12	
13	46	34	
48	38	20	
30	1	43	
18	25	43	
26	46	49	
18	17	39	
41	29	25	
9	4	40	
30	24	10	
55	92	95	
83	64	72	
74	61	60	
79	75	95	
58	93	77	
80	63	64	
58	96	56	
78	87	84	
69	76	81	
74	71	84	
77	79	69	
61	56	63	
66	69	56	
93	88	62	
97	72	70	
67	65	68	
86	59	87	
69	70	58	
78	97	57	
72	51	97	
86	77	65	
65	83	56	
89	63	52	
68	60	89	
73	79	90	
96	79	93	
53	60	69	
62	61	78	
96	60	88	
89	81	51	
70	71	63	
58	99	82	
57	81	68	
65	83	75	
87	71	77	
64	56	50	
50	89	67	
97	85	75	
54	67	55	
73	78	77	
61	83	84	
54	52	85	
59	63	95	
65	60	78	
82	70	96	
78	82	67	
75	99	92	
51	92	99	
80	78	58	
59	53	51	
120	126	118	
112	149	127	
107	139	104	
133	108	149	
128	115	142	
126	142	108	
130	106	118	
115	123	106	
104	128	101	
127	107	116	
137	112	114	
113	111	107	
147	108	118	
112	109	138	
134	110	148	
147	114	105	
132	110	107	
139	125	115	
145	120	105	
139	149	107	
145	143	105	
107	134	126	
102	112	121	
142	111	105	
130	115	126	
149	100	135	
140	101	148	
133	128	112	
121	132	128	
147	133	129	
130	117	132	
143	134	112	
130	108	131	
115	112	141	
114	126	139	
115	144	131	
126	115	149	
112	111	136	
107	106	103	
124	137	126	
148	104	129	
121	102	146	
143	139	149	
129	120	116	
119	113	114	
127	123	140	
135	114	143	
138	144	147	
111	142	135	
124	138	137	
186	178	190	
190	150	172	
166	196	174	
181	171	150	
156	170	173	
189	163	180	
157	164	159	
167	166	199	
181	157	194	
178	182	167	
187	196	152	
180	177	154	
164	177	196	
177	185	179	
187	171	169	
178	187	191	
188	199	180	
176	181	160	
196	180	193	
160	192	157	
192	163	193	
187	197	170	
154	150	163	
170	155	159	
151	168	152	
189	185	197	
150	174	166	
161	164	185	
182	159	189	
190	196	158	
192	155	186	
165	184	176	
194	199	177	
191	174	152	
164	197	191	
166	159	160	
157	158	187	
192	157	180	
172	161	190	
188	197	152	
169	174	164	
162	173	163	
198	181	156	
195	188	180	
194	150	154	
151	173	162	
187	151	172	
172	182	196	
150	194	174	
173	199	181	
220	225	205	
246	239	227	
240	227	236	
247	225	213	
234	211	203	
232	221	234	
205	228	222	
211	209	217	
215	247	200	
248	207	200	
227	246	213	
228	236	243	
233	244	237	
213	239	209	
238	233	227	
249	223	204	
201	230	217	
224	203	206	
213	234	207	
233	201	217	
219	222	225	
226	248	245	
248	209	200	
201	208	216	
209	239	201	
208	206	203	
236	208	212	
203	242	217	
228	215	209	
221	230	200	
210	220	237	
211	215	246	
233	242	243	
215	232	247	
238	233	249	
235	221	227	
229	206	230	
226	242	208	
243	240	221	
205	201	215	
233	221	203	
234	247	241	
248	223	203	
232	223	216	
217	239	231	
222	203	239	
238	204	200	
209	234	215	
234	235	213	
203	204	208	
257	276	283	
295	299	293	
294	251	257	
296	295	262	
290	254	267	
266	275	293	
264	281	288	
258	294	289	
265	260	263	
261	296	260	
261	256	269	
290	267	256	
271	266	297	
259	281	283	
258	283	260	
260	270	263	
265	274	256	
285	281	298	
298	286	265	
252	272	289	
285	261	277	
279	260	265	
270	268	266	
295	299	257	
291	285	251	
281	274	264	
250	264	282	
253	294	265	
297	293	285	
288	252	255	
275	288	281	
299	266	286	
296	263	277	
253	266	255	
272	261	296	
270	294	275	
291	251	264	
292	271	278	
273	294	258	
295	299	263	
250	271	257	
276	286	252	
262	286	298	
286	299	296	
275	278	272	
269	255	260	
252	295	294	
264	260	290	
255	268	294	
299	272	258	
322	316	333	
304	318	307	
302	331	342	
347	307	300	
307	301	348	
320	327	349	
332	315	322	
329	328	331	
336	307	302	
311	324	329	
310	345	341	
328	302	346	
313	343	312	
313	302	346	
346	327	301	
325	304	334	
310	324	339	
348	339	305	
348	300	311	
318	305	327	
307	340	331	
322	325	328	
320	318	342	
332	330	303	
319	339	304	
347	318	302	
340	347	303	
308	348	312	
343	309	332	
328	315	331	
342	311	336	
303	318	308	
334	340	318	
303	311	304	
322	326	317	
342	303	301	
345	318	336	
333	342	318	
314	344	343	
306	336	343	
308	325	322	
301	314	302	
303	304	345	
349	339	331	
325	335	336	
339	302	304	
335	313	345	
312	315	316	
307	347	343	
341	313	342	
351	389	354	
391	350	375	
399	391	371	
384	375	394	
396	371	356	
387	356	376	
353	369	379	
374	369	376	
360	380	395	
360	385	374	
396	372	353	
356	385	375	
396	370	390	
370	399	365	
374	355	393	
396	358	376	
354	376	395	
357	388	374	
372	373	382	
389	396	364	
382	393	367	
369	386	354	
394	383	362	
378	380	352	
372	391	382	
351	397	372	
392	393	355	
362	385	365	
388	380	365	
355	350	358	
352	398	375	
359	358	363	
387	382	364	
370	395	383	
377	371	361	
394	393	358	
354	359	377	
384	387	357	
351	359	375	
356	369	394	
376	386	395	
399	387	375	
378	397	366	
373	359	375	
377	398	356	
370	382	391	
397	351	355	
383	368	399	
366	364	380	
380	384	378	
444	406	445	
404	422	435	
428	417	407	
422	447	427	
433	436	400	
437	415	429	
405	426	408	
413	437	404	
447	436	433	
415	417	437	
439	434	449	
418	408	403	
423	439	415	
415	447	405	
438	417	424	
432	445	449	
422	410	440	
422	405	410	
429	424	416	
401	435	402	
409	413	448	
407	445	409	
413	406	404	
444	414	420	
401	429	439	
407	429	401	
408	407	446	
435	432	421	
422	429	406	
434	432	414	
410	403	416	
435	404	420	
435	424	423	
431	445	412	
403	407	423	
405	404	420	
434	439	424	
422	424	442	
438	415	410	
406	427	426	
418	423	436	
449	413	415	
421	432	410	
430	416	407	
448	445	422	
433	417	421	
425	440	402	
434	401	406	
440	414	437	
426	429	409	
455	477	490	
497	478	466	
451	464	458	
489	495	470	
467	495	454	
460	490	465	
489	465	490	
456	487	479	
483	485	499	
478	460	459	
463	477	472	
463	466	482	
450	485	477	
484	497	488	
477	472	469	
486	489	466	
468	488	451	
454	473	459	
484	458	485	
476	497	490	
458	481	479	
472	461	474	
457	488	478	
471	462	488	
497	467	489	
490	454	471	
487	470	475	
480	451	486	
462	474	478	
488	457	473	
486	455	482	
454	482	469	
499	457	474	
495	485	481	
491	482	467	
467	468	482	
496	464	466	
475	471	498	
464	457	469	
499	491	490	
491	453	461	
477	474	482	
473	459	481	
488	474	457	
453	468	451	
460	474	469	
455	475	456	
456	458	461	
489	475	477	
469	450	461	
24	45	4	13	
15	6	39	47	
1	24	27	18	
9	18	43	15	
12	3	30	20	
11	35	25	31	
5	15	30	8	
25	12	1	43	
11	5	47	46	
24	20	39	41	
48	42	49	37	
36	35	16	40	
5	32	12	38	
49	22	28	27	
31	25	44	15	
44	48	29	42	
29	33	28	20	
16	4	49	27	
32	22	38	29	
23	35	13	16	
34	17	2	13	
5	7	23	47	
18	31	35	22	
44	2	37	31	
3	5	33	19	
10	19	0	21	
24	31	48	13	
42	35	48	12	
24	4	26	23	
40	13	1	17	
13	45	40	39	
10	41	45	18	
33	46	35	0	
45	35	25	30	
5	20	43	7	
34	7	24	47	
18	9	24	43	
1	41	16	33	
49	32	45	14	
0	16	17	33	
25	30	13	3	
2	16	38	48	
36	2	47	48	
25	18	5	3	
3	8	16	29	
28	15	41	40	
10	28	26	38	
44	3	16	9	
41	13	6	31	
4	34	29	38	
86	71	81	91	
57	94	63	98	
69	62	89	95	
58	64	71	76	
74	63	70	77	
68	53	89	59	
82	60	77	53	
96	67	84	79	
60	87	76	50	
72	87	70	83	
55	73	60	85	
53	80	97	99	
86	96	90	78	
68	65	57	74	
75	91	83	64	
58	73	93	59	
63	53	67	90	
67	81	62	53	
87	53	76	90	
78	84	60	73	
62	73	99	75	
50	93	59	67	
77	82	85	64	
78	97	82	96	
99	81	88	76	
80	85	70	81	
88	71	72	50	
63	62	53	83	
77	91	92	81	
56	88	95	55	
66	94	64	86	
62	64	85	98	
72	89	73	95	
81	83	76	92	
66	68	61	92	
85	87	54	73	
68	61	63	58	
69	95	79	90	
56	55	96	82	
74	83	54	60	
81	68	53	91	
77	76	85	81	
81	84	55	52	
87	70	85	57	
99	92	57	65	
51	67	50	80	
70	61	55	80	
84	56	70	51	
61	51	82	70	
63	56	57	75	
118	107	146	120	
131	116	101	112	
128	104	137	141	
137	124	108	127	
144	146	123	120	
138	116	115	124	
105	122	125	117	
100	112	120	130	
136	127	142	143	
111	115	121	149	
137	125	130	112	
124	129	125	126	
142	134	145	106	
112	129	138	111	
149	118	102	131	
149	106	100	132	
140	120	111	132	
146	128	126	124	
116	134	137	108	
117	100	104	139	
149	138	108	116	
117	113	144	148	
107	133	137	136	
142	125	113	126	
131	121	117	123	
111	144	114	143	
113	115	131	107	
108	137	114	147	
127	130	133	144	
148	106	139	126	
113	139	137	100	
126	118	131	136	
112	137	101	132	
108	135	125	119	
146	116	126	137	
149	120	131	136	
115	118	107	141	
107	113	137	101	
132	149	102	141	
138	129	115	136	
125	149	131	148	
113	120	139	117	
135	140	149	122	
112	113	126	128	
139	128	127	118	
148	130	110	112	
149	107	132	111	
139	135	144	107	
130	105	116	110	
101	132	115	104	
186	168	155	178	
183	196	161	163	
151	158	153	160	
157	172	164	188	
181	173	174	197	
165	155	153	174	
187	156	172	197	
193	189	194	173	
175	161	172	176	
177	151	164	172	
177	181	173	165	
184	177	162	199	
181	176	180	166	
174	194	179	156	
190	183	199	171	
186	158	192	187	
154	178	196	152	
190	178	181	188	
175	153	195	170	
179	195	168	180	
184	154	155	178	
189	176	199	187	
150	190	193	180	
195	183	192	153	
164	159	162	180	
161	191	165	193	
191	185	163	155	
151	168	150	159	
180	177	181	196	
157	187	162	153	
181	170	195	197	
196	155	166	198	
159	176	191	196	
182	199	166	169	
181	155	187	179	
158	177	195	179	
199	165	159	181	
158	176	183	153	
154	155	171	174	
173	151	177	192	
179	153	184	175	
156	191	173	177	
193	180	195	152	
197	183	188	157	
176	179	198	153	
150	192	166	183	
198	183	179	191	
171	179	173	191	
169	167	153	183	
175	179	150	168	
248	217	216	246	
216	205	244	237	
229	202	207	249	
243	208	201	232	
215	214	228	220	
205	209	223	207	
217	225	245	248	
215	210	219	217	
203	208	205	224	
203	201	233	209	
222	209	247	212	
210	217	207	230	
221	233	246	202	
249	210	228	241	
215	241	230	200	
245	218	201	223	
228	237	239	207	
202	214	234	229	
225	240	220	237	
244	212	203	216	
225	249	223	246	
247	231	233	209	
246	203	232	206	
243	222	237	232	
249	202	218	227	
230	241	229	231	
245	217	237	223	
200	232	216	222	
206	212	232	235	
220	229	208	206	
205	216	226	235	
243	238	218	216	
230	224	205	239	
234	247	212	231	
224	204	245	216	
237	221	241	223	
210	237	248	209	
206	247	240	212	
227	228	209	204	
212	208	222	201	
244	233	239	203	
232	244	227	212	
209	217	207	227	
226	231	244	236	
243	206	207	232	
226	245	213	215	
222	225	223	230	
238	218	214	248	
232	222	215	234	
215	216	200	236	
276	282	289	275	
286	257	281	253	
283	255	267	275	
288	284	274	289	
269	299	267	293	
251	297	294	250	
285	279	273	283	
255	253	270	267	
276	262	250	275	
268	282	269	285	
279	267	259	273	
277	287	281	294	
272	289	294	273	
271	258	276	254	
275	280	269	252	
293	282	281	254	
284	266	253	252	
253	276	292	288	
295	280	292	287	
253	291	282	293	
268	254	296	270	
273	252	262	260	
281	273	259	279	
251	261	292	278	
283	297	275	251	
283	277	255	252	
297	261	253	264	
256	270	260	279	
276	289	285	283	
294	258	260	270	
261	299	269	250	
270	272	286	267	
258	286	257	269	
254	251	259	256	
260	281	253	257	
284	262	256	266	
295	284	261	273	
291	287	272	292	
279	258	267	264	
251	263	255	295	
255	292	290	275	
297	285	250	280	
299	281	258	266	
283	291	267	273	
259	285	296	273	
275	297	282	252	
295	251	272	281	
293	265	296	275	
285	299	267	296	
266	275	283	269	
342	332	323	335	
315	338	342	314	
300	328	302	301	
339	315	342	325	
305	323	319	318	
316	306	307	321	
343	337	314	321	
319	335	342	338	
342	300	343	324	
321	304	341	343	
317	307	302	337	
330	318	303	319	
339	326	324	336	
336	323	306	314	
319	323	305	333	
345	320	343	312	
348	304	321	307	
346	326	304	313	
301	328	335	305	
339	332	309	338	
345	317	344	328	
338	333	309	336	
308	316	305	347	
323	314	315	336	
333	335	327	331	
326	349	330	309	
326	332	334	343	
318	306	311	340	
320	332	336	329	
336	315	316	307	
308	337	332	313	
339	306	320	309	
313	323	301	326	
314	318	329	345	
323	308	331	341	
307	332	301	344	
328	336	330	335	
308	315	313	345	
339	325	340	332	
304	319	320	336	
307	342	343	322	
308	307	338	322	
320	307	303	339	
316	341	331	306	
342	341	313	347	
311	310	309	349	
306	335	330	319	
328	341	317	346	
341	325	316	313	
337	333	330	323	
379	356	381	382	
384	370	359	350	
378	352	360	356	
395	357	386	367	
373	394	359	351	
372	378	389	387	
366	392	352	370	
372	395	375	365	
385	391	382	394	
376	364	374	351	
357	386	389	356	
396	377	359	352	
358	388	377	361	
358	380	391	388	
378	365	385	390	
360	397	380	399	
385	381	374	359	
351	395	354	364	
351	388	383	398	
370	395	399	393	
395	388	376	375	
361	379	368	395	
383	352	370	363	
383	351	375	365	
355	352	399	361	
385	395	359	390	
384	376	358	381	
370	397	355	354	
390	389	381	370	
365	353	395	362	
397	352	364	386	
357	391	366	365	
361	382	386	385	
399	382	392	351	
387	369	384	354	
374	398	391	351	
352	379	397	387	
386	370	352	350	
399	389	360	363	
362	359	371	395	
386	350	353	374	
355	389	380	365	
367	361	386	353	
373	395	385	358	
393	363	368	383	
360	352	391	390	
356	376	384	385	
399	372	392	371	
376	374	390	362	
384	361	358	388	
447	429	442	408	
440	412	446	432	
411	438	414	425	
431	417	436	419	
404	440	427	443	
447	438	448	422	
436	437	433	416	
408	438	445	444	
446	442	405	410	
437	434	431	409	
432	446	425	435	
410	435	402	414	
403	438	408	444	
417	425	413	432	
440	442	404	434	
445	422	434	435	
426	415	444	428	
438	414	411	432	
444	443	425	404	
412	415	427	432	
402	404	418	424	
439	410	400	436	
423	406	403	440	
419	427	417	420	
431	404	412	437	
429	426	431	412	
400	439	412	414	
437	408	438	412	
413	444	402	415	
430	442	421	447	
417	405	428	436	
436	449	422	447	
419	433	432	425	
441	406	442	430	
447	432	426	409	
442	413	420	441	
411	422	417	403	
449	403	447	442	
429	424	426	446	
435	443	438	448	
403	421	439	412	
447	420	401	448	
446	418	407	415	
434	414	421	410	
425	410	408	404	
433	446	418	411	
423	417	449	424	
407	427	449	411	
432	447	428	411	
415	434	411	424	
480	478	462	488	
472	490	467	451	
495	475	481	471	
485	483	496	490	
483	468	452	492	
493	469	450	477	
490	489	450	476	
467	488	495	489	
489	487	476	466	
485	484	471	454	
465	455	473	481	
469	473	466	491	
497	495	455	454	
465	462	493	453	
491	452	498	463	
495	489	453	494	
456	473	472	469	
483	466	452	465	
459	494	491	453	
485	497	464	480	
477	469	451	472	
472	471	481	458	
499	473	490	456	
466	477	493	472	
481	463	455	453	
458	471	466	472	
470	458	454	491	
472	477	465	476	
474	461	452	470	
468	482	462	469	
478	459	486	454	
479	489	460	477	
490	455	463	473	
491	476	498	468	
461	464	467	499	
484	480	494	477	
495	491	451	452	
452	459	489	461	
490	483	484	497	
460	494	462	461	
471	495	464	461	
471	493	453	491	
470	465	478	484	
470	472	462	488	
480	454	466	471	
484	460	491	457	
461	494	459	482	
454	487	452	456	
461	455	478	496	
462	469	456	458	
17	47	1	25	21	
32	2	0	6	47	
48	3	27	17	19	
29	47	15	7	12	
11	21	12	7	37	
4	32	6	22	39	
24	46	49	25	1	
35	1	33	28	5	
24	6	25	26	19	
24	21	13	18	8	
46	28	33	32	31	
4	28	46	5	13	
9	26	42	5	11	
9	14	29	30	27	
4	23	40	11	8	
45	9	0	10	24	
13	33	27	15	16	
8	39	24	40	29	
17	42	36	9	0	
39	4	44	37	31	
38	16	23	18	39	
12	4	11	6	31	
35	34	20	38	47	
14	31	22	1	47	
7	35	25	20	49	
40	3	34	39	48	
45	47	8	24	0	
18	24	48	9	36	
33	23	48	34	14	
46	27	32	11	9	
21	39	5	18	12	
48	11	18	22	0	
43	21	30	3	1	
9	26	46	28	16	
40	38	27	25	17	
25	40	6	37	28	
27	49	25	18	38	
27	37	46	26	8	
47	7	39	38	46	
29	7	10	48	42	
43	28	33	21	49	
20	36	12	42	37	
13	24	9	35	17	
21	19	43	12	40	
30	24	38	34	31	
39	4	21	49	26	
28	27	2	43	5	
36	43	10	14	45	
49	0	33	1	10	
31	10	49	40	47	
96	67	73	58	53	
63	62	92	56	69	
79	50	76	80	72	
76	84	66	50	78	
99	78	61	63	72	
74	80	63	53	62	
59	69	54	75	81	
66	76	91	78	75	
90	85	93	89	63	
81	58	79	80	89	
64	60	54	80	51	
72	93	96	63	60	
61	72	63	89	86	
90	62	61	51	53	
96	86	54	97	61	
91	63	83	65	78	
52	75	91	97	79	
63	95	64	62	96	
88	68	70	92	95	
74	66	73	75	94	
52	81	90	62	92	
96	74	92	93	63	
64	92	59	63	87	
87	81	77	64	88	
52	81	51	80	91	
67	75	59	57	80	
72	90	68	63	82	
66	79	97	54	55	
88	95	65	71	87	
81	52	70	62	82	
52	67	66	72	97	
74	70	59	76	64	
69	54	50	59	51	
65	90	71	83	59	
56	54	80	75	90	
56	99	66	94	84	
67	80	52	57	73	
59	69	51	50	97	
60	68	81	51	96	
53	76	59	81	91	
77	62	98	96	50	
76	80	98	99	81	
79	51	82	77	89	
82	83	63	71	94	
86	63	94	93	79	
91	73	75	64	83	
71	58	93	69	76	
77	74	53	58	73	
68	51	63	66	99	
88	86	95	50	60	
119	104	125	116	106	
102	113	106	119	127	
119	104	139	112	138	
119	117	146	105	120	
147	109	133	149	114	
148	138	118	128	103	
105	115	130	114	148	
103	123	116	121	141	
119	128	100	131	123	
113	112	116	143	100	
134	112	145	116	125	
101	126	148	104	116	
120	144	125	134	139	
129	141	102	127	144	
108	129	101	119	118	
125	130	120	113	149	
141	147	142	134	104	
130	113	119	103	126	
112	149	113	118	130	
108	128	109	103	102	
100	105	131	132	140	
106	110	127	149	138	
142	125	102	138	119	
105	147	124	128	126	
148	117	135	121	118	
122	117	129	107	104	
123	126	116	139	136	
127	100	106	135	113	
134	142	103	114	109	
117	114	111	115	131	
141	117	109	126	108	
132	117	148	100	111	
139	101	145	137	129	
102	122	126	128	137	
147	116	139	142	125	
121	104	125	122	143	
149	113	100	111	147	
115	145	143	106	135	
104	142	113	116	128	
145	109	142	133	148	
141	149	117	129	104	
140	112	148	126	144	
118	116	145	139	129	
143	120	113	129	142	
116	136	141	144	104	
129	134	102	138	149	
104	118	124	100	129	
129	130	138	133	126	
144	149	114	139	120	
125	114	120	118	123	
175	171	168	182	177	
194	169	166	196	190	
185	175	174	160	153	
190	178	177	169	187	
193	198	199	165	179	
172	195	188	162	158	
167	195	185	163	153	
166	150	197	154	165	
179	184	178	153	185	
185	171	155	175	184	
150	156	157	162	196	
154	182	199	195	172	
175	168	178	160	159	
163	150	169	179	186	
151	198	188	197	162	
161	194	180	169	192	
176	195	187	177	178	
181	197	161	159	185	
196	162	175	163	151	
170	162	172	160	163	
165	182	163	162	168	
192	180	193	165	183	
175	195	152	170	174	
177	150	154	174	185	
170	161	184	154	160	
159	199	184	178	195	
166	174	169	157	199	
179	172	154	183	197	
157	175	162	155	165	
160	172	191	170	159	
184	198	199	158	159	
177	153	193	159	190	
166	188	173	195	168	
162	179	171	164	169	
199	180	171	187	157	
151	175	150	197	183	
196	179	158	155	159	
171	159	181	191	163	
185	167	186	154	183	
185	156	191	192	197	
188	181	189	197	184	
177	195	183	168	173	
150	162	159	184	185	
193	195	171	162	176	
152	151	184	172	199	
184	170	174	153	165	
179	197	150	169	195	
151	178	182	199	181	
184	162	173	178	167	
182	168	192	183	194	
211	236	234	216	205	
216	245	243	237	242	
203	227	200	220	216	
232	242	235	228	210	
234	211	217	213	226	
249	240	222	229	219	
235	247	207	203	241	
235	208	216	200	210	
244	225	211	231	214	
201	211	217	244	227	
225	228	204	236	240	
240	230	219	231	201	
232	206	234	249	238	
225	242	241	207	244	
214	220	245	223	208	
231	227	214	229	245	
222	204	207	237	221	
235	243	228	205	233	
248	215	245	206	242	
203	247	229	227	222	
207	204	238	229	210	
221	207	237	239	202	
213	240	228	241	209	
210	242	236	211	238	
214	238	216	231	225	
203	233	247	240	246	
203	232	227	244	239	
229	234	248	226	233	
249	245	209	205	230	
217	213	226	239	227	
211	240	225	243	224	
233	202	235	208	244	
206	218	239	246	233	
208	216	211	217	203	
234	213	244	217	245	
233	249	204	208	242	
245	239	206	233	241	
228	224	203	223	239	
219	213	237	247	216	
216	245	220	223	210	
221	240	209	246	225	
241	229	218	204	212	
232	228	227	206	240	
213	219	234	227	207	
212	205	244	217	228	
228	202	240	248	241	
211	249	215	201	200	
248	227	238	239	201	
225	211	207	235	245	
206	223	213	200	249	
286	264	281	295	278	
296	281	297	286	260	
260	251	282	270	259	
270	295	282	254	272	
251	262	287	297	282	
285	267	282	292	299	
267	294	281	285	274	
260	262	264	277	286	
299	278	293	257	258	
275	278	262	264	295	
255	266	282	289	295	
252	299	260	256	265	
257	275	285	276	259	
268	257	270	250	259	
263	271	253	261	295	
284	293	291	289	299	
281	253	262	251	272	
292	279	264	268	285	
258	281	289	287	286	
298	277	283	294	252	
273	277	257	276	254	
293	291	284	263	265	
286	296	281	278	268	
281	282	251	261	258	
266	259	296	268	283	
286	258	292	264	291	
277	255	265	282	267	
279	269	274	270	287	
290	299	264	271	256	
265	261	284	258	287	
298	285	275	257	299	
260	264	298	253	272	
264	258	280	289	279	
253	276	264	298	260	
256	291	283	255	267	
262	271	274	260	272	
253	261	286	298	254	
289	278	259	286	261	
275	286	293	254	253	
269	282	276	264	262	
274	282	262	269	280	
261	275	262	264	273	
260	297	265	287	254	
290	257	260	250	270	
292	268	295	265	264	
272	294	267	289	259	
289	257	285	253	299	
255	297	250	292	267	
297	290	251	278	280	
288	281	273	276	258	
332	309	316	338	315	
306	323	318	319	312	
341	327	302	338	342	
316	330	347	305	334	
311	320	335	331	334	
303	328	322	320	336	
314	349	307	306	333	
335	304	310	300	327	
304	346	325	327	319	
324	336	334	335	318	
345	347	344	311	329	
302	336	347	341	319	
306	337	330	317	341	
309	322	343	305	337	
337	308	344	328	327	
319	306	329	322	309	
321	316	323	327	331	
349	342	323	318	331	
346	306	342	330	319	
312	334	315	331	347	
302	338	321	334	325	
330	334	332	337	321	
330	312	324	301	316	
335	324	315	328	306	
312	305	347	303	349	
336	320	340	327	318	
330	328	300	326	347	
335	316	301	313	337	
331	300	344	328	305	
339	342	308	341	336	
335	331	319	327	306	
341	342	302	324	312	
337	316	312	321	333	
331	322	339	341	330	
339	319	301	334	317	
342	314	317	312	346	
302	308	336	322	316	
334	311	348	346	345	
306	310	349	309	333	
344	306	322	329	325	
326	320	318	300	336	
349	304	338	341	332	
348	304	326	319	316	
331	333	343	349	348	
337	319	314	302	343	
304	330	328	307	316	
309	327	341	343	312	
322	334	330	347	338	
341	318	317	339	316	
346	303	339	316	319	
359	377	369	374	390	
361	355	378	362	367	
375	371	396	395	393	
364	395	388	381	383	
375	397	364	388	356	
366	391	379	384	388	
389	367	359	374	398	
366	350	396	351	375	
367	352	363	381	355	
374	398	363	358	395	
355	360	372	359	396	
392	351	359	361	369	
384	364	390	368	393	
351	380	350	364	372	
387	355	381	384	378	
354	377	394	393	350	
364	374	366	361	354	
384	355	367	362	398	
350	369	392	353	373	
380	395	377	350	367	
372	355	389	364	353	
383	355	377	358	368	
365	398	384	359	386	
382	388	375	396	369	
381	353	361	371	356	
390	378	360	370	385	
382	396	381	355	369	
380	356	377	382	358	
386	389	377	357	351	
395	351	357	399	378	
383	386	357	350	374	
382	395	364	352	391	
389	353	375	364	365	
354	387	378	391	372	
359	383	378	360	388	
371	357	373	383	359	
353	394	399	364	357	
376	372	367	394	365	
378	350	358	355	363	
376	374	397	371	367	
362	398	388	396	350	
394	355	360	388	354	
362	371	360	387	385	
350	366	380	355	384	
352	351	373	355	392	
374	388	384	363	383	
378	390	354	398	396	
368	359	360	382	396	
364	368	366	367	388	
371	361	350	399	352	
428	426	407	440	431	
439	433	413	410	421	
429	410	415	438	446	
408	431	409	446	434	
433	438	449	405	425	
433	422	441	401	421	
412	436	438	413	405	
423	448	410	408	418	
411	438	417	409	433	
448	427	414	431	424	
425	435	400	401	445	
439	440	412	443	421	
408	405	412	432	436	
440	424	427	437	438	
446	411	413	427	426	
407	415	445	403	404	
427	416	447	439	425	
411	428	422	412	430	
432	447	412	406	444	
432	446	408	400	417	
431	434	410	422	423	
432	435	442	400	424	
424	446	401	426	443	
404	442	428	400	430	
403	431	406	439	436	
441	429	422	412	423	
408	401	409	439	428	
416	413	403	407	420	
422	425	400	439	406	
415	408	433	402	419	
414	411	446	443	407	
422	433	426	440	416	
440	436	411	412	442	
429	439	435	406	423	
439	418	434	444	409	
412	439	420	437	418	
409	433	423	445	425	
420	439	424	441	418	
423	405	434	419	417	
411	400	418	444	446	
449	438	421	409	405	
405	437	430	410	419	
435	415	416	430	412	
417	410	426	403	429	
443	432	424	419	402	
437	443	445	441	405	
415	437	421	401	445	
445	414	446	407	405	
441	447	424	429	445	
449	444	424	426	429	
486	491	499	490	487	
469	468	458	461	466	
476	471	488	475	472	
465	460	481	475	452	
487	481	475	460	464	
455	488	484	499	494	
454	475	457	467	463	
462	455	477	466	490	
465	484	480	485	460	
464	498	456	485	460	
488	489	468	492	481	
459	466	474	471	468	
499	468	455	484	491	
476	451	468	465	496	
462	485	491	461	463	
492	494	460	485	465	
480	464	467	497	495	
484	458	474	486	481	
450	468	477	471	478	
498	456	467	494	468	
459	498	454	475	450	
450	491	481	494	498	
499	452	481	451	458	
453	469	456	452	470	
495	463	462	481	498	
490	487	471	477	486	
485	475	486	465	464	
452	464	453	454	462	
498	471	465	469	470	
474	473	490	476	480	
461	456	481	487	471	
457	485	490	466	454	
488	486	476	464	469	
476	482	451	479	483	
459	478	488	481	468	
469	466	474	456	453	
472	476	494	461	458	
483	462	458	482	497	
466	487	476	469	451	
492	453	488	471	458	
465	468	470	497	486	
488	456	495	458	472	
488	459	489	478	463	
459	483	471	469	467	
494	473	477	467	499	
493	498	491	457	495	
463	476	494	490	486	
489	474	452	479	466	
465	489	478	482	474	
495	465	472	457	490	
466	90	339	58	46	106	
329	292	376	238	78	135	
206	460	34	177	362	200	
177	239	493	23	175	133	
20	275	103	436	499	172	
413	245	305	93	15	178	
277	370	422	266	77	355	
269	416	125	20	221	162	
274	195	218	100	321	401	
374	339	378	1	329	383	
77	47	0	165	286	219	
369	38	276	244	193	251	
228	385	197	176	239	491	
363	85	162	282	125	288	
294	25	283	48	122	49	
79	373	254	76	128	473	
478	151	78	143	483	467	
326	100	169	239	77	76	
257	404	102	442	444	322	
418	298	269	257	42	10	
49	402	2	266	317	11	
362	275	183	39	244	82	
346	202	352	91	30	119	
64	434	432	197	206	247	
80	424	152	61	174	337	
50	75	264	85	420	206	
423	104	298	99	369	289	
311	253	343	417	445	296	
96	74	346	301	230	470	
226	132	134	343	470	427	
340	291	0	427	197	342	
485	200	212	88	187	389	
377	125	266	330	246	450	
285	94	188	325	484	273	
316	135	123	350	387	240	
187	154	341	338	497	416	
166	217	24	417	452	85	
153	409	33	289	162	277	
352	439	441	129	471	160	
287	324	21	229	458	114	
203	43	393	319	417	73	
409	383	459	96	432	340	
294	85	20	82	324	385	
452	404	198	102	286	16	
95	393	474	54	140	494	
61	67	324	50	100	220	
419	480	448	385	380	429	
366	63	289	27	350	259	
70	481	76	113	489	280	
400	237	10	56	211	168	
267	498	219	203	93	264	
296	158	275	151	404	410	
170	350	128	295	238	318	
4	478	138	229	26	78	
323	315	97	436	191	400	
458	192	455	368	204	330	
127	378	488	87	156	151	
21	434	496	472	88	14	
67	52	182	364	120	369	
171	467	308	231	382	164	
406	23	15	348	47	214	
67	425	47	302	377	169	
360	210	259	170	66	72	
206	400	295	354	430	346	
307	405	98	78	389	304	
337	484	185	129	305	477	
358	14	402	212	221	129	
107	131	453	216	261	21	
204	499	161	349	22	104	
435	474	473	328	124	223	
377	24	254	62	189	325	
305	302	358	488	337	465	
134	145	156	132	7	160	
58	22	224	394	405	231	
300	69	50	434	418	316	
362	418	290	320	323	436	
339	98	270	89	415	139	
299	76	139	83	331	75	
149	6	450	265	249	215	
481	183	152	48	482	338	
475	335	252	58	251	268	
47	7	25	440	57	231	
198	242	67	53	434	270	
87	39	97	131	493	170	
261	380	358	140	429	56	
128	190	176	269	46	201	
483	86	80	361	435	459	
323	393	411	272	468	418	
344	34	51	382	13	387	
336	313	226	499	32	340	
313	382	45	27	30	491	
201	196	435	300	169	326	
24	112	310	409	373	456	
397	451	28	290	55	256	
247	178	89	476	292	129	
227	242	131	37	119	328	
427	221	349	277	266	152	
204	22	33	49	409	397	
258	71	339	488	140	74	
153	358	45	13	210	271	
10	315	446	341	329	374	22	
208	220	476	286	197	266	11	
360	114	426	4	126	319	334	
76	18	440	16	447	140	470	
245	114	464	172	235	333	179	
285	423	441	326	468	398	373	
242	166	292	321	139	440	134	
187	457	4	17	447	186	374	
33	14	183	352	265	351	338	
419	224	331	58	53	77	343	
82	47	154	16	199	343	189	
472	321	254	33	129	190	127	
425	470	371	208	66	362	85	
431	400	425	450	160	444	282	
73	176	57	331	482	12	478	
297	51	328	72	429	181	243	
173	164	355	291	230	442	497	
379	165	467	16	166	417	27	
405	77	313	85	183	338	442	
59	326	401	279	393	124	130	
497	271	405	181	137	131	28	
76	423	145	317	182	355	289	
222	70	120	470	177	110	39	
460	282	492	182	399	365	197	
57	284	260	452	482	413	245	
182	344	77	300	106	18	157	
30	149	498	468	462	29	78	
491	198	45	117	152	258	477	
276	38	326	236	10	1	282	
373	108	372	455	323	337	357	
178	367	204	346	83	21	46	
301	410	199	423	281	457	274	
380	235	484	62	302	291	165	
463	356	94	390	140	496	145	
232	44	284	251	37	135	167	
39	129	465	291	304	475	456	
365	128	70	375	319	492	265	
341	0	372	197	495	368	131	
64	170	196	135	157	59	439	
374	39	205	445	68	330	324	
91	295	251	303	142	427	401	
180	143	206	286	19	483	222	
166	239	230	280	299	248	109	
378	103	174	377	166	239	275	
378	138	170	399	426	364	207	
10	4	286	375	368	227	51	
297	396	271	304	218	411	351	
129	352	363	173	387	130	74	
418	86	72	125	272	94	382	
407	185	271	458	267	98	42	
328	5	389	12	452	490	437	
120	459	115	275	298	206	183	
427	19	151	54	66	480	194	
304	332	336	310	215	351	161	
137	123	457	91	191	315	62	
456	278	474	10	166	481	117	
452	460	162	289	327	463	24	
261	252	50	29	257	284	51	
326	235	201	293	347	112	145	
130	96	239	187	284	27	339	
276	460	277	219	39	351	408	
218	133	117	153	244	109	450	
182	350	99	144	226	268	343	
402	399	305	220	198	325	90	
249	387	160	273	283	371	27	
231	128	461	75	268	367	376	
254	203	274	478	206	350	428	
213	45	138	19	72	118	122	
133	368	84	216	187	478	134	
22	347	375	381	112	2	391	
30	422	119	272	474	482	174	
208	456	64	278	174	408	376	
486	353	175	386	87	204	361	
470	160	151	381	141	74	84	
445	175	54	430	334	129	22	
416	444	53	318	95	165	483	
167	72	296	93	106	452	319	
229	249	446	274	304	231	134	
119	288	43	456	348	342	178	
360	50	478	434	81	192	465	
116	265	85	380	248	292	99	
403	193	466	313	297	89	387	
394	123	0	69	131	442	74	
172	322	51	435	411	181	405	
52	252	299	11	80	294	351	
40	166	29	382	400	315	364	
207	405	328	323	324	402	335	
222	298	142	417	302	246	328	
465	472	303	104	316	3	139	
380	353	293	462	292	308	247	
355	145	438	493	373	53	170	
109	293	474	186	57	390	355	
225	89	147	355	257	470	495	
419	119	293	134	397	122	185	
210	71	270	292	498	353	175	
111	363	64	31	203	20	286	
190	110	229	188	445	434	407	
313	17	170	415	76	64	379	
439	193	491	372	106	249	57	
493	288	154	390	186	126	388	
327	414	339	15	93	145	497	39	
66	421	356	111	88	325	328	132	
360	430	369	497	478	301	32	8	
393	322	255	246	102	111	1	457	
367	207	352	71	297	191	11	133	
403	290	267	184	346	10	453	114	
468	125	136	161	66	486	13	143	
30	326	497	418	492	205	307	99	
456	342	152	461	163	210	497	111	
380	45	143	1	337	440	235	258	
194	221	488	38	443	202	438	308	
445	316	348	120	324	213	19	469	
175	230	424	408	459	263	416	329	
459	409	127	128	257	351	297	170	
42	289	434	39	361	53	140	36	
186	297	379	313	280	414	256	210	
14	82	272	224	275	129	21	384	
346	477	422	390	460	108	471	201	
277	7	296	98	29	466	34	382	
498	413	112	363	256	473	282	475	
82	61	155	460	27	385	65	193	
399	123	87	172	416	339	48	249	
309	246	117	333	284	267	129	5	
57	458	434	388	129	278	146	263	
122	482	304	305	100	433	161	0	
176	322	118	175	42	56	371	257	
241	300	250	46	104	89	84	284	
184	384	495	268	426	144	344	477	
3	422	495	242	158	233	81	207	
226	173	358	21	59	164	432	304	
462	233	285	37	99	153	124	119	
100	340	348	74	376	66	25	96	
339	221	139	473	208	222	390	99	
221	483	149	232	247	403	257	133	
214	30	242	436	73	345	216	359	
480	6	424	345	443	455	439	323	
261	124	218	75	293	100	278	395	
314	341	410	94	105	422	290	421	
84	248	454	417	24	432	258	40	
354	398	34	11	147	25	498	377	
385	26	356	97	176	244	230	34	
4	494	452	176	483	145	30	82	
457	347	282	3	396	249	190	434	
298	268	427	285	324	17	491	450	
25	336	4	316	216	197	22	367	
410	275	339	62	191	383	433	103	
140	11	141	145	169	404	199	486	
223	318	43	257	481	267	122	343	
285	454	378	43	404	269	281	217	
445	54	361	26	179	392	181	336	
114	413	150	299	476	269	374	68	
151	59	222	192	468	268	1	252	
207	362	467	460	74	79	333	111	
489	361	159	147	304	473	266	360	
383	197	426	166	439	431	422	180	
22	415	155	48	195	419	57	237	
200	448	118	259	420	177	52	474	
382	429	480	423	477	187	416	210	
109	458	158	34	64	21	385	294	
396	153	229	259	134	46	161	412	
83	472	410	123	444	258	288	236	
485	56	250	479	232	7	344	244	
159	242	480	395	408	391	280	357	
413	5	269	133	184	215	116	229	
121	387	170	196	401	118	490	436	
277	264	425	388	14	104	389	93	
243	352	135	198	335	232	310	156	
60	21	461	196	123	298	169	474	
193	202	93	31	472	68	258	463	
365	249	348	440	358	67	322	22	
218	286	170	129	294	130	117	151	
201	404	497	452	194	0	55	330	
34	464	395	105	128	136	329	305	
303	196	14	412	56	128	274	469	
264	284	184	245	170	44	328	9	
244	98	322	481	287	460	341	140	
361	440	309	379	452	168	145	50	
117	166	353	372	389	306	338	491	
157	411	253	394	249	265	126	494	
334	184	163	50	10	96	321	186	
318	260	291	74	303	230	125	5	
187	436	365	350	11	357	181	490	
434	184	396	264	163	482	325	98	
192	70	362	403	425	368	115	413	
146	104	82	140	44	391	341	166	
83	274	46	384	282	78	34	197	
260	264	39	243	408	460	240	85	
342	296	372	244	250	53	167	51	
35	372	233	71	324	389	293	356	
179	205	18	298	202	221	112	116	
129	121	71	209	145	45	496	316	
333	332	3	318	242	463	117	121	
253	109	460	134	369	52	303	107	
70	460	82	113	201	310	33	329	
361	330	303	426	77	27	389	383	
169	75	196	1	148	253	442	180	
277	183	67	210	66	259	72	425	
494	60	171	356	45	91	11	56	
243	105	336	439	423	11	75	331	
298	331	440	27	391	34	318	2	
