40	28	41	
26	48	9	
37	23	31	
36	40	10	
27	7	40	
46	26	18	
49	45	44	
5	47	13	
41	22	13	
1	0	4	
30	41	0	
11	25	35	
22	29	2	
46	40	39	
11	37	30	
48	22	4	
33	30	18	
43	32	0	
22	0	44	
15	46	29	
23	12	22	
0	45	16	
47	26	15	
19	34	27	
33	29	4	
11	15	25	
45	6	41	
23	22	37	
6	33	10	
44	31	20	
12	25	8	
8	35	33	
47	0	28	
12	36	1	
31	13	45	
7	0	23	
6	23	36	
1	21	31	
5	21	10	
11	17	45	
3	20	0	
22	23	1	
34	40	18	
12	24	8	
7	12	20	
43	29	3	
40	30	44	
7	2	1	
27	32	19	
21	22	29	
71	64	69	
76	93	68	
59	50	96	
82	52	71	
66	67	61	
54	52	77	
87	66	50	
59	94	90	
98	67	78	
95	85	78	
69	64	50	
89	84	67	
63	57	50	
78	73	86	
99	56	64	
81	55	82	
74	80	70	
83	98	73	
59	99	68	
63	69	96	
98	58	88	
87	58	90	
67	84	85	
75	55	57	
90	57	72	
92	82	94	
67	62	51	
59	88	79	
50	77	70	
83	65	68	
74	86	51	
98	86	55	
97	87	63	
87	58	71	
97	81	86	
89	80	83	
96	99	55	
82	71	83	
60	76	56	
87	59	76	
55	68	62	
70	62	76	
96	87	68	
91	88	69	
55	91	71	
63	51	90	
97	95	96	
96	61	67	
74	92	82	
71	98	72	
103	133	119	
130	134	137	
139	148	118	
131	140	141	
127	130	108	
120	115	126	
142	132	125	
129	106	110	
122	128	121	
129	118	103	
119	132	134	
131	149	122	
111	113	106	
145	113	141	
141	105	121	
106	108	143	
125	124	115	
144	139	115	
130	148	120	
127	126	138	
139	133	131	
125	135	108	
114	115	120	
123	128	112	
142	128	132	
122	121	112	
139	125	112	
136	117	113	
104	147	115	
124	133	135	
101	118	132	
125	121	128	
128	106	147	
120	139	128	
148	105	113	
148	122	129	
129	125	126	
149	139	130	
108	139	136	
110	147	146	
118	130	132	
129	135	138	
119	140	141	
115	107	109	
104	117	131	
147	104	116	
133	124	100	
131	125	142	
107	133	117	
135	138	100	
177	178	182	
164	184	189	
182	192	158	
163	153	155	
192	182	177	
176	191	161	
198	150	159	
163	151	188	
171	150	163	
169	177	168	
198	197	180	
197	159	158	
174	183	181	
187	178	170	
152	195	178	
165	193	156	
190	165	154	
178	190	171	
191	185	173	
178	159	151	
172	158	160	
180	176	163	
185	193	157	
161	198	151	
190	153	192	
159	190	150	
157	198	164	
163	171	186	
168	182	184	
152	165	176	
199	151	171	
179	160	186	
167	177	158	
172	186	167	
168	175	199	
163	174	195	
181	153	162	
165	174	150	
177	156	172	
197	188	178	
153	189	177	
197	167	187	
186	184	163	
175	179	184	
168	163	169	
183	196	173	
166	187	161	
190	188	196	
187	163	169	
193	159	196	
248	241	247	
213	222	208	
202	211	212	
209	240	226	
242	230	236	
247	228	226	
222	244	230	
230	205	242	
216	223	201	
205	202	221	
240	234	216	
208	219	238	
218	224	245	
231	208	220	
200	209	214	
222	207	225	
217	228	206	
214	241	211	
240	211	217	
212	236	215	
236	239	232	
208	200	232	
231	233	217	
246	211	222	
219	202	216	
226	232	200	
210	213	241	
229	227	210	
234	221	239	
204	228	238	
229	210	215	
244	226	203	
201	220	204	
215	243	222	
246	203	238	
233	216	244	
215	244	202	
206	232	221	
211	212	238	
243	231	233	
206	236	221	
228	240	232	
208	238	200	
210	212	246	
201	249	236	
242	203	211	
229	242	210	
236	211	245	
208	238	218	
219	223	213	
253	262	269	
299	256	265	
261	284	258	
298	278	277	
297	298	250	
292	287	252	
277	275	259	
294	252	298	
286	287	299	
257	256	278	
268	292	257	
282	255	253	
284	281	279	
263	255	260	
265	287	286	
290	264	251	
257	299	266	
289	278	266	
256	269	280	
258	269	287	
280	279	266	
293	274	254	
296	285	284	
251	259	297	
267	273	299	
275	278	260	
290	295	272	
293	274	272	
292	267	279	
264	266	286	
273	279	257	
274	266	270	
254	282	269	
289	254	286	
255	291	287	
287	253	275	
256	259	270	
277	259	285	
252	273	296	
269	266	271	
293	260	286	
270	269	254	
257	255	287	
282	298	254	
253	263	257	
286	260	295	
290	266	274	
259	276	290	
260	252	272	
298	256	273	
346	336	328	
349	332	302	
338	346	336	
319	306	326	
313	326	334	
349	336	312	
331	303	314	
335	333	349	
314	315	319	
339	323	319	
340	326	349	
309	301	317	
349	342	328	
314	334	333	
344	302	342	
325	343	348	
315	321	305	
316	310	317	
335	304	306	
323	344	340	
326	312	318	
325	336	340	
306	339	315	
331	333	315	
342	325	301	
323	307	327	
323	334	345	
336	339	322	
321	323	322	
300	313	318	
345	307	336	
343	341	348	
332	347	328	
321	309	310	
302	327	311	
317	315	340	
341	318	306	
349	325	333	
308	332	319	
304	312	326	
341	346	335	
316	321	339	
328	332	304	
312	307	325	
330	347	337	
323	345	344	
306	312	302	
324	313	332	
304	320	325	
345	325	322	
364	356	396	
383	392	367	
385	398	364	
369	375	367	
381	358	370	
350	382	391	
380	398	360	
356	385	382	
357	371	399	
364	391	357	
382	376	360	
384	392	376	
380	399	360	
390	370	385	
384	350	360	
375	399	355	
388	398	372	
374	363	375	
361	399	370	
397	356	384	
359	380	393	
375	378	398	
383	373	361	
398	372	390	
350	371	395	
381	364	369	
385	369	395	
371	350	353	
373	397	378	
357	387	369	
390	396	377	
395	359	351	
365	374	384	
385	389	377	
379	374	357	
380	374	381	
379	378	392	
389	359	388	
391	370	354	
388	377	387	
387	382	398	
350	399	383	
375	390	378	
375	368	385	
364	370	399	
387	356	394	
357	362	350	
367	379	387	
367	363	386	
393	394	355	
431	449	439	
421	444	401	
401	435	445	
418	419	431	
407	442	435	
448	406	442	
440	414	426	
419	407	404	
418	434	420	
414	412	431	
405	415	448	
433	447	407	
449	446	419	
437	442	439	
409	407	431	
446	443	442	
430	405	426	
402	404	418	
418	430	412	
447	431	405	
409	428	438	
408	441	447	
411	442	404	
406	444	445	
403	445	414	
412	409	438	
404	405	435	
436	439	427	
443	434	407	
431	428	419	
418	421	422	
444	431	409	
449	404	408	
427	403	428	
414	419	402	
431	401	411	
439	428	424	
430	424	415	
433	421	408	
441	424	416	
433	445	407	
418	410	411	
436	418	425	
428	442	415	
447	402	410	
440	409	411	
420	431	426	
449	420	426	
424	422	449	
400	425	433	
486	461	491	
462	494	485	
497	483	469	
496	457	499	
465	462	458	
489	456	483	
474	488	457	
499	450	478	
452	482	454	
463	493	497	
474	463	475	
454	482	450	
483	454	471	
483	458	488	
454	468	497	
458	489	461	
484	471	497	
467	471	486	
450	462	466	
458	489	488	
479	457	466	
452	483	486	
467	464	454	
461	486	464	
472	475	467	
495	453	471	
457	484	481	
466	471	496	
490	458	454	
469	498	480	
495	460	485	
458	466	493	
499	492	474	
464	467	477	
465	478	454	
497	464	489	
455	499	473	
490	491	460	
484	467	494	
480	470	473	
481	455	486	
481	454	469	
457	481	474	
452	472	473	
472	452	480	
497	468	489	
491	484	452	
492	474	493	
487	469	470	
499	480	491	
39	17	7	34	
47	21	43	19	
29	47	28	11	
22	7	21	4	
15	49	24	7	
19	41	5	48	
12	0	27	11	
41	1	0	29	
37	22	5	32	
44	48	27	23	
20	2	47	45	
31	7	36	23	
34	43	32	47	
0	35	12	14	
34	31	39	0	
9	27	20	21	
4	44	43	13	
32	41	13	9	
17	21	6	35	
15	33	7	17	
16	49	44	24	
23	31	18	37	
1	42	23	49	
23	22	45	0	
37	39	21	31	
35	0	43	14	
38	16	27	30	
21	23	10	38	
32	46	25	7	
43	20	18	17	
31	23	18	49	
5	44	34	14	
28	33	27	17	
17	11	14	28	
28	33	17	16	
45	12	44	14	
45	32	25	35	
24	1	0	14	
49	3	16	12	
19	30	6	39	
3	27	26	31	
40	16	48	26	
39	28	10	35	
29	43	12	33	
25	0	17	31	
21	9	14	33	
49	25	3	40	
2	43	30	8	
20	42	26	0	
45	39	37	18	
82	81	57	51	
99	83	57	66	
60	91	99	52	
89	75	64	96	
86	90	63	91	
84	60	97	93	
82	61	98	90	
52	68	55	58	
72	63	81	84	
96	56	69	71	
70	56	87	65	
99	80	61	72	
89	71	56	92	
90	66	86	73	
77	50	87	89	
56	65	60	62	
68	81	79	56	
70	99	76	71	
79	84	67	73	
57	95	84	79	
76	89	77	64	
68	62	50	97	
54	88	85	82	
61	83	89	70	
78	53	87	82	
62	99	74	63	
68	74	61	75	
69	77	68	83	
59	62	73	68	
81	53	96	88	
82	50	69	71	
56	77	76	65	
83	54	89	52	
74	59	92	67	
93	55	63	81	
71	95	74	58	
83	87	60	62	
97	53	85	61	
96	85	92	91	
91	75	80	61	
89	91	79	60	
81	54	69	77	
61	84	94	85	
89	75	82	90	
61	91	68	56	
96	67	98	59	
66	94	82	84	
87	65	88	50	
99	74	70	97	
55	73	54	92	
131	130	100	127	
125	122	106	143	
101	121	139	114	
101	104	147	124	
114	139	119	137	
122	149	132	128	
105	139	128	116	
140	131	120	129	
149	129	108	109	
129	117	131	113	
111	119	121	128	
122	126	116	100	
125	132	127	144	
113	134	132	116	
144	111	130	103	
139	134	133	107	
104	135	105	110	
148	145	114	109	
104	105	143	140	
109	142	100	138	
112	128	118	122	
122	118	108	104	
128	115	110	149	
119	126	123	114	
137	129	126	100	
101	145	117	133	
132	105	139	100	
132	107	139	141	
139	102	136	128	
147	142	115	123	
128	104	148	118	
146	118	136	110	
126	147	134	107	
145	140	123	113	
102	140	138	139	
126	119	108	107	
108	114	127	105	
109	133	112	124	
144	131	123	142	
143	107	122	123	
148	132	118	134	
138	120	103	148	
117	114	103	129	
147	103	125	144	
147	105	101	128	
120	132	127	108	
112	113	122	135	
127	134	128	140	
129	128	108	131	
128	127	100	111	
198	185	160	196	
153	191	184	159	
155	150	169	174	
178	156	152	161	
156	195	184	152	
174	187	176	172	
197	184	166	180	
186	172	181	198	
187	163	180	166	
152	177	157	187	
170	161	197	198	
163	162	167	189	
173	199	161	164	
151	194	169	150	
157	176	184	186	
180	182	187	174	
171	174	189	159	
174	167	194	182	
153	156	182	178	
189	172	183	153	
163	158	184	191	
171	196	178	197	
181	174	155	159	
182	156	184	195	
197	173	180	163	
157	152	158	180	
197	174	152	156	
155	167	198	170	
162	155	198	150	
179	152	196	154	
176	170	163	194	
191	186	151	163	
197	166	165	187	
164	166	155	176	
167	176	150	164	
170	173	188	164	
179	166	158	183	
165	168	154	167	
161	168	155	183	
184	178	176	189	
191	172	164	196	
163	181	189	176	
154	193	196	160	
180	158	176	156	
168	194	159	183	
169	168	160	188	
162	161	184	180	
157	191	186	197	
173	197	157	188	
190	151	152	171	
205	203	222	234	
218	213	219	245	
202	239	204	232	
234	223	214	243	
211	242	220	230	
245	248	227	204	
234	218	217	201	
223	215	224	214	
221	209	206	220	
216	235	217	221	
225	246	206	234	
204	212	248	216	
223	231	239	248	
242	224	229	200	
216	222	229	230	
217	226	227	248	
226	207	232	224	
202	216	235	234	
237	214	213	240	
229	222	240	200	
240	202	237	244	
212	207	245	213	
203	228	213	209	
212	225	213	241	
201	218	210	206	
229	202	247	238	
248	202	216	237	
237	248	213	240	
227	232	214	219	
225	205	218	232	
219	238	221	241	
212	249	242	245	
205	244	226	234	
211	228	216	245	
210	237	234	236	
206	216	202	236	
203	248	244	228	
200	206	249	241	
204	226	208	222	
249	231	228	226	
215	202	206	236	
203	202	201	244	
235	245	248	220	
245	229	230	213	
216	215	201	247	
223	220	239	208	
214	240	225	241	
214	243	239	209	
230	244	205	204	
225	240	214	227	
262	284	274	255	
250	296	261	267	
278	292	261	258	
252	277	272	278	
259	262	286	270	
252	288	253	296	
260	258	257	290	
285	292	266	268	
271	270	284	267	
272	283	268	267	
286	273	299	272	
277	271	287	260	
290	252	254	279	
290	261	255	257	
267	252	275	269	
272	284	269	290	
275	263	278	260	
295	261	278	270	
285	293	260	259	
275	277	280	297	
279	282	293	289	
250	261	265	290	
254	289	288	270	
291	259	258	273	
262	276	258	294	
294	281	277	288	
293	263	259	262	
261	283	250	264	
260	254	284	283	
280	269	266	279	
261	278	299	288	
290	260	267	274	
285	291	259	295	
277	280	299	289	
251	271	257	261	
294	289	287	263	
288	254	274	296	
286	278	250	288	
251	269	295	257	
260	290	272	287	
297	254	275	267	
261	283	276	293	
282	252	258	291	
268	279	277	264	
256	263	264	281	
286	295	252	296	
280	268	253	258	
293	288	256	272	
250	282	264	256	
274	298	278	272	
327	316	323	341	
345	318	315	340	
339	319	300	349	
304	326	324	321	
330	313	329	314	
318	309	327	337	
321	315	309	334	
346	305	340	347	
334	335	320	343	
303	336	311	326	
303	308	314	342	
338	309	345	303	
328	312	326	303	
340	330	319	346	
346	315	311	318	
332	304	329	322	
304	335	338	341	
338	333	317	300	
341	312	335	324	
343	312	347	300	
338	325	330	342	
307	338	320	349	
302	324	315	318	
330	337	316	326	
312	315	332	335	
314	317	327	321	
331	325	305	310	
304	333	346	326	
317	345	318	316	
347	331	317	338	
309	304	340	310	
309	301	330	305	
336	303	347	330	
318	336	301	340	
339	309	316	304	
308	303	330	302	
322	319	307	328	
303	336	319	305	
322	317	310	313	
344	315	328	339	
334	335	311	305	
348	320	323	313	
342	330	308	346	
340	309	321	329	
330	313	326	348	
302	340	349	317	
337	349	320	302	
322	330	310	317	
304	333	329	331	
344	325	333	307	
397	377	374	364	
358	360	394	350	
358	361	360	394	
369	388	384	376	
374	385	357	366	
351	378	386	389	
376	353	393	386	
360	393	398	382	
389	365	366	364	
385	361	384	398	
353	352	360	356	
391	387	363	394	
350	390	364	359	
376	383	388	370	
386	363	377	354	
385	365	358	364	
353	363	390	372	
396	384	356	367	
377	365	358	397	
381	396	393	385	
396	399	361	380	
357	369	381	354	
373	362	359	350	
369	396	354	373	
363	393	384	395	
358	356	359	388	
394	388	396	389	
398	366	386	367	
395	369	381	371	
384	361	389	352	
385	372	362	390	
381	374	397	387	
386	373	361	380	
364	396	383	389	
399	391	361	383	
365	361	363	387	
365	394	399	396	
390	353	393	365	
394	363	393	378	
399	367	360	366	
353	390	354	388	
360	378	355	392	
384	377	382	392	
351	391	362	396	
367	362	382	384	
365	351	367	376	
363	383	379	352	
382	385	388	380	
350	360	372	389	
356	399	362	350	
422	434	435	442	
427	429	416	432	
421	430	423	418	
440	432	419	445	
449	442	412	426	
427	449	438	447	
415	447	420	409	
429	403	417	433	
432	437	447	414	
420	439	433	434	
442	429	438	449	
423	400	412	428	
400	430	401	431	
440	430	443	414	
400	436	437	419	
402	431	444	405	
424	427	440	412	
425	409	421	447	
407	449	441	403	
410	416	411	417	
402	409	404	430	
447	428	426	429	
445	425	421	416	
426	440	438	400	
412	416	425	449	
427	431	413	437	
402	411	424	436	
409	439	417	433	
409	430	439	401	
409	444	447	404	
442	445	402	411	
444	425	433	443	
443	405	423	427	
418	432	428	433	
427	410	432	401	
403	436	409	449	
422	410	442	406	
402	445	419	441	
443	420	428	437	
425	431	406	430	
411	401	426	400	
402	446	405	414	
434	403	436	412	
412	409	421	430	
414	416	427	435	
423	402	441	409	
435	410	432	449	
435	423	431	424	
421	410	422	420	
441	404	446	448	
487	460	465	457	
450	481	498	495	
497	476	469	498	
490	493	498	494	
498	473	469	451	
475	464	450	463	
490	482	488	453	
465	480	459	489	
487	463	484	472	
486	490	492	482	
495	493	499	498	
494	489	471	474	
450	497	451	453	
470	493	461	489	
476	459	458	461	
450	466	452	485	
466	469	459	478	
467	457	477	487	
490	494	467	459	
452	490	451	486	
462	482	486	463	
472	495	454	499	
454	458	461	467	
494	456	458	482	
469	465	456	477	
469	452	450	451	
485	458	461	468	
484	464	474	482	
457	463	460	454	
467	477	458	470	
492	471	495	460	
479	459	488	482	
464	465	488	484	
476	458	475	478	
464	482	471	461	
492	451	499	478	
479	458	462	485	
469	483	467	459	
488	480	462	451	
459	453	482	455	
450	496	483	455	
473	476	477	470	
481	497	472	480	
461	471	496	459	
456	478	476	457	
495	453	482	459	
466	479	463	476	
458	479	469	495	
482	466	454	473	
460	454	490	471	
27	35	39	44	0	
38	40	2	7	15	
48	27	34	40	43	
22	32	43	17	40	
8	46	11	3	43	
1	42	45	43	37	
8	13	7	40	30	
15	41	16	31	29	
2	23	1	8	33	
44	42	17	11	20	
47	30	12	21	40	
28	8	42	26	9	
12	40	46	8	25	
12	32	18	9	2	
41	43	25	8	13	
20	33	15	12	47	
14	33	30	1	37	
8	10	43	45	46	
17	30	38	24	32	
3	25	19	42	21	
49	32	0	34	10	
26	8	31	17	23	
8	5	14	3	47	
2	11	30	32	5	
13	22	17	23	41	
33	14	26	11	39	
15	45	5	28	47	
22	20	41	27	29	
14	4	9	17	26	
47	31	5	46	33	
42	20	31	34	18	
38	41	47	40	32	
15	43	14	0	29	
25	26	21	9	17	
38	7	19	34	47	
26	29	40	28	43	
26	4	41	44	15	
2	38	41	23	9	
12	1	16	27	45	
11	32	41	9	6	
27	0	6	11	26	
33	27	11	26	8	
23	0	25	9	26	
28	0	40	43	26	
26	25	28	32	29	
13	39	1	7	31	
11	29	28	24	32	
29	45	16	8	19	
12	49	15	7	13	
25	24	2	49	0	
88	86	65	84	73	
61	94	60	84	92	
61	75	55	72	60	
85	54	91	90	80	
67	76	73	65	75	
99	65	57	82	92	
95	65	67	97	99	
56	97	52	66	87	
98	75	81	96	62	
51	75	89	64	86	
56	77	59	82	85	
99	58	63	87	69	
83	54	68	94	78	
71	63	72	88	99	
98	56	94	90	71	
54	81	88	76	57	
79	91	56	66	96	
64	71	66	74	68	
72	66	64	98	61	
84	92	57	50	58	
82	64	88	67	53	
92	72	56	93	79	
59	69	58	79	81	
94	75	98	58	90	
79	58	82	99	64	
52	50	86	91	71	
59	52	91	64	57	
85	59	81	80	50	
85	76	77	84	93	
93	75	83	57	85	
72	86	67	62	55	
97	58	74	77	51	
74	96	60	97	83	
96	81	86	87	76	
96	51	59	77	79	
56	58	67	85	80	
86	79	99	73	55	
71	52	57	67	90	
99	50	64	96	87	
56	83	85	77	90	
58	91	66	54	56	
65	70	84	68	76	
99	70	68	61	94	
80	50	51	69	86	
82	72	85	75	92	
63	77	60	66	50	
50	58	83	77	92	
91	75	95	53	56	
95	56	82	70	91	
57	98	73	82	95	
130	109	140	138	120	
144	109	113	123	125	
101	108	131	134	114	
107	103	108	117	146	
115	130	113	104	133	
141	146	107	147	126	
124	101	122	116	136	
121	116	126	113	100	
124	127	105	119	136	
140	138	130	145	129	
149	114	146	115	118	
142	134	143	133	114	
138	104	121	134	115	
121	123	128	130	137	
148	114	136	111	127	
124	102	139	118	105	
129	103	140	133	130	
111	124	146	123	106	
119	102	140	130	101	
106	126	133	125	138	
110	107	113	121	125	
120	149	118	100	146	
141	121	132	101	117	
130	143	126	121	109	
102	104	138	120	125	
134	100	102	118	119	
139	104	100	106	144	
100	104	119	109	146	
145	101	108	133	106	
130	125	121	104	138	
122	100	132	125	131	
102	114	126	117	106	
127	103	145	123	134	
110	101	111	102	100	
102	147	110	107	121	
146	143	110	109	123	
129	102	138	143	131	
103	108	147	124	137	
108	117	113	132	100	
105	135	139	130	145	
130	132	128	133	134	
118	140	100	137	114	
144	143	114	111	107	
109	110	111	107	127	
145	122	131	128	139	
128	103	122	107	127	
132	135	114	141	116	
101	131	133	114	127	
115	122	141	124	110	
126	113	133	145	142	
182	161	163	150	160	
172	186	188	166	178	
197	174	165	198	179	
171	158	167	184	164	
182	167	173	161	181	
188	198	172	177	194	
172	189	169	194	156	
166	154	190	168	179	
179	156	169	181	199	
180	151	193	190	192	
190	185	178	153	186	
156	185	187	190	189	
169	166	168	174	157	
192	179	189	198	191	
196	191	167	171	166	
184	193	150	190	180	
153	179	192	168	184	
180	183	184	199	188	
182	183	190	160	159	
195	198	155	163	187	
154	157	194	195	169	
193	151	165	158	171	
197	162	168	165	167	
195	185	168	199	184	
158	169	197	170	152	
150	199	172	190	166	
187	188	165	191	185	
151	195	150	154	178	
156	177	173	194	188	
195	164	152	168	161	
199	177	172	166	168	
190	171	184	179	176	
182	157	189	183	187	
158	163	168	154	150	
181	162	166	195	197	
198	175	189	163	186	
190	171	151	192	163	
165	169	152	175	166	
182	153	181	163	157	
167	152	165	162	163	
197	177	183	168	184	
174	159	152	187	168	
190	156	174	177	194	
164	153	157	167	172	
180	178	164	171	179	
180	175	164	153	184	
192	168	175	163	153	
181	164	175	187	193	
199	166	192	195	190	
161	184	180	197	193	
218	221	234	236	208	
210	227	245	211	228	
208	222	211	225	243	
239	220	244	200	228	
210	212	219	229	240	
221	231	248	200	247	
227	222	213	214	208	
243	237	223	225	209	
226	201	200	218	220	
239	206	230	234	212	
201	219	230	234	232	
231	237	230	232	226	
220	210	240	228	231	
203	223	247	238	231	
216	210	203	227	234	
233	208	232	212	243	
211	206	217	238	221	
226	224	246	206	244	
243	216	246	221	204	
247	223	237	203	239	
203	200	235	230	211	
220	235	206	201	212	
228	244	217	214	226	
222	244	236	241	243	
239	220	210	234	226	
246	208	206	242	240	
246	215	239	221	211	
246	221	234	204	212	
203	240	246	214	223	
242	212	215	229	217	
243	230	238	224	204	
218	208	216	227	209	
244	217	201	223	236	
213	212	229	224	209	
249	241	239	248	217	
232	202	240	222	244	
232	218	222	237	215	
209	227	239	241	244	
227	237	235	242	216	
230	209	211	214	210	
220	217	211	245	203	
200	238	211	248	249	
236	200	223	225	227	
225	210	238	239	232	
212	214	233	230	229	
232	223	233	211	203	
241	240	231	207	223	
212	214	228	245	211	
219	235	221	218	208	
206	220	237	216	209	
299	269	279	259	293	
250	256	288	275	281	
283	251	256	286	295	
280	277	256	290	264	
264	256	257	259	297	
284	274	286	266	277	
254	267	250	288	269	
265	271	286	274	277	
258	297	285	291	263	
284	277	272	280	290	
269	274	273	260	266	
259	272	268	256	293	
277	265	253	279	289	
253	283	268	275	272	
257	275	295	281	274	
255	287	288	299	268	
287	289	280	268	258	
282	265	250	257	292	
279	272	256	258	259	
294	295	278	279	254	
258	261	277	282	299	
280	255	279	268	295	
265	270	290	275	286	
266	262	256	255	283	
270	261	255	251	274	
270	265	284	261	259	
258	273	285	293	277	
251	284	270	276	282	
265	250	272	278	286	
297	250	288	259	252	
251	299	263	259	288	
260	253	299	286	292	
256	280	255	259	290	
250	284	265	251	276	
264	271	252	288	278	
266	284	282	264	290	
289	263	271	256	293	
292	274	262	297	278	
263	271	257	297	260	
257	280	291	293	268	
268	278	274	260	299	
269	258	290	277	294	
250	286	265	274	252	
289	258	297	283	280	
299	287	272	258	280	
261	262	288	295	257	
263	299	291	279	295	
285	281	273	274	254	
279	261	266	250	258	
260	280	254	282	262	
330	345	321	300	348	
332	340	309	331	344	
329	327	317	349	347	
320	302	342	317	316	
314	341	337	334	329	
311	332	341	305	344	
320	343	311	337	302	
307	306	329	346	303	
328	320	309	332	340	
322	313	321	335	340	
309	301	308	345	316	
320	312	301	347	328	
315	334	316	335	326	
305	342	329	316	348	
305	327	346	306	320	
302	344	309	307	320	
336	303	348	316	326	
319	338	334	306	321	
324	312	331	336	305	
344	342	349	325	303	
346	334	308	339	316	
343	307	313	333	338	
337	339	338	314	304	
322	303	341	306	323	
315	307	326	338	320	
339	340	315	304	338	
301	311	314	333	330	
325	306	303	339	344	
336	324	330	349	321	
342	333	328	322	320	
341	303	346	336	309	
344	343	321	314	323	
331	313	347	317	307	
318	316	301	337	329	
320	339	336	331	316	
346	340	312	347	324	
348	327	330	309	302	
300	317	333	334	316	
304	332	333	319	300	
347	330	325	302	312	
305	349	347	314	338	
327	315	342	331	328	
348	310	320	339	343	
340	342	314	309	334	
303	304	344	349	336	
340	341	310	322	335	
339	308	322	325	327	
323	342	334	337	349	
309	331	314	318	302	
307	318	331	316	323	
397	388	351	366	386	
355	380	399	370	359	
382	386	373	388	378	
399	357	378	398	385	
360	370	397	383	393	
380	369	350	351	357	
399	350	394	369	371	
354	386	367	384	370	
381	356	373	398	389	
373	370	363	360	392	
398	372	397	354	370	
399	388	358	391	371	
399	375	351	379	398	
382	381	385	371	392	
376	371	368	392	390	
386	377	355	366	391	
397	386	358	384	382	
387	385	366	373	389	
394	374	393	388	361	
373	353	387	374	389	
362	377	379	358	389	
372	398	355	388	394	
387	354	394	393	362	
392	367	388	359	385	
368	360	358	381	376	
354	390	376	386	392	
361	356	358	371	385	
377	354	350	353	381	
395	365	384	354	387	
390	392	364	368	357	
392	357	370	354	355	
391	359	365	364	350	
383	372	358	350	351	
379	381	352	377	357	
395	387	367	350	356	
396	386	356	370	354	
385	370	399	388	380	
374	368	355	353	357	
390	379	354	358	394	
369	384	365	399	362	
386	357	360	381	364	
369	390	394	387	361	
385	355	353	393	397	
395	368	350	397	364	
390	380	370	394	364	
351	369	376	395	350	
354	384	392	396	369	
389	396	395	367	350	
391	371	368	364	353	
382	392	393	395	357	
410	421	414	405	428	
440	403	430	448	427	
430	422	448	441	433	
423	442	424	411	412	
436	427	401	420	414	
433	444	426	419	449	
417	444	439	429	419	
424	417	428	439	411	
429	411	443	440	445	
403	407	404	424	428	
411	425	415	409	449	
407	439	434	415	402	
435	416	400	413	429	
445	449	441	401	436	
424	447	429	426	442	
446	419	426	439	410	
417	400	438	421	449	
418	413	416	446	438	
429	406	409	440	403	
424	418	411	405	443	
440	413	412	402	439	
421	402	416	433	428	
437	402	422	413	412	
434	447	428	427	437	
427	442	437	402	432	
440	409	443	424	449	
433	429	421	432	431	
425	435	405	422	446	
400	443	440	418	429	
404	424	427	438	440	
441	401	435	427	418	
449	428	429	417	425	
414	439	406	404	443	
435	431	408	409	449	
436	438	419	418	432	
403	422	444	409	434	
438	433	418	426	448	
440	446	435	427	403	
428	415	437	416	438	
418	435	415	446	409	
406	400	415	408	412	
413	445	401	435	439	
425	447	407	408	414	
401	418	402	438	444	
405	407	418	411	438	
423	434	425	431	421	
434	404	436	428	437	
449	440	422	403	436	
439	410	409	407	436	
446	407	438	402	427	
499	455	486	488	477	
463	459	451	487	486	
457	496	451	452	483	
489	459	492	499	484	
474	471	484	485	456	
476	463	479	498	494	
483	477	459	493	466	
467	455	458	453	498	
499	460	453	468	487	
457	483	475	459	463	
495	471	470	475	450	
478	466	476	480	482	
475	451	493	463	491	
451	479	450	480	453	
458	491	463	486	466	
480	471	486	483	451	
481	492	495	467	484	
477	456	491	487	478	
489	499	497	453	490	
463	477	466	473	459	
468	464	463	494	458	
461	476	495	493	450	
485	492	461	494	486	
490	497	450	462	483	
488	460	479	474	466	
490	483	487	456	479	
481	463	488	464	497	
490	451	481	491	476	
479	453	495	467	494	
469	456	487	482	494	
477	455	458	495	492	
470	467	488	456	472	
457	463	450	491	465	
495	482	489	459	480	
455	475	476	459	491	
453	451	490	455	454	
492	474	462	498	454	
478	498	469	479	463	
472	470	484	466	460	
483	464	454	459	498	
496	490	479	473	494	
460	473	465	488	494	
496	465	477	456	469	
478	497	481	491	476	
452	478	455	493	476	
487	476	486	488	473	
497	465	474	475	471	
462	498	475	471	477	
477	455	488	468	495	
479	495	470	498	494	
228	33	434	207	364	74	
318	282	261	328	48	460	
225	375	456	497	7	314	
300	493	90	402	255	446	
264	249	268	489	421	2	
384	462	387	13	313	214	
71	146	488	46	463	166	
458	286	20	85	33	320	
166	436	393	51	170	81	
193	37	0	306	279	329	
110	495	336	95	167	199	
344	173	357	477	283	457	
157	123	326	49	198	38	
393	289	182	323	142	139	
299	273	384	377	37	365	
355	354	118	255	227	167	
373	319	470	145	492	235	
365	469	268	141	297	439	
36	304	379	148	152	109	
324	329	9	77	134	42	
20	40	221	437	443	99	
464	161	309	67	220	475	
425	186	193	137	416	498	
146	43	441	279	328	265	
9	8	442	207	484	349	
149	92	228	433	317	172	
318	220	179	301	403	28	
66	231	484	476	390	366	
107	290	177	33	355	50	
59	192	292	295	480	107	
202	215	90	394	446	24	
78	239	108	21	376	438	
418	230	43	427	98	192	
374	156	377	418	399	191	
46	463	169	246	111	355	
263	138	96	126	306	196	
115	411	36	422	427	163	
222	279	4	3	425	274	
40	450	333	92	203	487	
9	128	162	413	288	247	
364	203	347	158	258	469	
4	282	225	215	350	85	
471	492	476	383	373	73	
358	238	144	40	88	63	
3	335	377	453	151	359	
294	116	255	347	394	389	
432	113	434	342	165	29	
356	7	156	306	315	391	
438	221	237	447	431	333	
305	173	67	285	381	399	
321	187	142	70	243	194	273	
267	314	360	437	275	214	322	
153	447	105	291	365	480	316	
320	48	171	231	288	131	46	
338	48	108	453	156	320	310	
121	64	345	102	185	229	319	
64	491	128	391	372	392	174	
413	419	386	252	258	103	378	
3	453	107	15	253	475	325	
2	273	68	17	350	497	109	
236	200	177	106	491	66	485	
3	436	39	80	486	301	330	
62	416	442	302	214	49	392	
283	107	357	62	70	369	276	
50	477	188	367	305	19	493	
465	467	137	456	76	136	21	
355	411	52	20	212	267	341	
177	249	353	93	71	260	450	
370	14	190	424	29	144	114	
92	47	128	203	272	283	492	
275	369	333	50	174	4	150	
169	374	97	40	380	246	407	
318	389	320	118	58	418	34	
283	466	429	86	188	21	185	
217	323	315	411	328	154	461	
479	446	27	294	11	147	103	
433	320	94	113	297	72	135	
159	9	405	302	218	497	181	
228	247	53	124	270	14	331	
84	6	27	396	442	269	182	
402	361	259	28	427	478	206	
3	499	454	455	87	55	497	
165	393	272	216	270	433	355	
496	157	58	225	120	103	187	
51	95	335	30	66	209	116	
475	104	490	365	128	2	330	
387	329	164	348	98	449	395	
496	290	382	298	3	220	135	
2	446	384	399	58	470	126	
178	234	115	373	343	354	245	
465	473	10	229	5	91	8	
356	414	103	278	319	200	463	
254	345	161	256	21	382	369	
170	406	191	264	125	159	340	
315	94	431	465	332	107	267	
484	78	47	364	479	68	264	
79	174	464	105	215	466	268	
387	283	474	382	350	55	144	
392	235	84	178	488	89	78	
391	239	114	108	309	65	93	
468	204	142	12	163	429	190	294	
331	396	66	336	83	49	129	234	
483	227	138	332	109	311	169	254	
495	272	215	255	193	116	238	303	
180	176	372	325	197	412	118	344	
443	356	320	77	426	76	353	464	
48	484	64	1	47	294	410	82	
435	59	382	203	420	232	295	32	
261	2	288	216	21	195	378	292	
386	397	339	307	319	419	358	163	
392	286	187	40	427	35	462	252	
322	16	353	473	466	197	121	216	
100	26	327	281	401	209	243	372	
184	182	314	165	409	54	34	337	
449	140	212	258	304	107	54	382	
8	206	157	485	183	398	316	130	
317	398	79	76	4	428	405	416	
183	192	111	166	90	372	96	448	
50	284	291	414	417	127	456	248	
11	442	254	161	94	18	152	37	
54	133	452	251	402	29	95	70	
372	10	20	269	455	95	226	62	
17	370	161	447	30	185	345	63	
364	463	288	340	433	167	338	67	
432	346	63	268	144	66	171	499	
428	175	471	390	283	305	53	140	
12	412	489	150	195	313	33	25	
437	117	486	121	156	210	315	249	
12	366	295	225	494	355	26	33	
76	247	330	139	240	433	266	95	
481	402	362	137	320	451	83	126	
162	52	44	251	390	227	54	394	
452	303	19	484	83	45	180	441	
283	26	161	372	185	353	9	13	
241	396	264	328	290	227	448	404	
87	342	178	281	473	315	324	70	
485	266	287	232	406	108	489	9	
307	326	97	24	346	143	407	7	
263	0	407	31	218	194	429	264	
25	387	214	328	19	344	97	46	
454	436	111	492	272	395	462	435	
419	351	256	452	250	347	205	220	
474	118	285	360	359	121	313	455	
396	297	77	462	22	425	149	346	
106	494	229	322	352	446	187	105	
200	117	259	465	132	258	451	180	
44	201	86	423	41	185	208	53	
262	360	472	231	146	499	141	389	
86	126	301	341	253	317	71	15	
298	271	329	272	260	58	53	135	
