34	46	3	
5	11	44	
17	43	15	
36	16	15	
7	12	10	
33	1	35	
15	43	25	
34	23	8	
0	30	22	
1	49	38	
20	36	24	
1	22	2	
40	27	19	
10	6	33	
18	30	49	
49	15	26	
32	45	28	
49	47	1	
35	3	49	
38	12	29	
29	8	2	
24	16	18	
37	23	35	
8	37	42	
38	42	1	
31	23	11	
25	44	29	
39	9	46	
28	1	34	
34	31	23	
42	22	0	
31	22	16	
17	6	30	
3	17	6	
16	10	41	
3	27	24	
26	34	30	
32	14	0	
21	43	9	
39	48	30	
43	19	47	
6	33	14	
20	22	17	
45	9	21	
1	44	39	
0	18	20	
14	34	39	
35	10	15	
32	17	35	
41	36	7	
86	83	51	
69	74	70	
76	80	53	
74	79	98	
66	80	57	
69	67	88	
57	69	83	
84	94	52	
72	99	88	
77	92	66	
97	98	54	
76	99	77	
76	55	65	
60	70	73	
56	97	71	
78	86	94	
50	68	96	
79	50	73	
88	51	79	
77	95	52	
60	90	65	
51	83	85	
75	90	55	
93	58	78	
72	78	53	
57	85	79	
69	50	66	
65	72	62	
80	96	76	
85	94	60	
88	94	76	
88	55	62	
72	92	67	
95	70	79	
53	50	66	
83	82	89	
67	91	63	
60	59	74	
95	57	85	
73	77	91	
80	69	91	
90	71	97	
87	88	80	
91	94	81	
70	98	86	
53	96	62	
77	67	83	
85	83	71	
60	73	62	
83	60	59	
145	129	114	
119	114	121	
109	105	137	
122	136	121	
111	120	127	
121	123	147	
123	101	115	
110	107	104	
112	107	139	
135	119	111	
112	106	141	
149	140	138	
134	141	136	
105	137	136	
140	117	146	
126	123	140	
121	135	144	
120	116	108	
111	138	121	
129	120	106	
139	100	112	
138	137	141	
116	109	138	
102	147	136	
110	118	129	
149	114	109	
125	122	134	
142	103	113	
144	106	107	
134	125	119	
137	148	106	
130	137	100	
121	107	136	
116	109	132	
134	122	147	
145	117	132	
149	140	129	
108	145	144	
112	134	121	
122	147	103	
146	147	135	
134	116	100	
126	104	105	
130	103	126	
111	123	130	
148	139	125	
120	106	121	
129	143	106	
114	143	141	
131	139	116	
190	153	191	
197	169	188	
166	150	185	
155	180	166	
190	167	174	
169	159	192	
191	160	173	
156	170	197	
166	199	158	
150	164	184	
153	190	183	
158	194	175	
175	169	154	
150	166	189	
169	168	190	
172	154	193	
180	188	162	
191	167	197	
164	169	166	
176	150	184	
181	177	187	
197	152	156	
152	199	185	
188	170	178	
184	170	158	
161	193	194	
175	168	178	
159	192	180	
164	197	193	
195	187	167	
154	194	155	
196	167	190	
154	158	163	
185	186	156	
186	150	168	
188	162	166	
178	166	187	
150	170	196	
158	195	156	
195	180	168	
183	188	168	
180	161	177	
184	192	193	
153	179	180	
163	187	197	
159	170	193	
152	170	179	
156	183	190	
160	175	198	
159	185	198	
207	232	235	
203	225	232	
219	248	216	
224	223	230	
239	244	229	
218	226	224	
220	203	207	
227	248	211	
204	249	200	
239	203	207	
207	249	228	
226	230	216	
241	219	207	
220	229	223	
209	231	208	
231	228	204	
204	235	217	
219	236	220	
208	231	241	
221	229	201	
235	236	209	
237	233	202	
209	207	245	
220	249	217	
200	208	227	
242	207	222	
206	214	219	
237	238	204	
211	237	209	
249	235	225	
231	207	232	
207	218	202	
216	232	242	
205	225	242	
235	242	215	
224	218	221	
246	220	207	
213	200	210	
207	237	210	
247	217	239	
221	233	236	
207	213	202	
217	211	219	
241	212	243	
212	229	242	
213	227	224	
214	225	224	
227	217	237	
232	226	227	
221	243	208	
270	274	277	
277	270	293	
286	281	251	
296	294	276	
262	272	264	
267	299	296	
267	271	298	
257	277	274	
268	250	264	
285	284	295	
265	266	281	
267	268	255	
298	274	254	
278	293	298	
287	296	251	
284	280	264	
296	269	255	
255	293	282	
254	266	282	
274	278	297	
252	253	280	
293	265	268	
261	254	257	
251	275	265	
286	294	293	
268	262	265	
270	268	281	
293	296	257	
281	268	295	
278	275	262	
292	287	282	
250	287	288	
261	299	262	
286	250	285	
259	256	265	
261	256	290	
259	277	293	
253	267	257	
253	281	271	
252	292	273	
283	251	257	
267	264	278	
262	250	292	
288	270	292	
251	296	280	
255	251	287	
290	278	299	
272	251	287	
271	261	276	
263	264	284	
345	325	313	
300	326	324	
330	309	337	
341	336	346	
337	329	321	
319	338	303	
310	348	315	
341	303	342	
334	310	301	
318	325	329	
324	342	322	
314	307	342	
340	312	330	
311	342	305	
303	340	337	
303	336	310	
348	333	329	
336	301	340	
333	347	312	
313	311	318	
347	306	329	
301	340	323	
333	300	311	
336	315	300	
311	343	308	
338	305	302	
322	339	342	
316	315	347	
320	315	308	
304	344	325	
337	312	341	
309	332	300	
326	316	342	
310	316	328	
344	300	310	
319	328	311	
341	334	325	
326	345	304	
340	335	314	
310	301	304	
318	313	349	
342	336	307	
308	326	300	
312	316	339	
327	345	320	
343	321	336	
346	343	335	
335	344	304	
330	322	317	
307	320	322	
389	376	373	
380	363	381	
389	373	397	
384	385	391	
358	386	367	
399	387	384	
357	388	399	
367	366	390	
367	374	370	
373	390	380	
354	399	362	
353	379	370	
398	362	375	
383	364	374	
371	380	353	
363	381	380	
371	367	352	
372	383	381	
364	378	352	
377	352	375	
364	353	374	
359	368	355	
390	393	361	
389	376	392	
395	382	370	
365	361	399	
397	381	363	
352	380	363	
393	395	365	
381	369	366	
390	388	391	
372	389	398	
378	386	368	
379	367	386	
370	390	358	
390	386	352	
360	379	365	
356	390	389	
393	376	385	
370	364	353	
385	351	354	
399	374	390	
353	371	350	
380	397	387	
361	399	356	
397	367	351	
377	396	361	
384	389	383	
360	362	380	
353	377	363	
428	414	425	
448	430	437	
429	433	423	
427	403	413	
446	404	436	
410	443	449	
410	436	433	
401	426	423	
431	416	449	
426	407	409	
421	424	412	
428	414	402	
423	431	408	
401	443	433	
400	438	405	
407	443	423	
437	449	445	
433	423	426	
432	411	410	
419	439	448	
441	424	406	
449	401	433	
446	423	419	
427	431	437	
442	411	447	
431	403	413	
437	445	431	
439	446	408	
440	446	417	
431	422	418	
410	449	434	
431	424	417	
426	404	433	
436	448	432	
409	434	431	
431	417	410	
411	402	434	
413	415	401	
430	406	441	
449	413	422	
446	439	430	
426	432	404	
413	403	439	
410	417	447	
445	435	427	
445	443	423	
405	428	438	
412	428	442	
445	404	447	
419	407	434	
467	480	453	
459	494	495	
494	485	470	
458	450	494	
499	472	473	
452	481	466	
493	483	475	
488	483	474	
477	451	485	
462	492	454	
453	457	473	
474	464	496	
462	478	473	
473	499	491	
462	454	453	
473	458	483	
484	476	457	
455	486	477	
459	488	457	
478	468	462	
457	459	452	
467	452	492	
462	465	473	
450	485	459	
467	492	464	
495	492	469	
497	496	466	
488	468	455	
495	493	496	
499	489	477	
482	464	459	
477	471	479	
467	462	475	
467	451	497	
495	456	452	
455	451	470	
476	493	455	
466	470	468	
491	493	499	
461	456	484	
470	486	452	
466	459	486	
478	452	498	
488	490	451	
463	474	472	
452	478	475	
473	466	450	
495	490	498	
470	471	481	
472	480	464	
8	23	4	24	
19	32	24	26	
24	7	39	49	
12	44	49	17	
27	10	6	8	
9	6	32	13	
30	20	2	14	
46	18	45	49	
29	33	41	10	
16	30	34	8	
30	11	5	18	
10	39	32	46	
17	26	38	15	
42	24	16	12	
9	46	42	6	
13	16	21	9	
46	12	14	49	
33	19	0	39	
26	21	31	41	
39	49	20	19	
27	30	42	25	
3	22	34	25	
12	27	42	1	
5	16	2	19	
3	40	42	35	
29	2	22	12	
46	9	35	19	
34	24	28	29	
6	36	40	13	
41	35	30	46	
35	8	11	15	
20	47	22	36	
45	9	28	33	
8	5	15	13	
29	12	37	14	
38	32	42	22	
2	26	11	13	
18	33	45	47	
8	47	36	20	
48	5	24	35	
42	28	16	3	
44	15	26	9	
14	29	44	3	
36	35	47	39	
35	18	7	24	
39	41	3	12	
25	1	42	23	
39	48	27	23	
47	12	40	49	
23	16	33	36	
52	89	86	68	
91	88	65	82	
93	82	75	90	
99	95	51	59	
90	75	61	56	
58	55	74	89	
88	62	72	67	
99	67	55	52	
95	61	75	52	
67	75	88	63	
60	70	64	78	
59	77	87	91	
79	84	68	51	
92	51	77	86	
56	64	98	97	
52	92	50	71	
68	64	99	87	
69	97	64	68	
92	51	64	58	
58	67	63	53	
75	81	97	74	
96	95	99	87	
88	67	57	83	
65	51	53	58	
91	60	56	66	
53	57	84	63	
83	90	91	58	
64	79	97	58	
70	88	50	93	
86	82	87	68	
68	87	77	91	
54	50	79	67	
74	58	96	93	
97	98	55	96	
50	74	89	61	
54	93	57	72	
75	68	62	92	
98	89	70	55	
97	69	61	98	
93	50	65	99	
88	67	89	71	
66	58	93	96	
67	72	81	75	
63	75	91	52	
75	77	54	68	
75	53	50	61	
51	76	89	77	
58	76	80	89	
98	95	53	79	
52	99	57	87	
104	125	109	130	
129	130	138	144	
136	137	142	104	
101	132	109	144	
136	109	111	123	
130	120	102	128	
136	131	132	133	
116	127	142	109	
111	144	145	119	
119	146	110	104	
110	105	145	121	
126	146	110	143	
114	130	135	142	
129	131	126	117	
145	103	101	134	
120	144	139	141	
139	132	134	147	
106	127	128	139	
121	126	115	124	
128	139	140	102	
149	111	135	146	
141	102	129	116	
133	125	102	101	
118	137	110	131	
132	146	102	133	
110	126	132	149	
133	134	119	128	
106	109	111	142	
109	125	117	142	
133	120	121	119	
100	114	129	132	
149	128	107	111	
126	139	111	102	
107	142	114	113	
146	102	100	133	
122	139	146	110	
120	131	122	111	
131	101	147	125	
136	135	122	127	
111	136	134	132	
102	117	147	113	
135	146	140	100	
117	141	148	130	
124	116	129	100	
106	115	101	129	
127	146	101	108	
147	111	122	145	
115	127	134	149	
141	136	134	124	
110	138	131	147	
160	166	177	164	
156	191	172	174	
186	158	199	172	
181	165	185	198	
153	189	180	198	
191	167	174	190	
193	181	173	191	
186	190	184	167	
189	178	186	174	
198	161	160	158	
154	158	193	181	
155	175	153	151	
157	169	155	190	
182	179	193	166	
168	192	156	184	
156	189	150	182	
184	158	173	186	
155	176	166	160	
156	189	151	162	
161	198	160	196	
196	191	188	177	
185	162	196	171	
180	153	161	182	
180	162	193	171	
155	169	153	190	
170	175	150	179	
155	167	193	197	
191	178	180	195	
175	194	150	159	
152	178	187	156	
192	191	156	188	
174	185	194	179	
153	160	192	190	
169	187	173	178	
182	170	165	196	
158	164	162	154	
178	181	173	174	
150	190	162	171	
189	184	170	185	
199	150	182	156	
173	182	154	187	
169	184	172	159	
159	162	167	155	
176	193	180	163	
185	166	195	191	
154	182	156	185	
159	175	160	155	
165	170	156	152	
152	156	155	190	
182	192	186	195	
218	234	204	212	
222	221	239	243	
229	219	220	224	
203	210	236	207	
241	209	247	233	
207	246	209	237	
237	218	224	234	
240	207	201	210	
242	205	233	202	
222	238	208	231	
209	216	201	229	
234	222	220	201	
202	240	210	233	
249	221	202	245	
217	229	242	221	
241	211	218	249	
222	202	204	221	
236	200	233	218	
200	241	240	243	
246	217	201	234	
205	233	221	207	
217	221	223	227	
225	243	201	229	
224	240	208	227	
219	202	207	246	
247	224	246	218	
240	239	209	207	
211	208	247	241	
240	235	200	225	
208	234	223	246	
238	200	222	208	
247	217	249	243	
230	204	219	200	
210	219	218	213	
204	236	222	234	
209	211	202	246	
216	226	209	234	
216	228	249	246	
237	221	226	207	
223	226	232	227	
237	239	230	221	
215	236	239	212	
207	221	248	225	
218	201	219	214	
225	237	215	205	
204	236	205	202	
200	229	231	206	
205	225	227	229	
204	228	238	246	
202	245	213	222	
259	260	262	297	
284	266	262	295	
288	273	261	258	
299	252	278	263	
282	273	277	278	
277	258	264	265	
255	298	281	269	
274	272	267	253	
275	289	263	278	
256	298	283	277	
299	281	254	275	
278	274	254	250	
257	269	267	261	
295	296	255	254	
250	260	299	295	
267	284	298	296	
286	270	276	293	
288	253	293	251	
267	295	291	288	
293	288	287	275	
286	252	275	274	
268	252	262	258	
260	280	282	281	
272	276	294	279	
267	283	277	250	
297	298	281	272	
279	253	296	276	
275	276	261	295	
285	286	261	292	
255	286	272	295	
282	277	252	272	
298	293	261	275	
289	283	259	295	
258	274	270	277	
261	253	268	259	
263	268	252	272	
250	290	282	255	
294	253	293	259	
287	275	290	293	
290	250	268	291	
250	254	263	257	
290	295	277	258	
278	297	265	281	
281	278	294	296	
282	271	280	287	
268	277	273	266	
270	284	268	256	
262	251	264	272	
292	282	267	287	
299	260	258	296	
342	339	329	312	
345	348	330	342	
348	328	301	341	
316	315	312	323	
319	307	318	335	
334	347	327	331	
329	313	323	331	
336	327	300	319	
347	326	331	312	
318	340	303	311	
335	318	326	308	
325	332	322	324	
303	347	339	349	
335	341	308	326	
310	346	303	320	
329	349	346	345	
315	339	338	332	
321	340	314	345	
349	337	316	304	
316	310	307	336	
329	321	349	325	
339	342	338	321	
307	303	328	324	
335	311	323	337	
342	323	337	319	
324	334	314	307	
320	301	316	308	
307	343	329	316	
338	341	300	311	
335	316	311	348	
305	312	323	309	
311	345	346	329	
313	328	334	331	
340	335	330	331	
326	308	305	315	
336	313	333	309	
314	310	323	308	
339	311	304	313	
329	330	337	325	
316	342	340	322	
310	327	344	334	
310	341	325	323	
329	309	319	321	
300	308	316	326	
325	330	311	312	
338	303	345	307	
340	318	341	336	
330	307	301	334	
319	334	324	338	
314	329	309	300	
394	397	385	360	
372	366	379	396	
376	390	351	356	
381	375	382	376	
360	361	376	388	
390	372	363	396	
363	388	367	359	
358	372	382	383	
366	378	350	397	
379	350	389	367	
365	353	387	355	
390	373	399	381	
399	389	398	384	
350	358	399	368	
354	397	383	393	
351	377	393	387	
358	379	365	385	
383	357	352	393	
389	356	351	360	
356	381	397	368	
368	373	376	386	
354	352	387	369	
392	366	373	364	
391	363	373	398	
359	397	373	365	
364	351	363	383	
395	398	393	376	
377	353	351	367	
399	396	358	389	
369	363	356	381	
387	393	385	374	
388	390	379	376	
350	380	369	366	
368	384	357	388	
375	374	386	378	
378	375	373	351	
372	377	375	370	
369	355	370	365	
361	365	352	392	
398	394	359	389	
390	350	398	373	
380	355	385	373	
371	389	361	387	
350	387	366	390	
382	387	353	368	
398	387	372	384	
373	357	369	391	
377	356	365	354	
369	377	359	357	
370	359	371	376	
425	441	424	449	
435	403	446	427	
441	438	418	436	
422	416	434	436	
438	410	405	420	
420	405	434	422	
420	433	405	413	
400	427	430	403	
414	436	428	446	
406	435	405	409	
449	420	430	435	
424	430	420	419	
410	432	437	415	
431	407	428	448	
411	443	448	427	
401	414	440	427	
436	438	413	400	
408	428	438	400	
436	435	440	403	
448	421	401	446	
407	447	421	434	
409	433	403	439	
440	407	401	449	
408	435	404	429	
419	443	401	407	
401	448	413	425	
426	403	444	409	
438	408	449	407	
437	423	447	413	
405	438	448	435	
442	409	412	413	
440	436	428	404	
413	439	406	429	
427	420	415	430	
424	400	404	442	
401	412	439	447	
423	445	419	428	
415	442	443	423	
433	413	405	424	
430	437	443	413	
421	445	411	439	
432	423	446	437	
415	418	419	440	
421	409	404	437	
415	440	403	446	
418	427	408	422	
447	441	425	423	
426	411	443	407	
409	424	443	430	
435	443	403	415	
483	462	476	468	
481	498	476	452	
478	450	480	491	
486	494	471	499	
479	481	497	467	
466	475	487	484	
453	499	496	466	
468	452	490	497	
496	480	455	471	
496	495	455	485	
469	488	480	466	
490	467	470	499	
475	473	454	494	
468	457	463	472	
494	479	473	450	
492	463	499	460	
497	469	477	463	
461	464	469	472	
478	461	480	458	
460	478	496	462	
481	491	472	450	
486	492	459	487	
491	452	496	497	
468	466	460	488	
455	461	483	492	
491	485	479	492	
472	477	454	485	
492	484	459	494	
473	495	478	488	
455	462	470	493	
469	479	489	477	
493	494	473	454	
457	483	467	461	
453	497	479	467	
496	459	454	489	
457	468	476	484	
489	485	456	452	
499	453	454	477	
485	492	481	497	
495	499	479	465	
478	474	476	483	
460	456	483	461	
472	486	474	463	
495	463	478	465	
475	478	484	486	
491	469	460	479	
476	498	470	492	
450	490	498	474	
496	497	456	454	
490	482	496	454	
6	37	27	26	29	
38	34	29	20	44	
13	30	24	39	42	
27	17	15	35	41	
16	19	12	22	9	
12	0	34	17	43	
8	19	34	9	29	
17	32	41	29	13	
36	32	25	4	43	
27	44	20	14	3	
8	12	3	43	29	
17	2	34	11	7	
4	2	15	33	1	
9	28	20	40	18	
34	44	13	14	49	
28	16	0	10	45	
11	1	6	14	12	
45	12	2	32	36	
10	41	5	48	6	
23	35	34	25	17	
26	21	11	47	49	
34	20	44	7	27	
25	12	2	49	46	
15	34	47	26	11	
42	30	17	6	37	
20	27	46	10	13	
1	18	5	10	34	
9	23	38	29	6	
5	2	40	15	41	
11	48	39	19	7	
40	44	34	20	24	
5	9	4	31	34	
30	14	35	41	19	
37	43	11	35	23	
49	38	16	42	31	
0	3	12	2	35	
31	19	3	33	44	
38	31	45	29	27	
4	41	18	33	22	
48	20	31	39	24	
7	27	11	25	37	
48	22	20	40	32	
44	43	22	8	9	
17	26	37	28	43	
48	4	17	19	46	
49	8	17	38	35	
20	4	25	0	39	
39	7	32	17	25	
12	28	25	35	43	
32	2	42	26	5	
88	61	77	63	87	
87	74	65	79	75	
93	87	84	62	59	
92	60	63	53	73	
72	91	55	82	75	
93	56	90	57	64	
82	83	99	80	71	
92	55	99	79	84	
99	90	59	77	83	
99	98	63	52	66	
99	98	61	80	63	
99	73	71	84	88	
54	58	85	70	83	
93	65	90	59	52	
72	50	58	83	65	
56	93	62	81	59	
76	79	56	62	73	
64	59	72	77	67	
96	98	55	81	91	
92	60	66	74	96	
75	80	94	63	66	
61	51	60	80	86	
85	59	82	95	73	
59	85	70	51	93	
82	93	99	62	91	
70	55	78	72	99	
54	81	93	69	98	
95	91	96	74	56	
96	70	73	68	55	
57	89	91	66	99	
69	90	80	95	51	
50	83	92	91	97	
95	58	92	93	61	
76	73	93	58	85	
73	80	74	54	63	
74	88	92	96	81	
72	50	53	54	93	
86	87	75	54	94	
72	86	91	56	58	
79	61	97	90	69	
52	84	95	56	89	
78	64	66	98	81	
58	81	72	95	84	
67	93	82	85	92	
75	76	58	61	62	
79	95	78	62	50	
81	68	54	59	64	
99	52	57	59	68	
87	86	85	80	75	
65	72	96	54	97	
109	104	133	138	134	
128	110	142	140	106	
134	149	139	135	103	
134	106	119	128	143	
120	146	128	135	104	
147	106	105	148	127	
121	141	143	102	117	
117	137	115	138	123	
139	127	110	136	149	
147	130	118	108	109	
102	118	134	103	106	
113	125	133	108	147	
137	104	122	138	119	
128	148	140	145	104	
138	100	149	131	122	
127	108	149	128	116	
106	141	103	114	129	
131	117	128	137	132	
123	119	136	102	139	
130	149	143	141	100	
133	123	112	117	130	
141	124	145	129	123	
126	118	131	101	111	
109	107	114	138	123	
129	109	122	125	110	
149	118	109	131	105	
138	107	121	124	104	
121	145	100	104	108	
119	101	136	124	142	
128	140	101	134	131	
115	139	131	142	101	
139	113	124	129	126	
118	129	117	131	104	
142	140	147	138	103	
127	124	144	100	130	
131	149	105	100	133	
141	134	138	100	147	
127	124	129	112	118	
121	100	140	132	124	
129	134	141	145	104	
138	122	125	128	133	
113	122	130	129	127	
117	134	106	148	145	
101	140	145	112	147	
141	124	114	100	127	
120	117	147	141	108	
148	112	125	127	133	
107	130	119	105	141	
149	138	112	113	105	
118	111	132	133	114	
184	156	178	162	151	
163	176	154	170	159	
195	173	194	156	169	
197	190	174	176	172	
170	182	196	163	172	
173	156	192	164	178	
165	169	155	182	157	
174	170	154	150	181	
181	163	174	156	177	
151	168	171	186	184	
159	172	160	154	176	
169	164	185	161	176	
179	175	177	185	165	
195	190	155	173	161	
177	182	158	181	183	
159	160	195	157	193	
177	152	187	154	150	
171	195	170	173	159	
161	167	160	165	174	
166	190	163	168	154	
162	180	183	154	198	
198	199	195	182	196	
160	151	176	157	188	
167	168	173	163	187	
153	154	195	169	162	
163	159	152	167	175	
188	199	151	195	189	
181	186	155	156	189	
187	171	161	180	158	
169	173	198	172	193	
166	190	172	154	181	
158	183	172	199	177	
190	176	160	155	199	
167	155	197	193	168	
156	179	163	199	161	
153	159	177	169	162	
161	160	162	169	177	
167	195	162	183	164	
187	199	188	195	196	
156	166	167	159	171	
190	173	176	174	197	
186	178	191	199	181	
162	157	175	159	197	
184	193	194	161	195	
172	191	163	197	166	
159	193	181	189	187	
174	168	192	198	196	
198	165	162	151	155	
170	174	199	194	163	
194	165	166	198	187	
241	212	210	229	231	
218	246	200	225	241	
211	241	221	206	205	
225	219	205	249	216	
217	201	204	205	225	
229	203	244	215	202	
209	245	203	242	216	
204	210	224	237	248	
207	246	226	244	200	
213	231	221	223	237	
205	216	211	242	239	
212	224	202	219	226	
201	212	247	234	205	
233	234	230	235	205	
203	239	205	225	242	
226	244	240	246	204	
209	227	234	236	235	
229	216	246	206	232	
228	207	249	245	237	
224	219	242	237	200	
212	225	231	243	237	
231	225	223	208	243	
243	217	238	235	210	
232	221	235	214	216	
243	240	237	200	227	
247	229	242	202	220	
202	220	204	236	224	
228	244	237	224	207	
205	209	213	235	231	
229	208	233	232	201	
215	229	243	234	204	
207	227	234	236	211	
207	214	205	224	229	
229	244	234	233	200	
205	242	246	211	230	
208	222	240	203	219	
236	234	240	237	230	
248	201	221	239	246	
215	236	242	208	204	
232	222	202	209	248	
246	216	220	224	229	
213	218	210	231	230	
210	204	244	237	217	
205	200	224	218	249	
209	226	236	216	249	
207	206	220	246	242	
211	218	206	239	249	
242	230	208	244	217	
218	210	246	237	223	
227	220	235	234	209	
291	271	263	289	283	
293	255	277	259	252	
266	283	284	278	265	
288	273	269	284	293	
276	278	299	280	286	
273	297	272	290	296	
290	287	251	291	257	
276	291	298	282	257	
264	277	272	250	268	
295	275	283	282	277	
256	257	275	296	264	
277	291	280	260	265	
282	268	260	285	291	
295	297	258	279	252	
290	270	257	272	263	
268	255	295	275	264	
277	271	289	270	299	
270	284	262	278	261	
296	285	261	277	250	
285	276	252	262	283	
286	279	299	259	297	
257	287	282	272	251	
281	268	288	294	280	
270	265	271	254	263	
287	252	257	253	285	
261	288	276	282	266	
278	270	289	280	273	
271	262	254	272	291	
260	269	282	277	287	
266	251	267	292	269	
270	256	299	259	294	
279	268	299	265	275	
283	271	259	298	287	
268	286	293	290	263	
274	293	260	261	286	
261	275	268	292	264	
258	278	282	276	291	
285	286	257	297	273	
267	291	264	262	255	
260	250	297	258	283	
262	272	261	292	253	
250	275	279	274	273	
295	271	258	251	291	
256	254	278	260	292	
276	299	261	252	281	
275	262	260	269	250	
272	250	282	264	283	
271	277	289	251	280	
253	280	282	292	268	
293	270	286	258	262	
307	346	340	344	349	
335	333	302	349	346	
345	308	314	329	349	
333	309	325	346	316	
302	346	341	320	313	
342	345	341	337	316	
330	340	318	336	333	
301	344	300	321	339	
321	347	300	315	345	
337	325	336	331	305	
321	314	337	316	349	
318	309	345	311	337	
347	300	318	314	302	
323	322	320	321	315	
349	329	312	331	335	
305	311	309	342	308	
336	304	327	324	302	
317	301	310	343	349	
333	326	322	338	320	
332	326	304	338	311	
341	330	320	315	331	
314	300	308	326	312	
319	302	339	307	322	
302	337	334	349	344	
306	327	342	301	314	
336	314	325	302	318	
324	313	300	319	331	
330	334	317	315	309	
330	302	337	344	321	
343	303	325	335	334	
315	311	301	321	341	
317	328	325	332	319	
344	310	339	341	334	
346	320	310	324	318	
327	310	322	300	303	
335	327	334	310	325	
314	340	328	300	333	
314	343	349	329	301	
312	340	316	319	321	
337	315	308	324	319	
307	339	322	315	304	
324	322	308	331	316	
311	333	336	312	317	
322	336	328	317	327	
333	348	312	329	338	
333	348	310	309	332	
339	333	314	302	324	
308	328	322	333	314	
341	345	312	303	306	
313	325	318	306	337	
378	399	376	371	384	
362	359	355	385	394	
368	364	389	366	360	
395	367	389	361	394	
384	389	377	356	355	
379	370	366	395	384	
388	357	372	371	351	
368	381	375	376	377	
352	371	385	375	359	
381	374	365	351	386	
380	350	363	371	354	
352	373	388	394	391	
356	368	369	372	378	
387	395	356	391	374	
392	369	377	399	352	
365	378	399	382	352	
385	375	379	370	380	
350	385	399	352	373	
383	390	351	374	371	
359	392	397	383	365	
395	350	378	391	372	
375	361	356	398	387	
366	356	399	352	353	
354	353	366	386	396	
370	380	352	371	377	
386	358	398	363	399	
372	358	369	377	399	
366	378	360	369	397	
373	395	390	369	387	
375	391	398	351	381	
385	359	390	351	373	
379	382	361	354	377	
350	359	398	377	354	
365	391	395	361	360	
376	362	394	377	389	
376	360	369	394	375	
355	383	358	391	386	
366	370	399	382	356	
367	372	393	379	381	
383	360	374	351	389	
386	391	374	398	370	
372	399	375	360	389	
354	358	355	393	372	
365	370	388	376	396	
359	393	384	376	394	
353	388	381	387	361	
355	395	360	391	389	
367	362	370	392	353	
353	385	388	394	369	
376	372	379	391	352	
430	443	422	435	432	
431	405	429	401	411	
404	439	445	422	409	
400	416	428	437	412	
401	449	415	426	413	
428	445	433	423	430	
448	427	436	410	445	
431	418	440	444	429	
443	429	414	415	422	
449	419	417	425	429	
401	422	443	437	418	
405	445	407	427	422	
431	425	448	427	447	
407	447	443	400	406	
437	435	400	436	407	
428	434	445	443	427	
437	443	447	419	414	
430	412	433	431	409	
444	407	413	430	404	
405	431	402	436	448	
411	401	409	429	407	
434	403	419	433	438	
423	426	428	402	436	
427	429	418	444	417	
430	433	431	441	404	
400	427	435	442	443	
429	408	413	439	441	
437	410	449	435	423	
419	428	420	422	429	
449	445	433	436	420	
410	413	412	430	435	
406	437	411	429	438	
409	446	440	438	427	
411	419	406	424	423	
406	439	421	447	405	
408	422	443	417	413	
441	404	422	449	439	
443	432	433	424	417	
409	401	402	438	406	
413	429	407	443	408	
447	443	415	437	445	
436	419	439	400	405	
413	420	436	447	421	
426	404	433	438	415	
407	417	418	429	437	
432	431	425	441	448	
446	412	411	410	449	
412	445	404	401	419	
426	436	442	435	445	
413	401	415	419	420	
484	467	499	494	450	
496	475	459	467	482	
460	462	484	472	485	
495	479	486	453	456	
452	463	455	497	496	
475	482	462	473	492	
485	489	482	481	457	
471	494	478	477	454	
466	463	486	482	462	
477	463	498	489	455	
467	492	450	469	498	
460	485	465	455	469	
482	498	464	467	494	
481	480	495	457	493	
491	472	495	453	455	
471	479	455	453	476	
452	471	486	473	455	
496	484	457	462	469	
462	465	495	477	456	
498	460	485	450	476	
457	453	463	466	470	
497	452	498	477	465	
476	468	451	473	488	
493	471	489	487	466	
463	474	469	475	461	
471	453	488	459	486	
464	486	463	492	498	
452	457	463	459	487	
493	470	489	469	453	
490	485	470	461	456	
476	485	489	479	456	
460	458	480	471	461	
451	452	450	456	468	
475	493	477	495	452	
460	466	478	452	454	
459	470	466	484	489	
481	468	479	484	491	
491	495	459	482	494	
478	489	493	480	484	
453	461	476	482	498	
497	475	472	478	455	
499	465	476	450	466	
474	459	478	486	454	
452	471	465	468	480	
478	465	456	469	457	
496	497	485	452	456	
488	496	472	481	491	
463	455	488	492	464	
451	467	450	458	494	
450	483	471	469	452	
167	48	350	8	120	117	
387	217	310	356	321	163	
183	201	72	315	54	339	
111	70	58	45	157	423	
323	257	451	212	351	359	
456	222	27	140	357	243	
235	204	348	307	137	121	
84	288	378	269	365	407	
84	133	90	112	362	109	
162	163	206	242	139	86	
89	424	364	158	58	381	
35	0	258	485	57	418	
343	48	119	179	277	36	
41	462	349	72	75	266	
336	396	112	30	150	74	
156	179	166	380	95	453	
331	204	254	430	46	431	
350	227	402	141	136	301	
139	441	435	81	243	344	
99	309	407	283	244	40	
38	455	257	176	55	104	
147	76	23	75	452	317	
181	428	25	57	208	378	
102	12	1	327	192	298	
31	338	93	228	54	181	
51	376	132	404	191	272	
279	163	324	142	268	284	
87	98	479	430	279	235	
213	347	79	162	209	216	
37	422	461	113	223	309	
363	478	49	161	494	490	
187	309	447	257	173	478	
138	31	142	247	129	161	
30	165	318	452	193	184	
267	314	251	229	322	280	
201	100	312	187	308	282	
7	391	14	143	75	70	
271	326	99	409	27	310	
248	180	491	453	19	173	
195	240	379	123	182	473	
476	111	90	4	221	75	
45	193	66	202	292	470	
489	309	498	382	232	119	
295	68	211	412	308	180	
228	458	11	459	188	471	
72	214	375	295	430	382	
125	450	322	60	149	142	
7	435	182	33	445	459	
318	464	136	280	469	384	
61	241	62	363	410	91	
200	401	453	190	390	19	
150	420	92	124	497	493	
173	247	175	378	441	262	
15	160	451	55	465	329	
418	115	106	183	454	171	
80	355	324	78	173	305	
25	228	279	178	271	21	
328	394	61	406	442	489	
43	407	329	397	305	156	
185	34	433	277	98	300	
291	264	353	95	48	361	
315	27	165	73	309	407	
476	314	384	446	241	382	
494	148	398	481	415	455	
99	49	188	162	341	463	
124	99	152	389	486	458	
255	180	489	9	196	272	
353	469	248	470	302	348	
80	363	339	247	4	477	
98	258	345	405	227	338	
475	356	453	69	413	98	
419	285	301	77	345	38	
330	239	454	221	82	205	
182	313	159	184	246	295	
292	10	234	93	145	223	
408	27	28	64	399	188	
263	445	268	182	68	159	
140	482	87	358	88	167	
496	221	401	162	315	372	
415	226	158	289	414	172	
174	367	477	170	427	111	
35	7	57	96	10	453	
302	433	259	208	140	391	
402	387	224	434	212	398	
224	66	115	452	120	453	
240	277	98	264	73	157	
336	291	389	339	383	188	
381	21	399	121	458	333	
259	284	351	45	188	144	
14	197	252	149	159	480	
299	13	498	314	460	44	
80	112	107	51	34	332	
252	425	266	227	311	412	
81	43	128	489	359	189	
265	336	251	209	85	384	
120	309	422	312	10	331	
342	355	434	126	398	438	
362	121	475	347	2	129	
89	267	74	482	108	87	
326	385	479	442	262	122	
21	12	286	337	56	292	
228	214	80	341	266	422	
128	323	441	384	493	349	
257	493	261	143	62	408	
157	485	258	376	98	214	
464	158	25	416	222	253	
391	493	311	325	57	416	
494	114	373	6	167	479	
331	184	104	468	450	412	
314	6	117	33	469	39	
401	11	347	64	31	35	
417	136	130	325	432	52	
306	281	417	29	312	90	
456	19	480	461	413	239	
226	381	207	56	159	433	
472	66	221	93	9	189	
213	44	423	386	401	354	
34	205	450	484	26	330	
38	171	411	51	152	243	
169	42	262	445	443	297	
14	37	281	193	206	255	
33	486	200	262	265	440	
14	436	352	348	380	391	
449	358	392	352	237	54	
153	387	398	175	490	154	
90	346	323	174	472	431	
85	396	402	105	128	363	
18	172	491	318	354	499	
268	473	287	269	355	5	
430	429	450	387	351	108	
347	55	327	495	181	131	
240	135	98	250	134	146	
188	363	100	182	415	492	
120	215	216	228	494	198	
380	366	179	297	333	221	
174	215	232	286	201	449	
263	485	479	457	180	296	
490	127	451	417	165	10	
226	471	277	452	237	9	
95	176	105	279	465	257	
146	192	93	440	240	441	
247	257	250	78	162	139	
124	69	121	327	4	285	
2	489	421	203	108	479	
433	56	7	405	233	316	
269	397	299	77	216	310	
20	467	99	19	109	410	
132	489	138	63	307	496	
320	358	238	189	201	247	
266	315	105	285	468	70	
23	453	32	60	412	157	
130	371	159	390	286	88	
435	341	248	372	497	421	
431	287	112	267	63	294	
295	98	191	55	457	234	
469	87	184	212	221	140	
391	76	288	285	480	359	
6	102	325	270	107	449	
392	367	423	346	196	129	
230	343	416	455	211	31	
465	487	416	497	366	351	
497	454	279	310	337	359	
411	297	248	151	339	189	
298	9	348	276	48	391	
60	440	157	431	138	224	
118	440	302	108	379	23	
405	402	246	102	459	354	
171	429	483	292	387	240	
66	27	364	447	207	280	
138	251	320	384	309	257	
138	275	215	20	482	425	
159	220	43	135	252	491	
185	172	316	68	91	87	
70	462	352	230	425	291	
47	218	421	98	190	46	
378	343	105	207	4	416	
224	180	232	238	128	47	
89	205	127	256	464	321	
413	180	171	178	467	303	
194	343	314	298	469	397	
328	352	141	100	108	167	
76	370	0	350	156	60	
193	492	295	178	42	140	
345	287	75	340	431	488	
334	391	339	471	285	369	
404	235	175	109	99	451	
481	296	161	237	122	26	
204	398	389	15	281	432	
145	330	483	67	192	365	
384	134	466	381	129	303	
233	363	440	357	244	88	
411	130	348	218	368	276	
148	0	421	463	305	225	
327	413	400	245	295	386	
243	387	92	452	400	75	
327	99	335	263	36	131	
238	410	348	31	133	336	
485	315	87	384	33	30	
149	326	171	17	432	327	
364	109	450	256	199	121	
248	485	164	309	184	362	159	
207	241	339	345	273	252	462	
24	53	472	297	128	46	101	
82	365	1	396	27	223	247	
73	475	87	439	11	97	430	
352	327	138	157	443	226	382	
208	85	45	284	336	65	140	
235	284	317	251	74	182	426	
433	202	110	211	89	77	432	
79	337	336	322	317	72	462	
227	206	300	480	364	12	326	
374	192	185	485	498	429	460	
441	416	46	420	326	318	199	
100	477	19	53	269	61	261	
189	96	344	245	82	184	415	
62	497	400	104	281	216	494	
301	4	415	196	191	188	87	
198	87	397	301	450	84	272	
39	121	467	253	268	273	472	
180	465	442	489	236	242	108	
322	378	360	471	451	95	365	
363	311	354	139	254	442	177	
88	240	263	415	377	142	45	
247	305	138	133	444	293	238	
299	194	338	379	85	19	397	
8	361	354	379	21	47	489	
232	95	474	127	337	408	81	
49	1	353	75	211	263	150	
28	331	104	434	340	235	50	
317	226	465	439	328	244	359	
226	187	176	255	9	165	190	
364	113	307	18	291	255	177	
213	364	247	211	128	347	135	
306	39	339	495	462	357	403	
102	55	14	173	398	141	30	
449	136	170	179	386	13	90	
333	133	462	349	459	197	147	
436	230	27	191	210	28	254	
65	128	111	234	271	80	297	
74	26	116	148	249	250	108	
223	388	354	298	395	236	5	
135	33	232	150	223	305	235	
179	329	310	426	155	109	443	
350	207	363	385	331	16	135	
172	313	15	340	261	14	191	
163	338	402	235	72	147	269	
226	406	87	274	31	147	131	
115	379	371	206	41	69	22	
312	372	414	384	407	105	458	
107	447	198	302	182	94	292	
391	259	427	129	109	370	322	
166	350	421	394	491	453	410	
425	382	127	106	119	410	216	
61	273	278	374	409	370	32	
74	209	206	10	281	192	456	
51	372	136	333	107	404	204	
264	93	95	461	185	142	476	
198	441	477	482	475	114	397	
444	194	36	91	208	143	472	
334	494	121	4	315	364	30	
380	388	53	302	435	130	75	
123	201	75	420	330	8	457	
379	405	435	157	206	19	163	
489	68	196	160	56	337	455	
110	142	381	282	257	141	60	
119	181	53	123	175	309	20	
80	448	412	252	20	138	289	
61	455	465	152	289	284	310	
168	100	108	130	350	26	280	
156	10	107	305	174	328	124	
337	497	272	340	130	312	381	
225	137	285	305	130	343	448	
450	148	36	443	297	31	336	
129	16	330	447	279	205	405	
315	418	296	497	361	440	152	
424	211	368	26	70	354	480	
381	285	262	457	311	339	41	
286	368	228	472	311	481	159	
60	150	399	499	179	114	27	
211	161	146	304	38	101	313	
202	106	399	334	149	238	154	
364	380	394	362	348	324	5	
410	226	340	447	494	371	460	
467	170	416	257	359	235	107	
55	151	231	51	41	410	256	
143	134	112	85	316	250	204	
258	346	219	114	358	471	128	
115	479	18	159	176	420	458	
334	177	132	11	145	91	485	
141	2	258	332	414	320	377	
367	221	411	11	488	358	297	
262	149	400	40	298	158	317	
243	69	421	312	9	36	132	
169	395	5	496	441	152	187	
449	79	76	381	99	139	382	
59	16	458	478	294	428	366	
463	407	295	267	202	16	435	
476	106	434	392	99	382	236	
168	305	492	414	196	83	113	
459	156	277	347	185	64	115	
479	268	12	463	148	30	419	
33	229	324	398	357	489	388	
196	257	299	416	274	125	87	
368	141	308	416	149	357	400	
333	407	157	343	93	278	242	
149	362	444	136	338	331	219	
13	70	241	210	297	256	466	
196	292	462	465	111	217	423	
276	227	440	353	423	149	338	
83	286	427	188	223	218	305	
95	416	177	406	466	242	147	
460	49	272	322	387	267	111	
217	38	119	357	151	315	446	
366	169	310	234	76	158	363	
298	78	58	116	141	130	371	
445	438	95	292	432	364	245	
450	230	241	247	94	77	152	
385	291	421	187	48	156	289	
168	294	394	196	115	53	112	
217	381	104	403	476	14	405	
67	181	421	355	232	339	147	
375	249	340	15	223	135	270	
406	354	213	436	131	197	59	
364	398	7	34	255	390	496	
120	383	308	25	382	488	316	
383	37	255	460	18	452	456	
336	19	470	166	3	355	200	
50	348	97	162	273	227	16	
388	80	354	123	373	352	174	
464	42	175	64	353	346	307	
432	108	46	84	334	175	300	
391	171	16	321	21	257	142	
433	242	5	100	199	296	1	
217	201	96	383	417	267	5	
207	236	212	284	410	282	270	
102	37	5	318	395	280	470	
221	429	14	115	209	288	92	
133	449	370	259	384	210	127	
495	458	135	479	79	134	60	
65	280	418	209	318	70	182	
496	311	332	139	76	434	427	
187	454	141	16	393	400	317	
290	244	469	489	478	246	324	
483	478	382	103	328	257	336	
355	395	19	440	35	380	323	
42	259	225	454	365	253	327	
495	102	190	456	133	160	62	
315	322	45	244	89	224	140	
302	323	150	50	142	275	130	
421	472	459	352	304	154	271	
202	154	419	159	347	311	332	
466	196	248	459	229	158	311	
89	107	192	489	341	74	282	
182	88	271	374	165	417	24	
77	200	408	266	35	104	31	
109	351	258	151	262	220	349	
126	35	60	412	254	362	291	
341	224	375	46	137	298	385	
284	421	236	267	13	392	346	
254	155	32	285	475	185	83	
148	396	362	6	57	244	480	
273	419	99	88	430	348	203	
128	26	329	130	298	25	125	
272	259	488	496	459	148	450	
280	353	61	170	277	265	281	
190	93	348	20	296	126	210	
97	441	209	423	460	273	257	
361	412	260	326	140	272	435	
120	245	195	368	231	387	162	
261	234	472	377	235	177	173	
221	75	38	467	166	327	355	
29	478	60	221	124	417	127	
369	157	80	483	133	18	211	
198	162	207	290	242	170	353	
149	156	202	49	60	176	493	
64	100	205	110	348	48	246	
150	260	354	7	227	292	220	
254	179	129	458	6	452	421	
52	462	454	231	421	478	263	
415	227	292	36	197	401	459	
450	417	52	381	439	233	245	
153	312	132	494	168	107	208	
429	115	143	193	189	369	159	
405	287	316	413	90	438	412	
60	25	488	127	2	470	158	
103	82	165	180	262	229	187	
141	445	478	215	0	68	111	
356	345	405	302	133	30	408	
27	498	420	166	292	368	187	
11	72	31	479	404	451	209	
116	81	307	413	476	42	403	
241	481	299	88	142	71	10	
106	467	359	48	366	73	400	
123	370	134	77	118	216	418	
433	342	475	98	308	148	122	
462	78	119	368	476	25	245	
143	18	196	160	377	40	495	
83	378	309	257	99	237	327	
242	11	355	90	108	236	58	
207	93	157	35	117	368	115	
406	488	332	270	248	53	384	224	
69	222	302	457	89	142	91	321	
240	249	113	159	169	161	192	69	
395	36	362	24	436	149	380	446	
405	343	42	213	76	179	59	96	
63	220	96	126	469	193	163	423	
228	152	205	474	56	129	396	218	
13	243	269	273	377	209	459	246	
163	26	437	32	332	454	162	317	
417	179	459	354	56	160	72	60	
135	296	274	378	362	376	237	404	
138	276	366	37	303	19	383	316	
254	332	465	23	353	199	120	21	
448	384	73	0	138	378	392	316	
495	98	202	444	58	327	262	469	
165	463	199	354	74	312	472	373	
233	432	293	23	458	136	21	376	
266	256	269	11	102	401	60	119	
318	11	157	407	472	108	312	3	
351	101	204	422	155	317	391	367	
426	320	290	83	28	298	249	176	
408	176	77	348	434	340	122	193	
180	0	432	60	67	411	75	378	
126	224	418	33	404	140	165	270	
475	305	23	455	188	69	480	131	
90	463	132	54	327	265	4	77	
442	275	194	39	448	20	18	217	
394	324	410	141	466	91	155	413	
306	345	69	495	223	240	35	116	
479	225	439	105	163	66	50	376	
141	317	465	224	242	69	31	364	
133	232	81	376	148	149	223	325	
59	246	305	456	459	196	191	138	
435	315	253	446	318	218	217	40	
445	107	24	180	426	189	261	230	
194	369	184	291	452	458	148	328	
135	298	460	1	353	71	186	165	
417	17	7	89	207	18	334	204	
155	177	273	31	476	140	419	281	
407	99	268	94	347	488	370	160	
172	214	454	112	423	299	340	279	
187	278	244	46	462	230	88	291	
182	265	270	213	411	303	461	114	
322	175	424	377	496	188	353	258	
100	62	267	35	490	198	463	52	
9	316	490	140	66	470	236	374	
372	91	56	165	478	298	490	495	
26	337	154	360	421	23	280	2	
231	262	196	284	458	256	469	440	
499	406	319	307	336	249	331	475	
40	20	62	441	382	116	153	46	
452	191	261	412	487	297	22	294	
249	106	442	467	330	408	454	453	
384	154	495	453	343	366	178	332	
152	438	340	94	364	193	335	395	
18	237	175	442	281	178	116	269	
171	437	174	213	252	140	326	332	
164	157	80	114	386	331	371	343	
141	470	96	408	84	379	114	331	
221	19	46	486	334	323	196	277	
43	286	124	450	184	75	130	125	
202	164	270	453	388	34	303	227	
83	360	171	186	121	318	284	265	
178	418	444	108	139	11	326	41	
245	214	233	148	43	382	302	366	
108	209	97	164	183	496	367	173	
324	242	13	92	121	225	141	64	
132	428	463	387	92	145	160	475	
282	429	389	173	128	372	424	307	
54	261	165	149	344	455	426	225	
410	236	425	203	247	257	219	163	
154	90	474	250	399	370	417	341	
160	280	143	174	205	385	15	79	
456	97	271	138	183	61	458	90	
184	268	53	82	65	132	276	145	
476	169	186	253	360	307	234	54	
318	340	291	29	145	305	345	465	
374	77	49	70	213	5	407	38	
52	340	268	490	194	489	324	20	
181	267	373	409	231	96	142	31	
74	98	298	333	498	256	309	103	
315	466	231	481	256	303	478	446	
18	86	424	374	140	475	233	312	
246	89	5	132	399	256	118	196	
389	141	168	435	280	412	249	30	
164	235	492	28	174	372	182	81	
11	56	5	249	448	152	244	181	
370	338	354	213	289	499	449	68	
313	97	398	88	86	59	235	179	
361	263	31	111	442	315	258	496	
260	448	113	311	425	54	419	273	
378	212	486	220	263	92	340	76	
176	40	74	247	109	454	199	229	
414	173	77	99	226	107	36	232	
90	448	386	114	363	477	470	95	
283	215	107	110	380	176	181	164	
461	256	463	213	293	106	35	95	
267	388	31	246	458	167	73	264	
127	156	17	10	462	188	148	234	
15	169	271	172	182	483	68	38	
289	264	262	229	246	456	257	432	
41	339	430	65	393	38	148	313	
320	431	382	476	1	399	375	107	
311	332	478	487	146	361	65	176	
252	283	318	415	435	397	394	341	
356	2	1	12	272	278	176	486	
332	7	220	416	219	418	256	74	
431	211	65	323	3	250	66	154	
492	64	154	46	482	4	218	116	
446	409	241	25	460	291	128	141	
332	267	330	12	336	496	225	364	
240	330	363	328	4	156	413	206	
453	414	331	133	231	193	215	148	
235	253	33	412	164	456	211	154	
153	434	172	144	75	161	165	246	
169	119	359	400	200	463	396	32	
113	155	56	76	233	269	268	219	
35	29	122	28	34	18	273	192	
323	446	161	178	243	390	426	126	
200	173	66	8	36	38	164	151	
164	127	248	120	217	273	458	379	
356	404	14	405	44	320	451	134	
419	169	285	271	159	176	319	145	
268	66	100	44	58	34	286	230	
154	490	180	108	225	333	83	303	
401	322	391	53	249	343	281	426	
413	183	329	222	30	387	75	108	
227	345	108	141	195	359	319	487	
363	2	245	417	400	254	233	116	
43	314	480	1	397	370	320	450	
250	138	210	412	116	311	444	387	
319	128	348	145	454	166	117	496	
446	55	362	408	234	224	306	112	
7	56	233	140	470	309	28	384	
185	202	201	17	410	245	454	234	
296	182	45	349	286	161	454	272	
100	234	409	107	453	455	198	264	
84	278	223	366	67	154	436	386	
327	377	321	141	390	48	307	265	
319	5	495	75	15	111	353	287	
279	329	479	394	54	314	297	342	
490	115	355	285	228	175	280	473	
83	461	23	411	163	339	247	206	
469	399	195	93	362	20	239	234	
436	498	486	239	478	152	147	101	
285	24	370	373	215	219	382	245	
373	54	81	1	418	66	382	341	
254	374	204	36	328	343	296	231	
298	318	39	44	421	348	123	82	
304	483	425	444	216	109	308	393	
89	3	194	414	319	275	470	151	
399	251	491	411	101	367	384	426	
403	272	93	393	101	439	177	7	
379	14	313	318	492	182	411	229	
233	8	275	416	168	490	413	7	
214	455	169	163	114	84	153	359	
197	268	334	364	477	80	271	83	
66	72	491	64	380	327	290	196	
121	54	124	263	68	253	398	127	
429	343	170	257	276	411	41	419	
432	150	440	366	144	327	229	159	
471	308	159	199	156	27	354	473	
119	205	80	351	312	430	70	315	
291	260	277	431	442	347	221	296	
315	74	120	69	213	301	28	409	
422	437	268	390	154	139	76	495	
142	464	75	494	310	316	485	284	
54	362	104	97	224	486	292	83	
131	44	21	63	112	86	348	188	
47	224	400	363	430	381	435	298	
434	264	158	42	482	349	294	265	
97	324	201	41	461	266	482	408	
112	449	247	461	331	197	29	159	
425	326	271	430	93	187	38	172	
155	292	220	300	379	88	200	84	
467	270	152	25	492	420	489	18	
304	219	402	240	389	64	366	84	
65	162	18	361	33	392	314	380	
266	310	175	143	14	377	315	479	
328	449	272	230	364	169	32	124	
335	188	196	428	162	124	5	209	
278	176	371	63	399	175	69	156	
418	373	23	336	147	482	284	75	
87	68	193	10	224	315	310	282	
213	231	413	190	352	188	276	28	
308	178	249	290	447	311	45	163	
1	136	370	368	108	96	188	407	
212	67	273	272	247	21	308	462	
178	277	378	448	217	214	168	75	
231	476	392	234	242	31	318	63	
188	421	49	283	11	333	491	402	
15	450	95	214	176	178	418	123	
285	74	23	384	274	28	87	203	
95	249	128	198	242	67	458	275	
249	169	115	39	76	377	11	380	
467	344	245	25	248	207	355	496	
95	170	424	468	252	96	40	486	
408	86	223	402	281	196	117	280	
94	370	335	483	56	464	244	298	
190	484	404	79	233	67	422	129	
