25	34	2	
45	22	47	
37	36	40	
6	14	33	
45	11	10	
9	34	2	
33	9	0	
49	28	24	
6	29	19	
38	48	21	
28	22	9	
37	44	36	
8	37	49	
49	40	16	
49	22	45	
2	5	12	
21	31	8	
27	15	41	
42	20	38	
27	23	10	
42	12	6	
45	26	10	
5	46	1	
24	32	34	
1	49	37	
34	42	18	
12	9	29	
15	4	18	
16	2	20	
13	40	33	
33	28	42	
19	21	43	
21	44	18	
16	0	8	
14	37	16	
43	27	29	
27	28	26	
17	25	42	
39	33	13	
43	23	36	
18	8	30	
37	22	7	
31	32	47	
2	35	44	
22	43	4	
39	49	10	
9	32	21	
48	31	17	
48	21	44	
31	4	32	
98	91	93	
57	51	72	
79	94	63	
67	50	62	
53	55	93	
78	74	96	
85	50	89	
77	50	71	
94	82	68	
54	58	88	
84	72	65	
55	96	94	
57	50	90	
94	93	65	
68	72	86	
92	65	52	
81	80	82	
85	65	63	
53	76	96	
96	97	70	
99	89	52	
89	61	90	
57	72	52	
88	57	84	
97	92	60	
69	74	91	
87	75	63	
78	51	95	
99	76	72	
68	61	56	
65	72	82	
79	91	96	
78	98	91	
84	55	70	
64	87	56	
72	64	99	
84	89	59	
71	51	79	
81	91	56	
81	94	58	
50	89	57	
58	89	59	
97	64	58	
68	52	85	
79	54	56	
92	53	68	
59	97	83	
53	59	85	
81	52	50	
79	66	62	
109	127	144	
105	111	103	
120	130	146	
131	117	114	
145	147	109	
118	113	117	
115	128	145	
102	127	128	
125	100	116	
116	139	123	
112	116	135	
113	126	100	
129	145	144	
114	123	140	
132	122	120	
112	146	132	
134	145	118	
102	122	148	
130	113	115	
129	100	137	
118	132	109	
147	123	133	
135	104	109	
131	137	115	
101	122	125	
104	138	127	
121	133	139	
100	126	122	
143	115	149	
143	135	141	
110	106	129	
148	139	122	
118	101	137	
141	109	132	
147	127	143	
133	130	123	
111	125	105	
134	131	143	
103	148	129	
125	140	147	
102	118	105	
145	117	133	
121	135	112	
128	104	142	
114	147	110	
125	133	126	
123	100	121	
125	133	104	
121	142	119	
137	130	141	
168	197	182	
183	189	169	
182	166	191	
161	193	177	
153	196	161	
161	191	185	
151	157	189	
170	150	174	
159	188	154	
183	167	174	
171	191	159	
193	159	157	
152	173	189	
158	168	183	
172	180	152	
169	171	187	
165	170	181	
185	179	198	
151	165	166	
184	152	176	
198	159	184	
191	156	167	
157	171	166	
181	184	169	
150	191	190	
190	187	167	
151	173	191	
179	159	175	
187	195	155	
199	189	150	
172	177	174	
180	164	158	
152	184	195	
184	174	185	
153	165	186	
167	191	194	
193	173	186	
193	195	174	
181	183	195	
181	179	156	
177	192	163	
188	194	153	
162	171	188	
167	189	174	
165	150	161	
193	197	177	
192	152	159	
152	182	164	
156	199	179	
174	171	183	
210	215	206	
242	235	241	
206	245	221	
217	238	229	
200	231	249	
239	232	209	
234	227	201	
235	210	236	
210	245	211	
200	221	213	
216	208	236	
206	213	237	
202	242	203	
246	247	238	
235	236	246	
233	231	215	
229	249	224	
221	229	215	
212	238	223	
242	205	214	
206	237	217	
229	213	205	
210	218	245	
207	244	241	
237	207	244	
238	201	217	
205	235	249	
226	230	206	
247	245	202	
242	237	203	
213	212	206	
244	217	207	
236	243	240	
202	242	217	
220	219	249	
230	249	219	
202	231	232	
224	218	227	
237	214	233	
221	231	200	
245	243	232	
237	226	240	
213	244	225	
213	204	248	
227	226	203	
201	207	204	
221	228	230	
245	207	227	
242	215	225	
243	205	233	
255	269	284	
255	287	280	
259	271	290	
267	290	272	
262	270	294	
280	256	289	
253	271	284	
263	253	258	
267	273	289	
256	277	278	
288	250	254	
297	273	271	
289	263	296	
253	297	289	
296	289	278	
286	254	289	
262	285	284	
281	273	277	
260	261	288	
276	267	281	
267	289	252	
259	261	298	
292	299	275	
253	267	251	
290	263	255	
286	290	272	
252	258	280	
269	263	275	
258	299	263	
290	273	258	
255	290	260	
297	281	279	
294	262	279	
282	260	295	
293	294	253	
297	271	250	
278	252	275	
278	251	292	
295	294	278	
259	279	282	
291	282	252	
287	270	283	
279	291	295	
264	288	292	
285	253	284	
262	296	256	
276	263	250	
268	299	267	
293	297	260	
280	292	293	
301	337	321	
307	302	301	
337	335	345	
328	316	320	
325	323	330	
316	324	337	
323	319	305	
334	344	343	
317	340	322	
318	320	340	
332	333	339	
321	308	312	
335	343	329	
344	318	306	
307	318	309	
342	304	323	
330	333	349	
339	306	333	
302	340	331	
303	326	338	
300	317	321	
332	323	339	
307	342	332	
326	334	345	
302	323	304	
334	313	308	
310	323	346	
342	313	304	
337	313	314	
342	302	348	
322	319	330	
312	325	341	
346	344	308	
322	343	330	
303	342	301	
332	326	320	
344	343	334	
340	319	314	
341	323	334	
310	300	339	
300	330	338	
346	309	327	
348	333	324	
313	340	305	
310	308	316	
303	300	305	
320	300	316	
345	330	335	
312	313	319	
310	305	303	
390	353	381	
355	359	393	
364	382	369	
352	369	360	
367	356	361	
379	387	394	
382	359	361	
399	377	382	
379	376	381	
385	353	398	
380	373	365	
380	397	381	
355	377	362	
391	393	358	
381	352	387	
364	366	396	
358	353	378	
378	357	383	
374	380	395	
351	396	397	
388	361	377	
359	374	375	
384	372	382	
393	399	395	
372	392	353	
370	366	377	
386	359	350	
363	366	350	
383	381	388	
385	378	352	
366	364	376	
357	377	387	
379	365	364	
396	391	372	
382	377	351	
361	374	398	
364	393	356	
382	372	358	
358	391	354	
395	360	381	
375	369	392	
354	389	396	
374	366	365	
396	390	395	
371	358	352	
371	355	352	
370	366	385	
365	398	382	
353	369	376	
399	373	385	
435	409	401	
413	447	411	
447	440	419	
424	433	422	
425	422	440	
432	412	418	
415	436	439	
426	446	419	
443	428	417	
424	400	448	
419	430	403	
439	422	437	
419	403	441	
445	447	425	
425	403	415	
446	417	436	
445	419	412	
425	402	428	
402	431	448	
446	415	443	
434	443	426	
418	442	428	
435	416	447	
421	428	407	
412	434	433	
448	428	422	
446	428	417	
435	400	448	
445	435	449	
447	423	412	
430	403	412	
441	409	446	
413	435	426	
428	415	413	
401	439	407	
436	408	431	
411	415	400	
416	418	428	
403	407	409	
434	429	438	
418	441	449	
415	420	430	
448	442	438	
400	403	415	
425	401	442	
426	439	437	
449	417	416	
433	404	430	
409	430	447	
421	431	419	
496	497	478	
460	494	484	
477	457	490	
490	485	452	
465	455	456	
476	491	483	
470	461	453	
481	484	460	
485	470	498	
458	478	452	
480	459	482	
485	453	481	
462	481	498	
465	490	482	
455	489	499	
476	460	472	
498	462	459	
496	489	484	
473	490	499	
467	466	468	
465	479	451	
459	497	480	
481	473	456	
452	476	478	
456	486	457	
496	463	456	
480	469	484	
465	491	458	
450	492	473	
491	482	455	
497	467	488	
464	457	466	
493	461	464	
473	480	483	
488	498	475	
475	490	459	
493	482	496	
494	475	452	
459	468	453	
481	470	473	
490	473	488	
479	450	465	
491	462	467	
474	472	487	
468	457	480	
498	488	460	
452	451	458	
456	460	467	
498	475	454	
477	480	455	
40	8	49	7	
48	26	18	47	
23	30	43	46	
24	29	40	35	
10	37	49	31	
27	28	0	7	
5	12	4	22	
16	23	38	2	
24	43	14	28	
35	20	6	32	
22	31	42	35	
3	47	1	15	
17	3	33	38	
27	5	12	36	
4	24	13	9	
39	9	3	8	
34	45	24	14	
28	49	8	37	
6	8	25	0	
47	20	44	14	
8	3	20	29	
45	14	20	41	
7	49	12	47	
6	45	39	44	
49	38	7	46	
43	9	44	33	
0	37	48	31	
47	10	2	25	
21	32	46	22	
4	5	17	7	
4	18	0	47	
40	3	1	48	
6	45	12	26	
49	33	45	48	
35	19	18	15	
2	17	42	26	
41	34	22	11	
30	23	41	3	
12	41	2	25	
25	41	14	11	
42	2	37	41	
0	27	9	36	
18	17	40	45	
0	28	6	36	
23	44	18	13	
8	25	13	7	
31	42	28	10	
46	21	3	48	
36	29	3	7	
36	38	27	10	
81	63	75	97	
70	75	92	84	
61	69	73	81	
74	94	60	79	
87	93	51	88	
92	66	74	59	
82	79	65	81	
55	75	88	93	
80	55	56	96	
99	65	84	73	
69	83	72	59	
91	53	97	94	
51	65	71	53	
76	59	61	92	
95	65	87	79	
55	62	99	69	
90	55	77	89	
52	96	79	89	
70	77	84	71	
84	89	72	95	
64	58	53	99	
63	72	69	98	
52	75	65	95	
88	57	84	79	
56	57	80	77	
74	52	54	58	
76	63	67	66	
65	58	89	53	
84	70	59	86	
67	81	84	88	
70	92	99	63	
64	79	95	77	
71	96	67	63	
99	90	84	67	
81	97	70	56	
76	84	66	97	
94	51	53	69	
70	60	81	82	
50	52	97	56	
76	95	56	66	
74	91	77	64	
83	54	60	52	
58	51	55	84	
77	55	64	62	
98	59	82	57	
62	91	60	98	
51	58	65	97	
76	54	88	85	
90	53	73	85	
64	69	50	58	
135	131	120	148	
136	115	142	106	
143	113	130	112	
102	129	119	106	
115	123	138	137	
123	128	141	142	
140	129	101	115	
131	137	109	113	
106	122	118	146	
118	104	103	123	
119	141	147	130	
144	120	137	146	
100	135	104	110	
147	101	146	148	
114	122	139	111	
143	135	145	118	
100	132	102	104	
117	112	100	102	
140	136	133	148	
104	132	124	100	
114	105	141	144	
138	136	104	145	
113	107	101	129	
124	132	144	127	
147	118	136	148	
136	129	105	144	
106	143	133	130	
118	139	124	103	
125	144	127	146	
116	144	111	128	
134	141	120	143	
140	104	105	103	
136	149	132	108	
122	114	106	141	
137	146	118	113	
104	140	120	149	
138	118	148	124	
143	141	112	128	
142	105	114	139	
101	143	148	134	
104	141	132	137	
101	133	124	118	
141	114	104	136	
130	112	139	147	
139	142	105	102	
143	105	115	140	
130	136	129	133	
140	119	142	129	
100	144	138	134	
139	113	109	121	
197	154	182	163	
197	168	165	198	
167	177	176	154	
162	180	177	173	
160	195	152	150	
192	180	177	176	
190	170	183	167	
192	175	184	168	
187	160	165	154	
177	160	153	183	
198	171	186	179	
159	154	158	171	
158	197	196	187	
173	186	167	150	
187	166	179	161	
153	159	151	168	
163	187	186	176	
166	171	161	160	
190	194	154	151	
151	181	174	159	
188	178	166	176	
180	151	198	197	
170	174	191	155	
154	184	157	189	
150	154	157	189	
151	187	192	167	
156	159	151	194	
163	170	188	167	
157	181	177	150	
155	175	168	186	
192	184	180	156	
180	151	185	156	
191	150	188	170	
199	182	153	190	
197	186	176	163	
155	162	190	196	
183	155	154	180	
176	166	191	169	
196	167	199	185	
165	190	185	153	
192	163	158	196	
152	169	171	194	
190	197	186	184	
175	155	158	160	
189	169	192	199	
164	182	181	157	
162	155	197	154	
191	182	168	199	
195	182	176	183	
159	171	169	191	
214	212	217	222	
241	204	234	225	
213	206	207	204	
221	245	225	241	
238	205	235	201	
215	220	225	226	
242	240	241	215	
226	240	206	221	
221	224	207	226	
234	211	231	210	
228	219	217	249	
246	220	206	209	
232	244	242	231	
213	249	244	243	
205	243	211	209	
225	236	227	213	
227	206	208	210	
231	243	217	242	
203	211	245	208	
227	224	237	225	
229	217	227	201	
249	201	200	202	
235	228	227	240	
206	200	222	204	
243	211	222	203	
243	238	208	244	
249	214	210	235	
204	247	202	232	
246	241	229	237	
216	200	232	213	
212	223	230	239	
211	222	234	220	
237	225	205	236	
226	208	246	238	
204	207	221	231	
246	204	235	233	
211	214	247	208	
246	227	211	205	
248	212	208	228	
244	203	232	241	
228	215	246	240	
246	234	203	230	
246	243	240	210	
231	220	200	211	
209	241	233	231	
209	232	203	210	
242	230	231	237	
208	205	224	215	
234	244	231	226	
219	233	223	210	
250	297	279	276	
295	281	253	264	
296	260	262	255	
290	281	255	261	
251	299	253	280	
292	260	286	266	
268	272	280	252	
256	291	254	270	
286	290	256	269	
273	292	251	255	
286	283	285	276	
275	274	257	296	
262	297	277	281	
265	252	277	296	
269	290	286	274	
257	262	284	268	
296	250	262	292	
286	265	258	282	
260	251	296	282	
295	275	254	262	
286	281	269	259	
275	264	277	298	
270	271	264	292	
270	259	255	250	
282	295	259	260	
298	286	276	252	
273	288	270	278	
260	255	268	273	
254	277	272	264	
299	274	258	261	
250	263	255	264	
299	260	272	264	
288	280	284	251	
275	285	265	268	
260	266	294	290	
281	255	279	269	
251	259	291	281	
297	289	288	278	
250	292	287	296	
274	287	256	292	
250	292	286	270	
256	253	295	250	
276	279	265	257	
253	279	252	296	
260	262	257	283	
276	297	279	255	
272	256	273	257	
250	260	291	257	
266	282	281	256	
287	262	265	252	
340	341	316	345	
330	310	306	303	
321	340	320	336	
334	338	332	312	
331	340	323	337	
348	325	314	321	
300	341	345	314	
331	314	346	307	
309	317	329	304	
323	344	324	317	
316	315	331	336	
323	349	313	319	
310	342	343	318	
346	338	343	303	
338	305	312	333	
338	349	302	301	
331	319	318	333	
307	334	347	312	
330	318	341	324	
338	307	312	345	
309	329	311	331	
321	339	314	300	
310	334	305	347	
304	348	345	305	
342	307	315	306	
327	303	308	344	
334	318	314	311	
348	344	315	341	
327	315	339	313	
343	316	300	337	
325	315	323	302	
316	327	311	319	
337	313	347	341	
320	300	312	319	
335	334	319	343	
329	330	324	325	
315	316	308	314	
319	313	341	331	
323	331	346	303	
339	345	300	327	
315	340	310	339	
344	349	346	305	
335	313	348	339	
311	337	332	303	
323	336	344	307	
323	321	330	344	
317	330	345	336	
324	342	309	310	
320	331	301	327	
328	319	311	310	
384	366	387	392	
359	380	385	374	
369	371	364	393	
368	367	392	363	
366	379	381	385	
359	393	355	392	
379	358	373	365	
386	351	350	395	
372	365	353	367	
375	350	384	382	
363	354	391	379	
397	388	385	365	
352	385	364	380	
369	365	389	377	
380	359	372	389	
393	387	363	382	
380	361	386	364	
378	379	384	358	
398	395	356	392	
395	388	361	373	
377	375	390	382	
379	365	356	381	
376	361	378	351	
358	376	390	399	
382	357	361	385	
382	372	383	360	
386	382	356	387	
352	375	372	380	
361	355	379	384	
367	380	361	374	
389	369	365	364	
360	382	395	376	
388	377	369	385	
357	373	351	358	
371	365	376	378	
361	391	384	356	
394	359	360	362	
392	384	366	394	
382	362	361	373	
356	399	393	384	
363	373	385	395	
396	387	360	385	
355	377	353	369	
368	358	366	378	
388	351	353	381	
393	373	381	361	
381	374	389	376	
379	394	386	388	
387	388	378	391	
353	380	396	387	
441	415	446	420	
409	436	411	417	
412	400	442	411	
425	409	422	405	
410	445	423	426	
430	420	407	409	
426	414	410	429	
439	431	426	436	
432	408	445	401	
430	422	427	447	
404	424	430	438	
407	437	411	404	
422	448	426	443	
434	437	405	435	
429	444	441	419	
414	418	445	437	
420	443	401	439	
447	423	449	401	
410	403	440	419	
421	434	417	415	
414	442	413	438	
401	421	449	411	
439	422	401	412	
442	411	407	429	
402	427	441	407	
441	420	419	410	
448	449	430	425	
438	406	446	429	
433	428	448	412	
439	406	435	417	
432	433	417	437	
417	440	434	438	
431	406	440	439	
440	430	418	414	
431	418	427	424	
402	441	444	440	
414	401	416	429	
437	443	421	436	
439	436	429	400	
445	405	412	447	
428	403	407	430	
428	423	412	443	
419	406	441	420	
428	434	412	444	
412	413	408	430	
400	422	431	424	
422	440	438	439	
425	431	415	427	
449	431	447	423	
403	432	426	439	
464	473	499	476	
475	452	476	474	
485	491	482	470	
463	458	452	455	
471	460	486	477	
460	464	455	495	
469	479	466	496	
464	488	479	486	
467	499	491	473	
466	463	486	488	
450	460	468	458	
498	453	454	494	
454	475	473	490	
495	475	489	478	
477	459	456	491	
456	470	481	492	
469	452	496	464	
498	475	465	489	
454	471	476	489	
474	469	483	461	
479	499	476	492	
483	497	450	452	
459	491	454	494	
499	457	459	472	
492	484	457	497	
494	499	459	477	
477	485	482	499	
480	496	491	462	
456	486	473	499	
474	477	481	478	
468	477	475	489	
459	463	493	495	
453	454	480	472	
498	451	464	482	
479	474	469	493	
496	464	452	495	
457	459	471	470	
462	451	493	461	
475	451	455	493	
485	486	478	476	
466	493	465	490	
490	469	486	485	
453	475	460	466	
451	463	454	466	
465	469	455	452	
480	487	470	482	
468	470	499	482	
473	479	494	492	
488	491	480	465	
498	476	451	455	
40	39	46	35	8	
15	44	4	31	29	
5	42	24	37	8	
12	2	43	27	45	
5	30	18	12	14	
23	1	42	16	3	
34	19	38	17	16	
30	42	46	25	14	
26	46	4	48	22	
41	8	3	4	7	
31	2	43	33	10	
30	19	12	21	6	
22	41	44	30	38	
24	14	16	48	13	
3	13	29	34	43	
1	25	45	21	7	
30	27	24	23	9	
45	9	32	37	16	
39	10	45	46	44	
49	7	48	8	19	
23	19	2	36	49	
43	23	24	39	13	
47	25	42	22	3	
41	14	23	13	26	
20	48	7	6	26	
26	8	49	47	9	
32	21	14	11	49	
23	28	18	17	42	
49	3	6	12	13	
28	9	40	34	5	
24	7	9	26	38	
28	35	47	29	32	
42	2	19	28	3	
11	44	17	15	20	
39	37	32	5	40	
17	4	49	48	38	
26	19	18	35	6	
45	3	31	4	0	
1	14	7	24	0	
24	4	47	38	40	
36	21	27	39	23	
20	48	8	42	33	
28	15	12	5	47	
24	36	20	27	48	
32	0	18	43	24	
44	8	0	34	31	
34	23	46	32	24	
35	30	23	25	15	
47	29	28	2	22	
20	13	38	31	2	
81	98	80	56	82	
81	66	92	68	67	
73	74	93	97	80	
65	61	71	76	58	
53	88	68	67	71	
87	89	94	61	64	
79	80	97	87	63	
50	57	75	97	51	
91	69	83	56	54	
67	74	63	60	73	
64	61	77	87	71	
66	78	67	94	59	
82	77	69	89	63	
93	95	86	99	90	
91	81	87	95	54	
69	70	55	97	93	
82	61	90	92	99	
68	91	81	86	61	
84	73	63	88	62	
63	86	91	53	68	
59	88	50	64	63	
65	68	98	55	79	
59	99	91	80	62	
72	88	51	82	95	
71	97	54	57	82	
86	98	89	91	65	
59	50	61	86	71	
64	78	58	97	79	
81	91	60	95	94	
65	73	98	83	74	
56	75	96	97	74	
79	74	71	89	72	
95	88	58	78	65	
68	64	58	71	79	
52	62	90	76	85	
80	55	74	96	67	
63	82	56	62	97	
92	82	63	64	77	
81	58	63	53	65	
96	94	86	92	62	
63	75	92	99	66	
85	70	80	57	54	
86	89	74	64	93	
93	55	72	59	51	
50	81	75	95	60	
72	96	54	58	59	
66	82	93	60	76	
63	52	84	87	92	
67	69	87	63	95	
93	63	91	78	72	
140	135	125	147	103	
100	123	114	113	110	
120	139	146	141	105	
101	114	103	135	141	
139	133	131	127	104	
114	134	141	128	140	
100	133	107	102	137	
115	120	136	129	125	
124	109	125	142	120	
133	132	142	126	120	
106	105	136	144	140	
100	105	139	147	109	
109	118	135	116	138	
134	121	126	127	148	
122	128	108	106	135	
139	118	119	127	138	
115	119	117	131	107	
104	124	112	109	105	
125	116	122	113	121	
104	145	107	136	149	
104	135	100	115	126	
141	106	143	129	132	
106	117	140	111	147	
140	145	124	103	120	
103	144	117	125	146	
129	114	126	149	148	
123	106	141	135	133	
114	148	122	136	124	
110	114	143	148	106	
111	139	118	108	137	
134	105	104	108	118	
144	147	132	110	145	
105	141	138	143	148	
106	101	117	148	143	
100	112	130	104	124	
147	112	122	133	108	
126	137	128	103	149	
138	117	136	118	106	
139	122	137	123	146	
149	147	101	108	125	
118	137	126	105	147	
118	117	134	146	100	
119	143	121	113	120	
133	125	137	114	148	
103	120	119	126	127	
148	115	106	116	102	
143	134	108	145	124	
126	129	101	145	127	
118	142	117	128	134	
117	134	113	147	137	
155	179	196	151	162	
196	172	186	190	183	
178	176	154	164	163	
178	152	160	176	150	
151	197	154	182	196	
191	150	167	175	162	
181	158	199	193	184	
179	193	153	189	186	
157	189	171	187	192	
189	183	197	191	158	
179	195	152	171	154	
192	158	185	193	157	
187	160	180	181	195	
192	151	188	153	194	
172	190	173	174	180	
198	164	165	184	179	
172	151	190	156	176	
161	194	162	155	190	
156	198	175	185	150	
177	181	155	196	167	
178	191	198	165	156	
198	178	196	160	165	
190	155	154	151	196	
172	190	186	183	168	
191	165	185	182	173	
166	163	155	168	159	
196	184	166	169	158	
171	175	159	155	163	
191	176	186	165	157	
152	150	154	173	159	
189	165	173	162	199	
159	180	181	191	160	
174	191	185	195	184	
192	188	177	151	157	
187	153	198	173	190	
196	151	154	190	177	
187	161	167	192	181	
170	159	178	175	192	
156	191	176	192	160	
155	153	177	161	154	
172	161	188	152	176	
196	153	179	187	186	
171	159	165	155	167	
170	171	150	162	192	
159	196	164	194	187	
180	152	191	150	156	
196	150	189	170	174	
190	165	156	186	150	
197	177	167	191	161	
174	171	199	164	160	
240	230	231	234	242	
214	202	245	234	208	
241	240	207	208	238	
229	235	244	248	233	
242	246	225	222	235	
220	224	244	203	245	
224	216	204	237	214	
243	221	205	239	215	
207	244	221	220	210	
238	226	234	237	239	
204	221	218	225	229	
209	237	200	202	216	
227	240	242	244	230	
200	242	211	217	241	
216	233	247	232	229	
248	244	214	245	206	
217	249	223	205	213	
201	229	226	247	234	
246	237	229	240	227	
226	230	241	227	232	
234	215	247	233	212	
212	232	217	237	223	
225	236	215	240	216	
249	233	204	248	244	
210	218	211	246	201	
239	241	234	226	204	
233	232	225	222	245	
213	221	222	242	226	
229	206	203	248	226	
232	228	244	214	226	
233	237	240	200	241	
243	227	214	248	239	
210	237	223	204	208	
237	202	229	225	218	
204	239	203	215	232	
207	214	224	247	230	
211	223	222	230	228	
203	246	216	223	209	
221	219	237	204	202	
215	210	243	221	234	
231	243	245	232	203	
230	235	237	208	212	
245	219	241	247	234	
200	242	213	230	243	
244	218	247	207	208	
212	207	237	247	249	
224	209	218	225	245	
237	207	225	226	235	
226	218	241	223	240	
241	239	202	208	224	
257	271	294	272	250	
283	297	280	268	290	
263	265	251	297	274	
256	288	265	287	292	
281	256	253	287	270	
295	269	256	268	265	
264	251	255	290	267	
295	279	268	299	275	
292	293	251	256	274	
263	278	296	279	288	
282	293	256	296	273	
265	290	286	266	258	
266	299	252	267	294	
254	263	250	251	277	
251	293	297	285	250	
280	281	287	283	255	
283	291	250	280	284	
279	285	286	297	287	
266	294	284	292	257	
253	259	296	276	292	
281	272	269	252	265	
258	257	286	268	250	
282	262	275	261	251	
256	289	275	273	296	
250	275	261	293	271	
251	269	253	257	261	
278	299	295	292	253	
280	287	253	294	274	
275	271	273	251	265	
262	279	292	288	261	
252	281	295	291	267	
287	297	276	254	257	
275	271	277	296	264	
264	267	269	270	251	
278	267	288	253	292	
294	288	261	266	273	
255	298	252	269	290	
282	289	254	285	298	
257	299	278	290	276	
274	281	260	263	293	
274	292	282	260	257	
299	295	263	275	273	
252	274	276	256	258	
274	258	261	254	268	
273	270	293	299	256	
260	299	295	266	255	
254	262	284	260	286	
275	252	273	269	250	
292	252	259	289	254	
283	293	274	259	290	
314	332	303	307	323	
334	302	309	347	312	
327	349	343	333	324	
319	329	331	343	320	
317	343	329	314	347	
331	321	322	330	338	
330	313	337	305	307	
330	337	310	328	316	
332	320	342	341	347	
301	333	342	306	319	
345	330	305	327	325	
344	330	324	345	316	
310	333	303	328	324	
314	332	340	334	301	
315	328	322	314	333	
324	339	302	301	327	
323	300	315	343	335	
303	309	341	331	334	
313	304	323	305	308	
326	315	314	347	316	
305	309	315	319	331	
321	325	302	348	344	
340	316	306	319	323	
305	301	343	332	338	
345	312	307	315	320	
303	344	347	300	333	
303	344	327	343	345	
321	314	309	330	306	
301	316	326	315	307	
302	315	342	323	310	
300	307	324	342	317	
321	336	319	303	314	
346	323	330	322	321	
315	342	327	328	304	
302	349	313	301	327	
310	328	338	309	300	
344	322	343	314	325	
343	327	338	348	303	
333	337	307	346	344	
309	304	320	328	323	
322	341	315	323	337	
345	316	325	348	310	
326	346	308	323	311	
345	306	300	347	324	
323	336	319	335	300	
301	337	343	334	309	
338	314	302	348	339	
336	313	306	320	304	
336	340	328	317	315	
302	304	315	316	346	
392	365	395	376	382	
385	389	386	367	387	
351	374	366	382	355	
365	356	359	352	383	
371	387	379	388	372	
396	360	361	357	370	
390	372	393	381	366	
364	376	385	373	399	
387	358	368	363	398	
387	381	393	377	386	
385	353	381	389	364	
383	374	396	364	389	
355	370	362	365	367	
369	352	392	365	387	
388	350	372	364	371	
365	398	358	376	353	
351	385	364	381	384	
384	388	378	376	395	
391	370	378	374	358	
350	373	365	358	370	
355	369	363	374	389	
351	381	383	399	377	
351	384	357	350	353	
373	374	378	381	358	
387	358	384	374	357	
389	360	391	361	380	
386	370	394	378	369	
358	382	359	369	390	
387	353	365	374	370	
376	353	386	356	369	
351	385	391	373	390	
378	397	386	377	380	
356	350	376	379	357	
399	389	373	395	354	
387	369	391	386	390	
393	382	367	360	355	
360	355	356	397	392	
353	389	360	380	383	
362	385	353	366	372	
383	387	368	357	376	
361	360	381	391	399	
384	394	389	383	352	
351	385	352	369	367	
365	392	394	383	387	
369	390	381	366	372	
387	351	393	397	350	
350	359	392	361	366	
376	381	389	369	351	
353	368	364	398	355	
388	350	374	353	383	
421	409	444	407	401	
443	411	429	441	432	
428	406	427	442	402	
414	427	422	403	433	
422	436	433	400	413	
425	401	400	417	406	
433	416	438	426	406	
412	409	404	407	405	
413	443	448	417	430	
421	413	426	412	435	
425	400	408	422	432	
404	435	443	416	415	
432	448	409	400	449	
411	418	415	416	435	
420	414	430	405	433	
408	406	423	401	418	
444	437	435	400	441	
418	441	436	445	424	
447	427	426	438	405	
412	419	437	421	426	
409	446	422	421	401	
444	443	427	403	411	
436	404	411	408	415	
412	426	413	405	427	
400	432	424	449	429	
431	426	428	438	433	
418	420	430	449	409	
440	416	435	430	422	
412	444	414	437	434	
419	431	426	406	403	
423	429	428	409	410	
431	422	402	438	437	
420	413	429	418	442	
436	424	404	437	419	
413	437	436	401	432	
449	439	424	413	433	
412	425	436	402	431	
401	428	423	445	410	
415	408	411	409	400	
407	446	409	443	416	
405	421	412	402	416	
443	405	421	438	407	
436	419	420	444	428	
406	436	403	411	414	
444	449	431	437	416	
436	412	429	439	442	
427	406	445	419	439	
423	402	440	409	444	
438	422	412	439	410	
418	444	406	414	431	
461	456	482	478	477	
477	451	460	473	494	
495	483	457	471	452	
467	468	472	499	491	
460	468	488	484	497	
465	471	491	494	460	
487	474	471	482	469	
482	464	477	460	476	
461	483	485	460	455	
491	470	461	479	484	
497	481	483	490	466	
473	495	490	466	461	
462	492	488	450	490	
452	473	454	472	476	
492	495	496	463	482	
462	473	499	475	489	
456	478	488	496	494	
464	484	497	476	490	
475	499	493	451	468	
461	485	487	491	480	
455	487	450	466	463	
474	473	498	471	453	
492	466	455	487	463	
455	470	451	497	456	
486	480	495	461	451	
451	460	484	469	489	
498	463	467	466	478	
467	492	466	498	479	
474	497	472	482	454	
497	481	459	484	450	
473	474	456	463	452	
466	460	499	479	468	
463	494	468	490	451	
471	451	487	499	459	
496	450	452	471	488	
489	457	473	460	484	
464	485	456	486	471	
492	455	456	476	495	
471	463	459	462	456	
484	499	498	479	474	
487	480	478	451	473	
493	471	490	494	474	
460	496	497	469	491	
462	458	496	488	456	
463	458	482	481	495	
489	494	484	470	453	
465	478	483	456	474	
459	460	477	465	463	
466	471	460	483	491	
472	464	477	490	454	
