1	42	35	
39	41	44	
45	37	33	
19	1	42	
34	35	39	
25	46	16	
0	35	33	
28	15	38	
20	22	8	
2	47	31	
14	43	11	
49	1	16	
9	27	1	
24	13	10	
29	42	10	
2	29	33	
43	42	17	
5	3	8	
29	37	2	
34	31	13	
23	11	40	
10	32	37	
4	12	21	
47	28	23	
27	12	37	
27	37	12	
48	16	39	
41	46	2	
46	24	30	
39	27	37	
33	23	29	
29	44	0	
41	44	30	
21	33	11	
18	28	42	
16	18	23	
30	37	8	
32	45	21	
4	43	15	
40	33	16	
39	17	30	
31	27	34	
43	44	15	
16	32	17	
35	26	5	
34	49	8	
39	7	21	
45	36	11	
37	33	19	
25	19	9	
71	92	50	
71	92	96	
86	85	67	
92	72	55	
84	86	65	
62	73	74	
95	98	62	
67	58	59	
63	75	52	
85	50	61	
85	77	72	
52	96	71	
70	81	55	
72	84	80	
59	92	96	
94	90	73	
88	72	56	
59	91	98	
66	78	84	
87	61	51	
66	89	87	
93	66	56	
68	63	65	
91	93	58	
70	82	61	
57	80	67	
75	97	64	
96	54	59	
82	54	51	
67	91	50	
68	88	60	
50	94	79	
71	91	97	
78	95	88	
53	92	59	
64	70	89	
86	89	51	
90	91	57	
70	95	90	
77	78	79	
79	70	59	
78	69	65	
99	81	91	
92	51	73	
89	56	70	
86	76	53	
78	65	90	
61	83	81	
94	96	93	
85	80	84	
114	139	130	
147	119	129	
149	131	132	
107	138	103	
111	106	120	
126	110	135	
103	111	122	
144	143	102	
128	123	146	
119	111	135	
128	148	133	
126	148	133	
121	135	134	
144	138	128	
105	123	139	
133	134	107	
141	122	114	
114	140	134	
148	141	143	
111	140	145	
116	138	124	
115	112	113	
116	112	125	
148	122	127	
148	102	123	
111	133	127	
121	129	126	
133	130	143	
140	101	135	
115	133	112	
115	126	106	
146	128	132	
148	147	101	
109	143	105	
148	122	141	
135	112	101	
108	105	142	
115	104	141	
122	132	112	
148	139	112	
130	149	134	
100	147	112	
118	105	108	
115	117	101	
140	126	104	
107	100	120	
148	145	143	
132	124	141	
122	105	143	
122	102	136	
198	176	181	
174	183	194	
158	157	176	
181	165	187	
176	185	163	
153	154	169	
173	160	183	
186	155	171	
157	195	153	
151	168	189	
197	161	187	
177	161	165	
174	186	177	
164	176	158	
153	162	161	
156	195	194	
161	199	152	
158	172	191	
184	158	194	
181	153	155	
158	163	152	
163	169	162	
161	174	199	
153	199	185	
168	193	182	
186	159	184	
156	153	192	
153	183	163	
184	183	153	
192	186	177	
184	178	153	
183	189	175	
185	176	152	
159	164	181	
172	161	169	
153	182	170	
170	191	163	
179	175	186	
156	166	172	
165	195	156	
198	157	175	
183	199	163	
150	174	163	
165	176	167	
194	170	193	
187	188	152	
153	177	172	
157	199	175	
180	161	155	
154	195	199	
231	239	209	
232	217	234	
235	227	243	
214	246	212	
226	239	210	
204	224	242	
240	223	242	
244	235	227	
214	225	206	
222	249	206	
217	207	236	
211	203	205	
229	248	239	
203	213	232	
219	210	227	
207	225	218	
215	205	248	
224	202	215	
230	210	212	
210	207	227	
245	235	205	
243	204	233	
205	233	210	
238	241	209	
241	202	212	
225	209	228	
203	213	232	
212	241	205	
243	211	249	
225	204	222	
208	228	212	
238	219	240	
237	217	235	
223	226	220	
202	241	217	
238	230	205	
229	209	210	
245	203	210	
248	249	240	
243	206	208	
211	243	207	
209	244	245	
216	200	233	
220	217	242	
201	243	218	
219	244	217	
218	237	217	
208	200	234	
213	201	217	
217	206	224	
289	276	265	
256	272	284	
298	280	259	
276	274	295	
264	270	287	
288	251	289	
279	274	275	
250	289	293	
291	297	298	
287	260	277	
299	266	287	
254	277	292	
269	289	252	
257	296	266	
294	270	268	
271	273	287	
259	254	256	
267	253	268	
286	281	280	
293	265	280	
260	275	280	
297	280	252	
275	281	250	
281	278	287	
298	270	275	
254	262	281	
262	266	280	
270	250	282	
260	253	271	
280	284	282	
283	266	275	
267	276	286	
282	253	290	
287	278	256	
274	294	296	
259	264	280	
266	251	271	
252	270	286	
272	281	261	
261	281	286	
296	262	256	
252	291	278	
293	256	254	
257	271	265	
281	299	279	
263	296	279	
258	288	296	
295	266	287	
269	284	274	
266	273	271	
328	323	322	
305	317	347	
303	308	336	
311	312	326	
325	309	348	
316	347	344	
306	345	330	
338	332	304	
348	303	345	
334	326	304	
319	321	318	
328	311	319	
345	308	315	
337	301	305	
336	323	346	
322	312	310	
326	323	306	
303	334	305	
325	348	329	
311	334	303	
312	347	331	
323	308	311	
300	339	337	
307	338	304	
342	305	328	
326	341	323	
338	328	332	
323	343	306	
315	339	311	
343	317	331	
334	323	339	
319	313	346	
307	312	324	
345	348	301	
337	345	348	
332	348	327	
303	342	323	
315	337	325	
335	315	322	
339	328	316	
329	346	326	
314	340	331	
348	331	340	
322	307	300	
342	333	332	
303	320	325	
301	311	306	
334	336	321	
302	312	347	
305	310	304	
393	363	367	
370	389	385	
352	371	398	
390	368	352	
376	386	393	
369	397	363	
355	361	354	
361	356	380	
368	366	398	
396	365	397	
367	370	383	
366	370	379	
398	364	375	
383	398	379	
398	362	371	
381	397	357	
396	373	358	
350	363	378	
386	381	351	
367	350	356	
360	390	397	
366	351	378	
388	366	354	
395	368	370	
377	397	369	
395	376	374	
386	398	370	
381	358	395	
393	379	372	
350	390	368	
376	362	375	
387	381	355	
389	362	374	
391	367	358	
377	380	396	
388	391	365	
385	397	384	
366	373	388	
359	356	390	
366	394	373	
357	351	370	
372	359	378	
385	381	351	
354	352	364	
389	366	350	
363	368	388	
377	363	361	
356	373	393	
372	385	398	
361	366	394	
425	444	403	
415	422	430	
421	407	404	
434	427	437	
423	430	407	
433	432	403	
423	445	419	
405	430	418	
401	410	405	
416	412	430	
429	447	408	
427	446	445	
408	436	424	
449	425	445	
449	415	433	
423	412	424	
423	438	433	
414	439	438	
416	412	426	
413	448	404	
429	409	430	
417	401	413	
438	427	400	
435	449	403	
404	414	444	
432	413	439	
426	416	427	
438	427	406	
442	444	411	
429	439	404	
447	442	405	
400	437	412	
448	423	428	
410	437	445	
422	433	441	
425	423	447	
407	439	403	
408	401	411	
447	440	411	
437	403	442	
414	435	410	
444	414	424	
403	404	431	
413	415	404	
430	405	418	
440	444	426	
438	443	400	
419	448	432	
409	447	411	
439	446	437	
461	454	469	
461	471	452	
473	482	494	
471	494	470	
465	475	483	
461	488	497	
487	462	463	
495	490	485	
458	474	495	
457	460	476	
498	486	464	
484	450	468	
467	459	488	
455	456	457	
464	466	483	
489	467	477	
493	484	454	
478	485	473	
484	489	479	
457	479	465	
488	462	454	
465	494	455	
450	451	452	
492	456	493	
467	469	488	
463	454	466	
460	474	467	
460	470	477	
472	490	487	
481	472	475	
477	457	487	
472	496	486	
492	488	471	
492	490	472	
499	468	467	
490	471	455	
476	498	453	
492	475	457	
495	467	493	
488	485	450	
494	458	475	
459	467	495	
479	462	473	
491	494	476	
467	484	489	
499	471	492	
485	481	457	
464	493	474	
454	453	459	
494	468	464	
12	11	46	19	
44	14	6	31	
5	27	25	12	
18	20	10	27	
39	46	23	47	
23	11	28	24	
22	2	15	30	
32	24	41	43	
21	29	33	30	
4	34	8	44	
46	41	4	37	
29	3	38	42	
40	18	28	29	
13	5	44	45	
1	43	11	10	
34	37	9	4	
43	13	39	44	
6	38	9	26	
39	45	13	28	
12	26	40	14	
16	6	19	30	
49	39	28	27	
0	24	40	8	
38	6	10	29	
46	27	15	18	
8	34	6	21	
35	2	30	21	
40	16	19	42	
11	7	45	47	
27	7	44	40	
12	5	0	10	
45	23	28	38	
33	26	41	32	
40	17	24	1	
14	15	45	19	
48	17	20	21	
34	28	37	24	
40	24	43	23	
7	36	37	19	
21	40	4	27	
28	43	39	35	
10	4	39	36	
35	41	26	18	
37	34	7	44	
0	19	31	16	
7	33	27	20	
42	17	46	33	
10	17	21	14	
16	28	14	40	
22	0	10	16	
53	65	86	64	
58	51	53	99	
50	73	55	98	
79	95	84	71	
65	92	99	66	
91	80	68	86	
90	54	94	99	
78	86	77	55	
61	76	72	51	
84	77	62	72	
54	98	91	99	
81	84	57	72	
55	88	99	67	
57	66	73	52	
91	63	92	62	
50	80	63	89	
69	58	94	54	
95	88	72	91	
68	91	81	52	
75	82	72	63	
70	92	82	50	
63	51	59	88	
94	79	67	88	
55	67	89	84	
96	52	62	65	
55	90	69	96	
60	57	95	98	
59	98	99	80	
78	76	83	98	
70	96	68	85	
87	97	99	55	
65	70	81	85	
66	70	61	96	
95	64	65	78	
51	54	59	96	
72	61	88	98	
92	51	58	93	
85	73	69	88	
92	50	73	69	
60	54	76	92	
63	90	95	83	
68	58	50	85	
74	63	62	54	
88	69	94	71	
63	85	53	66	
77	99	75	62	
83	84	77	67	
69	74	78	61	
65	63	92	73	
92	71	78	60	
116	102	127	104	
138	106	135	140	
104	103	136	108	
119	116	144	126	
129	134	106	138	
117	144	114	143	
119	129	128	103	
103	114	104	145	
148	122	116	147	
129	116	115	112	
130	139	102	119	
101	106	136	127	
111	122	108	147	
115	111	142	143	
136	130	141	112	
134	119	148	127	
133	106	130	148	
136	105	120	117	
121	129	137	117	
110	140	119	109	
103	123	132	135	
103	145	137	105	
141	136	112	127	
107	108	105	142	
131	114	132	108	
130	106	114	122	
116	128	100	107	
139	140	121	101	
132	106	145	137	
110	128	122	139	
148	117	129	126	
106	126	139	119	
133	148	104	145	
115	106	136	143	
123	136	106	126	
149	114	132	136	
118	149	112	122	
101	107	145	102	
112	111	109	115	
105	123	145	131	
104	134	138	123	
115	104	140	106	
142	113	105	129	
128	110	132	146	
117	115	123	121	
140	149	144	132	
115	105	137	101	
144	137	143	141	
143	127	142	113	
114	127	149	106	
165	195	150	166	
178	182	170	181	
175	177	160	184	
173	198	157	155	
170	165	164	195	
199	161	160	198	
195	151	164	170	
165	167	190	176	
159	168	171	196	
197	199	196	155	
188	153	174	170	
192	186	183	195	
173	183	174	164	
165	177	151	156	
161	152	151	163	
182	163	162	180	
197	162	159	187	
154	151	184	157	
180	167	189	176	
161	177	187	154	
177	165	156	166	
152	177	151	166	
180	183	188	156	
188	161	185	155	
191	185	158	196	
180	195	194	190	
193	165	159	166	
181	192	185	171	
179	163	169	158	
163	168	186	174	
173	192	167	162	
188	194	168	197	
182	180	174	187	
187	155	157	166	
199	196	168	184	
194	151	156	176	
185	166	159	156	
195	196	156	152	
177	154	196	173	
190	170	195	173	
165	158	155	159	
169	177	161	176	
189	192	152	160	
156	161	179	172	
185	168	177	152	
153	194	186	190	
181	165	153	180	
153	151	191	182	
164	175	183	173	
152	154	170	199	
238	248	242	244	
211	240	204	200	
205	213	245	230	
203	226	213	220	
233	223	216	217	
222	227	232	240	
203	214	242	223	
223	225	201	211	
210	237	209	201	
230	238	206	245	
230	241	225	205	
229	249	203	222	
248	230	207	238	
228	210	218	212	
249	202	223	237	
207	219	224	235	
218	245	212	232	
201	200	219	206	
205	210	241	227	
204	201	235	244	
228	207	210	213	
209	215	249	203	
204	202	249	209	
200	249	215	224	
202	236	232	244	
241	239	234	201	
236	206	214	238	
226	233	229	242	
205	206	228	248	
225	241	223	205	
219	244	218	217	
242	218	204	221	
204	233	200	228	
228	229	200	223	
241	214	248	232	
229	216	200	208	
208	233	216	205	
239	236	219	200	
225	244	223	229	
225	203	206	229	
238	200	204	249	
207	223	241	219	
240	237	243	214	
221	226	206	208	
223	240	204	217	
248	249	223	225	
221	211	232	209	
204	222	227	224	
244	243	215	211	
210	239	237	208	
279	260	268	276	
275	297	298	252	
299	264	267	252	
296	262	274	287	
267	266	271	262	
250	275	287	264	
288	272	290	297	
276	280	299	292	
287	298	267	289	
285	295	259	287	
291	284	297	269	
267	292	282	255	
276	271	270	286	
258	299	261	274	
281	269	297	296	
255	288	299	298	
270	252	279	251	
288	252	293	284	
254	252	258	298	
251	252	271	291	
280	286	289	265	
289	279	281	286	
257	292	262	276	
272	262	283	259	
266	250	252	271	
278	258	297	282	
283	280	257	274	
280	278	286	277	
293	270	278	287	
268	292	272	299	
264	277	276	283	
295	288	298	250	
282	292	264	251	
257	284	286	266	
292	276	285	297	
292	287	274	252	
259	267	253	258	
286	298	280	293	
282	251	278	270	
299	271	254	257	
282	291	271	295	
289	296	295	274	
283	290	265	273	
256	294	284	266	
257	258	286	276	
292	285	256	252	
286	289	282	258	
295	256	274	269	
276	264	299	259	
283	260	266	277	
320	300	341	324	
314	303	304	319	
347	319	341	328	
302	337	346	307	
304	313	311	308	
329	304	348	342	
338	302	310	332	
309	318	331	300	
348	306	338	304	
305	347	300	335	
329	316	312	342	
337	343	344	314	
348	344	346	347	
316	336	346	340	
338	329	340	314	
333	309	320	337	
340	343	323	331	
303	329	342	324	
336	311	346	330	
342	341	333	307	
314	324	309	348	
335	313	341	301	
333	343	314	302	
318	323	322	330	
321	303	301	343	
323	340	347	334	
332	307	340	302	
313	341	324	349	
319	317	314	301	
310	321	318	304	
310	349	316	323	
339	306	320	302	
310	331	342	328	
331	318	301	325	
348	320	342	326	
348	333	347	332	
311	330	309	339	
302	314	300	332	
329	346	334	327	
318	307	339	302	
309	320	332	328	
318	333	307	300	
334	302	345	306	
313	320	303	312	
301	342	334	322	
331	333	325	321	
313	342	328	315	
302	313	329	344	
310	311	317	332	
304	332	324	340	
364	358	383	398	
366	397	368	361	
381	351	368	375	
385	358	390	377	
389	372	371	390	
352	380	377	395	
387	380	392	383	
380	382	378	377	
357	353	397	369	
372	394	392	366	
390	362	356	381	
376	383	395	352	
357	361	371	358	
375	380	361	371	
360	379	391	390	
368	375	393	359	
366	393	381	355	
354	389	359	355	
385	371	398	361	
363	357	368	351	
399	361	351	393	
385	364	380	352	
365	398	378	366	
351	356	374	387	
384	368	377	353	
391	365	378	388	
360	366	389	391	
356	394	378	362	
372	377	387	356	
398	372	364	378	
390	369	371	397	
355	395	385	394	
373	379	396	358	
360	394	363	375	
390	374	376	398	
397	375	364	351	
366	368	396	375	
378	366	386	396	
356	368	384	371	
378	399	366	387	
377	360	365	389	
374	357	377	381	
385	388	359	351	
354	374	386	363	
377	373	385	388	
359	387	399	353	
387	362	352	359	
378	371	384	394	
390	379	384	374	
378	364	350	374	
435	436	416	403	
437	433	429	447	
422	407	440	436	
410	449	447	426	
423	440	430	444	
445	434	439	411	
421	437	402	429	
415	402	421	405	
423	411	409	436	
430	444	405	408	
403	441	418	415	
439	411	407	422	
405	407	443	423	
400	438	426	415	
440	402	401	422	
422	411	416	449	
429	432	414	416	
438	437	441	419	
429	447	405	428	
414	421	423	432	
435	422	424	427	
413	432	419	405	
449	441	402	404	
428	440	413	432	
436	413	405	445	
414	424	448	404	
435	445	401	439	
402	441	409	418	
438	444	433	426	
423	421	428	401	
448	411	441	400	
415	444	438	421	
429	408	417	442	
406	407	401	444	
419	439	415	433	
431	444	420	406	
419	445	411	410	
439	435	432	449	
433	440	446	429	
403	415	449	438	
430	445	403	426	
440	401	446	402	
415	406	407	430	
423	428	425	429	
413	403	444	404	
409	427	448	400	
409	425	429	408	
442	403	430	418	
435	443	408	438	
414	416	440	422	
468	476	477	484	
464	466	475	488	
468	492	488	498	
478	454	498	491	
451	477	453	463	
484	483	466	481	
466	457	481	499	
459	469	452	482	
495	468	450	489	
471	483	474	461	
489	486	499	462	
467	463	464	450	
450	477	497	482	
490	450	480	471	
473	456	478	489	
475	457	474	454	
499	493	498	460	
462	464	471	482	
468	496	450	459	
489	454	478	464	
464	460	482	465	
485	456	469	459	
461	494	466	485	
462	493	498	474	
472	459	486	469	
494	487	485	488	
487	489	480	484	
489	465	486	496	
497	495	457	479	
473	471	482	464	
471	484	455	468	
466	455	457	469	
468	493	494	453	
464	494	483	473	
485	464	471	493	
460	493	477	470	
488	483	497	457	
485	492	488	466	
484	474	460	487	
472	489	474	499	
468	454	487	476	
479	452	496	492	
467	491	480	498	
496	466	493	498	
467	489	456	487	
463	479	493	471	
455	463	467	452	
464	489	493	469	
473	474	482	489	
476	459	499	473	
11	28	25	48	19	
10	18	36	6	46	
1	20	11	32	17	
21	23	42	10	48	
36	49	3	44	9	
16	11	19	37	18	
36	18	0	29	48	
43	12	1	38	49	
5	3	43	4	31	
27	42	0	11	20	
22	15	25	39	24	
47	46	34	7	11	
24	33	19	17	14	
39	9	0	33	4	
31	10	41	26	16	
10	39	30	31	38	
14	27	16	33	24	
7	11	8	48	37	
15	41	46	43	24	
34	35	46	29	21	
34	5	28	47	30	
2	26	37	13	23	
49	31	48	4	30	
41	26	32	33	9	
23	18	47	3	38	
49	15	23	9	7	
38	11	1	44	29	
16	23	22	3	21	
16	1	15	24	28	
26	21	49	38	7	
16	11	17	13	35	
12	15	47	11	25	
5	31	33	20	39	
31	6	19	17	38	
1	46	27	12	40	
45	26	1	47	19	
7	44	0	31	29	
34	37	11	42	5	
48	9	6	49	21	
7	0	29	9	19	
8	22	0	15	17	
44	13	36	48	10	
48	16	23	7	45	
17	37	18	19	24	
12	38	25	34	19	
27	9	41	6	16	
34	18	36	22	13	
10	39	8	32	43	
5	44	26	28	43	
8	0	2	37	23	
50	94	90	53	70	
87	66	73	58	88	
65	99	92	62	89	
88	63	95	84	51	
94	82	98	55	56	
60	92	71	96	65	
94	84	77	98	68	
66	65	56	82	76	
78	53	54	51	74	
89	70	86	92	91	
78	70	54	68	97	
65	50	74	88	97	
60	80	98	89	56	
82	62	60	83	71	
61	79	78	59	98	
74	52	53	68	92	
63	86	80	53	65	
76	93	59	68	70	
98	80	64	53	78	
80	90	96	71	68	
86	99	82	90	69	
52	88	85	90	68	
59	79	84	76	55	
71	69	93	52	74	
93	91	64	72	74	
86	96	97	56	65	
73	54	56	81	97	
64	87	58	50	62	
92	93	59	50	87	
57	53	93	63	85	
88	77	86	79	74	
93	77	82	54	61	
52	67	92	82	84	
88	93	63	97	78	
74	86	56	62	81	
91	52	86	65	50	
70	87	65	91	88	
73	55	76	90	64	
67	73	55	71	88	
79	93	91	68	80	
84	95	87	68	70	
52	65	72	84	98	
76	51	64	74	55	
78	70	53	99	74	
55	93	83	94	72	
99	66	52	64	56	
80	65	78	76	98	
84	93	56	80	50	
60	59	84	77	91	
65	68	50	94	58	
123	147	105	103	121	
113	145	118	116	149	
101	131	132	118	135	
111	102	148	114	143	
149	104	123	145	135	
132	115	103	140	129	
131	103	128	142	113	
117	138	149	128	104	
119	143	115	146	117	
101	132	148	139	134	
128	133	108	137	106	
103	149	143	104	102	
137	147	136	139	128	
116	136	142	117	119	
144	106	101	104	109	
142	106	111	123	141	
108	128	130	124	149	
114	147	102	140	101	
129	130	116	100	124	
133	140	127	109	141	
141	126	147	122	146	
100	129	133	127	124	
115	134	102	114	107	
105	101	117	129	140	
120	147	106	135	102	
107	124	111	113	118	
118	116	100	144	135	
120	125	124	139	122	
110	102	139	134	138	
125	118	139	109	101	
125	148	135	106	124	
130	149	139	103	138	
115	118	103	113	146	
115	147	129	101	142	
102	115	136	111	133	
149	105	111	128	113	
112	104	100	126	124	
146	117	145	130	139	
149	110	134	107	126	
105	135	112	121	108	
140	116	122	125	119	
134	132	107	105	112	
104	122	100	125	140	
131	132	109	120	135	
100	135	125	128	136	
134	141	104	106	124	
131	127	141	148	104	
138	134	125	104	118	
130	138	118	116	128	
116	124	149	131	140	
198	183	180	177	192	
165	167	162	170	198	
188	173	172	164	179	
185	175	177	194	157	
172	159	198	153	155	
188	175	176	190	157	
158	182	177	183	169	
163	177	188	184	186	
167	173	190	177	165	
187	165	199	180	172	
185	180	168	167	164	
158	195	151	168	181	
178	177	180	170	158	
189	160	173	151	165	
176	160	181	192	187	
173	198	177	162	171	
186	159	174	176	172	
157	151	180	199	153	
168	180	167	156	181	
163	185	151	188	156	
175	186	164	192	178	
183	162	192	191	150	
164	192	154	172	159	
150	155	192	159	164	
194	174	150	182	191	
161	150	188	164	156	
171	164	187	196	172	
175	163	160	189	192	
194	195	178	184	174	
151	187	171	195	158	
158	151	191	198	177	
151	194	164	179	150	
159	196	183	163	189	
195	157	180	191	198	
187	170	169	176	150	
172	196	176	186	163	
184	165	190	152	193	
181	199	175	179	153	
182	176	166	191	199	
195	185	160	173	159	
189	157	178	176	181	
154	177	189	169	188	
183	186	164	192	151	
159	189	153	151	185	
170	152	193	174	153	
180	166	187	170	165	
168	163	171	151	159	
160	162	188	158	176	
169	170	150	165	195	
164	189	194	160	151	
209	230	217	219	214	
210	240	235	244	211	
219	220	247	208	248	
216	202	230	232	224	
222	238	217	208	218	
227	221	223	249	245	
206	243	215	205	225	
219	230	240	220	237	
227	201	210	249	237	
211	236	213	214	203	
203	248	215	207	239	
240	247	214	212	239	
201	221	212	222	239	
227	246	241	214	212	
241	240	200	246	214	
229	249	206	230	222	
207	225	219	239	208	
212	230	200	210	227	
241	202	209	200	207	
222	236	217	223	234	
233	220	245	217	207	
244	231	218	226	219	
224	201	243	204	221	
237	245	247	220	243	
208	212	214	225	246	
240	218	230	247	245	
200	241	245	235	246	
238	205	212	215	248	
249	201	233	220	232	
232	206	210	233	225	
231	201	224	218	247	
244	239	200	217	208	
234	239	211	244	206	
220	206	214	225	204	
206	212	247	202	232	
243	206	229	200	213	
215	239	223	228	230	
202	232	205	203	244	
207	237	241	200	235	
211	247	216	221	213	
213	214	202	217	212	
216	221	201	244	218	
207	232	211	214	230	
201	244	226	231	235	
211	225	233	234	208	
222	217	242	232	231	
220	205	235	203	221	
241	211	230	227	237	
202	236	243	220	233	
235	246	211	249	220	
274	281	261	297	295	
285	297	256	254	273	
276	290	291	278	258	
287	253	261	263	266	
256	268	269	273	296	
259	292	274	294	277	
252	269	293	281	285	
266	286	258	280	251	
253	275	256	264	254	
275	257	279	255	267	
291	277	253	295	299	
294	253	287	296	295	
296	289	295	252	285	
277	293	283	278	294	
255	253	267	265	264	
283	277	257	266	295	
257	276	284	259	252	
258	270	267	272	252	
268	286	298	297	293	
257	267	299	265	255	
264	258	268	259	291	
288	269	284	270	287	
285	260	289	281	296	
260	284	295	279	276	
255	286	299	260	276	
273	261	274	254	280	
292	289	274	262	272	
253	286	254	299	295	
280	281	275	276	284	
262	263	287	292	284	
254	271	260	278	292	
273	279	256	290	298	
272	253	271	267	276	
296	278	268	287	288	
282	268	285	295	298	
271	292	255	285	260	
298	279	251	287	295	
299	270	288	266	287	
279	261	270	269	287	
279	286	250	253	273	
259	275	253	288	280	
284	292	251	268	298	
263	292	286	297	252	
256	262	263	285	278	
251	289	275	286	284	
297	259	294	256	295	
262	293	296	270	299	
288	257	260	282	281	
284	276	259	283	291	
273	296	291	285	263	
317	323	324	332	334	
320	303	300	341	344	
325	328	341	317	333	
304	309	324	314	332	
303	331	322	325	330	
328	317	327	342	304	
300	311	302	337	304	
327	337	344	324	341	
304	347	315	311	333	
302	344	341	340	331	
338	313	349	301	341	
315	347	325	309	308	
334	321	330	312	300	
312	310	343	336	349	
314	331	305	320	330	
322	333	335	303	314	
343	311	302	342	331	
318	341	348	328	316	
324	314	347	339	323	
334	311	338	325	331	
335	338	305	314	318	
342	319	307	326	302	
331	340	335	321	338	
325	347	315	346	312	
345	306	318	303	323	
341	304	326	339	303	
318	329	317	332	325	
344	333	301	308	315	
341	325	320	301	343	
304	349	336	328	305	
318	325	307	339	301	
333	341	324	314	325	
330	303	349	346	338	
318	339	330	331	308	
316	322	341	345	340	
300	313	344	340	345	
315	343	317	316	329	
323	344	316	317	331	
349	341	312	319	307	
328	301	330	326	343	
310	301	347	348	317	
338	324	335	334	343	
321	303	328	347	327	
307	320	332	340	322	
331	307	318	338	324	
301	311	308	346	323	
345	344	338	333	347	
301	337	346	333	331	
329	319	342	301	335	
347	348	311	345	327	
362	382	387	378	384	
370	398	374	356	371	
361	350	394	365	359	
384	392	374	364	353	
362	375	393	373	399	
355	359	387	368	394	
354	359	393	391	362	
364	371	390	377	353	
375	363	384	377	368	
392	378	351	377	390	
386	364	393	378	377	
383	391	365	369	389	
350	388	356	358	355	
370	372	376	358	396	
390	352	389	376	362	
373	362	383	392	367	
386	366	398	385	394	
385	353	364	367	358	
376	388	374	363	370	
384	390	377	373	372	
351	399	377	396	383	
367	352	389	365	396	
377	356	382	364	392	
377	383	388	399	385	
350	370	361	356	377	
396	355	397	394	361	
371	365	372	370	396	
365	381	352	368	358	
353	377	350	361	371	
351	368	359	378	364	
367	368	374	371	372	
360	385	371	350	389	
377	393	357	370	355	
386	358	369	398	391	
368	373	383	359	370	
370	351	357	386	376	
395	352	353	366	387	
364	357	397	368	377	
395	366	359	381	399	
383	387	379	397	377	
363	388	399	380	385	
357	396	372	354	381	
399	388	379	352	364	
365	352	369	353	397	
371	354	392	399	380	
357	375	374	398	364	
368	375	365	350	359	
376	394	351	355	370	
384	359	380	398	385	
388	389	373	370	399	
404	426	415	427	442	
424	440	402	422	439	
409	440	433	447	405	
419	434	412	446	442	
402	412	437	439	415	
437	405	431	401	449	
442	403	437	441	447	
431	442	444	430	427	
433	449	408	436	404	
409	405	427	443	431	
407	429	406	420	401	
440	418	434	423	439	
413	446	444	425	426	
402	411	403	427	424	
410	409	425	445	404	
442	447	414	439	431	
429	440	401	400	433	
440	403	449	416	413	
440	422	447	430	418	
408	415	444	436	447	
425	419	427	405	412	
440	413	401	408	441	
446	443	424	437	445	
409	419	421	433	415	
434	416	424	407	408	
401	430	415	416	441	
424	403	404	445	437	
408	410	411	415	407	
425	411	423	405	436	
400	417	442	440	403	
408	448	427	406	415	
432	440	436	410	441	
442	414	434	448	428	
404	432	440	429	405	
436	402	404	435	413	
440	403	445	429	408	
403	419	428	418	425	
448	413	414	442	403	
443	446	408	428	445	
444	436	449	407	427	
442	435	424	422	443	
423	424	433	438	404	
418	443	415	411	403	
420	414	403	437	426	
442	400	429	425	406	
441	407	437	415	425	
444	400	430	434	429	
411	422	409	426	432	
442	418	422	428	447	
441	429	448	422	415	
477	470	469	463	489	
486	463	450	492	494	
473	485	483	499	450	
491	492	455	480	498	
499	487	496	495	481	
492	487	483	463	477	
487	486	475	458	490	
459	455	477	486	496	
489	465	495	492	450	
494	461	486	466	498	
496	484	460	475	463	
481	477	488	460	466	
452	480	483	463	479	
456	454	469	495	477	
482	477	457	485	493	
452	498	455	461	488	
466	469	450	478	491	
465	474	450	460	488	
466	478	463	479	464	
455	467	487	457	463	
492	460	452	490	454	
459	480	491	473	479	
497	469	462	451	493	
451	461	478	497	465	
481	483	461	479	475	
487	495	494	486	484	
498	495	455	464	488	
478	498	493	473	467	
483	473	452	456	493	
476	498	453	460	457	
498	495	487	453	469	
465	485	483	488	471	
466	470	491	499	453	
486	477	487	460	474	
499	453	469	494	473	
483	491	455	459	462	
463	480	476	451	470	
489	476	478	473	488	
472	457	456	453	469	
450	483	486	461	463	
454	459	450	487	462	
497	493	487	490	457	
498	479	492	482	467	
458	476	467	468	454	
477	487	475	454	460	
473	471	452	456	492	
484	457	462	485	479	
488	484	455	496	475	
450	455	479	495	471	
485	499	453	478	487	
198	423	4	301	74	368	
323	247	162	341	63	116	
27	402	380	498	324	408	
145	292	486	198	205	265	
391	357	434	227	209	219	
394	111	178	305	264	280	
450	354	250	141	350	150	
436	309	277	89	123	105	
55	407	157	77	393	450	
271	103	197	164	442	45	
29	44	181	30	118	391	
446	73	222	443	71	200	
487	436	378	358	317	99	
32	496	418	384	38	424	
88	212	296	82	355	283	
457	193	196	259	254	371	
201	132	194	318	25	483	
301	21	367	364	227	34	
238	91	396	336	296	100	
252	232	158	381	326	415	
165	54	267	234	74	135	
355	54	243	482	115	37	
308	435	108	170	266	291	
283	180	376	186	40	421	
35	193	14	346	462	409	
418	320	11	334	378	46	
43	435	387	443	1	254	
287	9	105	303	369	36	
64	90	285	237	298	328	
18	74	439	144	348	475	
434	34	292	444	393	201	
214	23	156	241	465	112	
318	171	270	327	82	456	
355	99	180	386	273	232	
121	65	28	139	88	171	
484	13	192	228	350	470	
410	353	1	469	380	302	
114	322	154	17	350	217	
133	88	415	251	321	410	
425	70	142	0	156	240	
83	149	216	97	230	51	
459	343	360	453	368	311	
345	186	164	155	60	179	
318	280	439	71	109	163	
105	65	439	25	224	131	
81	29	264	1	56	343	
32	388	207	163	10	195	
279	468	233	485	136	427	
217	164	202	1	479	401	
78	452	311	112	406	163	
210	140	478	439	191	121	
382	166	3	474	442	245	
468	55	154	268	278	346	
58	194	1	421	339	255	
381	463	18	492	259	87	
226	102	229	479	342	397	
447	280	317	63	453	358	
266	141	339	167	154	112	
158	218	249	463	206	114	
280	279	35	240	166	70	
38	277	447	319	466	37	
496	175	300	101	401	388	
138	211	74	304	203	374	
443	410	499	68	191	274	
111	225	143	127	37	14	
415	171	184	321	432	493	
73	219	468	452	453	234	
447	211	346	284	339	294	
309	109	452	143	243	426	
251	196	321	492	390	460	
153	475	309	228	369	440	
451	64	406	202	94	285	
318	418	128	300	385	207	
359	214	486	39	267	132	
308	209	305	168	287	262	
66	277	461	50	325	319	
314	178	30	133	329	379	
183	307	24	370	428	126	
260	365	317	318	487	477	
172	326	170	332	168	404	
109	166	331	134	63	108	
322	53	86	422	493	3	
357	401	356	365	124	322	
303	445	372	282	243	20	
299	1	211	310	448	84	
106	92	79	462	91	464	
105	435	4	280	66	384	
468	62	164	452	170	313	
133	21	282	162	103	305	
237	454	265	283	187	166	
24	188	114	472	196	483	
273	244	71	355	327	384	
294	174	386	145	243	195	
358	241	342	210	338	48	
394	385	25	28	496	440	
110	363	324	494	427	122	
186	363	412	66	39	107	
276	241	386	113	96	72	
122	275	451	165	71	439	
71	226	88	432	103	1	
351	112	180	58	223	168	
294	498	226	339	111	142	
366	293	468	336	114	452	
415	172	170	362	140	382	
392	429	303	152	485	52	
465	222	204	248	341	21	
162	267	220	340	327	167	
367	251	122	128	244	133	
391	420	282	464	346	70	
18	84	459	44	151	485	
319	379	330	186	371	473	
172	467	86	431	405	265	
73	293	265	332	279	424	
117	489	5	279	23	167	
48	245	466	183	126	460	
334	488	278	8	222	273	
412	140	398	498	183	54	
327	27	232	116	329	462	
414	202	278	294	191	112	
406	113	356	166	187	152	
273	232	68	224	11	479	
227	480	253	262	100	98	
251	496	65	244	305	30	
331	495	459	400	8	115	
262	119	43	224	123	467	
300	490	434	113	83	302	
7	267	156	378	89	420	
384	5	405	182	136	315	
44	62	414	242	484	282	
48	157	87	361	287	178	
16	491	55	166	382	353	
276	245	226	91	402	211	
62	281	401	255	81	98	
168	390	459	175	274	204	
407	96	301	211	150	200	
409	278	448	155	36	18	
498	133	387	146	76	197	
477	99	236	214	410	204	
388	192	55	295	107	114	
71	128	412	420	389	287	
322	477	492	68	394	461	
362	37	379	80	387	283	
369	360	31	308	435	342	
103	65	355	479	192	59	
41	86	437	446	319	360	
287	116	251	51	122	416	
287	393	399	254	177	421	
271	134	244	318	157	435	
455	58	486	253	335	342	
54	201	75	303	463	481	
70	168	249	47	330	164	204	
452	227	48	12	178	242	141	
262	336	348	395	431	98	463	
478	335	221	188	400	97	318	
183	391	424	135	162	102	72	
408	286	385	26	165	441	239	
329	383	378	317	226	224	13	
474	367	63	198	159	455	383	
51	269	273	488	188	105	26	
327	164	14	112	363	128	262	
452	50	149	37	137	4	489	
375	218	225	498	71	250	378	
200	282	137	24	175	23	230	
325	230	97	313	68	44	490	
133	468	470	118	403	9	21	
286	9	399	470	14	270	342	
18	117	127	325	131	291	16	
408	146	374	41	1	208	254	
426	191	271	160	251	188	362	
38	74	483	348	424	240	134	
113	158	290	209	359	129	351	
278	256	90	190	9	426	448	
0	170	325	438	38	386	309	
32	125	182	59	400	342	86	
394	190	196	494	169	382	160	
419	89	93	49	317	131	325	
227	356	282	369	265	66	55	
33	158	53	348	142	244	2	
436	273	178	330	379	275	204	
179	197	468	409	204	190	428	
424	283	146	480	277	476	426	
94	390	333	26	484	141	113	
357	17	261	132	400	317	455	
109	321	473	342	290	107	246	
236	262	290	392	404	364	229	
304	454	120	198	84	421	291	
214	201	458	220	16	193	184	
230	143	157	381	72	358	354	
179	406	114	298	416	245	52	
102	284	111	21	383	82	25	
261	157	139	411	491	147	205	
164	196	485	370	251	97	428	
449	145	444	404	205	494	54	
85	481	487	356	136	10	269	
242	7	165	186	90	373	2	
129	203	471	155	241	77	223	
313	472	104	221	274	202	383	
399	180	242	429	77	317	354	
52	332	294	9	264	471	146	
118	12	157	323	281	221	498	
144	241	136	309	264	369	116	
263	127	73	37	360	125	439	
204	186	304	404	480	208	142	
77	131	84	270	222	192	452	
359	145	386	381	499	297	430	
149	34	111	193	448	340	126	
421	458	197	137	348	250	269	
491	254	174	365	67	334	272	
111	494	295	177	243	308	267	
214	436	441	268	283	366	90	
266	87	255	47	77	324	162	
81	122	398	185	125	474	105	
486	484	266	481	352	239	317	
36	200	88	124	473	361	316	
405	412	425	437	213	137	309	
333	476	484	247	465	60	115	
146	184	425	120	385	468	344	
196	144	403	153	369	343	452	
298	497	19	361	76	136	4	
109	89	335	116	438	3	142	
188	67	214	404	340	298	91	
379	192	291	112	223	303	279	
253	219	418	459	497	311	234	
221	433	154	86	26	73	301	
244	168	101	13	144	434	462	
493	400	164	395	416	187	48	
267	313	491	214	322	446	449	
439	30	123	356	180	423	265	
165	473	110	379	78	81	163	
97	427	5	71	161	469	355	
410	195	22	120	341	407	319	
172	206	217	270	171	371	110	
140	328	11	259	122	194	71	
27	76	420	238	265	146	128	
101	297	153	330	56	470	302	
189	237	31	8	175	41	245	
419	160	25	35	19	74	283	
13	102	177	328	393	403	55	
141	319	314	131	128	334	238	
91	323	110	443	41	208	481	
116	471	446	477	50	0	197	
423	48	40	177	208	448	322	
42	494	107	424	223	37	203	
122	372	108	98	312	186	44	
352	298	449	360	147	363	109	
485	437	218	238	352	90	256	
78	342	44	23	483	33	245	
192	445	475	66	252	489	414	
458	206	82	402	178	275	277	
474	274	337	37	50	454	236	
356	206	16	424	423	137	116	
318	456	93	230	34	436	48	
83	60	162	153	256	416	245	
3	175	473	338	58	482	53	
239	33	112	228	461	27	323	
200	105	19	276	86	181	137	
88	39	49	275	361	120	447	
85	459	405	235	497	182	88	
247	497	196	344	261	78	152	
219	231	308	80	143	396	70	
484	139	136	211	423	225	492	
281	416	156	194	284	37	254	
415	36	41	448	238	156	222	
210	23	437	49	257	158	425	
84	268	408	91	134	76	211	
221	196	409	380	182	492	116	
356	382	383	197	52	193	268	
150	455	314	112	464	489	98	
299	429	36	480	40	97	313	
216	152	214	111	249	133	345	
412	448	137	251	37	146	280	
214	306	380	180	157	237	32	
26	162	6	366	445	43	89	
406	326	35	128	84	404	433	
93	438	358	495	419	311	94	
114	478	100	426	137	163	453	
27	366	266	131	397	2	324	
29	4	27	163	112	66	412	
301	80	341	16	206	459	258	
20	325	383	437	103	144	86	
267	431	76	380	119	325	51	
200	128	114	82	300	477	185	
497	50	159	450	89	84	154	
444	339	251	362	15	158	153	
423	362	78	472	28	174	405	
256	475	118	98	24	35	215	
15	273	94	432	278	58	203	
17	83	328	216	267	133	60	
131	263	231	217	154	166	267	
414	211	373	201	206	234	131	
392	245	196	83	389	35	432	
387	266	447	154	435	350	187	
351	69	172	386	128	477	165	
71	131	262	487	350	232	436	
472	112	369	129	123	377	61	
451	206	394	280	268	32	290	
407	362	38	261	344	447	336	
74	286	153	306	380	64	3	
46	411	119	20	491	290	59	
412	12	293	390	363	36	448	
161	177	212	386	380	343	374	2	
36	402	219	435	466	217	195	196	
181	321	22	191	294	379	488	465	
196	444	241	201	430	244	443	84	
307	216	413	155	223	379	26	269	
283	490	282	472	303	75	239	491	
471	185	7	449	433	401	345	192	
317	9	420	167	233	294	91	92	
392	259	62	182	414	192	49	491	
95	408	361	72	240	495	203	406	
316	257	43	150	177	469	370	478	
336	280	311	219	241	3	398	127	
205	425	169	92	22	182	159	17	
310	370	414	242	420	198	320	218	
235	161	209	238	227	277	240	128	
256	349	280	26	487	399	214	482	
259	442	493	366	21	127	25	370	
47	417	247	167	201	395	130	263	
183	482	334	45	82	385	24	342	
65	471	238	31	336	199	4	313	
433	250	274	370	88	378	129	83	
125	57	272	69	222	44	358	58	
111	298	199	7	450	198	179	274	
61	462	365	237	429	25	417	342	
199	400	430	49	480	66	112	437	
467	84	170	218	336	312	213	311	
492	13	282	115	497	266	274	273	
201	443	240	192	440	276	262	168	
151	344	77	141	481	463	226	407	
155	488	450	114	328	458	111	437	
255	361	245	371	495	439	184	488	
257	332	263	51	59	416	160	497	
320	376	294	216	357	45	162	420	
100	485	367	6	130	51	370	468	
246	307	459	134	496	379	202	194	
265	115	262	108	270	395	160	398	
41	484	119	466	43	312	305	446	
142	200	207	250	377	361	24	147	
345	204	309	275	268	43	122	210	
221	160	416	273	302	80	407	167	
191	218	475	453	462	323	291	161	
134	411	61	396	139	153	165	180	
164	202	318	40	412	203	163	263	
381	132	39	385	477	21	195	197	
157	19	9	418	307	132	36	40	
53	12	450	48	398	367	157	41	
46	173	458	112	135	171	154	422	
190	188	122	392	219	473	466	53	
455	163	440	79	402	179	158	238	
418	181	160	127	65	283	454	5	
304	91	432	1	308	145	221	192	
414	244	448	407	129	6	185	469	
28	214	438	134	269	56	374	167	
91	461	342	345	344	184	87	462	
76	37	55	347	1	358	173	43	
339	329	196	275	338	346	379	74	
229	142	470	356	369	251	461	75	
202	319	428	288	406	474	82	239	
170	144	397	393	291	185	412	10	
291	199	198	366	49	149	374	184	
59	184	258	312	134	55	448	496	
482	376	187	372	223	297	277	460	
240	463	474	177	26	380	85	186	
12	481	305	156	35	279	407	410	
65	59	211	18	350	187	228	254	
363	224	358	411	55	431	357	323	
159	101	470	371	96	202	29	8	
120	426	58	90	360	494	135	14	
138	399	87	176	169	497	37	108	
228	148	15	437	484	123	430	192	
63	136	251	293	201	366	74	362	
445	95	50	499	114	47	281	312	
493	217	186	81	114	174	325	422	
218	250	408	72	202	309	434	493	
82	285	418	143	350	53	105	227	
180	275	262	467	265	350	355	9	
392	289	337	360	341	395	416	25	
348	290	116	210	123	6	160	355	
24	416	44	427	483	470	462	491	
409	137	171	256	413	161	338	222	
173	487	295	472	277	210	245	238	
405	294	292	146	176	413	185	483	
327	95	368	434	81	190	350	248	
439	186	239	399	78	361	497	208	
26	346	1	445	460	321	485	101	
170	52	3	448	206	457	81	472	
310	169	387	31	210	348	184	441	
269	471	139	286	397	354	461	262	
364	350	490	199	243	414	170	107	
369	496	136	315	367	224	27	152	
299	470	43	496	354	154	270	156	
174	302	98	199	290	173	292	97	
80	232	253	125	436	118	210	5	
312	170	387	57	262	249	439	202	
34	190	404	309	296	57	313	30	
463	362	259	354	217	87	213	489	
53	475	116	336	249	484	188	178	
429	88	183	61	292	386	142	267	
414	449	216	1	153	164	43	96	
98	275	196	450	9	134	314	267	
117	141	436	308	459	31	22	12	
281	192	289	144	95	128	246	60	
137	46	298	97	169	71	148	26	
371	190	134	493	428	276	414	330	
47	204	434	309	25	165	19	355	
459	412	83	40	105	484	159	10	
135	488	94	55	139	33	398	129	
68	211	424	461	216	412	131	136	
202	88	487	171	260	301	440	104	
185	168	201	338	111	307	334	125	
300	6	406	281	431	298	106	303	
201	220	35	181	191	20	0	463	
225	261	78	51	300	37	256	490	
443	271	57	264	80	458	269	86	
242	193	376	30	71	313	241	20	
487	269	87	448	317	128	92	442	
233	349	194	12	390	288	30	338	
363	273	468	376	276	232	248	117	
25	267	373	457	221	199	141	176	
197	235	351	120	242	258	2	331	
187	425	68	275	165	324	452	183	
496	154	337	162	443	138	229	80	
100	96	423	490	277	243	146	399	
60	305	358	49	310	38	286	324	
212	495	461	5	136	423	310	433	
240	162	3	1	366	87	140	382	
247	351	27	306	419	126	440	140	
349	69	408	122	129	121	153	73	
183	342	382	90	378	327	397	301	
103	331	311	77	10	399	214	68	
447	30	256	67	263	25	427	48	
164	23	285	429	241	312	448	341	
73	134	117	403	150	61	473	154	
443	480	487	42	170	55	206	82	
169	313	461	328	346	105	249	57	
158	58	303	497	159	33	174	300	
404	92	209	371	304	273	100	421	
30	441	280	219	401	55	16	429	
401	462	32	160	428	66	477	278	
126	492	214	266	180	227	258	347	
205	446	258	472	90	465	210	301	
21	211	480	250	130	324	475	452	
131	220	400	262	11	186	89	104	
112	423	30	50	126	396	366	34	
311	332	261	284	202	360	285	218	
494	453	47	199	433	93	81	259	
115	349	44	1	269	20	14	376	
10	154	303	473	200	373	11	305	
289	286	471	207	210	68	311	479	
44	407	25	133	401	338	247	490	
