25	8	19	
19	29	43	
17	28	46	
12	9	30	
44	18	41	
42	3	32	
31	10	42	
10	12	42	
7	16	47	
42	13	38	
38	17	27	
9	42	14	
39	16	21	
40	24	38	
3	35	1	
48	44	41	
30	0	23	
20	12	4	
6	46	45	
4	36	14	
3	33	30	
28	26	11	
22	42	20	
7	2	9	
32	10	43	
43	37	33	
40	26	21	
46	14	22	
38	3	31	
35	15	12	
28	20	3	
29	30	4	
42	21	5	
21	14	5	
8	2	37	
33	6	35	
14	36	43	
19	30	21	
48	13	9	
23	37	18	
4	27	38	
44	17	13	
3	16	49	
24	16	19	
27	31	36	
30	41	13	
37	16	14	
25	1	49	
10	39	23	
23	20	27	
84	51	90	
96	81	61	
82	74	87	
88	92	97	
75	77	57	
82	62	90	
78	57	60	
50	85	54	
67	82	52	
69	83	87	
62	77	83	
90	75	98	
54	70	80	
59	75	63	
80	96	87	
84	90	95	
87	61	98	
54	83	76	
74	88	83	
94	58	61	
53	52	95	
75	62	80	
79	63	71	
79	91	63	
56	60	70	
96	92	53	
62	67	78	
73	84	86	
70	78	72	
94	95	86	
64	90	54	
82	71	83	
88	82	90	
57	94	90	
77	62	60	
75	94	50	
94	93	87	
76	88	79	
85	50	53	
61	57	96	
56	68	69	
57	59	65	
81	78	63	
86	91	59	
77	62	72	
72	95	90	
67	82	55	
79	69	51	
93	87	70	
69	88	56	
102	118	137	
110	132	109	
117	106	102	
142	136	140	
132	108	116	
127	138	119	
127	102	140	
108	132	102	
126	129	139	
138	101	109	
102	120	113	
147	108	110	
118	127	136	
121	107	131	
145	124	119	
122	118	104	
130	112	131	
142	107	140	
126	104	146	
121	134	132	
134	130	119	
103	139	104	
145	102	144	
111	147	113	
115	136	137	
117	101	131	
131	115	134	
126	140	135	
143	104	116	
117	107	118	
115	127	114	
108	103	129	
138	121	104	
127	145	128	
101	109	112	
110	142	137	
149	112	116	
103	131	132	
128	133	149	
114	128	146	
120	127	118	
103	139	127	
106	139	126	
141	103	149	
137	134	140	
137	102	105	
113	140	101	
129	101	143	
130	142	141	
140	119	107	
175	156	159	
193	161	197	
183	161	186	
187	198	158	
153	162	185	
176	159	150	
186	162	177	
162	184	163	
171	155	163	
174	166	187	
191	193	170	
172	176	164	
191	192	196	
152	150	166	
198	177	164	
162	164	153	
183	185	191	
172	194	197	
150	174	180	
184	177	166	
196	186	191	
161	151	158	
151	191	165	
160	194	178	
180	157	182	
190	182	169	
174	184	170	
174	176	196	
162	190	199	
152	177	193	
196	151	165	
182	185	190	
184	153	195	
162	168	177	
190	192	166	
158	178	153	
175	152	172	
175	195	197	
191	179	174	
167	191	168	
154	174	160	
155	188	176	
178	193	198	
171	179	164	
156	189	178	
173	190	156	
177	182	180	
195	190	199	
191	198	156	
198	188	192	
222	239	201	
211	238	201	
223	210	214	
218	216	235	
244	202	225	
233	228	244	
218	239	204	
230	216	232	
245	215	201	
227	230	211	
230	217	223	
237	200	243	
225	240	228	
243	244	205	
204	248	223	
236	230	219	
237	203	211	
239	237	223	
205	238	244	
231	229	214	
223	208	237	
220	225	219	
225	224	210	
233	204	226	
200	219	207	
229	209	236	
248	237	225	
239	247	217	
217	205	216	
245	249	230	
237	200	245	
211	208	231	
225	237	222	
223	210	219	
228	241	217	
239	232	218	
225	224	221	
249	229	242	
202	206	217	
235	239	231	
244	225	247	
217	225	215	
239	207	206	
219	238	228	
220	236	201	
219	201	218	
215	241	202	
219	233	229	
249	238	214	
204	213	207	
259	258	295	
297	280	284	
273	276	289	
255	299	274	
277	284	268	
282	251	250	
266	294	296	
259	289	287	
275	271	272	
292	286	290	
274	258	299	
270	282	257	
283	256	280	
279	276	288	
298	284	285	
290	274	253	
290	294	256	
258	297	277	
260	268	265	
251	297	252	
256	284	286	
296	281	254	
281	252	289	
289	284	280	
275	281	295	
260	296	283	
295	277	266	
271	290	259	
277	262	291	
298	284	287	
268	253	260	
277	261	257	
261	258	272	
252	287	276	
273	257	271	
271	270	288	
275	292	282	
297	271	274	
288	282	294	
255	258	282	
262	255	291	
264	257	252	
271	272	265	
277	255	250	
292	271	286	
261	287	292	
274	255	266	
254	256	299	
250	254	298	
251	254	270	
338	315	324	
315	305	306	
311	303	336	
323	332	317	
306	326	329	
305	308	337	
319	328	324	
317	306	309	
301	343	326	
331	301	343	
311	328	321	
319	327	328	
301	341	305	
328	332	338	
347	314	317	
313	301	331	
320	322	313	
346	341	333	
309	324	345	
307	311	341	
337	322	333	
308	326	335	
309	312	328	
310	330	321	
313	329	324	
330	348	320	
307	323	346	
323	336	310	
345	315	339	
303	301	322	
301	345	326	
347	338	341	
311	335	345	
331	349	338	
341	304	309	
309	306	336	
340	319	322	
322	305	307	
316	317	332	
341	346	335	
313	348	332	
304	303	338	
317	306	348	
331	330	314	
338	341	318	
315	333	306	
319	314	339	
316	314	318	
337	316	304	
320	332	336	
360	384	362	
360	388	399	
399	355	398	
393	359	363	
378	383	358	
352	377	364	
371	375	399	
387	358	355	
355	360	362	
397	350	380	
353	381	370	
366	363	398	
374	383	382	
384	398	366	
363	399	385	
374	376	390	
363	395	368	
378	369	382	
384	396	383	
381	350	361	
380	351	367	
352	389	361	
357	359	369	
359	380	368	
367	394	358	
398	368	375	
380	359	350	
356	393	353	
377	350	360	
369	355	398	
367	368	365	
368	364	375	
368	361	389	
359	358	366	
390	377	357	
387	398	399	
366	382	351	
388	369	355	
365	370	359	
373	398	389	
396	380	386	
363	375	368	
363	380	387	
371	376	353	
399	397	375	
390	375	355	
359	368	381	
351	395	381	
385	356	362	
360	383	365	
405	413	400	
425	416	411	
417	402	418	
432	402	420	
448	431	410	
447	406	442	
415	420	442	
408	405	429	
438	430	417	
405	447	407	
444	445	426	
431	407	421	
416	423	408	
448	416	424	
403	408	404	
440	404	427	
419	417	414	
429	435	446	
425	421	445	
403	434	445	
433	410	444	
446	442	407	
411	443	415	
420	446	411	
415	411	444	
428	411	431	
409	415	440	
407	441	427	
418	424	400	
403	435	426	
422	421	433	
403	400	404	
436	400	430	
437	419	436	
418	423	437	
420	436	401	
436	424	449	
403	412	402	
418	407	425	
415	412	419	
429	430	423	
441	437	412	
414	435	400	
432	409	428	
447	442	433	
446	406	448	
400	421	437	
439	409	434	
433	408	426	
424	409	433	
483	455	461	
492	499	451	
477	486	462	
463	497	469	
450	464	468	
484	464	455	
479	473	485	
454	466	461	
462	459	476	
455	489	470	
455	470	479	
462	485	486	
473	475	472	
455	494	471	
493	460	457	
486	461	460	
467	499	452	
455	473	478	
463	477	462	
487	497	477	
488	462	468	
467	468	498	
462	453	461	
452	464	484	
495	488	496	
467	462	475	
497	468	475	
483	481	455	
467	468	483	
496	478	494	
453	476	450	
484	486	456	
496	473	479	
470	460	495	
465	492	499	
480	484	464	
463	460	484	
480	473	463	
459	471	486	
487	490	465	
460	463	478	
490	492	474	
470	465	467	
466	484	475	
452	457	482	
464	471	461	
470	490	473	
483	479	455	
452	481	476	
486	453	466	
18	36	35	1	
38	19	34	14	
37	42	29	31	
34	0	11	3	
29	12	21	5	
11	5	26	43	
5	15	41	42	
28	0	22	27	
1	2	18	34	
45	43	15	16	
9	4	25	13	
3	0	38	7	
20	14	17	18	
36	34	16	21	
29	32	14	11	
41	49	3	2	
31	19	26	13	
6	3	31	49	
6	12	9	44	
6	48	23	25	
0	36	22	5	
4	37	32	5	
32	28	20	18	
12	20	11	21	
46	37	12	43	
33	23	0	49	
36	30	24	8	
15	12	39	45	
31	36	42	5	
14	46	8	44	
49	45	12	25	
9	8	22	18	
43	4	30	14	
31	40	8	24	
48	34	2	45	
10	28	29	13	
28	40	16	15	
11	29	15	7	
3	15	22	21	
5	31	1	40	
41	17	15	43	
47	48	42	9	
33	38	5	2	
11	45	35	22	
5	26	20	27	
34	26	49	21	
42	48	33	3	
41	32	8	24	
36	16	46	38	
21	24	37	33	
93	94	64	91	
57	82	92	53	
55	68	85	50	
57	64	65	93	
52	74	76	68	
50	85	57	81	
51	61	88	86	
63	90	86	67	
80	57	66	53	
73	78	75	69	
77	51	79	94	
63	72	95	90	
76	57	65	87	
93	88	66	85	
90	77	96	81	
52	59	71	75	
67	74	87	70	
77	98	75	65	
75	76	65	99	
71	78	55	75	
66	83	86	88	
54	89	68	52	
65	72	93	59	
51	75	61	50	
91	89	57	56	
63	51	91	65	
85	99	71	67	
58	59	62	56	
86	79	78	72	
89	81	71	80	
78	74	51	61	
78	72	61	66	
94	54	98	69	
91	77	90	98	
50	67	62	89	
95	59	77	89	
58	97	92	56	
71	72	62	96	
62	72	80	60	
93	94	83	51	
85	88	70	87	
91	66	60	62	
70	94	69	78	
53	57	51	66	
60	95	57	61	
74	71	87	85	
93	68	98	97	
94	78	95	81	
66	64	91	75	
50	99	89	66	
118	106	105	110	
111	120	136	127	
143	117	102	135	
126	121	146	147	
110	147	148	139	
144	143	101	132	
115	126	123	141	
123	128	113	130	
137	130	143	134	
131	138	104	125	
136	108	123	141	
102	125	123	116	
144	122	145	105	
139	119	103	114	
115	124	136	142	
123	147	144	101	
142	131	103	140	
127	108	134	140	
140	138	100	128	
144	135	107	104	
140	127	114	109	
116	141	135	108	
148	147	108	118	
130	110	145	104	
133	101	134	142	
121	132	134	137	
111	120	115	108	
125	128	127	133	
114	139	107	140	
111	149	119	131	
103	143	147	102	
137	111	122	109	
120	127	135	126	
110	102	108	144	
120	133	119	127	
115	123	105	133	
133	128	101	127	
136	106	130	132	
136	146	106	118	
103	107	130	123	
104	103	110	109	
145	112	105	140	
132	144	134	115	
144	119	127	141	
138	105	104	141	
117	129	110	106	
129	145	119	140	
123	124	125	115	
130	114	111	144	
126	139	102	141	
169	184	188	175	
157	197	184	164	
186	190	169	167	
156	150	165	154	
190	182	171	175	
170	174	179	166	
194	176	199	179	
188	160	161	174	
182	165	150	191	
150	160	156	165	
169	153	195	151	
195	194	190	161	
176	165	157	172	
186	183	173	150	
187	182	162	152	
155	182	189	165	
189	154	199	156	
152	198	153	168	
192	155	188	187	
179	185	161	188	
171	170	187	182	
182	150	191	185	
174	170	163	168	
184	192	180	162	
159	192	191	169	
188	196	184	192	
153	192	182	160	
158	172	153	157	
198	151	167	180	
188	151	182	158	
150	199	193	163	
162	176	175	196	
156	188	171	179	
180	157	187	154	
194	166	186	189	
171	185	166	161	
162	164	169	179	
199	198	187	153	
192	166	191	199	
162	158	166	185	
179	167	152	151	
167	185	195	153	
152	183	180	157	
189	184	186	196	
166	182	185	168	
185	171	183	177	
199	163	158	193	
156	159	189	162	
196	190	170	175	
197	173	162	175	
234	246	202	245	
223	228	249	216	
206	237	242	233	
230	200	227	209	
231	209	201	202	
200	247	242	216	
230	217	228	206	
222	209	221	219	
233	222	223	217	
202	229	221	204	
233	249	246	239	
230	240	210	218	
202	241	226	222	
227	206	221	214	
205	217	241	236	
218	210	201	228	
201	230	241	232	
217	239	229	240	
243	202	216	249	
223	245	225	230	
217	235	245	246	
219	223	213	218	
238	221	219	216	
237	210	244	249	
221	203	240	208	
204	232	244	245	
225	221	208	236	
240	237	228	214	
238	249	210	204	
201	209	225	206	
242	241	232	204	
206	237	231	230	
200	226	247	243	
239	235	202	242	
233	241	206	202	
209	214	205	248	
200	231	214	217	
244	200	236	203	
226	215	239	222	
208	221	210	224	
231	233	246	203	
249	229	210	207	
205	213	232	225	
247	218	212	214	
233	217	249	215	
210	203	224	206	
209	216	233	220	
214	200	221	244	
217	201	200	228	
230	223	217	202	
257	266	293	278	
266	289	265	296	
255	289	279	296	
282	278	250	292	
269	297	257	263	
256	266	279	283	
274	278	252	269	
270	250	273	258	
278	293	286	261	
279	281	256	270	
271	265	283	272	
276	270	257	263	
285	287	297	263	
263	264	290	296	
292	253	280	289	
258	270	252	257	
273	269	264	257	
296	253	299	257	
270	255	299	256	
282	259	256	279	
293	281	255	270	
250	293	271	268	
268	293	274	279	
296	252	264	271	
252	270	279	259	
276	280	267	253	
277	292	254	298	
282	279	256	268	
299	266	256	255	
253	283	295	291	
256	272	289	277	
270	274	258	299	
267	293	285	257	
272	269	297	270	
266	294	281	272	
279	285	283	251	
299	290	255	266	
265	284	251	276	
253	297	292	250	
294	283	281	280	
262	254	266	292	
259	257	277	276	
260	290	293	279	
258	250	274	280	
288	264	250	273	
253	281	285	271	
298	269	277	279	
259	274	282	289	
280	287	261	283	
299	264	251	250	
346	325	313	344	
332	322	304	344	
312	340	348	347	
332	303	347	316	
318	317	323	331	
331	345	340	320	
339	322	316	328	
342	348	315	318	
342	329	310	349	
325	304	330	302	
319	343	300	325	
348	311	337	308	
336	334	321	304	
310	343	318	316	
316	320	346	319	
309	334	312	303	
334	348	309	307	
308	347	322	305	
302	310	312	301	
334	335	312	313	
310	306	324	330	
346	300	333	312	
328	311	324	306	
337	307	346	329	
335	327	339	315	
305	329	324	339	
302	332	349	324	
336	305	341	331	
309	312	332	303	
324	315	304	322	
320	340	341	318	
320	349	310	328	
342	302	311	347	
319	327	329	348	
317	321	319	339	
341	331	324	348	
325	316	347	326	
349	337	302	306	
310	322	341	338	
314	307	300	331	
320	348	318	325	
333	326	300	325	
310	316	322	336	
341	307	302	315	
314	343	328	303	
303	346	313	326	
318	347	302	312	
337	344	347	341	
333	337	300	303	
334	328	317	325	
387	362	389	384	
362	377	388	382	
392	370	358	354	
379	361	371	375	
394	389	365	356	
373	364	362	366	
391	397	387	361	
359	378	353	375	
353	384	381	382	
371	365	389	379	
359	383	399	358	
372	381	365	362	
379	396	367	371	
363	394	370	383	
356	357	369	367	
390	350	383	360	
366	364	397	361	
368	390	370	366	
363	399	353	386	
368	364	353	350	
355	384	361	387	
399	360	395	357	
353	393	356	381	
357	389	397	366	
356	393	366	358	
360	394	372	361	
355	387	393	369	
354	378	350	390	
395	363	365	351	
362	354	367	384	
378	379	352	398	
382	391	359	352	
376	369	390	388	
379	350	358	383	
353	368	354	389	
359	380	358	378	
389	373	383	350	
359	394	398	377	
389	366	380	387	
355	350	381	359	
350	379	375	396	
399	375	357	352	
373	374	376	396	
385	386	393	365	
373	381	369	372	
364	351	374	354	
365	377	392	362	
378	362	377	357	
385	358	394	369	
399	363	386	390	
408	414	423	415	
448	425	435	408	
438	443	431	401	
431	443	419	444	
442	402	418	446	
425	430	431	407	
411	427	443	439	
422	406	402	426	
447	404	430	411	
432	433	438	447	
436	443	438	410	
435	424	449	442	
400	443	415	435	
427	429	434	445	
406	416	442	405	
410	404	435	434	
440	448	402	406	
407	420	415	416	
403	423	418	410	
444	417	449	436	
427	410	412	423	
445	417	428	423	
403	430	446	429	
404	445	413	438	
413	431	407	415	
403	412	433	444	
408	441	402	425	
434	404	437	403	
440	425	401	439	
446	418	449	421	
444	425	443	414	
426	413	449	406	
435	401	421	445	
406	400	444	416	
416	426	412	448	
416	415	417	414	
447	403	444	419	
400	412	447	418	
426	416	422	443	
435	426	438	429	
440	403	402	406	
421	408	435	402	
423	402	425	422	
429	408	437	407	
440	404	411	438	
447	431	443	428	
421	406	434	442	
424	435	422	409	
415	407	437	419	
406	425	409	448	
474	483	480	455	
473	493	479	482	
493	488	483	450	
451	475	460	462	
494	498	471	459	
451	454	470	484	
488	462	473	464	
499	494	465	492	
455	494	472	499	
463	481	453	476	
469	488	489	483	
481	462	484	486	
478	462	490	483	
456	482	492	485	
490	461	499	452	
491	454	490	457	
479	455	451	484	
495	464	458	462	
467	469	499	466	
465	483	470	466	
492	463	491	470	
493	464	473	457	
476	467	468	470	
462	494	484	457	
497	499	494	487	
488	471	469	473	
484	455	496	466	
473	494	479	466	
460	466	474	469	
453	492	499	457	
472	484	481	456	
468	491	454	466	
451	493	487	476	
459	461	462	456	
464	481	457	452	
465	462	458	452	
470	473	453	457	
455	458	497	471	
468	460	475	489	
495	484	461	483	
475	499	472	455	
498	476	491	489	
486	475	468	470	
498	481	456	469	
472	464	476	492	
464	471	489	496	
496	491	498	453	
495	487	457	497	
484	455	458	492	
468	487	460	469	
19	46	40	9	17	
42	36	3	18	27	
18	44	13	49	27	
33	5	39	0	42	
0	11	27	14	40	
16	0	29	38	15	
28	17	10	42	12	
36	23	28	48	22	
15	19	24	33	37	
28	8	48	5	39	
34	22	43	42	1	
19	1	30	34	45	
2	11	48	8	32	
9	5	1	40	49	
30	28	17	6	39	
26	21	33	9	46	
17	27	25	43	18	
29	41	37	11	36	
33	29	22	8	43	
29	7	20	33	27	
9	16	35	32	14	
7	41	36	37	0	
20	16	45	1	2	
8	40	13	38	14	
40	9	16	43	29	
18	31	46	24	44	
32	40	6	48	11	
47	38	14	25	42	
19	26	32	37	7	
46	5	29	17	7	
17	35	19	9	14	
6	40	4	43	2	
13	0	45	4	7	
36	23	31	24	8	
2	15	1	46	23	
46	38	7	47	11	
10	6	9	19	5	
42	20	34	23	11	
13	37	12	39	45	
28	36	10	8	26	
9	6	37	27	38	
37	15	40	49	36	
46	13	10	32	37	
26	11	9	30	4	
46	28	0	30	6	
15	49	47	20	29	
42	33	14	29	31	
47	28	37	38	1	
19	46	21	9	0	
28	45	19	27	47	
71	75	66	57	91	
53	96	52	95	91	
59	70	86	72	55	
50	90	93	85	53	
93	62	61	59	87	
91	67	69	51	88	
69	98	96	64	95	
86	90	97	71	78	
65	98	92	79	77	
87	54	61	86	96	
58	68	99	67	55	
96	50	79	62	57	
56	99	60	92	78	
85	80	73	62	58	
60	92	71	69	61	
70	53	75	60	94	
92	54	51	70	80	
63	65	85	72	98	
52	84	83	53	96	
75	96	58	94	76	
95	62	63	98	75	
62	58	56	65	96	
99	77	67	55	62	
99	67	83	68	74	
51	92	91	58	74	
97	86	83	98	68	
86	58	72	70	66	
84	75	63	72	77	
57	77	80	91	51	
83	86	53	84	82	
65	88	60	52	90	
89	86	78	92	64	
70	69	78	59	63	
89	79	83	84	62	
66	64	87	88	93	
67	56	72	58	60	
96	53	73	81	54	
85	99	77	86	59	
57	79	69	68	61	
65	63	80	85	55	
72	90	71	95	53	
93	88	95	74	80	
94	83	72	60	61	
72	95	86	83	89	
79	90	68	72	70	
85	59	56	99	86	
73	64	84	54	81	
80	93	63	55	59	
79	63	68	90	65	
52	90	76	84	53	
100	134	140	149	106	
139	111	117	127	106	
138	140	110	127	123	
120	119	133	123	135	
141	125	136	106	111	
128	146	123	110	112	
136	105	122	143	126	
109	142	127	124	106	
119	103	133	110	117	
115	135	108	114	110	
110	104	101	141	149	
139	136	102	124	115	
116	139	136	124	137	
144	109	137	102	103	
104	119	123	129	120	
148	123	133	137	122	
127	110	130	132	146	
127	118	123	121	124	
123	117	149	139	141	
122	144	140	136	124	
132	105	114	146	145	
119	126	138	140	148	
125	147	143	129	106	
149	102	121	122	140	
101	113	130	128	102	
136	111	120	123	114	
126	100	114	123	147	
113	132	127	106	105	
123	114	125	110	121	
120	118	149	126	130	
136	126	107	101	137	
129	116	122	148	105	
131	126	113	135	115	
125	115	105	112	145	
100	108	131	114	144	
132	146	100	148	137	
136	134	144	129	107	
114	101	138	108	130	
102	124	121	126	119	
131	117	139	114	116	
115	147	130	116	121	
149	101	141	129	146	
116	117	130	141	110	
149	140	100	118	123	
108	123	112	140	127	
114	112	143	145	103	
128	135	130	149	121	
140	148	106	138	110	
131	127	121	133	132	
137	128	118	125	132	
164	193	171	154	187	
173	170	156	169	162	
165	166	177	150	191	
190	164	182	156	178	
189	164	160	163	154	
184	152	187	195	193	
183	173	163	150	195	
195	170	174	152	177	
199	171	173	155	150	
194	196	153	184	154	
153	185	179	199	159	
165	169	185	178	188	
169	179	184	196	151	
182	198	159	173	187	
150	154	152	151	164	
188	183	162	160	158	
194	183	157	174	168	
168	187	174	167	189	
199	169	195	161	167	
169	188	162	175	161	
190	169	177	198	192	
152	154	178	174	171	
151	150	173	159	188	
175	153	195	152	185	
195	186	174	188	187	
183	176	173	184	181	
172	167	179	171	187	
151	153	197	199	169	
163	162	175	192	180	
194	163	182	185	154	
189	180	159	164	169	
160	162	186	153	177	
153	188	195	151	156	
179	151	190	167	158	
161	180	175	190	199	
180	175	166	165	193	
186	151	196	182	183	
178	150	175	181	188	
194	150	188	168	155	
154	177	182	176	185	
195	199	181	196	177	
177	152	181	194	159	
175	170	186	172	187	
160	168	159	190	178	
195	190	193	189	196	
179	163	185	171	199	
169	189	160	192	162	
170	169	172	181	194	
185	155	150	161	181	
168	184	170	196	171	
210	245	230	207	227	
218	246	229	230	222	
212	236	221	202	242	
215	217	226	208	224	
228	230	236	213	245	
236	248	225	220	240	
219	244	235	232	230	
249	210	237	244	238	
218	235	201	206	214	
203	218	228	201	221	
205	222	214	217	245	
225	235	215	238	237	
201	216	205	202	209	
223	206	219	248	215	
233	234	224	231	236	
222	213	206	235	226	
232	221	229	210	230	
212	243	218	239	244	
244	239	210	243	223	
204	218	241	245	205	
206	222	203	204	238	
221	241	248	211	243	
200	214	212	208	227	
221	215	209	227	248	
209	227	228	214	247	
215	249	241	201	213	
243	225	235	241	212	
233	240	238	236	234	
244	206	236	242	224	
235	219	221	211	203	
217	241	210	202	213	
240	225	236	222	214	
206	247	234	228	239	
233	208	247	221	240	
235	205	215	212	225	
227	249	237	236	234	
207	248	233	227	232	
221	219	206	203	245	
202	232	235	242	206	
229	208	247	231	209	
241	222	249	204	206	
206	248	230	235	201	
203	201	242	210	246	
226	219	221	234	242	
222	234	238	236	204	
208	225	232	204	226	
207	232	215	227	223	
233	204	241	223	246	
221	247	209	216	226	
238	215	241	248	216	
270	259	274	255	269	
253	267	282	259	262	
270	263	255	284	278	
264	272	288	292	293	
276	279	297	270	291	
261	284	256	250	281	
291	283	254	299	281	
267	283	274	261	265	
262	280	251	276	294	
261	258	251	282	298	
298	280	252	276	261	
252	296	267	268	259	
263	294	267	293	275	
271	270	281	285	266	
278	270	281	252	291	
283	276	295	258	256	
284	298	286	277	260	
258	256	291	298	275	
277	265	271	264	283	
259	280	267	284	278	
273	250	272	262	266	
255	281	294	296	289	
267	288	287	264	275	
261	276	297	263	256	
255	281	256	254	253	
267	297	283	279	250	
253	275	265	299	263	
265	259	264	251	286	
268	277	282	291	299	
261	290	285	250	284	
276	253	285	280	252	
268	261	281	284	297	
282	259	274	288	273	
280	283	265	274	289	
276	274	289	293	277	
296	251	269	272	285	
253	266	286	255	262	
268	254	257	260	264	
273	294	298	264	268	
277	267	298	287	295	
268	260	284	259	269	
287	251	268	297	290	
276	293	281	267	259	
298	273	281	255	276	
288	295	289	255	294	
286	299	273	260	254	
298	290	268	281	255	
273	282	253	268	259	
256	270	294	298	278	
299	283	251	287	275	
327	316	303	324	306	
319	348	341	324	323	
330	325	334	301	319	
318	307	326	300	335	
301	316	334	341	310	
300	313	320	310	314	
331	309	334	347	335	
333	343	341	312	334	
346	345	306	322	335	
320	300	315	345	335	
338	323	303	325	329	
317	301	314	318	322	
313	340	337	345	322	
304	300	301	340	319	
341	305	344	301	312	
344	316	307	315	308	
314	313	349	342	300	
330	322	334	301	321	
348	304	343	334	322	
331	326	309	343	346	
328	303	322	343	347	
334	319	344	309	329	
313	310	345	308	334	
325	319	335	333	329	
310	313	316	335	349	
343	302	337	338	306	
325	329	318	304	337	
342	323	317	316	349	
338	332	335	313	314	
346	328	331	325	306	
323	343	318	302	335	
304	306	347	307	344	
331	340	333	310	302	
317	301	310	300	311	
323	336	304	309	305	
337	326	300	331	338	
324	341	349	329	300	
308	341	332	330	331	
304	337	339	317	335	
300	328	330	343	340	
306	335	345	300	318	
314	338	310	315	327	
323	308	318	348	319	
309	315	337	334	324	
327	304	317	319	342	
301	321	314	336	349	
324	337	348	342	325	
320	340	319	326	303	
315	306	325	300	320	
318	310	326	316	330	
375	352	393	399	372	
394	384	362	386	376	
398	393	389	387	350	
354	385	376	391	396	
394	384	375	376	383	
359	365	383	378	351	
352	373	358	355	356	
392	371	366	379	368	
361	356	385	371	397	
399	371	379	392	396	
396	398	370	384	350	
353	392	381	390	367	
371	355	373	386	363	
361	387	383	359	356	
353	397	355	363	390	
381	395	374	372	359	
383	378	368	384	350	
371	360	350	390	376	
373	399	359	392	382	
356	376	375	362	397	
365	369	378	393	374	
365	351	386	374	399	
384	382	363	372	368	
353	359	351	362	383	
385	389	382	395	354	
397	353	370	373	361	
354	370	363	389	384	
396	353	385	386	374	
385	382	369	360	384	
350	390	367	398	377	
352	378	371	399	362	
389	363	393	357	379	
371	370	366	373	368	
371	355	357	379	399	
392	385	360	372	397	
370	377	394	362	387	
391	377	387	376	375	
358	399	372	391	356	
367	354	371	365	376	
353	350	377	372	355	
353	381	389	380	352	
387	389	399	397	363	
370	376	379	395	383	
361	392	388	357	373	
355	389	354	376	391	
374	395	393	396	389	
395	358	388	380	386	
370	386	388	381	358	
356	365	386	374	381	
350	356	373	364	375	
427	442	434	443	447	
400	416	442	444	402	
413	433	418	408	430	
416	422	412	431	425	
433	417	408	443	444	
441	435	439	412	423	
406	438	428	423	409	
415	443	405	421	403	
426	419	416	435	438	
420	439	437	421	402	
447	408	415	420	412	
442	441	446	417	424	
401	410	438	428	418	
431	410	449	446	433	
413	440	449	419	412	
433	409	437	427	429	
413	430	436	406	447	
443	435	446	428	434	
401	403	446	421	420	
413	406	400	423	404	
431	400	411	444	429	
430	427	414	402	404	
437	435	408	430	449	
424	436	444	437	404	
408	439	448	402	446	
420	408	412	411	448	
423	424	428	412	415	
417	433	432	408	449	
411	418	436	446	425	
410	432	422	427	433	
423	447	414	449	438	
420	416	430	427	439	
441	406	449	423	416	
445	410	419	421	412	
415	444	408	427	448	
433	412	449	422	404	
401	439	435	416	436	
408	444	445	401	406	
444	438	407	425	405	
443	420	412	410	402	
413	418	421	402	434	
449	407	435	402	438	
438	449	420	407	421	
418	434	439	414	404	
410	402	432	409	422	
418	436	423	404	420	
403	440	425	410	414	
418	421	416	447	439	
435	412	445	415	443	
437	413	446	409	401	
497	467	460	453	456	
486	485	487	467	459	
487	457	493	466	476	
493	482	458	452	470	
452	492	489	475	490	
498	461	482	469	474	
471	464	474	454	494	
475	464	462	483	476	
489	492	457	488	475	
477	469	482	458	475	
499	490	462	463	473	
469	460	488	451	456	
490	486	475	469	466	
462	466	485	497	463	
495	483	490	468	461	
458	481	494	453	474	
471	460	463	464	457	
485	490	473	499	457	
488	450	499	455	451	
479	472	492	491	487	
477	497	496	482	467	
488	487	465	462	455	
490	455	458	495	468	
459	470	461	498	464	
495	497	493	468	498	
464	472	483	453	469	
487	450	461	479	484	
474	472	453	488	476	
470	493	485	477	457	
475	476	463	471	484	
491	498	455	474	464	
457	490	459	471	458	
463	472	451	459	476	
498	456	481	459	487	
491	473	456	492	459	
461	480	488	478	486	
454	465	491	451	456	
497	471	496	460	458	
468	491	493	484	457	
493	484	473	496	463	
458	487	460	489	482	
468	465	463	485	487	
453	457	462	486	450	
473	476	489	452	453	
481	493	499	484	466	
458	473	467	492	462	
470	455	481	495	472	
460	468	463	492	477	
475	464	497	467	456	
454	499	475	468	459	
311	450	232	122	250	185	
225	228	216	477	269	256	
37	229	113	92	341	318	
346	300	397	206	190	260	
175	440	12	38	399	284	
15	244	42	437	386	424	
312	409	83	1	301	163	
274	371	454	407	143	212	
169	120	353	414	317	360	
153	40	479	256	3	96	
306	352	127	455	85	485	
472	201	317	445	437	194	
198	238	177	279	474	232	
395	254	163	347	164	229	
337	8	119	356	94	75	
178	126	42	451	418	304	
408	237	165	149	362	407	
63	257	240	121	260	254	
259	182	291	398	241	0	
106	368	29	68	330	230	
459	83	172	282	100	99	
60	289	72	411	91	118	
397	149	144	434	85	367	
266	110	391	98	241	296	
9	151	315	251	101	187	
310	380	364	371	230	209	
167	261	363	494	286	163	
319	197	347	179	64	72	
383	74	324	253	128	468	
234	330	324	117	389	173	
203	111	349	62	72	3	
324	132	336	40	468	199	
178	403	127	350	137	313	
384	315	492	436	27	383	
125	194	450	221	340	231	
38	255	2	32	454	447	
317	427	270	13	246	322	
422	163	403	208	256	287	
132	472	499	448	118	456	
237	348	171	178	423	114	
439	481	401	65	379	29	
482	315	136	430	476	488	
352	274	61	334	365	150	
9	435	47	191	313	36	
389	472	484	280	305	356	
63	456	171	341	154	198	
441	195	492	316	405	137	
19	82	466	390	115	79	
431	213	340	486	480	176	
302	488	41	134	231	374	
123	370	408	32	390	168	
42	282	179	342	187	236	
480	380	184	349	400	152	
162	99	340	259	55	27	
121	429	258	354	138	72	
342	137	313	169	126	442	
481	200	384	233	487	394	
70	293	134	312	403	135	
168	361	335	13	467	126	
401	58	126	160	412	54	
223	45	391	90	72	423	
358	74	212	292	473	346	
209	216	218	6	454	313	
214	394	4	202	465	284	
68	367	428	395	201	348	
266	336	363	466	51	225	
417	335	124	350	96	429	
306	342	154	314	409	129	
288	430	313	402	206	485	
120	416	168	325	405	383	
392	419	448	67	160	358	
294	210	59	33	239	299	
100	109	74	45	169	140	
203	103	452	156	4	429	
163	448	481	273	323	374	
455	444	303	276	342	327	
424	54	131	169	418	186	
294	374	29	304	144	96	
367	405	163	441	452	307	
5	154	227	445	294	418	
148	445	433	156	380	47	
205	238	321	485	30	150	
203	305	465	436	303	221	
12	382	144	442	438	470	
461	231	424	235	333	0	
302	257	232	403	399	119	
382	32	120	137	393	256	
25	68	43	375	328	433	
77	198	27	119	218	207	
338	366	489	271	1	57	
480	321	295	354	224	201	
315	386	323	103	333	27	
5	119	322	315	131	459	
120	231	449	167	495	313	
359	174	43	111	247	283	
472	14	180	221	257	308	
429	299	372	284	179	311	
121	31	223	314	370	484	
68	447	459	370	313	492	
31	161	299	75	239	411	
264	288	322	197	254	275	
419	310	5	220	98	283	
308	299	278	436	173	260	
474	67	448	74	439	349	
473	134	203	231	487	471	
147	190	443	299	484	161	
182	96	53	453	446	324	
76	462	285	166	153	350	
422	364	442	295	24	114	
378	104	230	124	404	416	
308	232	100	280	79	343	
106	452	437	485	189	74	
346	369	150	259	359	463	
318	350	162	10	487	79	
437	333	210	296	276	438	
191	417	200	179	101	75	
492	342	234	145	317	293	
393	139	99	364	330	30	
452	464	277	251	102	446	
193	231	495	149	275	107	
155	222	272	361	345	135	
24	146	111	217	157	71	
400	18	170	422	318	432	
416	375	102	269	40	98	
369	306	451	236	175	467	
494	226	445	124	163	351	
91	338	377	286	375	80	
236	433	96	195	460	315	
184	268	216	470	61	51	
348	414	115	435	14	129	
98	141	115	41	93	8	
341	58	184	374	418	469	
118	85	253	108	356	376	
421	386	286	191	444	107	
237	476	178	213	385	242	
163	31	332	204	32	385	
230	152	384	244	78	249	
346	433	413	494	14	380	
428	354	67	468	213	304	
185	177	48	37	387	341	
273	493	93	173	163	108	
167	196	374	370	170	132	
96	477	260	19	483	213	
420	265	400	132	97	231	
246	104	218	186	142	488	
232	466	60	419	181	38	
282	304	490	352	325	442	
72	224	74	42	320	398	
360	415	83	248	114	149	
74	254	77	463	269	296	
139	173	457	474	378	65	398	
396	190	24	165	34	186	215	
339	90	93	180	134	11	33	
130	373	89	339	328	479	192	
264	252	82	342	72	345	51	
206	21	144	279	43	163	364	
498	65	331	309	97	291	280	
396	423	154	163	243	384	233	
132	365	408	21	56	426	60	
260	318	81	276	298	476	487	
332	191	338	89	70	447	58	
277	63	238	38	295	86	40	
470	173	433	457	108	8	280	
344	127	4	21	476	326	261	
435	66	491	5	434	164	37	
447	205	179	166	376	112	229	
9	137	352	451	393	438	205	
400	343	104	366	449	438	314	
69	271	50	487	133	49	395	
444	352	338	7	333	240	363	
100	387	357	253	292	270	497	
240	209	89	358	244	30	206	
47	307	426	494	496	400	346	
473	150	355	437	375	130	240	
81	275	53	162	7	27	160	
354	217	179	225	240	413	419	
470	136	385	431	401	355	406	
252	150	309	283	476	493	168	
218	454	63	249	234	106	183	
220	422	418	159	116	469	454	
452	392	246	160	273	298	58	
55	399	389	152	452	340	269	
413	80	298	422	61	180	81	
405	367	64	347	428	148	383	
56	353	300	415	454	74	24	
256	495	242	51	313	267	186	
132	89	131	336	235	72	88	
36	189	392	380	339	218	355	
265	379	114	343	255	238	433	
19	442	366	179	164	477	406	
486	191	439	134	346	297	477	
206	210	13	319	496	308	21	
131	422	116	324	271	143	445	
66	222	413	54	177	420	298	
79	373	204	210	214	82	192	
281	154	164	457	64	252	377	
458	151	58	177	33	44	218	
122	409	329	108	360	34	181	
73	35	329	207	193	214	385	
469	187	140	420	406	66	148	
147	162	8	134	297	403	128	
14	98	468	182	498	417	190	
191	2	56	327	334	106	7	
365	466	361	492	393	292	29	
232	460	452	116	180	286	276	
148	442	465	313	480	122	476	
227	377	206	191	482	221	391	
309	470	15	39	124	121	449	
499	417	294	19	76	296	337	
389	146	286	20	112	498	342	
65	68	498	388	334	11	237	
316	112	410	73	138	63	223	
318	52	213	185	468	329	151	
491	285	433	28	336	63	229	
181	46	360	397	229	483	271	
440	332	256	355	314	448	179	
28	277	76	315	21	448	328	
121	47	382	126	493	348	403	
26	118	392	144	455	6	272	
248	319	405	441	400	3	257	
225	150	284	436	230	457	259	
61	210	472	43	88	32	490	
39	268	203	243	144	291	27	
485	24	39	190	83	177	255	
231	481	303	246	7	69	314	
449	345	498	316	304	229	411	
30	111	141	336	410	331	173	
63	211	78	365	121	157	450	
27	181	447	250	312	21	329	
23	430	174	247	305	1	117	
113	456	368	241	142	55	448	
395	150	162	285	389	11	9	
72	287	369	86	133	239	116	
142	152	88	111	7	442	251	
305	471	246	275	165	460	419	
377	136	254	279	316	192	138	
238	156	429	54	219	271	436	
256	260	249	18	374	40	293	
436	456	142	276	116	170	50	
289	152	169	381	121	351	116	
15	219	255	381	165	49	320	
381	369	395	405	288	350	386	
81	353	210	199	318	292	104	
462	418	183	374	127	110	339	
25	207	20	227	241	375	471	
279	353	156	306	217	0	346	
432	107	176	438	56	73	475	
440	343	408	376	402	69	150	
337	149	153	225	330	178	127	
375	157	22	109	102	53	315	
313	225	101	73	317	319	381	
162	438	310	183	215	153	53	
244	111	219	243	426	440	360	
38	107	119	454	216	472	91	
164	372	42	278	432	192	219	
258	340	212	168	312	359	109	
229	185	465	233	39	147	271	
479	124	268	321	257	455	377	
9	391	65	145	137	122	133	
458	74	393	201	425	155	207	
20	388	418	55	60	127	237	
388	239	316	171	193	46	53	
95	325	357	16	114	264	8	
277	465	203	68	267	318	268	
341	108	126	468	478	479	66	
72	459	345	444	166	285	428	
498	222	24	43	137	40	371	
366	64	290	338	307	0	54	
271	427	285	128	432	326	156	
439	43	337	328	408	471	441	
20	248	327	238	130	477	283	
339	392	429	154	70	105	275	
107	495	483	75	467	46	93	
58	43	374	353	284	422	41	
312	282	340	88	245	154	281	
247	354	229	116	346	428	248	
359	328	152	161	53	482	155	
211	234	139	141	298	144	285	
302	44	42	169	190	415	168	
296	29	487	453	375	257	123	
411	199	1	196	255	35	284	
60	241	447	267	406	460	142	
354	167	275	421	17	286	230	
296	93	299	36	45	395	264	
406	112	323	419	181	234	200	
367	301	375	378	153	438	374	
315	190	107	88	28	37	230	
210	338	182	192	209	25	354	
6	19	326	335	426	482	453	
349	63	436	81	389	186	221	
154	254	146	33	431	74	145	
369	126	204	297	278	447	401	
226	255	64	409	10	492	194	
86	191	357	211	181	26	309	
427	171	452	64	349	423	418	
23	230	254	202	386	381	56	
127	165	108	312	101	386	137	
234	287	441	479	253	258	451	
472	176	418	184	310	192	387	
145	266	281	484	177	412	321	
94	419	462	342	117	296	137	405	
452	75	238	160	245	233	183	348	
434	46	472	28	256	439	62	140	
413	431	33	318	412	99	360	392	
492	437	210	224	39	237	14	120	
387	308	271	206	422	87	345	175	
217	4	92	467	429	20	309	322	
121	108	404	319	259	279	379	59	
156	477	231	441	309	174	366	412	
30	307	200	40	95	480	266	365	
418	86	324	48	425	199	399	100	
102	324	415	467	330	66	462	493	
196	344	149	56	475	174	89	19	
362	120	368	303	297	334	153	89	
178	232	330	156	311	159	353	32	
287	465	187	157	284	209	143	221	
310	259	42	129	41	3	260	281	
163	436	18	77	111	47	129	65	
354	219	335	379	132	222	148	61	
250	438	144	279	224	489	47	151	
434	62	199	371	297	399	116	70	
185	109	303	391	252	115	325	166	
203	264	111	206	386	431	74	149	
400	91	311	90	136	73	139	305	
118	254	252	225	98	35	74	193	
463	421	358	339	494	360	36	346	
166	151	354	157	342	152	405	416	
375	102	461	180	400	75	454	15	
319	370	252	478	330	188	467	306	
203	220	489	263	438	193	277	393	
359	339	215	411	33	82	311	401	
22	272	411	317	254	117	325	196	
444	48	10	199	107	98	459	270	
147	201	363	231	24	71	477	270	
385	497	323	393	58	187	125	227	
301	150	281	148	138	99	464	182	
479	83	444	371	443	322	388	193	
344	59	88	391	244	285	105	70	
6	321	290	201	58	344	466	484	
105	274	464	492	228	192	94	400	
142	244	313	317	458	38	381	222	
212	250	220	489	299	490	445	393	
381	331	449	434	334	257	408	351	
197	492	489	72	190	283	154	447	
413	481	145	178	333	416	36	108	
292	441	313	485	117	391	492	233	
352	435	102	270	333	450	43	176	
494	489	444	180	239	14	217	492	
481	368	168	384	260	401	103	193	
297	183	421	265	122	189	373	51	
345	89	196	55	209	297	189	154	
191	235	42	335	199	431	156	379	
322	314	372	271	235	294	255	455	
90	53	44	186	157	406	64	313	
393	263	337	16	219	431	300	362	
3	436	177	372	117	322	475	239	
255	431	147	182	198	377	181	219	
335	466	284	27	473	294	440	468	
203	19	118	99	456	402	41	439	
351	249	365	37	342	302	305	292	
286	204	407	325	46	381	416	226	
160	132	320	186	182	397	499	448	
18	17	126	96	487	391	421	324	
250	208	240	236	267	441	443	92	
255	325	107	47	182	312	220	356	
178	383	476	405	232	173	147	428	
365	2	72	272	261	26	454	170	
425	227	136	211	253	72	350	475	
236	212	60	447	143	418	61	56	
383	278	355	81	255	178	123	261	
349	81	359	362	409	33	299	182	
436	421	362	101	89	497	223	50	
308	485	264	113	39	341	93	397	
180	167	243	188	409	148	91	358	
272	95	71	145	275	318	211	477	
391	471	1	448	230	317	49	442	
428	247	166	14	126	285	86	64	
26	372	131	318	418	244	172	187	
86	474	329	301	360	364	422	281	
439	266	110	71	307	432	170	79	
347	155	457	284	204	8	51	307	
430	259	414	284	324	169	88	171	
46	289	228	260	307	248	350	278	
449	45	265	294	293	179	19	256	
490	27	204	207	376	256	124	318	
251	161	49	271	320	276	241	301	
237	399	272	243	370	344	262	19	
334	163	216	21	40	478	415	55	
442	20	244	497	50	362	483	112	
210	214	31	179	364	486	148	264	
339	485	191	230	220	294	109	414	
80	57	464	176	203	363	438	220	
18	160	211	329	115	17	492	97	
161	68	148	448	25	380	339	395	
486	118	62	338	144	108	170	318	
116	432	53	125	396	252	322	203	
458	498	442	234	413	404	462	133	
165	103	109	74	36	134	264	120	
339	18	218	85	107	176	454	122	
90	157	35	407	271	107	38	361	
207	459	40	487	342	20	140	300	
317	33	357	410	492	0	468	146	
182	191	30	223	318	362	249	338	
33	59	236	456	256	48	183	61	
39	371	94	111	15	263	338	183	
391	491	355	171	181	428	197	98	
447	396	179	198	448	190	186	77	
478	411	220	395	98	485	205	5	
378	65	101	68	0	419	339	228	
371	6	267	68	169	227	157	238	
260	21	398	193	303	416	472	246	
468	301	313	463	377	330	172	400	
73	262	119	416	405	392	166	35	
289	314	17	218	135	477	53	481	
444	48	361	88	150	356	129	355	
154	42	324	233	462	367	430	427	
236	431	59	415	273	126	282	136	
259	348	273	317	146	285	463	455	
211	136	16	121	188	308	390	327	
376	274	78	112	301	58	407	79	
129	460	368	394	362	118	122	241	
234	113	388	473	195	114	429	369	
409	458	463	147	375	428	235	194	
52	170	215	206	371	245	323	39	
234	108	216	144	163	7	217	484	
43	138	234	358	56	85	186	177	
269	474	300	394	17	345	437	107	
217	228	45	490	40	282	383	374	
106	469	175	13	7	498	487	467	
499	417	180	218	473	286	350	16	
373	175	258	188	146	490	493	52	
91	12	49	28	263	296	148	41	
474	15	248	289	140	277	440	405	
495	477	324	4	271	228	187	16	
331	56	197	363	330	427	26	48	
125	375	59	396	416	110	255	228	
362	227	445	459	189	134	280	395	
42	151	198	279	445	39	269	453	
303	134	443	77	154	360	92	101	
403	336	43	421	472	56	460	39	
434	221	40	129	181	458	379	463	
30	151	262	413	43	95	283	285	
106	394	296	337	293	79	305	278	
496	213	329	431	391	359	393	3	
188	419	86	73	7	200	173	323	
318	441	81	34	103	182	95	481	
323	97	451	198	342	450	34	474	
6	193	98	26	213	314	137	158	
488	489	264	341	26	123	392	102	
436	433	293	287	468	255	490	54	
