21	45	30	
34	6	25	
30	25	22	
3	37	0	
47	8	17	
39	4	47	
30	37	17	
37	34	46	
24	37	33	
16	6	22	
47	46	37	
48	42	8	
8	23	35	
22	23	38	
46	27	33	
7	10	0	
36	16	29	
38	13	5	
0	23	12	
39	8	40	
27	33	30	
47	19	13	
47	24	32	
20	37	18	
0	12	40	
45	17	8	
10	34	23	
12	36	46	
28	15	5	
35	37	24	
43	19	34	
14	49	40	
23	24	46	
27	41	6	
10	31	26	
7	3	48	
27	24	0	
48	40	8	
43	37	28	
34	38	10	
1	0	30	
49	46	42	
37	10	17	
28	27	0	
38	35	34	
47	27	40	
39	1	13	
4	20	24	
24	8	16	
29	5	36	
67	92	52	
71	68	95	
97	92	60	
91	85	50	
65	74	90	
64	66	59	
86	70	65	
90	83	61	
89	68	92	
53	90	60	
78	77	64	
89	80	81	
66	94	71	
91	65	85	
56	82	57	
89	73	61	
94	64	84	
86	74	73	
73	75	81	
97	96	93	
99	95	89	
90	98	60	
71	85	73	
56	62	80	
86	90	83	
62	97	83	
97	98	65	
93	79	60	
55	67	63	
68	64	76	
86	89	84	
56	82	58	
62	55	84	
84	86	51	
96	59	75	
69	72	78	
63	93	99	
90	50	93	
66	68	93	
90	85	64	
61	63	62	
81	68	67	
72	56	79	
81	82	59	
53	75	83	
85	65	58	
50	90	88	
56	52	67	
50	66	56	
68	71	82	
106	107	108	
133	144	101	
146	116	110	
123	113	149	
131	105	108	
110	135	111	
107	146	132	
148	100	147	
111	133	109	
146	136	132	
139	111	149	
145	148	128	
112	115	123	
121	142	133	
109	125	126	
146	117	123	
122	107	134	
120	144	126	
142	147	113	
135	136	102	
143	135	101	
123	145	102	
134	142	108	
105	124	128	
133	119	107	
119	141	135	
114	133	134	
109	135	112	
104	103	118	
145	103	100	
110	111	136	
135	146	136	
134	118	128	
111	139	147	
119	103	132	
124	129	130	
108	102	111	
109	142	124	
138	136	126	
126	106	124	
120	100	118	
136	103	110	
128	136	140	
134	125	133	
135	125	137	
116	121	108	
101	112	143	
107	123	132	
144	103	107	
129	116	126	
170	151	180	
197	186	185	
196	187	173	
182	194	168	
188	171	182	
194	196	158	
182	163	153	
156	197	166	
194	174	161	
196	187	185	
195	182	162	
153	194	193	
194	179	162	
184	159	188	
183	155	169	
181	182	183	
164	178	165	
176	151	166	
154	193	170	
176	199	186	
156	190	158	
164	190	151	
159	153	163	
189	153	151	
161	177	153	
151	180	197	
156	189	184	
172	151	191	
177	152	191	
180	188	178	
168	177	154	
176	199	177	
193	199	154	
157	152	156	
170	151	157	
169	172	192	
167	182	173	
165	199	184	
193	154	196	
161	164	173	
166	186	169	
190	182	163	
162	179	163	
164	176	157	
168	196	191	
195	157	165	
157	163	180	
167	166	152	
154	192	167	
190	188	163	
208	202	201	
245	210	214	
200	223	215	
220	210	222	
239	220	217	
209	228	216	
235	216	228	
225	244	202	
203	216	239	
201	215	248	
214	248	202	
207	219	212	
202	211	208	
204	203	215	
210	219	212	
211	220	247	
203	228	220	
218	223	241	
220	234	241	
200	243	236	
210	231	243	
214	209	218	
240	216	213	
248	229	210	
204	219	231	
203	214	220	
203	232	243	
238	201	227	
212	201	221	
215	206	201	
226	230	211	
230	214	205	
230	228	205	
206	238	229	
201	211	235	
246	225	244	
243	240	205	
234	236	213	
237	202	240	
229	232	204	
212	223	211	
236	231	238	
242	235	221	
221	223	213	
249	221	215	
207	226	222	
236	246	201	
229	226	203	
220	212	242	
236	209	221	
294	299	280	
280	283	282	
295	287	299	
292	297	279	
265	256	293	
251	287	274	
250	295	258	
265	276	255	
273	284	277	
285	278	295	
250	290	256	
292	265	289	
263	253	258	
261	292	287	
273	296	251	
282	277	266	
292	291	272	
270	295	276	
276	251	296	
294	298	293	
251	294	281	
279	251	294	
296	250	273	
294	297	292	
262	286	274	
289	279	285	
292	264	255	
271	267	294	
257	251	259	
258	265	296	
286	265	295	
261	293	289	
299	283	292	
287	255	280	
276	290	277	
284	255	298	
287	277	272	
250	255	258	
266	253	281	
256	266	254	
283	277	297	
259	266	298	
292	285	281	
271	258	293	
293	287	273	
278	286	271	
283	294	271	
295	268	264	
277	288	271	
251	288	265	
335	300	305	
319	330	347	
312	314	346	
337	313	302	
329	348	330	
338	307	330	
328	332	342	
316	322	311	
319	336	304	
338	343	311	
312	326	311	
339	303	335	
324	300	328	
343	324	320	
316	319	346	
349	342	316	
309	349	315	
318	309	312	
319	303	304	
308	302	344	
341	348	329	
309	318	349	
341	335	337	
319	318	345	
334	336	335	
314	313	346	
338	301	302	
303	312	318	
310	336	306	
342	300	328	
302	349	308	
343	332	323	
310	311	343	
349	309	312	
327	303	314	
340	310	327	
311	317	337	
318	346	317	
333	337	325	
344	314	301	
305	325	323	
338	345	344	
338	334	349	
332	306	324	
308	310	325	
321	302	304	
342	321	332	
313	337	300	
302	307	310	
338	314	340	
389	392	376	
379	377	369	
375	357	379	
386	352	355	
354	367	357	
375	390	356	
380	365	357	
359	350	361	
398	397	366	
379	386	392	
377	364	367	
368	388	359	
375	350	391	
398	351	352	
374	381	370	
370	389	354	
373	379	354	
378	366	388	
377	395	389	
373	392	379	
380	355	386	
372	355	393	
356	386	390	
376	360	396	
382	360	359	
367	378	360	
373	368	365	
350	387	384	
378	398	372	
353	368	376	
397	350	378	
362	360	396	
374	356	379	
398	392	360	
367	370	384	
380	375	383	
373	381	364	
357	389	358	
391	392	398	
353	354	370	
389	352	399	
382	380	362	
379	351	357	
391	387	373	
350	392	363	
351	371	378	
382	363	397	
360	357	356	
379	370	371	
384	391	386	
444	447	411	
431	402	421	
442	435	430	
423	403	429	
443	406	413	
413	406	439	
441	414	401	
401	430	446	
410	446	426	
432	431	403	
442	440	403	
440	442	402	
448	413	447	
440	421	409	
426	436	433	
447	415	424	
434	432	444	
401	424	405	
416	420	431	
425	400	402	
425	402	435	
402	448	401	
430	421	424	
447	442	413	
417	448	445	
448	438	421	
403	434	443	
413	445	440	
413	408	422	
445	434	400	
441	404	418	
419	437	409	
420	424	434	
427	436	425	
433	440	405	
405	440	434	
443	445	408	
414	410	438	
424	412	408	
424	402	429	
400	448	447	
438	422	440	
411	445	402	
416	423	418	
431	421	401	
441	438	405	
442	404	428	
434	433	429	
411	419	400	
417	408	435	
498	453	483	
493	455	488	
469	453	481	
479	497	454	
473	458	493	
479	465	477	
457	463	476	
484	492	490	
453	478	492	
480	462	467	
472	489	485	
490	452	450	
473	498	458	
478	476	494	
453	471	491	
466	475	494	
491	496	487	
473	466	490	
476	486	491	
496	470	452	
495	479	464	
473	457	465	
487	464	457	
458	451	452	
469	499	452	
453	494	470	
496	498	486	
497	489	473	
464	462	483	
497	499	484	
465	485	467	
464	475	477	
489	495	483	
467	460	471	
475	467	461	
457	460	490	
474	481	468	
456	486	480	
487	460	498	
455	478	465	
453	497	483	
461	491	482	
451	452	466	
457	481	464	
479	481	490	
475	489	494	
452	496	451	
494	463	462	
488	461	480	
485	465	456	
17	12	4	5	
47	14	23	38	
30	41	8	35	
2	33	13	6	
2	35	29	19	
44	28	16	32	
24	43	11	22	
9	45	32	16	
30	33	45	31	
40	19	34	45	
19	23	29	31	
13	34	8	32	
11	22	21	34	
38	18	30	15	
49	18	32	46	
20	37	40	33	
8	7	11	39	
38	0	8	6	
38	37	27	46	
36	45	15	30	
21	12	47	20	
11	45	19	29	
36	40	4	41	
45	13	46	17	
34	47	16	39	
37	9	32	5	
46	43	25	28	
2	11	1	25	
33	47	20	8	
38	34	14	2	
27	33	2	41	
43	23	19	49	
8	46	41	10	
32	20	7	46	
32	24	8	9	
3	35	20	40	
35	24	23	5	
46	14	36	15	
18	49	31	20	
1	37	30	21	
41	30	28	12	
16	13	12	24	
43	9	38	44	
17	16	7	23	
35	13	7	20	
0	19	21	40	
23	45	24	26	
13	32	27	22	
21	15	2	32	
8	18	38	2	
54	94	95	67	
76	99	59	88	
56	94	70	92	
94	50	69	73	
77	70	61	66	
70	64	50	75	
88	51	57	84	
69	66	78	86	
54	57	96	52	
84	68	82	69	
78	83	66	58	
67	68	74	58	
86	74	89	57	
58	84	54	69	
77	68	81	72	
84	97	93	87	
94	55	73	85	
66	74	64	61	
60	67	53	87	
99	74	52	87	
63	55	82	51	
98	70	76	55	
94	67	52	57	
60	78	81	71	
65	67	61	52	
91	92	95	96	
89	80	81	90	
69	94	99	68	
95	57	58	56	
60	52	99	72	
83	65	66	88	
76	86	67	59	
94	72	67	61	
69	54	99	51	
73	62	65	92	
95	56	71	99	
73	90	60	86	
77	52	92	70	
63	74	60	89	
72	59	77	53	
76	71	52	81	
66	91	56	50	
70	82	84	60	
98	85	87	53	
65	67	59	71	
65	88	69	67	
83	65	85	90	
58	97	77	96	
86	94	54	71	
67	78	60	81	
131	127	147	141	
132	115	102	136	
113	125	105	104	
113	103	128	100	
113	103	133	148	
134	117	105	127	
128	138	127	123	
148	136	111	107	
103	141	132	111	
127	148	118	116	
111	114	122	137	
144	141	126	109	
115	149	109	118	
121	147	110	135	
145	114	120	128	
101	129	136	145	
100	115	104	106	
142	126	121	122	
115	111	130	123	
102	109	133	138	
107	144	142	125	
130	128	110	119	
132	148	142	123	
141	107	117	146	
146	135	142	106	
138	121	100	118	
128	118	141	109	
129	128	105	138	
127	115	130	134	
149	101	148	114	
121	117	106	107	
134	129	132	110	
109	124	122	139	
141	127	114	132	
127	149	103	120	
102	134	110	119	
147	116	105	138	
147	141	119	139	
107	105	134	113	
146	100	125	138	
134	110	119	123	
121	103	138	127	
140	116	121	120	
101	127	135	107	
145	105	108	104	
133	118	103	101	
127	141	147	140	
136	123	144	132	
113	107	147	139	
124	149	118	148	
173	162	165	153	
175	153	159	199	
183	163	171	162	
177	176	178	197	
162	153	175	172	
167	183	159	184	
176	181	175	196	
150	199	186	174	
155	151	166	165	
175	197	180	184	
173	168	165	172	
158	185	183	152	
181	179	176	168	
163	186	164	170	
158	191	152	176	
175	154	186	190	
197	159	150	192	
158	160	188	187	
165	180	182	178	
197	168	171	192	
157	152	160	170	
166	165	168	182	
151	172	193	169	
173	172	193	167	
199	159	198	180	
167	178	193	177	
172	186	184	162	
190	178	160	175	
195	171	192	180	
154	160	183	172	
192	168	190	188	
199	182	189	180	
160	199	163	193	
173	195	191	150	
179	199	167	195	
165	156	153	173	
177	168	185	196	
180	155	154	150	
177	199	176	167	
171	174	192	177	
191	199	188	181	
170	151	184	190	
164	194	174	185	
157	198	186	169	
176	196	180	198	
181	159	177	163	
186	175	152	190	
190	181	157	161	
157	161	152	173	
155	164	187	188	
203	217	249	215	
245	246	210	213	
237	228	218	219	
227	214	202	249	
234	235	217	203	
209	220	207	210	
207	220	232	222	
248	234	243	241	
226	210	233	240	
220	201	228	247	
214	207	201	213	
222	225	249	205	
216	202	242	237	
214	234	241	244	
221	219	204	203	
247	200	204	202	
216	229	239	205	
244	248	220	212	
227	234	233	213	
233	223	241	215	
200	214	207	204	
232	229	226	212	
234	229	220	207	
245	223	203	200	
245	206	232	208	
211	229	242	214	
238	249	236	244	
236	248	237	203	
228	200	208	217	
216	237	235	206	
247	211	200	228	
247	209	227	226	
249	209	207	206	
236	205	209	220	
239	212	225	246	
249	223	213	210	
243	205	249	229	
248	236	209	226	
242	219	215	236	
226	206	247	212	
218	207	229	213	
226	231	245	216	
202	245	218	200	
231	249	209	248	
207	227	228	223	
211	220	205	225	
241	238	228	230	
223	217	214	205	
232	236	230	243	
204	201	205	223	
281	286	299	268	
275	284	253	287	
286	294	273	277	
293	280	296	289	
267	273	272	290	
273	257	298	286	
290	285	288	270	
268	272	273	256	
257	297	250	287	
291	267	251	257	
251	267	271	252	
287	290	285	277	
253	294	274	276	
264	259	269	258	
292	280	260	273	
279	296	253	297	
297	286	257	266	
258	255	275	298	
262	265	257	274	
290	260	282	299	
251	287	278	261	
284	288	257	258	
255	286	276	284	
275	283	265	250	
269	259	261	278	
298	260	268	276	
290	254	264	273	
295	262	296	297	
295	254	256	298	
265	287	250	267	
273	250	287	296	
280	252	265	266	
292	296	299	266	
256	295	261	264	
275	257	284	283	
299	254	272	275	
263	295	256	271	
268	260	283	286	
293	250	284	264	
288	292	294	269	
278	272	295	290	
267	257	256	286	
257	294	286	298	
263	289	298	291	
278	295	264	257	
265	254	269	283	
270	262	280	285	
294	281	250	257	
270	296	278	262	
298	274	285	263	
322	313	331	305	
323	314	309	300	
342	313	323	300	
322	317	340	303	
310	314	345	332	
312	305	342	330	
340	346	312	342	
347	349	345	308	
341	328	329	342	
310	300	316	337	
325	330	302	338	
339	333	337	326	
330	342	308	319	
335	339	348	313	
321	311	323	319	
313	321	300	304	
309	319	343	341	
328	326	322	335	
321	300	339	302	
332	301	325	321	
310	324	317	316	
315	346	325	323	
308	333	338	335	
347	320	327	307	
339	300	314	301	
334	342	305	318	
320	328	334	340	
309	318	329	325	
347	316	337	321	
332	302	324	306	
321	329	312	306	
336	333	315	301	
310	344	326	321	
333	300	313	306	
320	306	318	349	
330	336	326	342	
346	310	304	336	
332	305	317	348	
342	317	319	334	
304	342	313	307	
345	349	321	328	
315	325	347	324	
325	331	327	336	
317	315	345	321	
322	332	342	302	
312	334	322	317	
334	341	316	311	
323	309	336	337	
332	328	329	327	
308	330	348	325	
399	390	366	398	
356	384	355	383	
358	395	375	385	
373	390	383	399	
359	371	372	353	
377	378	353	372	
389	371	396	391	
357	377	381	380	
378	396	360	393	
359	380	392	382	
385	378	375	388	
361	392	398	381	
390	385	352	376	
356	374	395	353	
374	370	369	373	
352	376	390	385	
386	387	382	376	
390	366	371	354	
362	395	392	368	
386	389	366	363	
357	373	391	375	
384	391	378	357	
391	384	394	368	
389	365	383	387	
392	380	365	374	
368	392	377	357	
395	358	398	357	
354	395	370	378	
399	375	374	363	
384	392	353	388	
378	375	384	373	
357	392	389	375	
397	395	363	386	
378	364	384	393	
364	367	356	373	
384	370	380	352	
359	364	376	372	
355	382	362	385	
352	373	350	397	
377	390	396	368	
356	383	372	387	
396	383	384	379	
379	376	359	372	
392	398	381	351	
365	370	389	372	
352	368	393	397	
372	385	370	376	
362	377	393	381	
392	388	356	362	
380	377	378	397	
433	434	437	439	
414	446	408	439	
418	405	410	417	
424	431	435	402	
428	415	419	433	
431	419	409	410	
420	403	415	402	
404	419	400	417	
417	444	422	406	
405	412	433	406	
400	406	409	424	
445	430	402	433	
428	419	426	412	
446	447	401	408	
413	408	437	403	
401	415	410	436	
438	433	421	431	
447	407	442	406	
414	417	415	413	
441	434	442	421	
430	413	420	431	
408	430	437	436	
443	406	435	439	
416	424	406	431	
405	431	407	429	
444	442	411	430	
428	402	423	408	
427	432	412	422	
445	428	401	424	
401	446	402	434	
402	442	411	432	
431	434	405	402	
432	441	420	440	
430	439	415	408	
444	420	414	422	
449	441	443	425	
417	426	400	406	
427	433	423	414	
406	422	428	448	
431	409	430	434	
427	430	409	449	
439	445	405	448	
417	406	410	404	
409	405	449	425	
411	447	424	401	
442	447	422	414	
404	428	441	449	
424	433	421	417	
402	437	409	439	
415	416	437	408	
495	457	454	472	
450	484	472	469	
455	468	469	480	
485	490	494	470	
479	488	463	467	
488	469	485	482	
474	473	471	450	
454	479	483	486	
480	495	478	460	
476	464	472	456	
466	474	472	479	
494	475	488	476	
455	453	478	474	
487	462	450	465	
482	487	454	466	
455	479	450	481	
459	478	481	487	
453	498	486	469	
496	476	484	460	
473	497	487	498	
476	456	453	493	
469	478	494	459	
479	489	470	454	
494	484	499	452	
481	463	490	476	
498	483	473	450	
475	472	499	468	
483	491	467	495	
492	463	475	477	
462	456	451	461	
484	485	491	454	
494	457	458	491	
454	491	474	457	
481	495	482	454	
472	484	465	492	
479	487	495	483	
481	499	494	480	
484	458	460	475	
479	488	473	467	
478	480	454	479	
454	457	494	460	
461	463	457	458	
460	492	480	463	
467	453	489	456	
492	467	451	491	
450	475	468	484	
468	476	470	485	
493	492	474	465	
480	457	476	497	
496	484	487	455	
3	15	5	31	14	
18	14	32	21	41	
10	38	43	13	23	
45	48	39	11	33	
2	27	11	13	28	
35	13	45	37	40	
22	6	48	47	49	
15	30	29	16	12	
28	11	7	37	17	
23	0	34	29	36	
19	43	41	27	10	
11	10	2	14	35	
10	23	8	46	32	
39	25	7	34	9	
39	35	8	27	45	
44	3	36	42	4	
16	19	17	13	42	
9	1	4	40	49	
5	13	36	30	35	
46	47	9	40	0	
39	43	8	10	41	
11	21	6	37	24	
21	43	5	16	23	
45	11	14	47	13	
44	29	8	22	5	
31	21	5	47	0	
41	4	17	29	28	
20	1	6	43	48	
44	45	42	30	20	
27	8	23	18	22	
31	39	47	6	10	
0	45	6	11	26	
16	4	45	29	40	
2	39	0	5	21	
28	8	32	7	9	
44	28	8	9	2	
23	25	10	6	26	
5	41	16	0	45	
16	10	8	22	28	
35	0	9	36	32	
49	20	42	39	21	
5	14	34	3	4	
36	7	1	44	30	
12	41	30	25	7	
48	29	6	37	1	
33	1	14	0	46	
32	16	12	5	30	
32	3	16	41	4	
28	49	39	48	46	
12	3	8	25	26	
83	66	77	91	74	
73	80	57	91	52	
80	72	62	50	65	
50	97	59	93	78	
54	98	78	52	50	
88	62	55	83	58	
64	92	68	72	84	
52	93	74	75	92	
65	72	94	51	85	
99	97	83	74	87	
76	51	91	73	55	
67	80	89	94	99	
76	75	97	82	61	
93	84	65	62	90	
76	95	51	52	63	
62	63	87	89	54	
66	54	83	80	73	
65	93	88	77	73	
50	83	74	55	79	
66	89	84	73	79	
90	60	73	93	99	
90	76	81	68	78	
57	99	54	55	68	
69	81	94	86	89	
98	78	92	91	55	
93	99	85	63	67	
63	62	50	91	81	
69	78	77	91	55	
91	64	52	80	62	
96	67	78	72	51	
92	60	81	59	69	
74	78	51	73	91	
94	90	70	75	80	
78	54	80	58	93	
71	84	51	93	54	
77	56	54	84	82	
99	76	81	71	66	
85	77	83	99	84	
72	70	82	80	68	
53	95	62	86	68	
60	65	99	71	85	
86	76	80	78	81	
61	76	67	90	74	
60	90	99	88	77	
83	78	81	88	97	
87	51	57	56	75	
93	78	79	99	63	
87	86	96	92	64	
57	92	58	54	89	
96	74	72	62	65	
120	144	118	127	103	
133	136	139	138	107	
121	143	124	132	117	
106	126	114	137	144	
115	137	128	107	139	
114	129	100	110	106	
109	111	115	141	108	
130	127	134	107	102	
142	125	137	126	105	
112	135	125	137	110	
137	116	132	145	113	
133	132	138	108	129	
131	132	143	144	141	
126	136	127	147	145	
141	148	130	113	136	
131	146	108	139	132	
105	146	120	102	121	
115	140	141	120	138	
101	144	100	111	113	
131	124	106	120	147	
130	125	136	143	147	
104	149	119	142	114	
103	100	139	146	104	
132	145	141	133	134	
110	148	112	103	133	
112	132	115	120	134	
113	148	118	133	126	
105	106	115	100	134	
145	136	139	147	124	
101	124	149	143	113	
127	105	129	134	107	
123	113	110	131	136	
136	144	135	118	129	
111	134	141	100	138	
147	126	131	108	149	
119	147	133	140	131	
142	122	105	103	126	
115	148	106	144	136	
124	143	134	132	102	
105	140	111	125	143	
113	145	106	115	105	
137	136	129	143	107	
101	143	132	119	147	
111	100	147	143	102	
148	147	117	105	128	
112	147	133	109	100	
116	103	138	106	123	
121	105	101	115	125	
124	141	110	102	118	
116	104	118	105	147	
156	192	176	189	174	
160	158	151	169	176	
187	150	198	197	194	
150	158	159	155	188	
191	157	181	155	156	
183	151	154	156	166	
161	155	164	198	194	
186	180	173	193	160	
172	176	193	169	152	
198	150	184	199	164	
172	183	152	170	182	
183	185	163	161	177	
157	166	192	159	178	
161	168	186	180	159	
157	153	165	160	185	
199	155	164	193	179	
199	152	181	154	182	
156	180	172	154	164	
153	174	150	155	180	
182	162	153	197	195	
166	152	172	160	184	
175	168	194	170	155	
178	154	175	161	173	
171	176	151	175	178	
189	169	175	182	180	
157	159	166	160	191	
189	177	165	156	188	
174	171	161	154	153	
187	195	186	169	180	
160	184	174	197	180	
167	153	180	168	178	
164	167	184	199	171	
191	166	182	152	199	
156	179	184	177	189	
181	171	182	160	172	
154	195	163	162	156	
161	178	169	156	168	
189	187	151	169	157	
166	197	178	188	155	
161	172	163	183	185	
187	172	178	151	156	
177	192	171	188	176	
177	155	151	160	163	
151	180	177	181	197	
182	165	169	157	171	
183	166	192	155	199	
190	194	163	199	185	
152	163	176	154	194	
189	150	168	195	186	
180	164	167	168	166	
222	248	207	212	217	
204	201	235	247	233	
209	219	226	220	247	
230	236	225	232	246	
242	214	218	216	209	
221	218	223	240	211	
228	219	227	207	224	
211	247	224	236	222	
225	235	210	244	239	
232	221	213	234	229	
209	213	222	217	227	
226	205	225	235	200	
208	206	240	241	233	
225	249	206	233	200	
221	200	231	204	216	
242	243	239	231	236	
249	229	203	226	239	
209	243	221	231	239	
202	210	223	203	215	
237	239	233	208	217	
240	243	224	230	201	
211	248	236	229	222	
203	246	209	222	229	
247	244	201	246	200	
211	201	232	215	205	
225	218	205	212	217	
229	202	215	233	238	
211	214	210	237	229	
241	217	242	208	224	
232	200	233	215	228	
243	245	227	201	212	
230	249	225	228	216	
247	202	213	234	243	
215	241	210	204	219	
226	243	202	205	245	
230	209	249	246	243	
202	231	234	224	228	
226	236	205	211	219	
248	213	219	241	214	
220	247	227	232	212	
232	218	248	229	241	
241	205	247	213	217	
245	223	224	215	205	
200	245	237	217	234	
239	234	205	247	236	
247	221	218	248	216	
213	203	229	222	224	
228	207	237	242	229	
200	231	230	225	232	
241	222	239	214	232	
264	288	291	255	277	
282	273	288	250	254	
270	274	292	261	264	
270	252	277	264	255	
262	279	267	256	285	
262	255	294	280	271	
267	299	284	254	265	
280	273	258	282	266	
265	281	255	284	270	
291	263	295	271	269	
288	291	261	268	274	
270	265	288	260	268	
274	271	265	255	263	
277	278	261	289	293	
262	257	299	259	286	
250	262	270	265	283	
298	266	280	271	268	
298	295	263	289	261	
270	257	290	263	292	
280	257	278	266	284	
265	296	298	252	286	
268	266	273	291	299	
251	276	254	294	292	
291	287	269	259	270	
275	261	280	272	291	
285	270	284	252	287	
283	252	255	292	270	
258	270	292	278	262	
271	252	255	288	273	
254	285	260	281	259	
266	267	293	296	297	
282	258	274	278	250	
280	291	252	297	273	
279	272	262	281	267	
290	293	265	295	287	
253	288	263	264	256	
269	262	280	251	253	
279	283	290	282	269	
286	293	260	299	281	
260	282	293	280	289	
272	256	299	275	251	
260	288	272	298	282	
282	260	286	264	251	
260	254	289	293	256	
274	253	296	294	256	
262	252	267	278	286	
257	265	253	262	255	
282	291	273	274	281	
263	255	276	282	299	
251	291	283	293	281	
314	333	321	348	308	
316	310	301	309	314	
348	302	310	308	327	
314	308	340	309	344	
317	338	304	342	343	
330	337	311	336	313	
304	338	346	308	325	
304	347	346	325	332	
305	337	331	315	320	
340	327	330	347	336	
348	321	343	309	346	
343	320	342	317	330	
316	305	330	344	317	
347	327	329	315	313	
300	307	320	304	313	
309	312	307	304	346	
321	327	316	344	328	
320	328	348	309	337	
338	326	337	314	324	
313	320	345	322	321	
336	323	330	335	304	
315	341	345	310	307	
345	333	341	335	323	
322	327	338	321	314	
343	339	330	314	344	
330	308	306	320	324	
347	340	323	343	324	
307	319	332	333	334	
305	331	342	314	345	
318	333	309	330	337	
333	316	307	301	303	
312	324	322	336	315	
337	331	330	349	336	
341	304	311	347	348	
326	346	321	318	332	
348	344	321	317	313	
345	313	303	349	347	
307	318	310	304	321	
340	325	302	318	344	
311	309	334	324	329	
343	307	301	312	330	
343	323	347	310	328	
318	317	349	331	319	
304	339	338	335	345	
302	308	329	314	316	
323	316	313	311	324	
314	321	329	306	312	
338	341	345	331	304	
318	302	308	333	327	
328	316	324	305	343	
389	357	386	378	380	
364	387	356	354	388	
398	386	394	393	388	
381	357	353	389	367	
382	364	383	356	368	
354	381	361	395	385	
356	351	388	399	383	
392	380	366	360	391	
372	399	360	366	359	
380	364	381	368	378	
392	394	374	375	351	
350	361	365	397	359	
360	364	380	399	362	
393	381	398	373	378	
356	390	367	383	388	
350	371	383	368	352	
354	390	381	351	388	
354	356	398	353	355	
394	375	374	358	377	
391	377	395	389	382	
378	392	387	389	352	
380	392	367	376	355	
390	354	356	369	381	
399	351	367	368	353	
372	351	397	379	392	
359	399	386	397	385	
365	381	364	372	390	
359	386	390	368	389	
351	370	360	380	385	
392	364	362	373	387	
361	394	387	379	384	
357	363	396	367	368	
355	356	351	350	360	
396	359	384	352	365	
365	386	395	392	352	
389	394	352	395	382	
365	357	397	394	391	
355	361	399	385	354	
387	384	385	389	382	
384	385	386	389	399	
356	399	354	372	351	
376	354	352	380	372	
350	392	357	381	353	
382	397	392	370	356	
355	366	396	372	367	
398	359	357	354	377	
384	362	374	383	392	
362	372	399	363	350	
358	389	381	357	352	
384	371	391	351	356	
407	424	420	409	402	
432	448	424	401	434	
410	401	409	439	418	
445	427	440	407	448	
414	437	422	443	410	
446	411	424	438	408	
416	419	411	417	448	
421	445	413	402	429	
421	432	411	435	430	
403	414	448	417	402	
437	448	409	407	441	
438	432	407	401	439	
405	431	427	403	411	
409	421	446	441	449	
422	424	404	412	430	
425	429	433	447	404	
400	445	429	408	437	
420	407	403	435	406	
407	419	428	416	414	
427	448	409	420	404	
429	447	435	406	422	
408	425	445	427	440	
406	421	407	444	424	
404	428	401	419	435	
423	443	428	430	436	
408	441	424	419	400	
418	435	438	429	403	
433	431	436	400	427	
442	406	440	439	436	
431	445	448	447	449	
418	441	412	422	428	
428	411	448	424	439	
433	444	447	434	435	
431	443	402	442	416	
441	434	432	446	427	
429	437	422	406	447	
429	437	410	403	436	
433	440	410	439	403	
424	416	446	430	405	
443	431	425	409	441	
408	431	426	409	429	
444	412	420	429	435	
420	406	422	434	403	
441	431	406	436	422	
448	422	401	429	423	
421	433	434	442	409	
438	419	449	426	423	
422	406	446	448	432	
426	443	402	444	420	
414	446	420	435	445	
461	492	478	487	488	
450	472	454	459	487	
481	499	480	482	450	
493	471	488	467	497	
494	474	465	496	491	
477	463	474	478	487	
475	467	492	456	465	
494	468	460	464	488	
498	495	484	467	479	
458	487	488	480	484	
452	484	478	453	493	
490	474	460	478	470	
467	475	483	462	498	
499	479	457	473	450	
479	491	497	469	464	
483	486	485	464	453	
492	458	488	461	471	
461	458	489	465	467	
490	452	493	488	492	
451	473	485	484	461	
462	457	480	470	476	
452	482	498	453	459	
471	477	486	492	458	
499	485	491	471	474	
453	477	490	481	466	
480	474	493	496	485	
492	483	497	452	491	
452	483	468	485	492	
464	486	475	466	473	
489	467	477	464	456	
477	468	464	472	497	
497	456	479	483	477	
474	464	481	460	477	
493	457	479	469	495	
451	452	465	461	458	
473	474	484	487	499	
493	491	489	465	494	
471	459	495	473	461	
484	483	470	493	464	
482	479	457	476	471	
470	476	463	465	484	
469	464	457	497	494	
495	463	471	456	492	
482	485	492	474	453	
476	464	469	477	450	
487	495	496	494	488	
471	459	469	483	473	
465	494	487	454	458	
452	475	472	456	473	
462	478	450	483	469	
467	41	88	133	436	176	
480	0	450	376	117	264	
32	375	484	17	279	399	
61	10	74	219	164	156	
122	464	160	202	215	132	
33	429	477	279	72	126	
304	143	180	486	465	232	
94	444	454	225	74	464	
104	7	99	113	183	366	
157	20	270	388	243	209	
322	425	8	274	403	495	
248	20	5	206	143	198	
403	456	56	33	46	475	
496	0	315	207	9	139	
458	165	376	337	488	155	
293	106	400	278	137	93	
499	399	173	195	43	70	
146	82	364	316	455	475	
389	298	23	16	30	352	
224	2	250	88	55	276	
136	418	77	398	282	202	
256	423	488	260	84	226	
197	162	185	344	147	302	
267	466	184	266	482	125	
282	364	406	95	489	444	
65	239	263	455	448	387	
163	333	74	282	288	175	
346	57	291	241	23	468	
371	33	349	256	486	68	
184	333	152	34	25	398	
297	332	32	152	35	402	
36	411	422	10	259	282	
238	140	324	382	427	185	
409	384	104	304	412	72	
351	325	215	436	189	286	
98	195	316	350	96	222	
438	127	267	235	46	232	
30	392	277	86	167	491	
298	360	336	88	374	456	
106	192	107	91	206	403	
145	327	111	206	6	222	
361	408	369	345	391	266	
173	495	430	263	253	323	
218	268	466	182	253	445	
77	276	248	79	484	441	
209	334	230	103	415	208	
343	104	306	18	85	21	
196	37	119	149	258	346	
305	312	452	141	268	242	
297	499	464	191	370	489	
199	458	371	278	301	24	55	
447	267	59	319	481	342	247	
193	102	257	320	340	492	150	
319	154	29	41	297	377	171	
357	17	430	35	285	63	43	
38	222	359	377	266	407	417	
252	311	117	32	360	421	47	
27	198	290	374	26	499	277	
306	39	178	175	127	401	354	
453	213	386	113	355	81	230	
414	340	9	59	283	312	17	
395	391	58	325	341	432	23	
395	106	462	111	452	44	308	
76	184	86	327	261	74	137	
421	248	134	356	117	41	240	
475	444	397	19	27	478	281	
438	227	419	388	445	212	296	
248	252	366	310	153	61	138	
363	413	234	476	0	273	202	
218	175	181	432	124	396	445	
54	81	24	225	106	385	246	
349	166	485	49	237	224	403	
146	391	130	256	49	254	66	
191	110	315	424	4	324	111	
432	267	335	46	50	496	40	
162	337	311	89	339	458	254	
112	172	127	455	421	413	252	
419	437	352	322	25	472	169	
314	431	175	174	320	495	188	
17	71	240	105	294	106	440	
282	345	318	464	241	36	263	
464	24	246	134	379	130	273	
175	361	226	480	86	122	220	
84	9	169	195	136	359	221	
253	50	288	298	119	137	454	
490	418	95	334	413	488	199	
139	149	397	402	315	437	240	
386	300	297	38	80	144	83	
214	478	379	124	185	436	257	
227	188	334	295	86	249	346	
170	76	208	106	237	383	321	
498	469	98	113	327	17	52	
224	173	405	118	409	277	32	
278	192	126	71	455	63	210	
473	59	453	355	271	164	441	
309	51	19	255	370	449	214	
12	345	350	382	171	359	420	
477	462	89	29	350	320	440	
271	71	467	365	306	434	411	
487	333	132	253	204	131	470	
229	178	427	364	321	128	46	376	
28	209	170	83	317	96	78	111	
35	150	399	179	186	279	36	320	
37	352	151	386	242	0	487	160	
87	183	20	247	239	90	423	344	
443	434	24	362	35	488	125	100	
92	85	11	226	279	394	97	448	
0	49	256	292	299	84	71	149	
346	286	369	380	155	3	386	181	
448	132	249	80	191	207	205	326	
317	448	480	416	267	288	412	247	
36	463	242	456	311	317	179	417	
327	248	329	476	357	457	401	203	
467	491	488	436	477	186	131	94	
180	470	364	31	87	1	464	412	
131	219	409	199	39	144	285	167	
120	322	37	4	22	324	88	183	
262	474	410	393	348	271	0	274	
128	12	303	437	215	368	98	378	
200	449	13	390	339	221	302	51	
417	8	476	251	126	365	75	409	
54	166	155	33	133	317	348	398	
6	21	412	381	198	357	244	262	
215	479	361	414	280	41	77	241	
260	70	426	419	206	241	332	166	
7	201	498	341	143	481	111	189	
485	96	210	475	119	199	60	98	
284	436	263	238	444	132	406	184	
430	48	419	431	192	157	81	214	
263	218	168	433	187	389	324	332	
378	19	33	321	325	103	475	297	
414	477	314	492	172	173	275	138	
185	370	21	137	4	256	189	398	
442	384	345	438	93	194	397	69	
337	389	34	249	80	312	271	231	
54	477	268	163	490	252	107	366	
223	195	305	308	481	340	181	136	
413	330	454	465	257	0	74	110	
137	265	355	228	495	388	286	331	
164	224	445	263	383	49	157	467	
129	26	418	233	489	273	381	17	
251	88	93	482	153	490	117	122	
481	216	285	69	298	93	205	359	
293	298	17	366	118	153	39	3	
289	196	377	224	107	209	337	250	
183	165	242	234	304	229	401	69	
320	167	495	145	208	321	347	406	
36	128	219	320	369	457	477	75	
295	80	456	380	249	201	188	189	
141	384	428	360	385	202	255	300	
