14	48	17	
35	0	1	
44	41	5	
10	28	25	
11	37	42	
0	12	37	
48	26	1	
2	18	12	
7	43	13	
36	22	28	
44	41	47	
27	10	25	
29	3	30	
0	44	40	
48	1	29	
42	32	34	
40	44	39	
5	10	30	
12	24	28	
14	46	48	
39	27	24	
2	23	8	
43	35	4	
38	37	9	
21	32	10	
6	29	31	
11	23	24	
14	43	20	
14	2	40	
35	46	10	
15	10	29	
33	7	35	
46	29	25	
39	42	38	
13	42	8	
5	19	40	
48	42	49	
29	37	23	
27	25	44	
9	26	15	
47	10	24	
19	18	30	
44	30	1	
13	32	49	
18	10	8	
47	9	10	
32	12	25	
5	28	34	
23	48	44	
0	13	22	
78	81	95	
91	72	54	
62	50	70	
67	91	59	
72	90	74	
93	79	68	
83	58	54	
88	56	60	
74	67	59	
88	66	63	
58	83	62	
53	99	75	
98	61	66	
64	96	76	
96	62	83	
50	96	79	
81	79	88	
94	78	65	
54	70	96	
88	79	65	
60	53	90	
68	96	95	
77	61	97	
72	95	70	
96	95	63	
98	65	81	
80	70	57	
56	98	93	
75	51	85	
54	85	56	
88	85	84	
91	90	63	
56	53	65	
72	79	69	
56	92	74	
90	55	52	
87	64	57	
99	69	96	
79	54	69	
80	99	79	
52	54	51	
79	97	69	
67	77	50	
79	63	68	
72	98	59	
74	53	92	
89	65	97	
61	52	95	
59	88	63	
84	68	52	
127	144	132	
149	113	101	
132	128	116	
128	111	136	
144	125	131	
131	147	144	
116	113	120	
124	112	130	
107	130	129	
141	112	119	
134	103	121	
115	120	141	
148	129	133	
116	136	145	
129	115	135	
124	137	128	
102	143	113	
129	132	141	
125	138	143	
102	101	138	
143	133	142	
146	127	137	
146	132	113	
138	136	111	
136	124	144	
122	140	149	
100	145	101	
128	102	137	
107	142	100	
139	124	109	
145	100	131	
108	114	120	
122	135	137	
142	114	134	
131	124	133	
145	111	106	
100	149	123	
144	130	121	
138	127	140	
137	126	128	
103	129	122	
140	109	117	
116	138	129	
132	146	120	
131	133	101	
137	114	107	
114	124	139	
118	123	113	
133	113	145	
148	109	128	
165	175	185	
185	160	165	
183	193	169	
152	188	150	
166	157	178	
161	155	153	
198	186	174	
181	198	192	
182	172	193	
169	197	157	
153	178	192	
184	191	190	
187	173	150	
150	172	169	
181	196	177	
159	170	196	
198	174	176	
193	168	150	
150	197	178	
162	154	192	
181	187	164	
154	162	169	
194	172	169	
190	173	196	
155	161	178	
168	175	183	
177	180	154	
163	189	191	
172	193	152	
191	171	175	
187	188	195	
150	153	199	
150	174	199	
163	162	164	
167	163	152	
163	153	159	
161	153	155	
153	156	165	
168	169	159	
197	198	174	
186	177	187	
170	177	161	
188	173	184	
159	173	185	
179	198	165	
194	190	157	
160	177	175	
160	171	191	
183	182	190	
178	196	154	
215	244	213	
231	247	236	
211	226	238	
220	238	235	
232	237	227	
201	220	234	
229	204	232	
244	225	240	
232	242	238	
244	231	241	
232	212	234	
234	233	246	
249	215	247	
225	240	245	
247	245	219	
236	232	200	
243	206	236	
233	218	238	
210	228	222	
248	220	212	
229	202	225	
217	201	241	
206	209	218	
229	231	213	
212	231	213	
249	248	247	
217	213	228	
203	230	210	
201	235	222	
231	200	223	
244	234	205	
247	216	211	
215	221	204	
215	247	244	
224	214	223	
219	234	233	
228	243	206	
230	211	204	
234	208	204	
220	217	218	
213	237	210	
202	230	219	
249	242	208	
219	217	212	
213	223	227	
239	226	207	
213	219	202	
204	247	208	
239	234	222	
236	241	232	
252	262	299	
292	299	288	
271	268	275	
274	284	276	
258	287	255	
271	263	252	
250	285	293	
264	279	291	
255	259	251	
252	277	262	
262	255	282	
254	279	253	
265	290	293	
257	268	250	
275	285	251	
297	268	295	
270	278	266	
262	284	275	
280	294	260	
277	292	299	
283	264	297	
287	284	258	
291	266	259	
296	288	293	
256	252	263	
260	296	274	
285	284	282	
254	295	288	
256	270	299	
258	277	282	
279	265	274	
274	298	264	
292	263	287	
262	284	287	
299	290	266	
255	289	258	
273	286	261	
267	291	263	
286	256	277	
279	251	268	
274	294	255	
297	258	265	
289	256	292	
296	279	257	
268	296	299	
263	279	260	
284	294	258	
253	285	275	
284	297	273	
289	272	263	
340	337	305	
305	300	344	
322	305	336	
311	318	307	
349	328	348	
343	309	310	
316	320	341	
349	327	344	
348	349	345	
348	330	317	
334	303	344	
315	310	335	
301	312	316	
314	343	308	
322	328	329	
348	309	323	
304	331	345	
320	326	342	
334	330	312	
330	306	305	
336	321	346	
301	340	345	
325	317	344	
335	346	344	
335	313	324	
335	338	344	
325	328	326	
325	329	306	
349	344	347	
333	347	316	
331	325	306	
314	346	348	
339	337	320	
349	311	300	
330	329	333	
334	302	330	
334	346	343	
300	336	324	
301	322	325	
334	323	301	
334	320	311	
303	324	348	
340	345	321	
326	335	305	
341	317	322	
307	309	329	
325	300	344	
336	316	300	
335	310	312	
301	325	348	
352	389	374	
375	362	370	
399	370	383	
370	389	385	
354	379	380	
389	390	397	
362	391	367	
350	352	368	
354	351	359	
388	357	392	
392	378	354	
387	372	370	
365	398	395	
367	382	399	
374	384	382	
355	353	387	
390	388	386	
359	362	360	
398	392	379	
376	386	393	
381	380	352	
352	367	385	
366	360	365	
372	363	364	
350	386	355	
379	370	359	
386	365	379	
394	390	359	
382	370	366	
399	374	393	
374	390	361	
375	372	377	
396	366	364	
379	353	398	
396	378	389	
397	391	386	
359	370	399	
386	370	387	
397	378	362	
350	379	357	
367	357	375	
368	372	392	
364	376	362	
363	362	386	
372	362	399	
377	360	356	
370	357	375	
372	360	376	
381	364	356	
373	387	356	
405	419	415	
417	438	411	
418	414	436	
424	403	447	
423	409	447	
445	448	433	
434	449	441	
442	409	425	
400	420	402	
410	426	441	
411	432	412	
427	413	446	
445	411	405	
443	437	410	
419	432	448	
446	415	408	
440	406	417	
444	430	428	
440	430	422	
413	429	406	
416	401	421	
409	433	423	
425	429	433	
415	423	439	
448	418	401	
431	434	430	
435	407	440	
412	403	421	
401	403	446	
433	429	446	
440	417	401	
414	409	422	
428	431	439	
438	424	405	
428	446	415	
444	435	405	
424	409	436	
443	437	432	
401	410	438	
421	434	423	
428	404	412	
438	431	412	
436	405	427	
443	447	402	
401	419	433	
406	435	400	
434	437	432	
416	417	432	
411	405	417	
417	431	449	
470	467	494	
496	480	486	
455	474	486	
466	453	458	
457	478	477	
497	485	480	
451	472	470	
471	453	472	
452	487	482	
479	481	496	
477	481	471	
469	460	454	
454	482	481	
482	483	484	
492	464	476	
480	473	487	
499	489	458	
490	498	460	
477	451	478	
485	466	490	
467	471	494	
489	486	469	
469	470	450	
463	477	481	
457	481	465	
480	488	482	
498	454	499	
496	457	477	
451	478	471	
497	460	466	
464	474	453	
472	470	466	
454	456	465	
486	466	453	
475	454	481	
458	478	485	
467	489	455	
483	474	464	
468	477	475	
452	467	478	
481	454	490	
487	461	455	
467	488	453	
488	498	477	
485	470	463	
474	470	468	
488	479	465	
482	462	457	
450	496	485	
498	459	479	
39	27	47	26	
37	8	32	41	
31	10	1	35	
1	38	26	18	
40	12	43	27	
16	29	39	33	
30	23	7	40	
2	26	41	20	
38	40	49	28	
36	33	49	25	
24	33	27	16	
45	17	37	0	
11	13	24	45	
12	35	34	37	
19	47	26	43	
38	37	47	10	
32	1	18	29	
11	12	2	49	
7	9	3	30	
47	39	49	44	
37	36	24	5	
32	18	19	20	
34	19	27	42	
30	1	15	25	
32	25	4	18	
25	29	47	44	
11	8	49	26	
7	9	3	11	
3	49	37	39	
19	30	48	28	
4	28	36	13	
13	0	6	37	
47	17	24	35	
36	11	25	27	
6	14	49	28	
27	15	29	16	
37	49	7	33	
45	40	14	35	
5	24	23	27	
20	14	46	9	
28	29	49	3	
13	41	43	18	
45	25	13	44	
22	13	9	43	
9	37	12	48	
2	13	38	26	
0	8	17	41	
33	40	32	20	
2	31	46	44	
12	29	49	19	
70	52	71	95	
56	78	80	74	
56	57	70	87	
79	72	61	88	
77	83	92	69	
80	75	60	63	
90	74	94	83	
54	56	81	76	
52	68	70	88	
69	51	73	60	
57	90	98	89	
91	89	66	85	
81	57	93	52	
63	75	66	85	
77	94	72	65	
87	88	94	71	
68	82	58	83	
81	99	75	80	
82	95	96	72	
91	72	62	77	
73	85	94	56	
99	52	78	85	
88	66	87	52	
80	62	57	86	
56	54	66	97	
74	98	58	80	
75	95	93	73	
75	57	83	68	
93	83	96	66	
55	79	54	63	
89	55	70	92	
63	71	78	64	
90	70	76	78	
80	53	52	88	
76	96	70	73	
52	89	73	94	
80	60	50	52	
82	73	71	84	
93	69	51	87	
54	73	70	88	
74	55	77	85	
84	82	72	64	
98	55	77	95	
74	76	60	86	
64	92	66	93	
69	89	55	90	
79	59	72	69	
60	61	73	93	
66	73	94	87	
86	66	64	92	
132	138	115	140	
137	141	119	144	
122	121	132	143	
103	124	145	126	
112	100	120	129	
119	116	122	124	
141	144	112	117	
100	112	119	106	
100	102	140	127	
102	133	107	137	
135	140	143	122	
127	146	100	111	
133	103	100	136	
122	142	117	108	
103	130	139	102	
138	116	137	113	
143	126	108	106	
117	144	147	133	
143	141	123	136	
108	120	140	125	
118	126	100	106	
114	143	124	112	
140	106	124	116	
126	103	130	102	
118	132	108	145	
113	125	111	136	
140	149	134	119	
128	147	137	145	
102	135	131	134	
120	118	144	149	
149	110	140	146	
120	114	148	102	
115	143	148	129	
112	110	121	147	
114	137	129	111	
125	149	137	135	
102	144	124	118	
134	148	135	128	
138	149	119	113	
118	149	117	116	
117	119	105	131	
123	131	103	146	
116	119	148	107	
149	117	146	120	
140	108	148	136	
141	106	136	125	
143	112	113	138	
115	131	149	145	
108	106	148	146	
144	141	121	138	
188	156	194	170	
186	199	171	165	
186	163	167	177	
195	172	196	163	
188	190	151	195	
164	160	154	151	
178	194	189	191	
175	155	185	190	
176	175	164	183	
151	174	197	198	
172	167	165	154	
171	177	180	189	
159	193	153	198	
193	198	184	154	
184	151	199	190	
172	155	198	159	
178	152	192	159	
150	184	190	195	
153	190	181	170	
177	167	191	166	
160	190	197	167	
197	151	168	156	
173	167	166	182	
177	195	163	151	
173	192	154	163	
187	162	182	194	
191	175	164	176	
182	198	160	194	
178	175	194	193	
153	194	184	186	
181	168	157	153	
185	198	173	164	
166	192	182	178	
190	167	165	169	
167	151	176	157	
174	198	197	180	
181	199	166	192	
154	152	192	177	
189	197	183	150	
173	184	153	166	
198	199	164	171	
157	180	199	158	
186	180	190	188	
162	196	186	182	
156	196	151	161	
161	169	155	158	
180	179	159	162	
170	166	184	182	
184	178	151	198	
174	190	191	175	
225	230	205	222	
219	241	207	237	
244	238	206	242	
231	218	225	240	
248	231	249	233	
217	228	227	246	
211	230	219	234	
207	205	201	242	
222	215	229	233	
236	247	213	235	
240	223	227	206	
228	208	223	213	
202	223	201	237	
209	211	237	227	
246	233	207	228	
218	246	235	200	
221	202	230	223	
211	202	223	244	
217	235	243	221	
233	204	235	226	
243	228	219	238	
228	231	232	218	
248	212	235	210	
235	202	243	224	
222	219	209	244	
234	231	219	226	
249	241	233	246	
224	202	225	226	
202	246	244	218	
239	207	237	248	
232	221	227	224	
226	242	201	213	
211	203	236	205	
246	235	244	215	
209	239	230	242	
206	248	226	213	
201	238	211	219	
215	203	227	235	
205	235	216	201	
243	235	240	249	
243	226	242	202	
211	216	200	220	
243	205	238	245	
215	210	201	227	
247	207	206	212	
200	227	233	231	
239	226	244	201	
232	219	234	246	
227	211	201	248	
210	244	226	211	
260	297	282	294	
284	292	296	263	
286	265	277	263	
266	284	295	277	
290	270	287	285	
292	275	262	268	
253	285	267	296	
259	289	294	276	
290	291	276	271	
261	280	293	291	
268	276	282	287	
261	267	268	287	
257	256	259	253	
292	286	258	272	
270	275	280	264	
294	275	252	251	
263	281	253	271	
295	298	263	285	
258	293	271	257	
285	255	253	296	
256	297	286	270	
252	259	296	289	
293	296	290	298	
266	299	257	293	
250	273	299	269	
289	264	296	292	
257	299	290	275	
276	261	287	293	
282	278	286	252	
262	263	269	264	
275	297	265	298	
290	297	281	264	
251	266	265	292	
289	290	258	286	
257	254	256	285	
269	279	251	289	
272	296	256	295	
290	289	294	280	
299	267	292	291	
266	293	285	272	
281	267	257	297	
258	297	270	298	
262	278	251	256	
289	254	265	294	
278	294	268	260	
262	285	270	256	
272	287	285	288	
293	286	250	289	
294	297	250	260	
258	297	266	253	
329	332	318	320	
310	343	326	328	
349	300	319	323	
311	344	310	345	
334	330	324	307	
331	348	309	307	
342	307	332	311	
316	315	322	333	
300	346	326	305	
340	345	302	310	
306	311	336	323	
349	309	328	336	
324	335	331	323	
308	310	306	319	
308	334	317	337	
345	315	346	307	
309	305	336	346	
302	345	308	343	
304	336	334	337	
324	337	307	330	
317	347	330	345	
336	313	347	332	
341	303	305	325	
338	340	328	302	
342	322	307	334	
307	324	321	348	
320	334	300	314	
316	303	348	341	
335	339	345	346	
332	334	330	345	
338	310	315	305	
300	320	315	316	
320	344	348	306	
322	331	318	336	
336	341	342	327	
346	341	342	336	
324	316	308	346	
334	309	313	319	
326	321	305	319	
340	341	305	318	
331	337	335	312	
345	326	339	329	
320	325	306	344	
338	323	346	347	
305	329	344	303	
330	309	306	316	
346	324	302	315	
323	340	349	347	
308	347	302	311	
331	334	332	318	
387	392	364	356	
398	368	360	352	
352	378	397	364	
362	360	376	398	
368	360	365	378	
376	352	381	360	
373	365	377	360	
353	399	377	391	
381	384	353	392	
386	398	384	389	
368	375	364	397	
364	397	360	369	
360	359	380	381	
388	389	369	350	
367	391	394	390	
369	362	377	388	
355	362	398	378	
355	374	390	364	
399	396	388	363	
367	376	388	359	
354	353	397	398	
388	354	392	368	
388	367	386	387	
398	356	392	369	
397	376	384	371	
350	382	388	361	
389	392	378	362	
398	364	395	397	
386	369	389	370	
375	369	392	351	
354	391	367	376	
363	385	376	365	
397	391	374	392	
387	367	382	381	
370	387	394	386	
362	364	363	355	
394	364	393	395	
398	365	390	368	
388	392	383	397	
397	369	380	384	
363	365	395	373	
377	390	354	398	
388	392	381	364	
354	398	391	372	
392	364	357	350	
376	367	365	377	
351	359	378	368	
385	380	387	368	
362	356	357	387	
367	369	382	383	
428	406	405	440	
429	420	448	402	
412	424	434	428	
416	431	409	404	
442	421	423	404	
440	409	441	412	
434	426	427	420	
420	408	434	424	
446	418	404	400	
432	412	447	438	
426	437	448	446	
416	439	423	413	
436	423	437	440	
445	425	421	447	
428	436	412	448	
430	443	421	418	
414	436	412	409	
431	445	408	412	
424	419	432	425	
414	438	433	434	
403	406	432	418	
401	421	418	423	
437	402	440	427	
440	444	449	425	
423	421	412	444	
422	419	424	408	
434	441	420	417	
419	448	445	442	
413	431	411	422	
401	426	440	433	
449	430	410	416	
407	445	417	400	
434	422	433	405	
402	415	447	426	
418	437	431	440	
409	404	417	418	
426	417	435	441	
426	446	437	440	
423	401	436	416	
420	402	436	411	
422	401	442	416	
441	423	434	411	
423	404	443	422	
426	438	446	441	
447	439	416	401	
431	423	436	411	
446	430	414	406	
416	412	415	402	
400	444	408	449	
418	440	402	406	
468	492	472	461	
498	467	494	493	
458	450	467	466	
497	490	454	457	
484	476	466	452	
483	494	464	453	
499	460	473	482	
483	471	454	480	
453	466	492	470	
450	482	497	466	
492	450	494	497	
499	478	482	493	
450	477	495	455	
471	488	458	481	
493	472	460	455	
483	458	451	492	
487	491	472	450	
496	481	466	487	
450	461	454	456	
455	458	487	466	
496	453	469	465	
460	458	489	464	
458	496	478	488	
450	469	499	466	
496	478	491	458	
491	466	484	492	
477	450	453	462	
487	464	474	460	
470	460	469	495	
453	454	469	485	
490	494	464	463	
481	461	460	480	
497	499	486	496	
464	466	461	471	
451	469	481	489	
460	491	470	478	
477	489	488	459	
478	492	452	493	
471	465	470	452	
467	483	451	452	
467	475	498	465	
469	454	472	477	
454	472	491	490	
462	496	464	451	
453	478	497	476	
451	464	481	484	
468	466	460	494	
493	478	494	489	
490	454	494	464	
468	494	477	490	
22	14	37	2	1	
17	37	41	36	19	
19	0	37	3	47	
33	35	38	7	9	
22	30	9	21	18	
36	21	4	1	10	
4	35	14	18	40	
45	9	32	47	22	
48	23	17	12	1	
49	0	27	12	5	
18	41	8	40	22	
21	32	34	9	5	
32	27	18	22	13	
22	41	38	1	37	
14	46	20	39	4	
48	11	31	40	49	
13	32	1	48	7	
0	43	34	46	2	
1	26	49	45	30	
47	34	23	24	13	
49	5	34	45	42	
5	44	27	46	9	
19	30	16	38	17	
26	16	24	11	22	
20	29	2	15	22	
38	8	5	46	1	
4	28	9	12	44	
48	26	4	27	33	
44	41	35	32	48	
48	23	16	44	7	
23	46	21	37	44	
25	2	42	11	24	
38	21	0	15	19	
9	30	34	40	11	
5	46	17	21	25	
47	30	27	16	10	
25	0	14	7	47	
44	25	1	36	13	
8	11	47	20	13	
7	46	43	22	25	
48	6	13	16	34	
19	29	31	28	15	
5	24	41	19	22	
3	46	36	2	19	
26	36	41	27	23	
47	7	35	1	32	
9	14	5	21	29	
42	23	48	9	12	
4	5	2	18	11	
45	3	17	34	47	
94	82	73	64	57	
81	87	70	94	77	
77	80	94	95	86	
66	55	84	76	75	
71	95	77	56	74	
97	63	61	57	69	
67	79	77	96	73	
91	51	96	63	80	
54	59	76	68	57	
67	91	94	75	71	
65	82	85	54	59	
66	71	70	64	90	
70	64	71	79	67	
89	95	99	94	67	
85	94	98	54	77	
87	86	56	74	52	
81	78	53	92	66	
92	55	51	97	68	
57	99	91	55	74	
91	78	55	60	51	
90	86	85	77	61	
74	82	54	72	66	
58	86	59	82	93	
71	72	57	94	67	
65	91	84	55	93	
52	91	54	70	72	
58	79	92	56	95	
59	93	51	69	63	
86	71	54	83	82	
52	84	53	50	56	
77	72	88	54	71	
91	72	65	51	94	
85	55	72	82	88	
83	88	94	52	62	
79	62	83	58	81	
90	67	79	62	72	
73	69	89	87	63	
97	95	94	59	88	
93	79	83	51	94	
53	98	64	56	70	
86	57	92	65	90	
95	85	59	65	55	
50	62	73	87	53	
97	67	70	95	96	
86	94	60	89	77	
74	82	84	59	75	
57	82	99	74	98	
72	71	86	87	81	
58	61	95	55	70	
64	51	84	77	71	
111	121	114	137	130	
142	102	101	117	111	
128	100	139	115	113	
101	133	131	100	105	
119	145	149	105	128	
123	100	140	111	117	
134	137	105	130	126	
122	100	147	116	129	
101	124	136	132	125	
130	136	139	135	149	
140	105	119	113	116	
110	102	140	135	134	
131	141	124	108	147	
104	117	107	119	134	
110	124	141	109	138	
129	143	138	130	141	
121	143	139	140	144	
109	118	133	144	107	
126	102	116	131	103	
100	128	148	145	122	
123	122	106	126	124	
105	133	116	132	119	
139	132	107	103	114	
126	146	107	138	125	
118	112	110	135	131	
131	133	143	112	135	
135	122	142	146	133	
122	140	114	142	119	
106	119	141	111	146	
105	114	134	147	145	
137	146	128	106	120	
128	130	125	138	106	
122	121	142	100	120	
147	120	114	105	110	
140	114	107	110	113	
119	145	117	130	134	
135	103	117	142	110	
142	139	107	119	108	
103	120	105	132	122	
141	146	110	111	139	
128	121	130	104	126	
102	111	123	146	118	
123	119	115	109	124	
135	136	106	146	132	
120	128	117	105	121	
145	141	121	147	118	
144	108	122	114	127	
127	122	110	117	137	
114	132	118	116	134	
106	113	122	119	116	
191	167	194	181	195	
175	174	152	164	156	
159	150	157	192	181	
167	152	195	184	157	
188	163	151	165	166	
171	164	188	163	166	
177	151	183	168	193	
169	184	155	166	178	
193	176	155	191	185	
172	187	199	171	170	
153	169	172	161	181	
195	199	154	186	162	
198	193	161	154	183	
160	191	199	184	164	
150	194	158	186	152	
161	178	168	150	157	
169	162	198	170	161	
176	150	185	175	171	
152	168	193	197	173	
186	173	161	180	169	
160	178	174	186	163	
183	170	173	181	162	
174	169	180	160	166	
173	163	178	162	170	
190	187	169	168	172	
197	159	192	170	187	
171	168	153	180	199	
158	159	186	190	175	
150	158	179	193	157	
183	180	177	166	199	
167	159	189	177	172	
178	163	196	150	190	
168	160	197	184	179	
165	161	187	181	182	
161	189	181	193	157	
194	188	162	186	183	
156	163	187	195	167	
159	191	150	192	175	
152	176	156	188	179	
186	176	177	150	158	
159	162	168	187	198	
187	170	197	185	160	
171	193	156	197	195	
167	153	197	160	193	
154	188	176	150	192	
168	156	191	181	161	
154	152	164	189	175	
194	186	178	193	187	
165	199	181	191	185	
176	160	193	199	171	
222	216	239	231	225	
218	237	240	246	230	
216	226	204	228	221	
240	202	205	230	215	
230	249	204	240	224	
242	230	231	229	237	
239	244	230	217	201	
216	241	201	203	249	
244	231	237	229	208	
242	232	210	216	238	
226	214	208	237	220	
237	220	234	209	214	
227	217	207	206	244	
213	222	248	238	245	
208	205	200	239	223	
213	209	247	214	223	
201	216	235	246	223	
234	212	201	233	223	
223	233	201	235	219	
245	226	242	209	233	
228	233	244	213	200	
225	208	209	223	233	
203	248	216	213	219	
219	246	200	230	205	
242	228	221	225	200	
215	213	245	227	238	
228	249	222	206	209	
220	247	205	243	209	
222	221	238	213	223	
248	221	244	229	214	
219	210	223	232	239	
246	239	236	245	220	
241	222	235	218	207	
242	237	225	232	248	
248	222	205	202	208	
234	201	226	221	217	
224	209	230	223	225	
243	218	229	246	214	
229	235	202	218	200	
212	207	231	205	244	
224	239	203	215	228	
224	221	231	235	245	
246	228	211	204	241	
246	249	234	229	248	
205	225	214	239	203	
249	207	235	212	206	
206	229	226	215	205	
231	215	228	212	210	
246	202	237	207	224	
209	225	245	248	233	
287	286	253	296	257	
276	295	287	285	270	
288	266	269	267	273	
273	279	298	287	277	
258	284	251	271	289	
284	287	281	268	252	
273	267	250	290	274	
253	256	277	263	273	
286	294	272	269	284	
262	250	266	253	297	
284	290	257	291	262	
271	286	267	263	260	
255	287	294	253	298	
288	271	296	266	289	
261	291	287	250	277	
291	256	270	280	283	
277	297	250	281	262	
254	259	255	276	258	
265	252	297	254	264	
278	296	297	269	285	
263	299	257	295	259	
294	253	255	276	285	
284	250	297	271	281	
265	256	262	274	284	
255	275	274	269	252	
273	287	282	295	252	
252	279	267	250	292	
283	295	298	292	285	
274	293	297	272	276	
288	290	298	250	270	
275	271	251	294	261	
256	250	288	293	289	
258	280	278	262	257	
298	273	292	257	267	
274	289	260	272	251	
284	255	270	280	256	
251	266	298	296	255	
260	257	299	251	297	
259	252	262	250	251	
264	288	257	293	299	
271	283	285	250	272	
296	294	255	263	267	
271	265	284	270	293	
284	287	276	289	283	
268	254	266	285	257	
279	280	292	251	261	
299	256	259	275	268	
278	268	274	286	250	
280	254	275	288	296	
274	261	280	282	279	
310	325	311	308	317	
304	307	301	331	333	
322	302	346	301	329	
330	348	301	313	343	
317	349	310	329	313	
307	331	308	315	349	
301	349	337	332	316	
328	307	339	316	334	
312	300	323	308	345	
312	335	308	328	301	
303	345	314	304	346	
334	322	313	325	332	
314	344	340	313	328	
329	302	310	314	313	
329	312	334	317	323	
313	333	304	316	300	
347	328	302	315	304	
331	312	305	316	304	
309	331	327	337	303	
342	333	316	318	319	
311	346	344	306	340	
346	303	318	342	347	
321	313	320	347	306	
336	311	312	343	326	
344	304	325	314	329	
305	307	348	341	330	
306	347	323	337	307	
307	309	336	342	339	
310	339	333	330	314	
327	340	313	319	335	
340	319	323	327	347	
314	325	322	323	342	
333	347	309	338	311	
310	306	330	307	337	
308	340	305	304	300	
323	305	311	336	329	
319	304	314	303	308	
342	326	334	313	305	
347	305	339	303	318	
348	303	336	304	302	
314	301	322	307	329	
308	345	324	349	339	
301	333	310	300	309	
314	303	308	347	310	
346	336	301	322	337	
305	342	333	330	321	
317	321	308	309	315	
302	326	313	318	348	
301	325	310	329	339	
303	305	330	313	326	
351	355	359	372	358	
360	376	354	365	396	
374	377	361	392	396	
390	382	356	360	373	
379	351	359	369	354	
370	361	350	398	377	
355	353	357	351	397	
386	364	366	373	388	
394	377	382	376	388	
383	375	386	364	385	
351	399	372	373	394	
376	389	382	377	363	
352	361	395	379	372	
397	357	370	371	366	
360	383	370	397	368	
399	357	366	393	378	
365	395	355	353	381	
352	391	371	361	367	
392	369	394	367	376	
395	376	357	374	378	
378	356	398	371	365	
377	365	378	399	364	
357	395	363	376	382	
388	371	370	365	359	
376	351	356	373	378	
351	378	352	366	377	
379	352	374	367	398	
359	353	377	351	358	
385	350	399	354	367	
379	373	361	355	367	
375	396	357	350	395	
364	381	363	394	392	
379	386	350	396	389	
365	369	377	359	382	
369	395	358	391	386	
389	369	399	392	397	
388	394	399	350	355	
371	350	379	398	361	
391	373	371	366	350	
363	378	359	360	356	
366	368	373	365	385	
366	359	374	369	391	
397	368	353	376	354	
352	354	394	372	357	
372	385	386	355	373	
380	374	370	387	386	
388	351	361	358	350	
366	394	357	362	380	
394	377	379	387	383	
352	392	393	375	362	
412	416	440	439	449	
405	422	417	436	406	
411	431	442	403	429	
440	413	424	437	422	
414	413	406	410	411	
438	410	424	405	422	
439	441	421	417	401	
427	418	446	429	435	
411	412	400	423	403	
415	400	438	424	431	
400	423	440	434	419	
443	416	418	432	444	
448	412	406	441	414	
407	440	448	406	439	
435	423	408	419	429	
430	420	412	408	428	
419	434	439	440	448	
446	436	413	445	422	
412	436	422	448	414	
434	405	425	418	402	
429	434	435	414	428	
424	406	402	416	421	
429	417	412	402	401	
419	444	447	433	407	
431	447	432	427	438	
401	443	425	430	445	
438	423	401	434	418	
442	432	444	440	406	
429	404	440	439	449	
437	428	411	429	431	
423	443	407	438	403	
426	403	440	410	402	
446	405	412	413	428	
437	433	416	411	424	
437	443	448	425	423	
415	416	427	410	442	
448	409	416	443	437	
449	431	415	438	430	
430	436	413	444	432	
421	449	423	432	406	
417	413	429	423	412	
436	430	442	404	437	
401	434	437	431	404	
436	430	442	417	432	
405	428	407	417	401	
432	442	439	408	407	
435	439	415	443	436	
427	439	400	448	430	
415	435	403	426	437	
445	419	408	414	412	
468	461	462	458	464	
472	498	485	492	495	
462	483	466	454	472	
488	460	471	491	454	
460	467	472	483	486	
472	474	487	456	467	
461	451	485	473	456	
471	491	483	475	484	
465	457	476	474	497	
459	481	451	456	497	
462	475	496	487	480	
460	462	456	487	455	
458	465	484	492	473	
460	490	457	465	451	
489	495	478	492	463	
458	461	463	481	450	
471	495	488	482	455	
488	460	456	494	483	
457	450	499	495	478	
496	457	489	456	477	
454	461	473	469	492	
463	495	476	468	452	
488	479	457	454	470	
499	486	494	459	471	
475	458	486	474	463	
481	490	472	499	469	
483	470	491	494	461	
467	461	493	451	478	
453	461	486	455	471	
475	472	497	484	490	
478	493	498	480	459	
452	457	483	479	478	
472	473	499	454	469	
451	459	481	488	478	
457	492	473	470	475	
495	486	464	484	492	
479	461	489	465	487	
467	476	477	453	461	
473	466	492	450	451	
467	453	470	455	491	
491	466	458	488	477	
492	470	490	483	464	
487	473	470	454	489	
457	490	473	476	464	
498	483	492	476	465	
489	482	481	488	493	
475	454	482	490	472	
457	470	459	465	497	
474	477	480	467	457	
452	484	465	472	482	
