3	12	11	
33	48	8	
2	16	10	
27	2	10	
38	43	11	
24	17	27	
8	9	2	
24	29	47	
34	36	8	
39	10	42	
8	43	48	
8	49	38	
7	14	48	
46	1	40	
36	23	0	
24	32	22	
32	33	25	
39	41	12	
36	42	11	
44	29	49	
32	1	33	
16	43	39	
27	12	44	
0	31	11	
13	0	7	
49	5	12	
42	3	18	
40	4	28	
36	14	49	
0	33	5	
3	40	20	
30	19	31	
14	36	40	
20	28	19	
42	49	17	
31	4	1	
23	5	46	
40	44	10	
44	38	37	
23	15	32	
31	42	7	
25	36	6	
6	40	12	
1	46	17	
14	6	30	
43	32	18	
7	17	21	
1	34	16	
30	47	11	
3	22	24	
90	51	95	
90	86	93	
86	76	78	
57	99	72	
64	63	75	
80	57	61	
95	61	59	
77	73	65	
66	89	71	
75	67	79	
58	96	97	
80	71	88	
97	53	63	
50	80	81	
64	71	90	
57	59	66	
85	53	98	
81	89	56	
56	94	70	
87	69	79	
66	67	86	
72	87	92	
50	79	89	
78	98	64	
92	64	88	
71	62	56	
92	69	70	
86	83	56	
89	94	59	
88	52	67	
59	58	97	
97	54	92	
99	83	59	
63	65	93	
54	73	60	
65	94	90	
73	92	56	
99	79	54	
82	66	61	
64	97	71	
99	93	81	
74	59	62	
90	62	72	
89	84	52	
57	59	90	
98	89	69	
62	63	78	
64	70	84	
58	57	91	
96	53	63	
147	131	135	
127	116	113	
113	134	133	
106	112	143	
105	117	141	
147	138	134	
148	114	122	
133	146	130	
109	122	132	
101	106	100	
146	119	148	
134	103	127	
117	115	102	
149	105	112	
145	148	103	
127	114	142	
129	115	122	
110	108	125	
143	107	141	
127	137	128	
144	149	111	
132	149	139	
109	136	141	
132	116	133	
129	115	112	
137	145	107	
122	102	134	
144	119	116	
125	124	149	
144	124	126	
107	128	120	
105	126	116	
106	117	143	
139	141	144	
107	116	145	
114	137	121	
149	139	123	
119	123	103	
118	141	110	
117	143	115	
144	140	103	
118	117	124	
140	148	124	
134	136	103	
138	148	117	
123	127	131	
140	139	119	
138	120	103	
149	110	124	
105	116	144	
199	189	185	
162	155	193	
155	162	184	
198	185	184	
184	181	168	
173	193	161	
196	187	160	
152	157	186	
194	192	168	
175	168	177	
196	190	195	
170	191	184	
161	199	168	
172	153	154	
183	154	170	
188	198	168	
181	191	175	
185	166	196	
162	152	154	
160	190	157	
179	194	188	
166	159	165	
161	150	152	
155	177	179	
167	180	194	
168	176	185	
167	154	194	
184	186	189	
166	165	196	
180	193	172	
183	191	185	
162	179	159	
198	188	186	
168	182	187	
185	163	172	
182	177	166	
168	197	164	
153	179	172	
170	169	182	
198	162	160	
164	193	155	
151	178	182	
184	150	167	
173	191	154	
182	186	156	
158	179	155	
192	199	191	
157	155	170	
198	172	163	
170	189	179	
229	231	221	
202	223	231	
216	241	237	
210	226	238	
224	241	218	
233	238	217	
216	226	222	
227	215	203	
245	244	205	
201	225	208	
214	202	200	
216	222	233	
212	238	233	
247	204	218	
247	229	217	
238	227	225	
239	240	247	
208	227	233	
219	238	239	
236	243	230	
205	202	209	
219	249	229	
204	246	237	
230	232	222	
221	236	244	
231	206	200	
217	215	247	
201	236	247	
220	232	207	
226	213	243	
210	249	238	
204	207	209	
218	232	246	
212	233	203	
215	241	212	
206	245	247	
241	249	243	
205	212	202	
212	244	201	
207	213	228	
232	243	217	
245	249	228	
216	231	230	
215	249	234	
213	227	244	
232	201	239	
209	224	219	
209	222	201	
237	221	212	
233	211	243	
250	264	289	
280	283	265	
283	294	275	
257	277	290	
260	257	296	
262	275	287	
293	277	270	
272	278	299	
282	266	280	
267	258	271	
279	257	260	
267	292	293	
263	275	293	
293	255	283	
269	295	257	
254	273	263	
270	285	261	
286	253	255	
291	297	278	
265	281	267	
286	296	257	
286	275	288	
280	269	279	
299	284	291	
257	254	265	
297	276	268	
270	292	262	
286	283	299	
288	252	285	
295	280	259	
289	284	271	
298	261	281	
270	295	287	
263	268	250	
280	255	270	
283	293	278	
271	299	296	
255	252	291	
294	282	261	
266	277	276	
294	251	292	
277	255	263	
297	263	272	
259	295	276	
276	294	279	
270	255	271	
292	295	290	
283	292	270	
253	292	274	
294	268	260	
340	327	343	
314	342	309	
317	343	337	
325	341	340	
338	314	316	
338	347	321	
328	347	333	
349	331	311	
349	304	329	
333	318	329	
335	319	301	
338	333	326	
306	305	311	
349	332	334	
343	304	329	
339	344	302	
314	326	333	
318	335	327	
332	330	324	
305	334	345	
301	320	319	
316	303	331	
305	313	328	
301	338	303	
301	347	311	
336	337	343	
335	315	336	
318	310	347	
336	320	326	
305	327	346	
330	345	340	
302	329	310	
323	322	333	
302	324	346	
311	305	310	
300	335	317	
318	349	346	
300	332	308	
343	326	348	
342	318	349	
314	306	336	
324	330	348	
346	301	305	
347	314	321	
337	320	317	
310	330	328	
330	317	306	
316	303	315	
340	320	313	
320	302	312	
355	372	358	
375	393	360	
387	375	373	
383	391	350	
368	395	384	
386	379	393	
357	374	352	
354	370	394	
379	386	375	
378	360	352	
366	359	396	
365	391	372	
394	384	383	
361	383	354	
364	365	351	
359	356	393	
389	356	371	
354	359	391	
383	354	393	
356	370	363	
362	378	363	
358	380	377	
398	362	350	
362	358	380	
353	380	364	
362	398	383	
362	353	384	
367	375	352	
375	366	376	
373	382	369	
394	354	361	
387	398	399	
396	353	391	
360	367	369	
389	377	391	
376	386	354	
363	394	378	
384	397	388	
379	377	375	
398	351	399	
380	395	361	
387	364	389	
380	395	393	
355	357	356	
398	350	376	
352	375	350	
369	383	367	
351	393	378	
364	358	365	
399	370	395	
431	447	427	
416	438	433	
409	449	402	
417	431	444	
434	428	409	
442	424	405	
428	417	415	
431	418	437	
421	401	431	
419	449	431	
445	415	429	
400	426	425	
400	412	441	
417	403	412	
404	438	435	
426	400	404	
403	448	436	
431	422	412	
413	412	445	
429	418	442	
418	407	405	
429	449	435	
434	416	423	
435	418	430	
449	431	407	
425	418	420	
435	416	445	
446	447	433	
447	439	406	
412	411	421	
427	409	422	
444	409	438	
449	438	411	
431	404	418	
431	416	413	
449	401	442	
413	415	424	
414	417	439	
424	433	407	
442	415	421	
443	403	410	
444	445	430	
438	402	406	
433	417	418	
413	412	447	
435	443	437	
448	405	442	
449	409	446	
431	443	449	
401	431	410	
467	481	461	
488	486	487	
497	454	498	
489	469	463	
478	463	451	
450	490	460	
462	495	455	
460	484	463	
469	458	476	
451	450	453	
458	473	454	
459	464	458	
474	487	460	
484	474	487	
460	469	496	
491	472	476	
490	466	498	
466	471	469	
498	488	492	
495	475	464	
497	486	494	
479	499	487	
463	488	473	
489	493	484	
479	459	478	
457	478	492	
485	462	465	
497	476	473	
480	465	489	
452	489	458	
464	485	493	
491	467	456	
453	464	473	
472	463	455	
452	480	472	
478	480	455	
453	496	497	
472	464	459	
498	492	495	
455	467	481	
461	494	483	
460	451	497	
463	461	462	
451	463	464	
475	465	464	
484	486	457	
481	478	494	
458	484	459	
480	476	473	
455	466	454	
21	7	28	11	
32	30	29	1	
48	30	45	19	
0	18	7	44	
43	30	26	46	
26	23	29	1	
18	17	9	10	
45	47	12	39	
19	7	36	10	
34	8	47	10	
11	47	7	29	
19	29	30	48	
18	21	47	23	
43	20	10	11	
19	32	22	6	
37	28	23	20	
34	26	30	29	
13	16	29	36	
33	39	38	8	
44	38	35	12	
8	4	5	7	
18	39	37	41	
11	8	2	37	
47	40	16	37	
40	11	4	29	
20	37	42	19	
48	33	47	23	
22	17	40	33	
35	6	37	14	
0	43	30	6	
4	15	9	3	
30	43	7	37	
4	20	29	18	
44	18	40	27	
46	14	11	36	
20	42	40	39	
47	5	19	0	
38	15	8	44	
41	29	8	17	
43	3	8	38	
3	21	45	0	
26	29	2	42	
6	26	31	9	
39	37	18	33	
41	37	47	24	
33	14	41	26	
14	13	25	0	
43	42	21	47	
17	11	29	4	
11	22	41	43	
96	61	95	85	
64	71	78	55	
62	68	96	50	
87	56	55	91	
92	55	72	82	
64	50	88	72	
95	80	67	70	
96	71	94	98	
74	88	51	52	
91	50	68	60	
55	93	91	77	
97	84	87	89	
82	61	65	69	
90	88	53	66	
87	99	94	60	
54	85	89	62	
78	51	77	60	
56	52	80	59	
56	97	85	96	
88	97	78	74	
83	98	75	93	
88	81	83	91	
67	50	66	70	
99	50	60	75	
56	85	81	55	
59	65	76	95	
61	91	77	83	
85	55	81	67	
68	56	66	64	
88	96	66	64	
70	57	73	69	
92	74	59	98	
91	75	76	67	
75	80	62	72	
64	53	86	94	
93	84	74	63	
87	50	69	99	
99	98	63	85	
66	72	61	87	
98	80	65	97	
62	84	85	91	
54	87	53	68	
88	59	60	52	
89	91	86	96	
68	59	61	65	
82	52	86	98	
51	64	59	89	
75	80	94	83	
71	70	58	84	
56	85	57	68	
123	134	148	126	
113	124	139	144	
101	146	136	141	
118	140	142	128	
107	136	132	114	
100	146	110	115	
108	139	141	113	
123	121	110	105	
109	112	133	132	
130	117	119	141	
114	123	117	118	
141	144	130	148	
115	121	141	105	
106	104	120	125	
119	123	128	101	
107	126	141	138	
108	139	143	105	
134	111	136	146	
138	107	148	127	
114	125	100	124	
100	131	123	129	
110	117	121	133	
120	108	140	112	
132	119	113	106	
123	104	124	100	
121	108	144	105	
145	109	127	105	
102	147	122	139	
127	140	139	126	
134	148	127	142	
128	148	108	137	
116	117	149	134	
136	129	127	100	
101	136	115	141	
124	135	132	104	
140	115	112	141	
128	109	133	147	
141	147	121	130	
105	100	112	139	
130	131	142	101	
101	111	140	106	
106	139	126	120	
103	105	145	143	
125	101	115	109	
149	143	132	106	
130	144	115	120	
117	112	100	107	
131	124	133	120	
140	145	103	110	
114	146	134	108	
153	176	175	163	
184	193	150	196	
158	164	163	197	
180	189	152	161	
196	190	166	183	
192	168	162	198	
159	195	198	160	
160	195	175	181	
196	195	184	198	
154	188	195	155	
157	158	198	183	
173	150	166	172	
151	177	190	181	
195	169	192	172	
171	198	158	199	
186	166	174	194	
176	186	166	158	
186	169	157	177	
156	178	181	199	
191	180	160	184	
171	197	193	198	
157	171	193	163	
151	153	182	186	
182	172	170	199	
190	169	155	156	
182	150	152	179	
180	158	166	179	
183	173	161	150	
171	181	150	170	
168	183	154	169	
168	187	185	190	
184	175	194	180	
165	196	194	170	
175	167	189	161	
154	163	159	150	
169	160	196	198	
158	167	184	156	
195	188	180	164	
160	174	179	182	
178	181	157	154	
188	160	198	158	
167	165	180	197	
162	196	159	168	
151	156	187	181	
173	164	198	155	
190	164	168	195	
179	160	177	159	
168	198	161	171	
169	196	197	168	
157	189	177	192	
212	211	247	223	
238	204	242	215	
246	236	249	202	
203	233	208	221	
241	210	243	205	
203	201	232	209	
241	217	235	234	
205	212	225	200	
212	205	230	235	
244	208	249	237	
203	206	216	233	
225	201	222	239	
200	243	236	235	
242	226	228	222	
223	244	205	237	
207	209	219	234	
207	239	246	201	
231	206	211	227	
248	243	217	212	
205	248	200	238	
212	201	233	230	
210	222	215	218	
202	228	209	206	
248	200	203	234	
215	246	232	227	
212	226	235	242	
222	206	234	235	
240	239	248	223	
208	215	220	237	
243	237	201	203	
203	208	207	243	
208	240	232	233	
246	202	227	214	
239	226	235	244	
236	230	237	207	
230	243	234	223	
219	232	235	210	
224	215	227	205	
234	217	237	225	
234	217	225	237	
204	245	235	233	
217	247	248	218	
219	225	235	244	
227	240	223	207	
218	232	234	212	
210	226	216	206	
202	208	207	206	
202	221	213	241	
235	231	214	201	
228	231	219	246	
299	255	280	261	
295	256	270	267	
274	289	296	287	
275	298	291	267	
251	263	261	272	
277	268	297	261	
267	259	258	295	
294	291	272	263	
253	257	295	258	
296	293	294	267	
290	292	264	266	
269	293	268	284	
270	275	283	295	
298	252	262	290	
267	286	257	264	
269	278	298	289	
292	251	252	270	
251	264	268	253	
271	295	280	288	
259	291	275	284	
283	254	285	270	
268	297	282	284	
278	254	296	265	
283	256	294	258	
293	295	259	284	
271	263	257	299	
279	283	281	273	
290	295	289	274	
268	250	272	295	
268	290	267	260	
287	251	278	271	
289	255	295	269	
293	273	253	289	
271	280	258	290	
294	271	297	284	
265	286	279	277	
298	251	262	260	
264	256	275	284	
264	279	294	289	
285	275	289	266	
270	277	267	251	
278	296	260	252	
285	262	290	267	
270	287	273	274	
282	252	253	286	
253	279	283	261	
261	285	281	284	
295	289	290	258	
276	297	271	264	
262	289	293	296	
320	339	338	348	
313	322	346	321	
340	312	329	331	
315	302	339	304	
342	338	308	347	
341	344	303	319	
329	317	333	309	
342	341	332	328	
322	344	307	342	
347	306	324	316	
334	311	313	349	
306	347	325	323	
313	342	321	311	
322	310	320	348	
322	315	340	347	
329	324	341	319	
349	323	341	325	
331	316	317	313	
307	311	325	345	
309	301	325	337	
324	348	314	325	
318	311	349	316	
341	302	321	327	
334	325	309	336	
334	338	318	310	
340	347	306	326	
342	315	346	326	
344	324	306	339	
314	323	327	307	
306	335	349	331	
319	328	333	346	
315	333	341	331	
345	336	300	301	
345	328	329	306	
321	340	334	318	
336	329	316	325	
302	320	309	333	
318	314	312	322	
342	329	344	327	
342	308	325	322	
339	336	328	330	
318	344	331	349	
347	331	336	321	
326	316	306	348	
318	348	311	349	
343	324	310	344	
317	329	303	304	
305	326	306	320	
327	340	309	312	
326	332	322	339	
385	399	394	369	
377	353	398	352	
399	389	361	372	
394	381	388	356	
362	397	383	394	
399	377	356	358	
375	371	358	392	
397	385	391	378	
381	395	367	362	
356	386	390	398	
359	375	381	362	
376	352	383	354	
354	357	360	386	
395	371	360	374	
356	353	372	381	
382	384	361	353	
383	380	373	353	
350	385	370	388	
377	350	369	352	
381	365	392	377	
359	391	396	350	
364	363	398	372	
366	399	389	369	
399	392	391	378	
390	356	393	350	
377	386	392	389	
389	375	395	374	
372	363	397	351	
384	379	366	364	
373	379	365	361	
360	353	387	351	
397	366	399	396	
386	364	354	378	
361	382	394	390	
355	391	374	381	
373	374	357	358	
399	372	377	380	
380	356	364	394	
365	353	383	368	
379	350	383	393	
360	387	352	359	
363	373	369	375	
365	382	384	394	
393	361	373	380	
388	354	379	397	
365	388	381	353	
352	369	362	397	
394	385	360	389	
378	388	384	353	
356	384	397	359	
418	401	410	435	
414	400	441	416	
425	442	405	430	
409	439	405	402	
437	441	422	436	
400	406	429	426	
437	402	400	404	
424	444	421	425	
426	418	408	400	
406	412	445	408	
439	426	440	419	
417	437	445	406	
413	428	409	423	
445	413	432	441	
400	422	414	435	
418	433	447	448	
418	416	434	417	
414	412	437	430	
406	405	413	447	
448	434	419	426	
417	405	429	403	
437	420	401	434	
430	401	446	425	
406	432	424	433	
400	409	446	415	
431	414	409	406	
403	417	402	406	
423	430	428	435	
418	406	443	404	
421	423	426	422	
417	448	402	432	
421	444	423	408	
445	420	449	404	
440	409	432	423	
403	402	418	409	
409	434	436	426	
405	442	421	426	
412	404	447	430	
447	433	408	412	
407	406	400	444	
446	421	424	413	
413	444	445	406	
422	428	411	423	
420	433	446	403	
430	445	411	420	
412	426	407	423	
409	428	443	432	
425	410	414	418	
434	413	423	448	
420	405	408	404	
494	459	461	453	
481	480	494	452	
470	452	496	492	
467	452	471	487	
460	471	463	458	
452	465	483	467	
487	490	470	489	
484	455	470	489	
486	482	484	460	
467	479	466	468	
466	480	450	469	
463	496	495	473	
465	477	493	453	
469	487	476	453	
498	483	486	492	
486	465	470	462	
497	470	464	477	
475	462	465	460	
486	476	463	459	
494	479	477	499	
464	490	456	497	
462	485	450	456	
458	451	457	494	
463	460	461	496	
490	451	466	485	
454	482	474	495	
475	458	492	465	
491	459	472	496	
464	477	496	472	
458	494	474	464	
469	490	486	450	
465	498	494	453	
473	460	462	487	
452	495	476	453	
470	488	496	462	
472	481	470	452	
493	473	486	492	
478	453	467	457	
476	483	468	484	
475	479	482	462	
492	471	493	476	
452	457	498	466	
463	479	468	467	
498	453	471	496	
451	473	464	478	
476	493	465	455	
471	473	479	465	
479	481	460	471	
477	495	458	450	
460	461	494	475	
11	13	8	45	18	
18	41	43	35	14	
45	42	9	17	14	
10	47	48	40	19	
9	18	48	24	25	
18	46	6	38	35	
41	4	5	32	47	
40	32	35	41	25	
32	9	41	0	37	
40	22	15	36	6	
19	43	44	28	41	
33	6	30	43	15	
24	34	8	47	18	
6	39	1	28	19	
0	18	28	9	39	
45	11	49	8	25	
26	24	18	25	42	
8	40	18	31	29	
21	25	16	10	13	
26	45	2	0	46	
44	38	43	3	11	
16	11	49	2	32	
33	22	30	38	15	
48	29	0	44	10	
41	37	33	2	12	
27	44	31	28	5	
43	4	0	15	8	
6	44	49	12	1	
46	35	24	7	47	
10	0	41	49	39	
47	12	24	38	17	
29	42	22	27	34	
39	19	28	15	45	
48	32	27	36	3	
23	33	13	11	39	
33	11	38	48	1	
6	30	11	29	0	
21	18	37	7	17	
36	33	6	28	4	
44	22	36	28	15	
1	15	22	9	45	
38	24	21	32	18	
12	30	0	22	3	
22	20	2	12	0	
48	21	9	4	45	
34	2	4	28	11	
8	21	47	44	39	
38	27	30	11	6	
14	46	29	41	10	
25	3	26	33	20	
95	59	56	68	93	
70	96	68	86	98	
58	54	89	78	67	
55	64	67	72	88	
74	86	91	53	55	
86	72	82	98	52	
91	62	61	86	69	
86	94	97	64	90	
90	60	96	80	59	
65	52	91	79	77	
96	60	74	56	75	
57	91	61	88	90	
93	78	68	63	82	
80	60	62	68	87	
65	97	73	78	85	
78	80	79	54	94	
84	79	65	75	64	
53	62	90	76	98	
59	56	72	53	55	
76	62	51	53	93	
97	90	68	84	53	
85	90	79	71	77	
59	85	88	97	72	
83	58	93	62	94	
76	96	93	98	82	
62	59	91	93	71	
65	61	95	79	64	
57	65	72	53	62	
79	88	80	61	98	
85	78	57	79	91	
81	71	60	63	66	
90	50	53	79	60	
59	50	86	54	65	
60	99	58	65	98	
76	97	88	70	63	
71	72	62	58	75	
92	54	93	71	69	
93	76	88	57	91	
82	77	84	74	76	
82	53	55	88	69	
97	51	98	75	65	
86	97	81	91	53	
75	57	72	65	91	
65	79	86	62	91	
94	95	53	88	92	
60	62	68	80	56	
73	64	85	63	81	
78	62	83	69	87	
71	80	56	61	50	
98	99	56	55	95	
127	102	147	122	100	
132	106	134	115	124	
141	119	108	146	109	
128	108	136	133	111	
140	116	113	139	111	
146	143	127	115	119	
112	145	129	124	101	
140	123	124	114	100	
101	136	134	137	102	
136	102	107	113	140	
140	104	139	107	145	
111	121	132	146	117	
133	122	121	113	129	
136	123	115	135	114	
107	104	116	135	129	
148	137	102	123	100	
107	112	117	142	121	
131	121	125	140	139	
136	132	119	146	140	
104	130	132	142	143	
138	120	113	130	148	
113	121	107	122	108	
139	124	114	127	103	
137	143	144	132	138	
147	146	114	121	113	
108	119	126	142	120	
132	126	110	142	136	
144	105	141	135	142	
101	124	115	111	103	
142	120	113	105	148	
143	100	146	121	116	
123	143	132	149	120	
120	127	113	111	126	
101	149	108	133	114	
105	125	104	108	140	
110	147	139	100	102	
101	118	137	146	113	
110	140	108	107	114	
123	128	134	116	145	
120	128	129	116	140	
115	117	111	136	131	
117	112	125	103	126	
125	121	107	126	134	
101	126	112	111	149	
100	142	133	122	110	
100	125	108	147	143	
120	145	138	102	139	
101	138	147	122	142	
116	107	114	109	101	
110	146	100	101	119	
191	182	160	172	190	
182	163	192	175	161	
157	185	180	163	194	
163	198	195	165	153	
155	176	185	181	184	
196	188	170	160	190	
180	177	183	154	196	
178	162	155	163	181	
185	179	178	152	156	
185	164	165	154	189	
163	183	160	150	194	
176	198	174	156	160	
190	178	199	161	184	
177	184	175	150	168	
181	186	188	199	164	
198	150	168	171	175	
197	186	151	182	185	
194	163	153	155	179	
199	154	157	191	163	
179	192	180	183	150	
168	193	163	195	194	
171	166	176	177	158	
184	151	180	167	193	
166	197	186	198	192	
156	152	163	190	161	
176	155	188	189	180	
167	176	164	171	150	
197	166	153	199	195	
181	176	188	164	152	
171	152	173	183	166	
161	185	188	191	153	
158	153	174	193	169	
162	161	154	198	159	
173	159	168	185	158	
185	180	197	198	158	
155	174	185	188	187	
155	199	175	158	169	
189	154	151	190	168	
194	156	182	181	178	
186	156	176	167	163	
167	184	180	179	175	
186	160	172	167	151	
175	193	199	182	189	
151	158	185	178	180	
154	161	175	165	194	
171	162	176	155	182	
179	180	174	178	157	
185	165	152	155	168	
193	168	178	198	165	
186	198	160	158	182	
230	236	238	204	216	
246	208	215	220	204	
214	202	209	203	224	
232	228	230	201	235	
237	213	202	201	232	
225	219	224	205	234	
201	244	231	239	216	
202	235	213	216	218	
207	220	242	222	226	
206	247	234	226	243	
213	212	219	248	215	
235	224	236	233	232	
225	208	248	239	241	
245	233	234	202	209	
234	223	238	239	200	
204	231	220	241	248	
215	237	204	207	236	
223	224	218	202	236	
240	205	211	241	218	
234	249	208	235	200	
227	242	248	210	209	
224	212	208	234	232	
230	234	206	242	249	
235	236	239	247	214	
221	218	244	201	235	
212	207	203	248	239	
209	221	201	222	223	
212	202	226	231	228	
218	208	227	248	233	
210	222	233	202	236	
226	234	225	223	206	
202	245	205	220	224	
238	223	205	243	224	
240	233	215	228	211	
219	217	202	200	214	
203	245	240	231	200	
206	242	225	213	232	
213	233	217	228	218	
239	204	244	220	246	
202	243	222	221	220	
239	247	200	229	224	
209	215	233	219	207	
213	221	249	208	247	
240	248	202	214	205	
216	212	229	224	213	
242	214	227	236	245	
214	236	223	235	211	
224	231	237	203	202	
242	245	237	246	218	
214	226	215	222	243	
263	278	257	274	286	
295	270	293	269	298	
250	288	295	275	269	
291	268	284	256	298	
292	263	252	262	256	
272	282	299	293	280	
254	282	258	296	285	
298	282	274	281	266	
287	292	297	290	265	
268	281	267	266	257	
266	261	276	282	260	
298	297	296	284	295	
296	267	294	251	268	
262	296	271	255	286	
259	268	290	269	255	
280	284	285	299	293	
264	296	267	282	289	
251	262	291	253	294	
280	279	282	253	250	
285	298	273	265	256	
278	274	251	250	267	
290	267	260	272	291	
285	297	278	275	291	
254	281	295	268	259	
256	260	258	251	276	
280	296	271	285	259	
271	256	278	291	277	
273	254	257	256	279	
269	297	255	283	286	
285	270	271	272	297	
265	251	293	291	277	
283	279	250	269	251	
272	276	280	259	283	
259	255	253	265	287	
272	263	259	282	280	
299	262	253	264	258	
284	281	285	296	259	
275	272	260	295	299	
253	256	270	278	291	
263	261	264	292	272	
251	273	280	257	293	
277	299	253	272	287	
299	284	285	255	293	
255	270	294	266	254	
276	253	261	280	299	
263	261	254	293	297	
289	274	258	272	278	
261	254	253	250	276	
265	276	281	263	266	
255	267	261	279	276	
337	331	345	329	306	
333	332	346	319	328	
320	306	341	345	347	
302	312	317	310	335	
332	301	300	320	338	
323	310	317	349	306	
315	316	342	344	312	
301	341	333	344	322	
324	338	306	340	302	
344	337	333	309	320	
309	336	304	315	346	
323	342	319	321	329	
310	336	346	307	311	
346	338	339	335	337	
306	301	340	331	322	
325	301	344	309	304	
345	324	318	340	337	
310	335	334	326	307	
326	333	311	315	339	
341	327	336	342	321	
343	341	335	325	320	
346	314	313	334	348	
325	322	316	301	332	
344	308	313	303	334	
336	314	315	301	340	
331	320	343	308	303	
337	335	307	312	319	
327	317	305	304	325	
328	346	331	335	314	
301	306	313	337	303	
311	322	316	336	331	
336	334	313	320	349	
305	314	301	313	342	
300	343	323	330	335	
322	348	333	337	320	
338	312	341	344	306	
303	302	309	319	327	
315	302	321	331	318	
313	345	343	347	324	
347	310	315	344	309	
344	349	316	336	333	
317	331	344	322	323	
340	310	300	325	324	
344	331	325	336	334	
341	348	314	349	304	
328	301	336	315	348	
344	349	329	303	346	
319	337	327	343	341	
340	323	325	303	349	
342	334	302	328	340	
375	350	357	356	355	
359	354	384	351	365	
351	365	363	381	359	
398	394	371	361	363	
365	373	354	378	351	
392	382	374	383	351	
352	397	387	355	354	
379	374	394	375	395	
366	368	363	355	384	
398	377	375	372	387	
381	366	379	355	396	
374	393	387	380	382	
363	350	375	388	374	
395	394	399	357	381	
369	387	359	361	384	
379	374	363	360	366	
380	364	350	358	385	
376	396	391	362	375	
374	382	355	379	389	
359	390	357	354	377	
363	364	356	399	368	
364	381	392	367	374	
359	354	379	371	370	
396	383	369	394	395	
354	385	353	397	377	
393	373	353	389	376	
362	356	381	369	376	
378	363	387	397	396	
364	374	356	357	392	
362	395	358	388	398	
394	375	390	385	382	
371	357	374	353	382	
368	386	369	396	364	
377	394	398	352	381	
356	365	360	396	381	
390	396	380	361	384	
350	380	373	392	365	
395	365	380	356	394	
376	364	363	390	393	
361	356	384	354	358	
377	365	370	397	375	
379	352	376	360	391	
382	368	359	361	370	
381	352	372	360	361	
359	365	368	387	350	
356	360	369	372	351	
393	375	384	372	351	
365	394	364	391	353	
379	392	374	359	352	
376	364	384	354	388	
419	422	416	439	427	
431	426	446	403	447	
440	433	447	427	449	
402	425	436	400	428	
432	433	420	407	422	
438	426	420	449	430	
427	444	413	419	402	
421	443	409	423	427	
431	419	432	400	446	
413	431	401	417	435	
426	408	415	419	420	
406	402	401	434	436	
416	418	413	434	446	
448	429	432	437	410	
444	445	400	447	413	
426	405	448	434	438	
401	436	430	427	439	
418	432	403	436	427	
414	436	400	426	404	
428	438	432	405	430	
444	411	406	426	437	
430	419	437	435	423	
401	447	426	432	430	
416	421	405	449	432	
412	448	441	418	410	
403	440	420	428	442	
434	427	418	422	438	
426	448	421	406	430	
427	431	438	409	406	
413	439	431	434	440	
419	428	400	444	438	
414	403	413	406	434	
440	406	418	438	441	
406	432	417	402	414	
439	411	442	420	448	
413	422	415	427	411	
405	401	436	404	411	
417	438	446	426	419	
408	443	420	441	415	
444	439	429	438	419	
439	426	434	404	416	
438	425	408	407	434	
404	421	413	437	420	
424	432	433	423	419	
422	404	409	449	443	
436	428	439	411	417	
447	430	404	434	437	
436	423	430	427	405	
416	438	408	403	428	
406	411	437	444	412	
494	470	493	499	492	
467	499	482	473	472	
455	460	486	487	493	
477	481	476	458	455	
468	497	492	481	494	
456	468	464	469	477	
496	477	484	486	499	
476	474	494	464	475	
461	482	483	484	451	
477	487	468	460	483	
495	464	482	470	472	
491	486	475	474	463	
450	469	477	475	482	
495	450	490	465	480	
465	477	470	494	496	
479	470	480	473	487	
465	455	451	453	498	
463	460	474	485	468	
451	452	459	491	484	
455	480	496	458	467	
472	455	496	474	499	
466	470	469	457	488	
459	475	463	489	467	
488	496	467	452	459	
472	489	494	478	465	
480	457	469	477	460	
453	470	486	485	467	
469	471	487	458	461	
488	473	467	460	499	
482	479	490	455	462	
497	495	479	492	452	
450	498	481	489	464	
461	493	482	464	469	
477	465	491	464	479	
475	466	479	468	451	
483	485	476	498	477	
481	467	460	475	479	
475	470	462	457	466	
467	468	466	455	460	
478	460	463	452	490	
493	463	484	462	475	
479	478	462	458	483	
459	450	492	468	476	
479	460	483	469	465	
492	460	474	472	469	
473	458	469	464	468	
462	477	493	470	499	
476	456	468	489	492	
487	470	493	456	469	
458	460	476	478	459	
247	405	411	490	298	163	
393	381	64	19	10	354	
127	12	52	267	380	126	
212	89	463	364	260	483	
344	415	439	75	151	395	
21	242	250	179	117	248	
459	184	312	11	73	23	
425	423	255	350	70	100	
12	459	396	386	221	253	
476	461	369	330	354	250	
260	339	189	423	482	135	
353	247	185	365	182	170	
236	377	395	261	51	68	
33	187	67	334	53	24	
439	273	307	35	284	225	
28	218	76	208	307	487	
269	341	464	212	206	256	
248	197	191	139	178	153	
325	34	491	480	226	431	
271	150	400	262	374	476	
236	55	488	282	22	343	
138	384	15	106	7	99	
197	48	487	494	269	247	
27	167	379	223	275	320	
336	468	326	381	289	56	
203	115	25	372	173	178	
485	271	462	220	114	348	
377	411	380	115	201	127	
117	345	156	229	472	348	
402	41	328	367	335	366	
322	370	194	96	158	211	
130	77	290	87	101	65	
246	416	432	97	361	260	
163	108	178	278	119	308	
13	44	214	317	35	235	
400	449	294	76	307	355	
326	436	328	344	465	64	
286	299	45	423	59	17	
86	371	241	474	238	307	
240	200	423	247	81	150	
434	17	219	315	304	395	
222	280	213	123	492	235	
62	8	346	303	278	80	
361	349	27	15	444	269	
334	121	133	263	42	116	
475	452	176	160	235	498	
137	304	196	242	23	333	
440	431	383	92	80	296	
487	44	119	271	220	124	
274	44	24	144	331	241	
414	406	84	157	351	11	291	
392	405	74	425	124	359	262	
291	266	37	17	313	446	83	
435	6	220	345	398	237	446	
245	24	159	49	351	303	381	
284	296	227	12	103	36	190	
327	246	274	185	418	323	420	
393	434	236	12	37	242	272	
417	473	425	97	125	437	466	
347	269	40	273	115	369	379	
34	217	397	32	379	108	52	
222	295	39	336	475	339	33	
34	263	116	158	274	289	69	
347	133	134	350	147	233	368	
401	318	76	297	14	230	162	
359	363	263	126	205	252	53	
152	452	340	444	221	277	70	
164	297	13	488	225	180	434	
440	261	97	278	134	95	354	
159	143	76	208	289	339	306	
115	465	250	38	474	8	33	
443	30	117	398	101	311	271	
113	297	179	131	361	256	463	
35	479	428	333	218	216	49	
286	195	123	352	183	319	50	
53	455	340	143	372	222	27	
21	8	195	456	163	358	355	
109	129	344	454	58	473	452	
339	197	447	276	396	205	324	
166	396	460	494	85	312	182	
197	270	227	248	368	92	446	
181	279	41	53	13	1	24	
407	437	294	37	238	383	174	
127	493	442	486	100	329	275	
359	419	280	257	177	250	28	
268	252	499	322	406	442	207	
88	344	444	354	419	478	81	
46	315	140	453	173	209	279	
211	47	432	440	144	166	439	
9	451	113	137	70	168	76	
336	423	338	210	28	259	437	
247	202	458	473	322	76	306	
35	428	77	323	492	437	281	
31	290	22	77	295	284	346	
303	151	293	458	439	260	43	
166	357	9	348	491	179	339	
242	31	140	188	134	476	176	
246	442	40	491	41	134	83	
96	175	410	479	211	276	11	
144	149	140	209	202	411	417	
186	404	408	487	364	381	455	351	
352	445	311	115	75	250	275	144	
331	418	146	210	128	269	19	157	
266	108	170	320	353	191	259	219	
172	187	367	184	2	120	142	287	
72	426	448	76	314	237	27	418	
344	260	43	156	60	276	75	412	
165	320	111	447	451	485	181	332	
484	487	290	128	363	9	339	71	
83	258	402	294	108	383	277	307	
492	290	380	237	312	417	213	277	
485	316	60	74	186	455	276	283	
288	209	207	193	236	154	125	257	
474	14	6	441	490	180	222	196	
495	284	451	58	452	29	407	282	
496	464	121	201	255	313	303	52	
232	374	400	247	127	427	449	385	
269	150	10	139	34	465	389	311	
98	341	212	281	361	297	191	94	
334	186	2	398	214	325	484	54	
303	32	246	73	329	198	445	66	
186	464	49	497	244	385	454	338	
250	456	54	14	124	66	162	136	
9	0	486	323	399	468	123	452	
68	337	463	151	421	181	56	10	
461	406	391	43	256	268	460	248	
364	108	252	150	249	56	221	216	
387	450	151	178	486	303	353	213	
207	130	482	137	347	495	249	269	
491	53	496	97	481	1	140	306	
205	452	68	382	251	0	464	201	
104	101	33	328	232	122	127	268	
106	157	150	220	236	457	434	201	
307	313	414	357	385	114	204	164	
41	490	3	165	10	381	33	453	
172	453	43	122	486	173	242	433	
337	224	360	226	346	221	293	247	
341	164	118	230	25	403	336	113	
40	81	25	390	228	110	369	142	
37	305	235	456	461	497	110	489	
117	469	119	17	309	138	145	452	
489	111	255	448	375	392	230	131	
314	133	138	192	269	488	248	430	
142	117	152	73	472	451	186	337	
407	229	341	422	281	357	299	191	
165	64	243	50	403	497	387	470	
204	144	295	173	404	425	403	136	
229	321	495	329	49	327	39	64	
488	160	289	441	462	412	494	90	
357	245	485	179	406	219	411	60	
