33	7	25	
19	22	0	
18	21	45	
23	20	41	
27	14	34	
15	4	7	
23	13	35	
29	16	44	
1	48	25	
18	47	42	
41	13	46	
36	34	32	
4	37	41	
34	24	1	
31	24	22	
9	8	28	
24	45	23	
39	44	4	
3	15	9	
13	39	32	
23	25	41	
9	39	33	
47	41	30	
49	37	40	
28	40	3	
7	10	6	
19	4	41	
47	31	49	
36	15	20	
12	41	5	
17	39	38	
14	45	49	
3	16	30	
24	43	29	
49	18	23	
14	22	10	
40	10	36	
19	30	40	
27	49	43	
22	5	36	
47	16	7	
25	36	28	
18	30	7	
33	5	27	
34	22	11	
7	23	18	
1	39	21	
23	22	41	
46	11	10	
43	24	4	
74	51	68	
96	68	82	
63	91	78	
93	66	97	
95	54	75	
80	78	72	
91	89	86	
55	73	71	
87	90	85	
83	93	78	
71	89	84	
75	82	96	
69	71	87	
82	64	56	
82	89	79	
82	78	68	
62	96	92	
68	99	86	
96	92	61	
89	64	98	
52	78	60	
84	53	99	
67	73	58	
88	99	81	
94	52	99	
68	83	65	
76	52	97	
53	94	90	
89	87	82	
99	78	85	
53	65	69	
59	67	97	
66	71	59	
94	52	58	
61	81	62	
82	59	92	
91	61	63	
53	88	74	
60	87	77	
87	55	81	
72	70	71	
85	65	72	
56	86	69	
65	79	87	
68	76	83	
60	68	52	
65	51	69	
74	55	53	
58	76	83	
73	85	83	
119	146	116	
124	133	137	
109	141	131	
116	144	109	
117	148	125	
118	144	145	
130	117	139	
136	148	125	
102	145	108	
130	111	102	
149	100	109	
147	111	137	
101	112	138	
103	146	139	
113	112	117	
124	149	109	
139	119	122	
124	110	142	
143	128	137	
145	108	119	
133	148	117	
100	145	146	
120	134	104	
123	134	113	
139	141	113	
112	130	113	
107	118	128	
132	143	139	
125	114	128	
105	134	149	
132	104	105	
140	124	125	
101	143	147	
121	133	110	
134	124	119	
149	108	107	
103	141	102	
107	121	125	
148	103	115	
121	105	100	
102	101	138	
134	148	106	
135	119	129	
127	103	110	
104	101	141	
119	131	149	
142	120	147	
125	106	133	
142	144	112	
127	137	148	
185	167	195	
193	178	159	
189	171	195	
158	192	177	
161	166	167	
196	189	166	
199	163	197	
198	170	159	
151	197	170	
154	199	161	
173	190	187	
173	188	174	
162	161	185	
169	180	174	
191	156	179	
195	169	196	
164	161	197	
194	192	183	
187	174	190	
198	159	153	
198	152	193	
176	151	184	
159	162	154	
169	152	177	
197	196	169	
180	151	168	
152	160	180	
193	174	173	
158	178	194	
165	172	198	
157	175	160	
188	156	176	
153	174	175	
153	191	189	
191	185	192	
158	159	154	
165	176	154	
188	152	186	
194	160	185	
179	186	188	
165	183	197	
154	153	158	
160	171	169	
159	167	176	
166	173	167	
150	167	158	
150	191	180	
155	192	193	
152	155	185	
154	156	197	
244	229	233	
213	206	220	
209	219	227	
207	242	228	
202	227	236	
246	248	247	
242	223	237	
210	241	231	
227	213	228	
209	223	202	
234	200	238	
233	231	237	
214	221	218	
225	222	219	
225	200	234	
242	245	221	
236	225	230	
230	215	214	
219	218	201	
203	234	241	
211	241	236	
214	216	249	
201	221	222	
227	222	242	
223	238	200	
221	219	237	
242	210	216	
240	225	249	
206	239	213	
211	204	231	
240	243	241	
222	240	200	
224	213	234	
213	228	240	
223	249	215	
216	228	207	
219	208	226	
228	220	248	
236	206	228	
226	232	243	
222	200	241	
202	206	219	
238	212	240	
209	233	227	
209	216	246	
202	240	222	
242	221	213	
201	209	221	
230	232	209	
209	247	248	
292	268	262	
256	274	299	
298	254	255	
294	270	295	
289	263	282	
267	270	282	
279	284	295	
292	287	256	
252	296	275	
251	292	276	
284	253	263	
267	298	261	
263	266	255	
258	272	269	
299	279	251	
278	298	294	
274	261	253	
252	259	267	
290	251	280	
267	299	259	
255	288	275	
268	259	285	
254	271	255	
279	262	297	
251	299	289	
265	285	281	
269	256	285	
272	254	274	
281	296	289	
291	299	258	
289	278	291	
294	279	282	
259	276	257	
275	297	292	
283	290	258	
264	262	270	
263	273	298	
298	297	261	
278	297	299	
287	272	282	
265	288	279	
257	296	292	
288	264	261	
268	273	265	
292	272	277	
250	288	263	
263	294	296	
285	268	266	
255	272	282	
286	273	257	
302	308	349	
304	325	314	
335	347	316	
337	329	320	
303	339	317	
317	332	300	
321	338	333	
320	326	314	
302	331	340	
337	303	324	
343	301	323	
313	337	341	
348	339	331	
339	342	305	
325	306	342	
335	324	321	
342	324	328	
349	338	340	
312	325	346	
348	327	320	
346	330	336	
342	330	325	
343	305	312	
321	336	315	
341	327	334	
345	342	323	
332	317	324	
327	342	314	
326	345	312	
315	339	326	
308	321	322	
338	312	326	
312	327	343	
327	318	323	
329	333	320	
335	326	347	
305	300	304	
340	338	318	
331	303	324	
324	344	315	
342	338	303	
345	307	327	
302	300	322	
347	324	337	
325	345	319	
317	327	330	
306	302	347	
305	331	348	
339	312	311	
315	305	333	
393	385	370	
369	375	360	
376	359	373	
383	371	366	
392	357	364	
370	396	366	
350	377	363	
366	363	372	
381	369	361	
394	368	361	
354	374	379	
352	355	383	
380	386	357	
359	386	391	
388	362	386	
351	399	380	
369	371	395	
377	360	361	
389	353	369	
377	376	370	
376	351	382	
396	351	372	
367	365	388	
378	377	387	
391	387	373	
354	372	386	
385	399	379	
353	375	354	
365	383	387	
362	377	376	
375	369	383	
366	353	377	
397	360	376	
361	368	362	
397	352	382	
370	372	373	
398	353	366	
390	380	381	
383	382	350	
357	358	367	
382	370	350	
364	365	375	
383	361	370	
374	380	376	
397	357	387	
353	381	359	
356	350	360	
374	380	359	
370	390	386	
399	397	355	
445	413	446	
432	441	419	
438	405	425	
407	413	405	
448	447	423	
432	440	431	
421	424	441	
424	400	445	
431	429	404	
440	419	443	
440	410	401	
422	411	440	
414	407	429	
404	410	409	
447	439	434	
445	415	444	
431	420	423	
404	427	435	
430	447	413	
432	438	405	
445	415	439	
416	412	419	
442	437	408	
414	412	411	
431	447	434	
441	426	436	
406	425	446	
414	400	434	
413	444	448	
403	445	427	
413	420	442	
436	408	431	
422	436	401	
448	429	436	
449	430	431	
405	421	433	
433	445	420	
447	426	424	
400	406	435	
448	416	422	
429	401	442	
404	422	400	
417	423	436	
449	424	430	
418	414	440	
442	408	404	
404	400	407	
402	447	401	
423	424	425	
447	435	402	
465	498	491	
474	452	473	
471	493	488	
487	471	468	
485	484	492	
453	460	465	
472	477	493	
466	464	460	
480	492	458	
455	467	454	
463	457	482	
464	491	467	
496	459	474	
495	468	463	
491	453	494	
481	486	493	
469	485	479	
495	478	477	
474	467	453	
471	458	457	
463	481	489	
488	475	484	
495	487	481	
451	479	477	
479	471	490	
463	460	476	
458	484	494	
483	474	475	
468	487	466	
487	489	452	
469	473	484	
450	465	477	
466	475	462	
464	490	479	
459	464	489	
499	487	478	
462	452	488	
487	488	498	
495	489	488	
482	499	495	
456	468	450	
481	460	461	
468	477	495	
484	459	452	
466	494	456	
454	473	450	
495	497	482	
471	477	472	
484	475	498	
495	466	486	
22	31	0	45	
6	9	36	21	
6	12	14	11	
18	1	47	21	
44	23	34	39	
42	7	21	20	
15	43	39	8	
2	22	42	41	
43	14	39	0	
19	17	45	35	
15	28	48	38	
47	44	25	48	
24	32	16	35	
25	40	48	19	
18	35	17	26	
38	31	32	39	
21	41	10	6	
14	15	21	2	
36	44	49	11	
1	42	15	7	
21	0	18	14	
9	32	4	25	
34	13	1	37	
12	19	17	38	
22	13	2	18	
5	42	20	48	
32	4	49	34	
33	31	14	1	
47	8	17	35	
22	37	1	35	
23	24	25	2	
44	13	31	16	
47	0	40	48	
44	24	4	21	
31	34	32	18	
1	42	45	3	
38	36	43	4	
20	19	0	35	
36	28	39	24	
6	31	17	35	
31	4	22	12	
23	42	12	48	
28	39	26	49	
20	1	10	11	
19	6	8	10	
34	0	45	11	
2	0	18	14	
40	16	18	6	
33	14	22	2	
17	5	3	19	
98	83	63	72	
61	89	58	64	
64	91	75	51	
59	60	53	83	
64	62	90	83	
92	71	73	90	
74	70	63	96	
58	88	92	76	
71	97	84	68	
90	94	79	75	
51	50	64	58	
95	89	88	72	
75	51	64	92	
52	60	53	72	
69	91	71	55	
84	81	80	63	
66	71	63	59	
96	95	85	65	
64	93	71	82	
92	65	52	94	
92	78	69	70	
99	55	91	52	
80	50	97	96	
95	66	97	92	
96	86	53	63	
61	97	50	90	
93	62	64	75	
93	66	94	83	
79	52	77	92	
88	89	61	69	
53	84	57	91	
82	85	68	95	
73	97	91	76	
67	99	68	54	
73	87	62	94	
76	84	60	65	
90	84	94	62	
82	95	87	92	
99	98	79	86	
54	88	77	60	
59	87	83	68	
67	93	72	71	
79	88	80	78	
61	81	79	77	
72	82	59	90	
66	76	50	91	
75	82	51	88	
56	96	75	50	
66	96	53	83	
72	73	96	92	
139	118	127	147	
147	124	137	123	
115	149	119	133	
101	116	141	106	
129	108	112	105	
130	111	136	102	
135	114	117	130	
133	149	139	119	
134	107	144	124	
148	128	146	118	
146	108	136	130	
120	114	135	129	
143	126	146	144	
147	141	132	119	
106	144	149	121	
104	115	121	134	
113	131	147	138	
142	129	116	127	
102	111	142	101	
109	114	111	115	
120	102	127	101	
107	127	117	141	
102	149	127	114	
124	135	146	114	
116	102	138	101	
132	138	104	135	
108	148	106	129	
139	117	122	136	
104	147	126	143	
132	126	110	119	
100	138	123	118	
117	142	132	130	
100	136	112	126	
147	121	125	149	
149	101	144	116	
122	133	120	124	
147	106	135	109	
119	102	125	120	
109	114	145	140	
112	108	143	105	
133	122	149	116	
149	130	143	138	
142	143	123	125	
124	129	111	145	
142	111	110	121	
113	140	142	102	
113	108	119	121	
111	142	140	104	
114	110	131	148	
104	121	123	127	
173	199	164	159	
160	173	196	174	
165	160	154	174	
162	199	164	178	
187	152	179	172	
172	198	174	159	
198	178	160	171	
180	176	184	170	
191	170	166	163	
173	163	176	185	
162	166	178	159	
179	173	150	169	
183	185	177	158	
184	180	199	173	
188	166	158	199	
185	162	199	196	
190	199	157	182	
187	158	199	176	
194	198	162	189	
183	173	152	166	
161	198	191	184	
185	186	161	163	
155	166	180	195	
178	180	156	150	
181	167	192	183	
171	166	167	162	
186	189	197	190	
169	190	183	174	
159	175	191	187	
185	178	160	195	
150	156	168	154	
188	167	181	179	
168	178	172	151	
168	162	197	193	
160	162	198	188	
182	168	152	164	
182	157	191	198	
195	186	198	178	
159	151	174	182	
186	165	197	153	
173	187	172	154	
150	177	158	195	
166	162	165	186	
176	183	166	199	
158	162	169	184	
178	189	158	194	
180	183	173	192	
179	170	181	193	
165	195	197	188	
152	189	167	164	
243	239	236	241	
201	237	219	206	
212	240	217	215	
235	249	205	216	
224	201	219	212	
208	227	203	232	
216	232	243	203	
243	222	231	232	
207	202	227	241	
225	211	243	230	
248	203	221	246	
216	242	214	201	
247	200	241	212	
216	203	239	207	
224	211	210	221	
215	224	206	223	
200	248	201	223	
204	222	221	206	
241	244	203	231	
235	248	230	227	
225	246	231	200	
236	209	240	226	
237	243	220	208	
200	248	229	234	
235	210	220	205	
216	240	213	234	
245	207	215	226	
248	218	232	241	
216	212	214	229	
202	237	216	231	
218	208	200	204	
242	202	245	214	
246	241	223	229	
234	232	203	237	
231	230	235	210	
216	221	222	241	
229	205	228	219	
235	243	224	230	
215	202	225	242	
222	230	205	235	
210	205	218	213	
210	220	238	246	
219	202	211	241	
227	205	219	204	
248	220	224	219	
216	221	201	244	
234	223	226	214	
232	219	244	222	
249	239	235	242	
206	218	216	221	
299	290	257	270	
252	284	281	255	
264	284	259	289	
290	257	251	276	
250	272	287	293	
287	251	271	262	
274	284	259	250	
273	272	263	268	
282	288	253	273	
255	286	284	291	
257	261	284	291	
264	283	277	293	
250	290	276	256	
271	297	290	285	
251	253	272	292	
296	282	254	260	
283	289	256	280	
274	257	267	272	
252	273	290	283	
280	269	268	276	
276	277	253	278	
255	267	251	270	
264	252	272	281	
263	292	274	289	
277	296	286	271	
252	271	265	268	
261	275	294	258	
259	270	294	287	
298	265	279	273	
264	285	290	266	
290	292	253	281	
270	276	254	265	
280	286	269	250	
288	285	259	290	
284	270	289	292	
269	282	283	298	
272	298	278	253	
268	281	285	292	
289	268	262	260	
293	251	296	287	
287	279	252	283	
274	250	260	295	
286	279	259	267	
279	288	271	265	
259	278	262	251	
277	282	294	291	
279	277	292	296	
273	254	269	279	
288	259	299	254	
288	292	296	276	
342	319	347	332	
318	339	340	301	
330	334	331	336	
346	309	306	341	
311	310	303	320	
325	317	324	312	
315	340	334	322	
348	313	349	340	
339	320	307	301	
332	315	307	336	
332	321	324	336	
344	338	330	302	
347	338	308	341	
339	314	348	301	
317	347	324	308	
331	339	301	338	
308	328	304	337	
307	346	326	340	
303	344	345	314	
303	302	334	339	
344	311	309	323	
303	334	324	326	
335	345	342	313	
300	346	345	349	
327	305	302	300	
331	320	335	342	
324	327	346	340	
340	321	333	348	
321	328	307	340	
323	311	320	318	
336	320	323	319	
303	302	318	322	
312	327	345	320	
345	318	319	344	
342	303	328	324	
339	312	334	307	
336	307	328	321	
319	347	324	349	
321	340	344	345	
317	332	326	308	
332	314	303	331	
332	302	304	343	
320	347	334	303	
348	344	324	313	
309	348	314	324	
306	331	307	300	
325	329	349	306	
339	322	335	325	
303	300	329	333	
308	344	320	301	
364	389	353	393	
398	365	357	395	
380	388	386	387	
350	387	371	358	
352	388	382	364	
388	378	365	387	
382	353	376	386	
385	372	399	376	
353	364	387	389	
375	361	379	352	
369	386	398	360	
393	390	357	361	
366	382	371	368	
350	396	380	384	
385	389	384	350	
366	380	385	392	
391	396	387	372	
379	351	398	377	
384	357	368	382	
370	388	358	399	
369	385	357	354	
397	362	356	367	
353	356	372	354	
370	356	355	393	
382	390	365	392	
375	376	354	351	
380	383	381	385	
353	389	362	398	
361	387	371	388	
397	384	373	359	
367	391	384	354	
397	369	365	391	
355	351	376	382	
375	362	387	382	
357	379	354	381	
376	362	391	356	
356	373	379	384	
379	361	375	395	
363	387	365	391	
374	362	352	381	
387	369	357	399	
354	357	397	393	
358	356	392	361	
374	364	396	358	
374	353	393	382	
357	398	379	391	
375	392	351	350	
353	386	351	363	
398	354	370	396	
396	366	377	386	
406	415	439	436	
442	412	424	445	
402	427	409	446	
404	446	434	438	
445	404	436	418	
403	436	424	431	
424	402	432	423	
421	404	436	444	
417	427	419	431	
447	446	404	429	
435	416	448	437	
441	449	442	448	
436	406	402	418	
412	435	404	406	
435	418	405	446	
421	417	413	436	
413	425	402	403	
431	408	439	402	
429	409	430	420	
448	417	449	421	
415	410	443	402	
432	411	417	406	
421	443	426	406	
405	449	436	417	
400	415	416	427	
401	446	417	403	
422	446	418	449	
443	442	404	422	
404	401	412	447	
415	405	413	424	
433	446	406	407	
401	434	416	447	
444	428	448	427	
413	436	441	428	
413	441	449	418	
449	429	436	423	
433	436	413	434	
422	400	401	420	
412	424	410	427	
405	428	442	432	
406	422	402	413	
408	425	401	421	
424	443	414	433	
445	421	424	425	
410	422	433	436	
446	442	419	448	
400	447	409	441	
434	405	438	410	
428	448	417	416	
406	440	430	449	
465	461	487	462	
490	493	468	478	
462	491	471	467	
495	479	476	450	
475	461	459	477	
487	499	497	464	
478	495	498	466	
468	470	462	492	
472	473	474	453	
482	492	472	451	
451	474	495	475	
450	463	490	459	
491	477	480	451	
455	462	452	479	
494	457	479	491	
487	468	470	465	
499	498	489	495	
479	498	482	450	
476	471	469	484	
462	477	451	455	
453	482	498	491	
451	497	474	479	
478	475	484	461	
452	493	491	467	
497	472	478	483	
489	492	455	481	
490	475	479	463	
477	487	461	470	
458	497	464	452	
477	490	459	480	
469	499	489	468	
498	462	459	461	
455	462	482	471	
474	465	458	464	
464	482	486	489	
462	459	468	485	
461	464	485	499	
486	484	455	494	
459	474	490	460	
463	485	475	454	
480	479	476	484	
450	489	462	491	
453	474	483	457	
487	479	493	490	
468	497	460	469	
486	489	499	459	
457	486	477	472	
474	476	459	493	
479	454	477	485	
455	496	477	471	
45	18	25	5	22	
26	34	12	8	37	
31	6	13	5	2	
16	10	25	14	18	
0	19	45	26	39	
30	38	36	32	13	
30	47	20	21	33	
39	44	19	10	31	
1	32	44	49	6	
37	1	25	19	29	
17	24	43	16	1	
31	19	7	12	30	
8	47	22	3	35	
19	7	32	46	37	
19	3	29	2	37	
41	9	5	12	6	
29	12	47	9	5	
22	26	47	9	11	
48	37	40	35	8	
4	28	3	14	20	
8	44	34	32	27	
42	16	28	12	48	
31	38	39	48	9	
42	33	20	46	32	
41	49	40	0	22	
44	1	15	25	8	
11	38	34	16	20	
17	32	19	36	47	
7	0	28	32	11	
8	10	23	36	25	
41	35	25	33	48	
49	10	34	6	16	
45	32	21	14	0	
29	13	23	37	1	
22	6	46	31	1	
33	32	7	48	6	
6	18	42	8	38	
3	27	35	37	6	
40	13	14	47	5	
45	21	39	43	19	
0	47	48	16	40	
8	34	23	27	3	
24	33	39	5	0	
19	40	5	45	41	
24	36	11	48	8	
26	40	32	37	15	
1	33	46	34	0	
42	25	3	43	47	
29	36	32	21	11	
11	2	27	41	46	
64	53	88	79	90	
79	90	81	64	63	
51	94	77	66	59	
53	56	98	58	57	
73	83	80	52	89	
61	64	85	69	58	
61	90	65	88	74	
56	53	91	85	51	
85	75	56	70	78	
55	70	80	76	69	
59	63	51	58	85	
51	73	67	53	87	
54	89	65	90	84	
87	96	79	50	86	
51	92	60	86	89	
81	61	77	63	99	
71	90	84	85	69	
51	99	95	68	93	
57	99	51	88	68	
60	74	77	93	58	
57	82	95	74	86	
62	71	86	87	92	
81	96	98	78	83	
50	57	67	99	71	
98	82	74	67	68	
78	52	81	93	54	
72	91	82	56	67	
83	68	56	61	57	
83	81	54	52	89	
65	56	78	61	64	
52	93	50	98	55	
68	92	65	89	91	
68	55	82	76	91	
83	54	99	72	57	
82	73	53	64	84	
72	75	82	70	91	
52	87	85	60	69	
76	53	69	68	63	
53	94	70	50	95	
51	88	64	57	79	
68	67	84	61	82	
69	96	84	99	60	
56	82	64	96	92	
52	90	85	77	78	
63	76	83	97	95	
95	89	84	57	62	
50	52	77	64	73	
79	61	96	99	92	
71	74	58	62	55	
96	71	75	79	80	
119	140	120	139	107	
140	112	130	146	137	
122	134	129	136	119	
125	105	146	102	141	
135	100	109	148	120	
144	122	101	146	135	
136	125	143	146	149	
108	113	140	122	119	
125	104	126	146	138	
119	123	105	138	124	
137	139	141	143	118	
115	127	128	135	120	
126	135	130	114	144	
117	102	144	132	147	
144	117	122	116	136	
142	119	124	125	121	
134	110	130	121	126	
132	138	130	109	142	
131	107	100	133	116	
107	120	105	138	132	
121	141	107	138	114	
144	143	122	137	111	
115	116	145	122	111	
121	139	106	136	123	
129	124	142	105	132	
109	137	102	123	114	
125	127	112	141	104	
145	107	123	139	149	
111	101	149	139	148	
120	149	108	119	126	
119	130	116	149	113	
132	135	134	128	136	
115	109	110	111	142	
149	124	122	138	130	
108	124	142	128	143	
107	126	131	143	110	
149	104	111	143	115	
141	138	146	131	139	
136	126	138	119	103	
135	103	148	140	111	
146	147	124	107	106	
105	134	122	118	140	
141	124	132	122	101	
109	142	110	106	112	
111	134	100	131	113	
101	104	135	137	141	
136	143	105	102	112	
116	127	114	104	130	
136	107	125	131	118	
103	127	119	130	115	
174	175	189	165	197	
159	171	150	173	197	
186	189	177	164	187	
156	191	188	158	159	
163	152	184	153	198	
168	188	163	155	187	
159	182	157	171	179	
153	198	193	190	199	
174	171	194	152	164	
153	184	173	168	197	
196	161	184	169	152	
184	176	173	186	165	
161	163	171	194	183	
178	188	194	158	186	
191	165	178	189	157	
199	151	177	164	157	
155	174	194	168	164	
192	186	195	199	198	
199	173	189	195	184	
181	178	164	191	196	
188	196	171	150	160	
168	176	191	181	177	
172	169	177	197	181	
184	169	195	155	186	
173	199	163	155	189	
152	157	171	189	192	
164	191	199	151	183	
181	198	185	199	161	
154	155	170	156	162	
169	156	178	168	186	
180	191	165	196	150	
167	185	193	157	196	
162	168	177	154	160	
167	171	178	177	172	
199	193	173	154	163	
187	167	157	174	161	
198	177	196	159	187	
159	156	191	171	152	
179	152	196	168	190	
158	152	186	189	188	
153	169	187	150	167	
179	165	163	160	199	
157	184	186	154	191	
189	159	171	155	158	
192	162	171	153	198	
158	183	181	194	153	
156	173	183	151	180	
197	154	188	191	195	
150	166	199	171	152	
191	166	195	185	189	
206	205	231	239	241	
210	217	236	213	201	
232	229	227	225	202	
223	216	218	226	209	
206	226	242	234	215	
208	226	218	224	201	
228	209	232	233	238	
204	222	218	249	201	
233	249	218	236	237	
205	236	218	237	220	
218	231	223	206	226	
219	201	244	215	202	
211	225	241	247	246	
235	230	204	223	243	
217	210	248	228	226	
214	217	201	215	232	
237	200	240	245	238	
236	207	216	238	217	
237	232	221	240	235	
204	234	235	217	238	
241	234	222	235	206	
231	235	244	247	239	
236	210	241	222	242	
211	243	213	246	235	
218	207	229	219	238	
242	211	222	204	208	
226	216	210	237	214	
206	248	210	218	238	
216	208	239	237	204	
228	210	200	211	232	
216	206	234	207	222	
249	200	238	205	229	
249	221	231	205	227	
243	237	214	246	238	
200	217	224	238	203	
232	214	213	225	216	
236	243	234	212	215	
210	239	247	207	209	
238	230	235	239	240	
235	223	237	246	206	
234	204	220	237	218	
223	237	232	243	217	
242	220	211	229	201	
224	216	227	204	234	
223	226	239	211	216	
231	202	206	221	238	
249	201	223	203	207	
207	210	238	217	230	
231	230	223	212	214	
244	230	211	223	232	
286	295	299	274	260	
270	257	265	263	292	
252	270	263	278	274	
289	262	279	297	250	
258	292	278	285	273	
269	278	251	280	293	
283	291	270	299	296	
277	293	252	276	269	
297	276	259	267	287	
260	297	261	254	290	
298	273	297	282	279	
250	255	264	263	261	
281	292	294	282	255	
264	293	270	298	262	
272	260	275	265	253	
287	297	251	263	285	
279	278	254	295	264	
253	256	282	258	250	
273	293	265	289	268	
292	259	272	270	271	
294	280	295	296	289	
282	260	298	276	293	
284	256	299	280	279	
264	260	263	278	299	
275	289	291	288	261	
286	271	257	282	277	
265	274	267	287	255	
297	268	289	280	282	
273	279	264	272	261	
287	296	264	295	260	
278	273	250	297	259	
266	286	290	273	267	
279	259	257	287	270	
277	251	262	287	273	
260	289	285	284	266	
294	267	274	286	252	
291	254	250	294	273	
255	278	268	284	291	
293	263	259	286	298	
267	262	256	292	264	
265	293	276	297	254	
288	251	289	281	271	
286	257	261	265	281	
262	297	254	287	274	
284	262	254	294	268	
295	289	271	292	270	
279	257	263	269	291	
279	294	260	299	283	
260	263	268	264	278	
266	282	270	262	283	
300	342	347	327	310	
316	343	337	320	325	
309	331	305	308	329	
341	326	344	335	349	
328	308	332	347	303	
340	318	329	331	336	
311	342	332	309	316	
314	339	345	335	321	
312	342	324	319	330	
315	332	305	344	329	
325	310	335	344	340	
341	304	324	339	317	
321	349	313	337	317	
314	327	328	348	307	
311	318	307	339	312	
321	337	314	343	323	
303	309	333	316	322	
304	336	338	301	306	
338	323	331	304	309	
317	319	321	315	318	
340	321	331	341	323	
322	329	323	316	339	
343	349	329	319	333	
340	345	311	304	322	
321	314	308	306	322	
342	334	318	327	322	
324	314	327	311	341	
346	337	339	306	349	
335	336	319	322	309	
308	303	343	311	334	
321	322	300	305	332	
306	304	327	310	303	
331	344	349	345	340	
328	348	337	304	302	
301	334	346	343	325	
315	342	312	301	302	
308	332	313	307	337	
343	336	321	315	312	
322	300	330	329	306	
315	338	313	346	337	
333	330	302	346	349	
305	338	321	312	344	
348	307	329	324	311	
330	341	325	349	323	
310	324	329	322	314	
306	345	337	324	304	
325	345	322	321	312	
319	330	310	349	305	
306	337	330	334	314	
311	338	322	309	332	
384	385	372	362	389	
364	395	350	399	397	
360	355	367	356	373	
383	367	352	387	357	
380	389	397	374	372	
353	356	354	362	373	
394	396	358	368	372	
395	354	390	350	394	
368	369	366	382	394	
372	378	386	383	398	
393	375	367	395	397	
391	362	367	399	393	
374	370	393	394	372	
369	394	353	396	374	
358	396	363	377	370	
364	363	381	354	383	
353	351	367	350	369	
353	362	380	382	381	
361	388	385	356	392	
368	360	364	369	381	
359	380	365	397	393	
388	362	365	397	369	
388	378	380	373	369	
369	383	355	381	374	
373	352	385	391	359	
389	391	375	366	354	
358	363	362	381	398	
359	384	387	386	388	
356	371	374	381	365	
373	366	398	384	399	
377	382	381	353	395	
395	366	355	363	350	
376	389	378	355	390	
386	351	354	350	352	
366	356	378	370	399	
397	374	388	386	377	
377	373	392	363	388	
363	365	379	369	391	
383	360	390	353	385	
388	372	368	363	358	
361	382	391	374	372	
383	368	381	393	350	
358	371	382	387	368	
376	368	385	395	358	
355	383	374	367	387	
392	364	378	362	386	
352	367	388	396	390	
396	370	363	388	377	
350	363	369	393	370	
351	350	380	384	368	
426	418	405	443	420	
433	416	437	412	422	
435	414	410	407	404	
442	422	439	414	402	
441	437	412	444	410	
418	421	438	415	401	
426	448	401	443	412	
410	440	426	418	439	
446	401	433	425	431	
432	406	426	449	404	
436	415	426	418	422	
416	415	438	446	449	
440	437	436	434	408	
442	435	431	436	409	
436	443	426	423	421	
412	413	404	434	401	
406	400	431	428	426	
408	427	441	428	419	
404	437	420	432	446	
422	441	435	440	426	
408	434	406	431	439	
422	449	404	441	442	
449	422	444	435	400	
433	402	441	400	445	
429	437	441	431	420	
447	423	442	408	422	
401	447	402	411	430	
435	413	400	442	419	
407	432	405	409	408	
400	441	433	432	405	
410	424	447	419	400	
412	421	445	426	444	
410	407	401	428	431	
424	433	409	419	421	
408	446	434	401	429	
419	402	404	411	430	
408	429	420	449	419	
448	420	424	413	449	
407	419	406	417	434	
409	449	421	410	432	
403	413	448	449	435	
440	424	431	428	406	
446	430	442	403	423	
442	422	448	419	416	
446	412	400	403	419	
433	413	427	402	437	
447	402	432	420	431	
435	446	410	437	436	
418	434	403	440	444	
433	441	427	402	403	
487	470	493	481	462	
499	457	475	480	489	
473	495	451	465	456	
497	472	478	489	495	
455	451	493	466	490	
485	452	456	487	457	
484	455	496	493	472	
493	468	451	461	495	
469	452	466	495	459	
469	474	486	462	489	
489	476	481	462	483	
494	477	455	492	488	
474	461	460	478	491	
485	460	450	470	492	
469	450	489	472	477	
495	465	462	494	497	
459	473	467	466	483	
497	451	486	452	475	
496	475	471	452	453	
487	459	470	458	451	
490	467	477	470	475	
452	460	477	495	454	
453	451	499	488	455	
461	476	482	498	490	
488	473	468	456	460	
480	465	460	471	491	
498	495	453	461	462	
479	474	487	473	475	
458	477	484	495	457	
450	469	484	461	497	
493	494	458	499	491	
481	454	478	474	487	
464	471	462	458	454	
463	497	457	481	468	
484	475	478	470	466	
480	490	499	457	456	
474	464	450	499	485	
454	456	493	475	481	
464	474	489	478	482	
460	462	455	499	472	
455	498	493	471	481	
499	484	475	463	451	
472	484	458	494	480	
450	477	499	457	479	
458	453	467	454	483	
494	473	483	487	497	
492	474	496	458	459	
455	480	468	454	453	
476	496	465	455	460	
480	462	475	491	492	
97	104	49	357	184	126	
361	80	113	84	326	398	
91	194	35	222	435	260	
401	24	213	190	451	363	
215	216	401	449	188	374	
138	491	121	34	250	297	
17	295	44	31	157	490	
350	454	70	437	285	214	
412	178	53	392	211	219	
314	173	38	270	242	493	
261	54	70	494	356	18	
346	31	412	113	482	35	
240	176	174	190	347	132	
84	338	25	200	375	117	
11	447	5	303	146	392	
117	216	181	429	303	140	
269	31	410	79	170	139	
338	374	303	263	201	417	
227	45	494	240	142	60	
295	169	334	483	471	304	
463	347	123	348	6	383	
469	246	432	78	84	109	
61	73	477	133	189	354	
212	332	398	397	276	431	
163	261	242	295	402	340	
491	480	196	488	264	11	
256	33	245	448	75	211	
30	492	376	291	38	14	
171	397	335	388	434	336	
9	406	317	153	134	176	
262	232	371	400	490	149	
228	192	409	306	411	121	
155	497	423	429	270	265	
271	437	491	24	382	426	
23	402	116	487	180	134	
130	487	413	166	382	26	
422	304	430	288	19	77	
452	10	73	445	453	490	
473	30	380	200	227	305	
18	72	76	244	315	91	
27	389	231	99	139	189	
115	170	49	88	123	488	
247	51	359	488	144	314	
196	164	335	244	418	25	
107	115	106	447	145	186	
134	341	453	57	423	280	
340	210	295	409	21	112	
1	207	31	216	266	113	
398	399	422	340	362	61	
159	157	407	377	77	124	
175	344	159	387	49	444	
159	48	385	324	447	299	
269	320	412	373	62	271	
198	425	324	488	234	163	
5	300	341	52	275	11	
47	114	97	412	131	487	
199	430	111	75	280	110	
41	181	118	444	126	153	
128	115	411	123	477	215	
395	333	171	367	121	261	
233	147	8	383	112	499	
28	24	341	287	120	115	
391	379	458	217	99	457	
471	373	311	388	457	372	
0	109	454	497	287	487	
128	148	370	329	440	399	
201	432	155	66	104	128	
163	24	258	126	480	443	
432	142	309	368	311	90	
358	297	328	343	204	241	
242	196	491	91	55	63	
205	141	431	494	195	41	
384	190	293	483	473	10	
330	136	472	382	428	455	
252	161	46	309	370	192	
213	417	160	175	186	397	
313	83	293	242	453	404	
46	109	53	256	427	254	
414	458	328	387	331	231	
351	325	123	347	420	31	
375	422	480	324	87	19	
345	196	272	3	197	28	
344	240	40	301	119	328	
90	281	285	336	59	141	
67	205	394	279	65	388	
150	109	321	104	165	330	
334	173	364	29	297	23	
462	120	354	153	112	498	
62	190	271	358	356	282	
121	472	312	423	340	386	
9	201	405	433	426	225	
395	163	247	417	46	493	
415	240	473	459	114	497	
198	64	176	386	269	23	
36	396	61	0	293	486	
272	488	62	228	297	11	
347	380	111	270	453	457	
331	48	376	75	273	365	
397	53	320	379	8	444	
12	204	361	289	292	237	
132	442	330	63	474	33	
444	228	347	314	445	116	
316	350	433	67	271	359	
14	135	118	90	366	462	
136	342	62	53	472	290	
386	495	77	65	231	109	
301	63	262	169	42	122	
336	102	350	16	422	363	
51	334	275	364	442	161	
373	129	39	68	487	139	
60	276	99	51	41	393	
249	218	262	463	25	333	
277	275	486	3	168	78	
280	429	17	134	144	496	
172	46	68	181	247	330	
61	383	145	14	397	2	
114	463	316	360	167	315	
180	51	168	368	288	102	
239	144	489	50	305	376	
239	170	62	69	242	417	
419	223	421	318	378	374	
498	133	105	414	96	473	
94	125	418	104	306	341	
83	71	115	50	407	446	
341	268	207	164	127	359	
450	0	384	355	203	56	
47	96	144	482	153	354	
414	352	116	78	375	302	
429	163	61	317	7	268	
30	62	333	314	59	493	
490	454	202	488	174	347	
0	36	27	461	401	256	
310	416	38	341	469	499	
249	101	36	122	408	470	
480	174	75	398	380	160	
12	282	188	440	262	245	
377	372	143	12	325	298	
8	23	280	24	157	159	
198	290	291	239	62	391	
414	315	248	289	395	134	
369	264	153	247	150	120	
425	481	184	47	496	97	
460	250	226	152	145	229	
41	346	443	466	155	488	
415	337	242	318	59	364	
10	57	132	226	345	310	
133	142	247	410	420	110	
187	225	56	359	343	442	
290	46	87	172	482	434	
276	345	107	168	260	478	
290	297	276	49	494	495	
33	184	76	457	268	340	
310	49	374	18	276	88	
385	366	443	214	26	292	
89	191	441	11	348	394	
98	295	317	395	366	108	
299	444	261	133	452	376	
222	365	214	443	288	135	
197	24	391	231	429	350	
73	19	329	21	99	39	
156	373	165	22	167	297	
106	48	271	367	479	461	
465	398	130	305	393	358	
322	275	396	471	452	114	
496	325	45	297	97	93	
282	47	348	243	332	477	
402	147	166	483	14	235	
126	365	354	356	170	151	
441	225	234	483	305	482	
335	226	180	118	241	427	
463	480	250	356	184	278	
323	499	158	399	426	57	
18	203	324	495	346	275	
58	290	133	330	208	56	
329	35	19	119	483	351	
71	207	308	487	425	223	
440	68	335	179	387	214	
54	122	488	256	286	144	
233	26	358	403	288	201	
19	428	335	311	151	400	
151	397	17	14	257	325	
264	144	252	229	190	159	
446	439	281	128	62	410	
432	477	224	124	258	141	
289	186	103	322	401	35	
4	361	160	132	62	350	
3	71	226	274	222	314	
440	398	246	119	267	379	
254	194	405	340	225	11	
309	14	428	344	195	267	
151	304	211	57	19	371	
95	62	294	119	86	127	
222	203	414	157	220	101	
402	16	190	375	129	62	
70	15	100	448	98	409	
366	450	126	167	475	483	
105	389	60	244	362	16	
244	475	457	384	13	403	
327	23	87	79	427	393	
31	95	400	167	157	363	
336	471	357	362	323	111	380	
419	374	283	262	355	212	293	
392	159	410	242	396	157	146	
422	208	312	351	224	60	483	
275	147	40	469	256	433	234	
364	71	203	371	395	403	472	
58	110	113	236	309	13	324	
259	358	53	437	374	224	411	
478	399	407	302	182	325	394	
207	284	249	305	332	95	220	
442	215	448	480	150	377	7	
182	495	269	135	121	17	96	
36	189	262	349	485	404	227	
235	227	429	259	472	399	265	
427	355	499	467	266	70	296	
449	262	12	59	87	491	389	
99	213	190	238	195	270	477	
242	103	380	326	200	218	13	
208	204	18	481	494	170	93	
251	142	183	214	300	122	312	
414	411	174	97	189	135	352	
150	325	223	278	9	476	200	
431	304	245	355	415	386	384	
432	130	465	0	300	352	307	
320	157	302	123	361	346	130	
406	37	259	435	7	420	297	
204	8	490	495	141	332	49	
89	75	278	10	497	335	432	
338	245	112	203	378	187	314	
110	336	432	114	418	474	203	
19	262	11	63	339	319	473	
72	349	414	318	70	216	296	
478	24	374	263	197	322	420	
418	399	374	11	209	172	95	
296	6	434	255	243	430	181	
141	203	76	310	437	165	462	
3	494	47	170	399	155	409	
22	26	356	209	491	159	486	
364	294	288	310	97	6	430	
466	153	23	64	154	482	127	
470	141	291	192	450	167	63	
10	300	102	0	388	99	235	
484	398	253	105	426	8	285	
405	278	120	254	44	147	266	
166	447	479	304	210	322	325	
212	444	74	119	303	434	125	
304	203	66	121	368	3	180	
357	324	431	123	163	332	116	
278	231	234	190	238	357	433	
268	219	20	53	461	34	239	
356	112	220	153	247	154	79	
208	131	235	348	328	1	394	
199	10	140	110	273	407	270	
142	276	334	226	436	288	30	
274	195	209	286	247	482	388	
241	491	296	353	358	132	312	
383	278	91	346	18	225	307	
406	147	327	315	172	365	115	
359	150	382	400	255	366	269	
264	492	197	279	109	84	158	
483	331	473	434	291	49	266	
422	278	402	463	497	357	472	
233	115	246	184	133	1	419	
124	106	99	361	5	384	191	
126	262	161	366	109	214	477	
237	222	247	238	60	284	273	
446	387	53	404	388	360	128	
245	195	142	299	40	414	41	
391	341	159	492	367	389	96	
480	496	218	203	306	304	196	
319	148	163	462	446	449	38	
328	291	202	112	116	191	415	
14	58	329	477	21	319	76	
120	38	327	459	172	137	330	
457	162	59	328	346	194	218	
102	401	227	208	37	83	112	
413	43	330	60	450	88	45	
54	94	173	233	427	145	313	
88	73	60	347	54	117	62	
89	107	496	95	10	198	324	
124	294	356	41	439	225	276	
360	308	19	291	145	22	448	
417	476	157	365	216	403	14	
176	463	439	172	75	141	486	
321	101	91	380	344	50	76	
90	178	109	387	433	2	445	
166	257	479	348	241	177	109	
375	274	86	358	371	85	46	
386	178	211	240	488	212	213	
275	230	21	460	226	241	135	
117	333	336	111	259	176	438	
32	265	160	102	296	432	94	
442	451	17	269	211	292	369	
268	200	194	119	122	239	202	
241	349	54	78	126	330	237	
109	9	305	299	272	169	107	
147	134	186	354	235	71	314	
452	244	91	56	269	96	67	
385	86	351	155	145	256	376	
258	279	283	280	58	307	495	
106	242	490	174	271	303	178	
63	208	231	389	119	103	75	
474	267	397	312	3	11	418	
119	309	489	156	27	257	410	
373	3	353	240	102	287	432	
272	397	4	398	104	343	424	
400	370	14	146	46	414	163	
335	33	244	21	256	43	485	
306	318	262	302	495	44	197	
62	457	301	176	287	483	138	
283	314	68	405	174	268	124	
438	88	39	237	415	41	148	
155	496	430	414	179	91	174	
437	299	194	267	252	151	198	
45	119	232	367	258	346	118	
399	253	125	74	424	155	12	
345	7	424	370	221	274	499	
235	479	241	404	123	35	59	
317	481	391	339	300	198	312	
85	373	97	122	245	45	26	
262	306	144	287	88	204	451	
379	77	457	220	36	95	201	
133	294	158	374	330	143	18	
346	464	438	321	211	468	339	
290	247	107	483	295	391	387	
436	44	43	92	326	254	115	
104	379	494	328	391	412	451	
140	20	408	200	77	349	210	
478	341	178	490	6	211	194	
54	452	498	237	499	357	26	
139	453	131	266	59	326	198	
409	486	408	283	387	378	21	
239	344	301	22	130	412	403	
173	418	132	88	36	142	295	
199	340	366	350	440	5	193	
331	40	347	168	443	9	496	
496	57	156	163	342	484	438	
145	465	401	102	85	195	473	
127	419	342	408	56	96	328	
355	423	391	23	161	104	71	
84	457	398	400	323	206	46	
480	418	335	343	296	332	106	
338	185	71	58	186	312	310	
9	193	212	393	123	107	436	
196	191	472	338	265	437	302	
107	487	142	15	205	184	130	
328	397	349	130	376	478	451	
157	103	279	286	371	417	327	
211	189	249	327	334	439	72	
167	121	324	9	246	360	189	
244	84	322	266	108	221	426	
71	9	408	448	432	272	294	
184	417	269	425	145	7	484	
275	332	401	494	164	424	31	
288	33	445	292	294	291	328	
34	336	291	425	133	41	443	
479	448	186	483	354	362	161	
19	434	161	494	78	256	362	
416	275	415	79	488	451	90	
387	340	327	121	29	50	138	
384	362	158	487	5	271	430	
359	334	468	314	260	145	380	
75	19	203	296	458	459	344	
169	107	143	230	297	140	269	
37	36	27	369	117	372	373	
318	53	124	39	164	189	57	
423	139	271	435	315	103	381	
334	168	29	318	202	120	378	
288	64	231	129	148	403	448	
162	152	30	29	268	10	208	
128	482	486	449	246	393	259	
24	52	363	261	488	166	386	
380	10	327	378	22	201	132	
3	422	253	379	298	479	391	
238	187	266	455	303	326	137	
223	466	51	40	6	116	453	
69	350	298	50	306	41	324	
193	421	69	333	170	96	239	
230	162	165	340	288	150	1	
440	117	33	480	396	67	165	
26	393	129	231	376	492	107	
39	468	80	298	453	202	218	
335	319	346	433	382	244	261	
346	47	6	68	139	412	207	
314	270	188	235	135	429	458	
26	287	9	284	358	48	381	
217	4	409	21	125	178	148	
51	491	487	19	318	325	284	
332	381	419	435	483	188	75	
405	187	373	122	415	301	44	
321	237	335	248	226	323	88	
458	431	82	189	336	5	396	
109	412	127	67	192	269	4	
366	401	128	63	413	487	137	
115	17	484	479	197	428	14	
321	127	446	32	189	138	113	
80	396	407	273	73	348	370	
440	295	336	406	283	39	108	
391	60	274	154	346	14	246	
492	204	49	238	440	92	419	
104	168	95	255	190	444	23	147	
382	231	227	280	453	357	85	327	
58	296	286	143	324	465	310	308	
79	43	364	443	176	169	141	425	
481	193	298	148	456	197	423	153	
174	456	384	402	485	5	235	281	
140	435	147	489	472	495	221	453	
484	72	51	387	374	126	250	302	
180	438	125	173	375	178	128	249	
309	15	387	293	298	238	84	363	
439	280	250	254	302	13	178	43	
186	265	256	157	75	165	56	87	
126	385	47	184	90	118	177	469	
302	440	165	22	245	251	232	445	
341	53	455	252	248	496	81	35	
438	382	226	490	455	363	354	68	
221	130	278	497	351	200	398	452	
375	64	433	420	3	1	279	125	
475	187	112	257	22	295	246	252	
77	36	411	28	215	182	102	388	
237	334	76	198	101	478	30	401	
284	357	82	468	167	249	297	183	
249	97	349	301	323	339	393	294	
370	70	406	290	331	110	135	68	
78	121	82	421	389	154	315	69	
51	435	224	337	495	217	111	3	
159	341	367	431	287	203	292	161	
393	99	21	419	160	45	398	248	
187	446	429	364	204	344	79	459	
357	72	134	468	330	395	342	196	
271	485	474	217	178	285	131	73	
490	305	160	124	142	204	112	299	
240	270	414	481	467	212	430	72	
187	491	71	132	158	438	362	280	
187	257	168	248	329	490	193	85	
359	263	193	130	253	243	351	1	
256	2	162	149	279	239	136	237	
158	478	218	382	87	202	335	399	
147	145	255	100	181	402	444	391	
377	172	433	481	124	80	306	251	
37	257	119	454	133	316	90	250	
216	338	459	194	15	285	121	336	
176	388	463	31	358	134	478	152	
215	377	244	76	173	489	220	223	
183	186	170	254	389	180	427	317	
248	232	145	128	291	127	38	403	
38	27	19	383	163	6	466	407	
319	195	397	197	104	228	433	357	
489	167	271	292	285	251	235	44	
483	468	169	231	179	212	36	227	
205	70	190	493	35	112	229	5	
232	298	351	444	479	347	300	499	
41	498	354	274	180	170	128	234	
78	68	179	95	167	219	466	136	
470	6	361	211	291	463	142	300	
87	431	108	147	21	449	270	381	
326	439	295	293	385	337	246	114	
88	102	90	63	156	204	198	389	
301	493	281	483	396	481	167	477	
357	228	480	387	495	283	407	474	
15	409	306	375	223	116	59	164	
137	250	391	479	39	143	49	161	
355	61	198	43	39	172	397	146	
108	157	369	273	164	216	262	283	
497	39	465	167	96	413	345	246	
37	217	22	286	66	330	371	373	
337	66	291	130	289	147	329	222	
131	207	197	205	377	435	177	453	
146	336	144	319	281	69	213	484	
491	84	338	130	201	397	356	258	
9	455	208	140	458	405	490	110	
39	405	270	63	35	120	208	367	
174	324	357	79	300	283	379	66	
235	432	353	23	300	219	427	194	
82	423	310	314	316	499	305	301	
15	301	328	117	416	288	254	334	
279	238	290	220	78	450	456	266	
405	74	183	248	340	420	186	155	
233	300	467	272	119	496	60	306	
409	198	330	278	316	187	49	314	
80	81	395	172	408	450	51	227	
141	389	294	112	290	253	362	242	
156	47	367	460	138	8	403	212	
4	10	40	334	260	171	178	164	
444	440	96	484	28	482	91	190	
91	266	397	430	73	367	215	77	
215	490	185	368	88	151	387	414	
156	109	286	21	310	200	117	373	
303	350	242	346	124	16	343	355	
172	40	29	353	4	477	280	32	
224	492	285	178	471	401	182	96	
51	211	403	175	444	43	408	127	
275	147	432	261	442	300	289	1	
223	257	180	73	487	262	428	48	
391	120	179	154	464	4	422	378	
226	128	70	221	38	422	456	254	
78	473	7	438	65	267	210	5	
347	496	102	332	195	263	71	493	
318	264	271	362	203	495	300	249	
171	339	361	229	96	370	498	413	
334	495	148	10	463	255	165	374	
136	14	101	367	317	338	379	468	
102	135	473	349	8	55	253	383	
409	103	447	216	79	248	412	7	
308	429	37	421	260	461	228	312	
334	88	152	8	119	350	374	376	
405	290	476	103	182	100	117	128	
385	241	46	204	198	133	163	253	
10	91	167	58	392	12	187	419	
105	401	262	470	270	32	15	361	
101	1	271	212	487	83	232	202	
207	494	294	55	60	143	8	161	
348	477	185	355	99	216	251	302	
156	137	475	238	426	168	492	276	
179	141	409	397	150	252	87	122	
131	25	499	401	36	310	368	464	
147	82	55	350	473	407	168	458	
221	249	477	120	233	163	476	182	
179	59	202	180	432	399	478	243	
388	197	92	194	329	229	300	397	
462	453	88	150	497	53	461	49	
63	123	461	111	70	294	456	57	
90	337	380	295	158	239	457	92	
439	301	252	163	278	484	27	455	
259	68	367	1	18	213	374	80	
46	391	400	16	5	331	369	363	
383	368	85	91	213	92	197	425	
76	213	424	224	252	472	399	378	
100	7	342	364	463	322	180	94	
155	153	206	282	102	426	240	100	
463	241	5	450	402	390	363	12	
305	153	439	97	136	352	54	147	
375	44	264	386	491	88	214	253	
253	456	154	219	338	57	195	214	
467	419	5	290	76	74	257	152	
379	353	9	484	21	441	342	166	
239	211	311	342	484	414	252	316	
61	135	133	207	186	467	72	62	
295	49	276	230	462	434	78	403	
306	92	4	226	268	317	384	482	
338	127	9	469	313	216	387	498	
241	346	56	28	62	208	304	224	
252	249	111	277	223	116	312	485	
152	108	496	306	355	298	393	252	
337	350	451	498	315	40	412	39	
114	228	26	1	82	331	190	392	
480	311	481	55	340	444	138	406	
46	401	79	348	69	209	489	200	
396	374	15	377	97	488	152	186	
261	293	299	302	287	456	327	182	
335	97	485	315	143	420	52	268	
411	459	72	74	144	400	47	108	
383	246	89	193	309	452	343	307	
0	406	15	257	315	392	283	267	
478	68	211	340	419	58	13	1	
115	249	456	385	294	200	407	191	
66	384	173	425	304	154	447	484	
373	34	424	196	354	171	120	436	
498	324	427	52	298	209	317	288	
85	154	406	469	279	358	159	109	
120	23	24	334	312	166	267	131	
211	499	461	260	439	5	101	238	
196	470	210	408	435	88	298	313	
187	433	347	175	309	271	437	475	
159	206	205	58	403	380	49	227	
390	176	179	282	173	183	178	342	
258	171	124	331	234	199	130	87	
98	133	365	26	376	498	70	123	
88	71	280	60	220	165	99	3	
433	480	102	115	137	287	441	143	
498	257	229	33	471	186	276	393	
367	303	313	172	453	1	468	406	
109	409	318	472	385	273	333	136	
388	270	263	191	206	20	334	403	
27	18	307	379	304	1	195	397	
131	319	153	450	246	240	172	332	
334	327	40	118	296	455	283	257	
335	3	62	285	418	389	169	396	
144	289	128	455	45	320	112	361	
383	406	73	428	363	292	131	77	
148	214	37	381	285	367	109	213	
94	431	155	391	368	396	409	481	
349	401	9	72	372	277	345	468	
50	279	418	369	2	196	121	89	
427	271	451	436	6	45	239	315	
309	89	419	56	450	385	491	131	
460	335	443	436	153	323	392	352	
203	481	257	313	191	117	260	275	
358	374	281	12	421	369	361	37	
384	451	278	374	25	315	393	220	
494	186	354	150	376	256	171	15	
371	360	394	437	86	319	137	318	
210	437	478	432	79	112	94	19	
107	83	303	405	328	453	37	77	
138	478	444	169	426	275	97	471	
499	399	146	129	222	171	122	118	
493	373	341	395	472	348	473	380	
215	415	191	58	494	371	60	286	
461	326	188	96	215	113	288	467	
367	18	9	357	16	441	240	478	
