44	49	27	
8	39	1	
47	7	33	
23	14	13	
39	33	21	
26	30	0	
12	21	38	
13	39	29	
2	10	40	
3	28	46	
16	8	12	
11	46	25	
12	28	40	
18	36	17	
34	31	28	
41	47	3	
20	33	8	
5	30	49	
1	2	41	
11	16	38	
24	29	33	
21	17	42	
27	17	7	
38	4	2	
41	22	20	
31	29	40	
45	27	41	
45	19	9	
38	19	1	
47	42	45	
44	9	17	
31	34	22	
18	47	14	
6	22	32	
47	35	44	
0	44	5	
7	46	10	
11	8	9	
31	26	35	
24	49	21	
44	37	45	
10	38	37	
2	37	30	
21	45	10	
3	41	47	
26	43	0	
45	4	34	
30	1	8	
39	30	23	
49	11	35	
63	83	77	
97	86	74	
82	66	73	
66	75	56	
91	59	77	
70	99	75	
94	83	53	
52	81	94	
87	89	53	
56	72	87	
76	88	85	
80	99	84	
72	66	71	
85	51	99	
78	57	65	
50	66	67	
73	57	50	
52	99	92	
73	77	66	
88	58	94	
52	53	61	
79	54	70	
78	71	95	
81	97	99	
76	58	74	
60	92	82	
58	50	89	
62	86	97	
77	83	59	
90	76	57	
86	51	50	
64	74	71	
60	71	64	
96	84	98	
51	81	69	
84	94	55	
66	57	53	
76	53	93	
52	51	83	
83	70	84	
74	57	80	
54	87	79	
67	92	84	
88	95	57	
89	77	99	
89	80	83	
74	75	93	
78	76	94	
53	87	88	
52	63	76	
142	145	101	
105	115	140	
112	128	124	
114	118	113	
120	127	112	
137	128	110	
144	129	130	
104	144	130	
112	110	136	
144	100	146	
108	101	111	
120	119	116	
109	146	148	
106	144	122	
103	145	130	
137	113	136	
134	103	105	
126	109	145	
148	101	100	
115	132	120	
133	127	142	
116	138	139	
103	121	149	
135	120	112	
112	114	121	
101	117	148	
147	138	136	
126	143	142	
146	125	109	
129	112	107	
102	105	132	
111	124	140	
137	119	120	
130	100	125	
118	124	105	
134	130	128	
120	149	118	
146	125	131	
130	107	132	
114	125	118	
100	119	117	
121	126	107	
106	121	117	
147	112	110	
111	146	121	
119	141	110	
105	137	121	
129	127	130	
134	119	141	
149	124	100	
170	165	184	
181	156	174	
183	163	172	
158	153	197	
189	161	192	
186	198	179	
185	159	187	
193	159	186	
191	174	162	
180	161	165	
168	186	180	
161	157	182	
184	150	193	
185	163	186	
180	191	196	
196	193	152	
184	153	181	
173	155	162	
152	172	183	
155	173	165	
180	177	182	
185	150	160	
162	181	188	
153	161	177	
162	150	168	
187	195	177	
183	158	170	
174	176	165	
197	157	152	
181	154	170	
184	172	158	
165	171	166	
197	157	171	
164	183	163	
157	167	191	
154	182	151	
164	161	166	
178	188	151	
184	174	161	
175	193	182	
150	160	199	
197	196	153	
172	191	158	
181	154	179	
179	193	188	
176	180	151	
189	163	192	
158	165	181	
191	152	164	
190	181	198	
229	210	215	
248	216	236	
240	209	223	
229	249	213	
248	238	239	
243	221	215	
205	244	210	
223	235	249	
246	242	245	
227	219	239	
202	237	226	
232	249	202	
248	239	203	
244	235	241	
249	224	239	
200	245	243	
230	236	224	
210	202	207	
201	221	214	
201	235	214	
215	246	214	
211	206	227	
208	220	229	
238	212	200	
227	215	214	
230	238	234	
220	235	205	
235	208	204	
202	226	205	
224	223	222	
235	231	245	
211	214	224	
221	248	233	
206	225	246	
219	208	218	
235	225	247	
230	227	248	
217	241	243	
211	240	244	
235	225	227	
226	208	234	
228	222	206	
215	248	217	
224	213	205	
239	200	245	
220	226	237	
226	241	232	
229	244	243	
246	242	203	
221	202	210	
293	266	268	
282	266	264	
276	284	277	
252	266	299	
297	287	268	
258	280	295	
296	272	292	
250	295	263	
292	295	277	
263	282	286	
271	270	275	
270	296	288	
266	286	261	
293	264	260	
299	252	284	
274	286	268	
264	253	257	
278	284	298	
280	282	297	
267	291	289	
299	276	278	
269	287	275	
288	256	267	
291	293	263	
287	274	298	
282	285	273	
281	288	279	
278	293	290	
252	278	270	
257	259	260	
258	267	287	
269	272	290	
295	260	284	
254	252	273	
256	281	293	
299	281	294	
272	261	295	
283	281	250	
292	291	295	
278	273	297	
256	272	296	
286	287	263	
273	258	288	
299	262	273	
292	259	271	
289	270	283	
285	293	280	
287	295	275	
262	268	285	
264	275	263	
338	348	326	
319	324	339	
322	324	347	
310	336	303	
319	340	329	
301	334	321	
307	348	301	
326	329	328	
306	310	332	
344	340	322	
331	307	335	
319	315	326	
329	340	327	
313	338	312	
314	341	319	
300	317	327	
304	327	324	
315	309	314	
324	335	300	
313	338	315	
312	339	320	
308	330	316	
341	304	348	
313	301	333	
336	301	313	
338	332	326	
343	346	320	
338	309	308	
317	305	338	
315	346	302	
348	306	340	
300	310	306	
333	312	338	
307	325	344	
340	342	325	
325	337	316	
338	315	300	
325	321	301	
339	344	330	
312	347	332	
338	330	345	
319	327	315	
308	347	302	
346	333	342	
327	336	306	
346	324	341	
326	321	330	
310	323	331	
317	308	304	
329	322	310	
382	386	391	
361	385	381	
385	389	355	
391	390	359	
387	371	369	
363	391	364	
361	350	397	
393	394	376	
380	384	382	
357	354	358	
362	388	361	
360	376	394	
372	369	391	
389	398	385	
369	396	397	
369	353	360	
362	371	378	
390	399	362	
377	388	396	
372	396	377	
368	361	363	
383	395	359	
381	376	361	
390	396	363	
363	366	364	
368	374	389	
397	383	373	
398	369	383	
359	376	370	
394	372	389	
396	356	384	
350	361	378	
377	397	378	
379	366	351	
366	398	387	
373	366	371	
364	366	388	
360	350	379	
361	378	355	
379	399	360	
380	352	363	
390	354	373	
363	362	354	
360	380	354	
376	375	350	
363	374	378	
368	379	355	
356	383	398	
363	398	395	
372	359	355	
427	440	424	
404	403	448	
412	428	415	
446	444	401	
439	449	402	
448	426	442	
432	428	400	
437	415	407	
440	434	401	
404	409	431	
414	439	429	
430	426	444	
423	409	438	
429	408	449	
434	416	405	
439	424	413	
406	402	447	
423	448	445	
430	401	423	
430	418	420	
425	429	409	
445	434	436	
429	405	446	
425	443	415	
434	424	433	
405	441	447	
403	442	423	
420	406	418	
436	419	402	
423	412	400	
441	434	446	
421	420	448	
415	429	433	
432	440	423	
409	429	435	
428	439	416	
413	429	430	
408	435	422	
424	440	433	
426	443	407	
410	414	431	
448	405	403	
422	421	407	
435	436	441	
405	441	416	
401	437	427	
417	412	443	
445	407	430	
442	420	414	
433	401	443	
474	493	472	
470	452	490	
481	474	456	
479	472	459	
476	480	460	
476	452	483	
471	461	464	
495	472	459	
475	462	493	
467	457	493	
492	457	452	
483	475	484	
480	472	474	
494	465	461	
469	470	495	
480	463	486	
480	488	487	
465	477	471	
463	471	454	
489	493	496	
479	476	484	
489	458	470	
463	473	466	
496	494	481	
457	454	487	
482	487	493	
457	478	493	
477	463	464	
483	477	465	
493	482	467	
488	468	498	
469	470	478	
477	470	485	
451	490	470	
486	497	493	
452	466	470	
498	476	479	
462	455	452	
450	494	480	
450	481	454	
483	476	454	
458	477	456	
472	465	453	
454	486	458	
463	494	479	
490	484	485	
456	486	450	
453	486	471	
498	469	475	
450	458	454	
14	40	27	24	
45	35	20	40	
0	6	25	37	
43	18	14	10	
24	7	8	35	
40	11	29	8	
23	41	13	38	
0	42	49	36	
46	24	15	48	
3	6	19	32	
49	12	20	42	
47	9	11	30	
27	16	31	40	
16	10	26	8	
22	4	39	17	
38	30	28	17	
29	32	3	46	
14	10	18	26	
48	45	37	18	
48	42	17	3	
6	27	17	25	
5	7	23	16	
29	16	34	44	
37	48	18	10	
28	8	32	1	
15	24	9	31	
38	37	45	34	
19	39	40	46	
45	3	6	13	
28	42	49	24	
15	4	23	0	
46	31	13	14	
6	33	14	12	
0	34	47	46	
23	37	2	35	
12	41	6	26	
39	19	25	33	
10	16	25	17	
22	33	3	23	
8	37	4	31	
20	14	12	3	
41	40	23	47	
29	24	49	31	
24	5	20	41	
26	2	1	18	
36	47	26	29	
49	28	10	0	
39	44	8	4	
33	23	21	47	
2	33	45	10	
66	82	61	64	
87	97	93	88	
90	82	61	98	
80	50	53	88	
74	54	61	62	
89	79	87	80	
52	84	95	63	
98	64	68	85	
71	81	60	97	
69	57	94	55	
55	69	94	85	
95	93	72	51	
81	72	94	93	
74	91	92	73	
71	52	74	54	
62	96	51	67	
87	52	63	98	
58	92	54	75	
79	67	62	59	
56	79	77	52	
84	91	79	87	
93	97	54	62	
73	57	60	69	
93	85	71	90	
65	79	68	63	
72	55	57	76	
77	87	65	58	
69	84	90	95	
58	76	88	79	
85	88	77	63	
81	61	57	87	
80	74	81	71	
66	92	51	73	
83	85	86	80	
53	93	62	99	
87	56	96	50	
69	71	77	53	
81	94	60	59	
71	68	80	72	
70	54	96	59	
83	51	76	52	
71	73	72	50	
81	93	94	61	
62	91	84	85	
56	65	93	71	
66	58	82	67	
84	83	82	65	
63	61	84	97	
63	56	53	88	
54	90	89	72	
125	127	117	120	
124	147	133	130	
144	103	122	145	
125	122	133	140	
101	131	124	136	
103	129	128	112	
126	124	145	102	
149	107	147	146	
138	115	128	123	
134	132	133	107	
134	136	133	145	
114	140	127	121	
144	146	110	148	
132	119	101	139	
123	125	107	135	
112	119	109	135	
124	126	111	117	
103	122	109	147	
132	122	111	103	
113	149	130	145	
143	128	140	114	
122	149	110	112	
137	145	135	132	
119	108	101	145	
131	100	104	126	
133	103	113	132	
127	130	110	134	
128	146	120	137	
118	114	102	138	
110	128	129	144	
106	126	123	127	
127	144	124	122	
110	132	131	129	
114	119	122	117	
148	120	122	138	
138	101	109	124	
126	123	117	144	
101	132	129	123	
118	112	124	145	
143	140	116	101	
145	103	111	106	
105	127	101	103	
121	146	123	103	
144	116	138	140	
128	115	122	133	
122	141	140	137	
127	144	118	112	
100	103	127	145	
111	132	101	102	
137	107	123	109	
164	170	178	152	
189	153	185	196	
162	187	168	180	
193	199	150	180	
172	189	151	162	
154	176	169	150	
175	165	177	150	
153	166	191	184	
163	171	150	181	
175	176	179	192	
195	199	167	190	
183	172	188	167	
189	185	196	155	
160	171	154	178	
156	165	164	159	
190	192	167	182	
184	169	174	198	
166	173	164	192	
188	182	168	153	
154	180	184	199	
152	191	175	156	
157	153	192	194	
190	158	175	161	
158	177	172	167	
154	183	185	184	
160	154	182	190	
190	179	156	195	
159	182	178	161	
155	183	152	187	
176	151	169	174	
194	172	170	177	
175	198	181	162	
183	186	181	177	
156	193	151	164	
190	166	151	198	
185	177	192	163	
190	193	198	163	
171	187	174	192	
196	181	183	198	
189	183	151	182	
161	177	159	195	
157	151	162	175	
151	156	187	192	
164	179	165	167	
165	155	174	151	
172	165	181	199	
190	165	173	189	
163	196	179	151	
183	168	152	192	
151	173	195	160	
244	248	218	232	
202	206	214	239	
228	227	202	200	
238	207	232	221	
213	223	234	203	
228	249	233	205	
233	247	208	236	
230	210	228	200	
228	209	233	232	
218	220	244	236	
227	209	221	246	
203	206	207	214	
246	244	219	228	
215	229	241	209	
223	242	237	235	
204	236	220	205	
227	236	206	221	
222	239	236	226	
209	238	246	243	
215	219	213	223	
200	231	245	223	
208	236	238	221	
224	214	225	232	
240	225	213	217	
228	242	203	233	
210	237	219	236	
227	247	207	244	
219	220	227	248	
217	236	207	222	
216	201	214	223	
213	207	246	223	
238	242	241	246	
240	223	238	232	
215	249	201	227	
200	202	208	214	
210	236	223	231	
227	225	238	216	
209	201	230	216	
212	233	238	228	
205	234	235	209	
234	221	231	238	
204	242	235	237	
224	242	244	206	
226	221	243	228	
201	207	230	222	
205	239	220	208	
242	201	247	243	
206	242	245	239	
218	245	232	202	
220	238	209	212	
258	296	279	277	
253	277	280	266	
292	277	281	250	
250	298	270	290	
276	288	262	263	
282	295	276	251	
255	292	285	279	
295	267	272	265	
291	299	286	268	
271	274	297	296	
295	281	260	287	
251	258	273	279	
266	276	268	271	
294	289	261	293	
298	281	253	271	
268	265	263	275	
278	284	280	257	
269	258	273	261	
271	285	279	256	
253	282	299	265	
255	268	289	288	
259	295	265	250	
250	283	269	296	
265	298	282	286	
260	287	293	263	
293	294	262	281	
252	282	275	289	
264	251	283	278	
271	293	275	273	
292	257	285	288	
284	279	271	290	
267	253	294	293	
272	295	299	268	
263	284	287	298	
291	271	266	283	
264	272	291	294	
269	262	281	298	
278	283	255	281	
285	290	256	275	
289	256	257	269	
294	296	267	284	
269	262	287	267	
288	256	283	289	
271	274	258	250	
259	268	278	282	
262	259	267	273	
296	281	284	260	
254	275	292	280	
280	252	289	251	
255	288	267	284	
327	315	326	329	
312	323	304	333	
343	349	300	321	
301	306	330	320	
334	332	329	341	
345	308	334	327	
330	305	311	340	
332	334	347	337	
303	346	337	323	
329	301	347	316	
321	316	340	314	
321	343	333	314	
326	313	301	347	
301	338	348	300	
347	323	332	320	
301	310	320	300	
338	304	336	311	
347	320	341	325	
304	313	310	316	
319	314	338	303	
302	313	336	335	
314	323	348	301	
310	341	324	337	
311	301	308	327	
319	315	336	310	
346	309	340	304	
301	343	300	329	
335	342	318	337	
324	334	320	347	
311	310	326	300	
332	341	304	315	
300	331	301	325	
314	326	334	345	
330	348	343	303	
325	334	306	332	
348	312	300	329	
348	342	345	334	
310	332	343	348	
339	328	303	318	
346	332	313	331	
313	346	302	337	
309	319	342	321	
302	339	349	317	
347	348	314	323	
339	336	345	327	
306	329	314	330	
337	320	316	348	
304	316	334	300	
343	323	349	330	
349	305	302	324	
354	399	362	361	
381	384	355	382	
384	398	364	361	
375	357	383	393	
389	366	367	375	
379	381	384	372	
379	352	373	378	
353	376	391	372	
362	357	351	385	
384	366	386	383	
350	362	370	377	
392	360	359	364	
368	382	354	369	
395	381	389	378	
392	368	378	380	
398	353	392	397	
397	352	380	360	
358	395	392	374	
393	388	360	399	
387	377	354	374	
372	358	370	392	
371	389	381	386	
351	396	384	368	
356	350	390	376	
373	398	379	391	
376	378	351	374	
353	351	383	356	
377	356	367	353	
355	386	398	374	
363	390	373	375	
380	350	390	395	
351	374	371	367	
358	368	386	395	
389	356	377	369	
375	364	382	395	
377	356	385	366	
389	366	351	355	
372	382	395	351	
378	356	382	388	
366	391	374	376	
357	371	389	367	
387	352	358	391	
371	395	373	358	
360	353	389	381	
366	364	375	352	
385	398	374	384	
381	392	357	394	
368	383	367	366	
350	353	361	372	
387	396	357	354	
420	434	406	416	
409	408	436	411	
434	411	403	437	
402	428	436	417	
402	426	441	427	
432	431	402	408	
403	435	411	437	
446	419	436	431	
434	409	435	417	
426	431	440	439	
413	420	437	409	
412	420	432	429	
418	436	400	405	
403	437	433	447	
422	432	434	401	
443	404	428	439	
446	427	413	414	
434	421	439	412	
423	402	431	417	
444	425	448	418	
449	446	427	442	
414	430	447	446	
448	419	401	425	
437	430	400	438	
413	407	425	424	
403	428	409	408	
443	424	445	402	
403	440	435	402	
407	416	434	401	
419	438	416	422	
407	422	448	409	
422	444	407	443	
422	435	405	416	
432	445	421	437	
441	426	434	425	
400	407	438	401	
426	442	440	400	
441	419	432	424	
437	412	439	435	
427	409	420	414	
413	406	425	445	
414	422	434	424	
403	421	440	407	
421	413	414	447	
446	447	436	410	
403	412	400	429	
444	436	439	422	
422	409	440	436	
430	416	403	449	
443	406	413	440	
471	469	493	456	
493	451	479	483	
479	462	458	455	
452	450	455	486	
465	474	451	479	
455	489	498	476	
469	458	466	496	
451	481	499	493	
485	489	499	465	
458	454	468	490	
453	485	498	458	
477	488	485	466	
474	464	467	468	
488	489	485	481	
484	458	472	480	
474	476	450	483	
473	475	484	468	
485	481	483	486	
477	471	450	451	
498	460	453	455	
462	450	496	491	
460	489	452	473	
455	451	463	495	
474	481	488	498	
464	466	465	482	
461	455	450	486	
452	457	479	476	
479	482	462	493	
489	467	450	498	
497	453	488	455	
472	498	460	473	
457	458	483	479	
455	485	460	468	
463	460	482	450	
491	495	485	457	
458	476	467	477	
476	497	486	485	
488	474	480	458	
474	480	473	487	
492	498	463	495	
470	479	458	462	
491	464	482	495	
494	497	470	471	
457	491	469	464	
454	465	498	474	
490	463	472	478	
463	450	489	475	
455	452	496	467	
482	463	468	471	
478	474	477	455	
30	44	5	2	6	
23	18	24	43	46	
35	14	20	4	2	
46	23	43	22	38	
49	25	36	28	42	
29	46	4	34	37	
41	3	22	27	26	
35	7	0	4	33	
23	25	4	41	32	
19	9	22	14	49	
49	48	40	10	29	
41	16	15	29	12	
4	35	16	20	5	
21	47	31	8	24	
42	45	39	22	41	
30	39	25	20	1	
37	7	13	22	30	
41	36	33	49	48	
47	8	39	22	33	
13	43	41	30	24	
31	41	0	44	13	
21	44	35	26	18	
38	17	35	34	32	
47	37	13	43	8	
14	2	15	33	43	
32	15	41	40	6	
31	8	12	26	4	
15	22	23	11	17	
11	36	4	39	28	
38	40	44	11	23	
8	37	27	14	38	
40	10	48	12	37	
44	15	8	45	12	
8	47	26	49	5	
10	24	18	0	22	
40	35	36	29	0	
20	49	26	33	19	
27	42	24	41	46	
22	1	37	24	8	
34	19	13	22	6	
39	48	38	3	22	
18	34	35	12	15	
43	5	39	36	9	
47	7	37	1	40	
15	19	11	2	25	
3	27	48	29	12	
5	30	38	13	6	
48	33	16	46	49	
34	8	39	30	32	
40	33	46	45	38	
62	53	70	96	93	
95	89	60	83	98	
88	62	55	85	72	
66	87	71	79	74	
83	88	63	73	94	
60	56	69	93	94	
99	94	70	72	93	
68	85	69	58	66	
83	55	97	75	81	
84	54	79	76	82	
90	73	65	50	92	
72	73	64	50	92	
71	93	57	72	66	
88	50	76	67	51	
62	70	83	65	54	
65	67	78	88	98	
99	80	82	56	68	
59	51	77	74	56	
83	70	96	68	98	
80	87	86	88	75	
86	71	68	50	97	
76	82	78	70	72	
95	51	80	90	54	
94	82	58	83	95	
93	62	64	61	67	
73	97	84	68	60	
84	85	99	59	98	
90	79	88	69	61	
51	53	77	86	62	
86	50	78	58	54	
60	82	52	72	50	
58	70	57	68	81	
89	91	92	83	63	
57	62	89	87	88	
53	89	90	76	77	
53	57	65	51	94	
75	91	94	97	78	
82	87	61	94	88	
67	66	79	88	93	
95	62	91	67	65	
50	55	96	59	99	
91	83	63	97	70	
64	71	80	91	92	
54	51	88	86	99	
63	53	82	75	72	
90	89	76	62	53	
89	52	74	64	87	
70	83	65	75	89	
78	63	96	74	85	
89	98	56	68	86	
101	129	124	110	131	
136	105	121	132	125	
147	121	100	122	125	
125	114	142	127	138	
101	133	107	135	102	
125	127	124	104	134	
118	141	133	122	120	
106	126	138	119	117	
138	132	105	143	124	
125	123	131	113	130	
118	114	131	122	104	
104	102	125	149	142	
107	117	104	141	110	
139	135	101	102	116	
108	101	118	141	126	
116	141	121	146	138	
103	135	120	139	122	
121	101	108	113	112	
147	139	100	108	116	
100	138	145	140	144	
131	114	135	129	126	
108	136	138	119	135	
138	110	111	134	149	
119	139	118	106	136	
101	145	143	132	128	
103	144	100	112	106	
121	122	120	144	111	
130	118	139	110	101	
126	124	147	103	116	
137	110	140	149	120	
149	114	141	110	137	
140	141	102	111	105	
110	119	113	101	123	
121	130	123	101	142	
129	109	137	145	138	
118	109	142	123	145	
137	147	126	144	108	
108	110	139	101	134	
118	121	140	148	111	
142	143	103	138	133	
106	141	114	130	122	
106	111	121	141	109	
144	112	135	141	116	
148	134	142	140	141	
124	130	131	123	126	
145	119	110	129	126	
114	108	117	144	148	
137	109	144	123	128	
135	141	120	118	124	
120	131	139	144	125	
182	152	173	158	176	
168	166	199	194	161	
167	198	184	185	151	
161	174	171	179	180	
199	183	192	187	194	
156	189	171	162	173	
167	185	157	198	153	
178	195	151	153	158	
182	170	190	155	165	
168	165	155	158	196	
175	172	187	168	179	
185	197	188	153	187	
152	178	165	156	197	
170	159	175	156	169	
165	167	181	155	163	
169	176	152	151	161	
150	175	193	168	172	
181	157	167	174	197	
181	177	160	180	183	
195	182	187	155	161	
180	181	185	161	163	
188	169	161	156	153	
194	191	184	179	188	
196	197	195	178	170	
199	155	193	190	150	
151	183	181	156	186	
166	178	171	188	182	
178	164	151	159	197	
155	165	181	177	158	
191	174	157	189	192	
193	194	189	158	151	
170	161	162	177	188	
179	177	169	192	156	
192	170	157	159	165	
152	169	166	180	155	
162	188	187	154	174	
174	178	169	198	158	
158	172	173	184	179	
193	192	175	153	191	
153	166	165	198	167	
150	166	165	193	168	
158	181	154	186	174	
171	188	170	189	158	
190	159	180	160	187	
159	188	199	157	173	
152	177	182	166	150	
183	161	169	165	170	
175	183	165	182	150	
167	158	175	160	183	
190	162	153	183	156	
243	226	223	210	229	
242	206	220	217	218	
220	223	213	211	209	
213	238	217	246	206	
241	245	224	215	238	
219	237	245	231	217	
218	237	247	222	204	
242	207	221	222	231	
244	207	211	233	230	
235	241	229	228	206	
214	237	246	206	218	
249	205	211	236	200	
247	211	206	241	233	
248	223	213	243	239	
228	222	219	242	206	
228	201	236	215	213	
207	214	224	209	220	
242	237	241	233	216	
245	215	224	229	211	
221	202	220	200	227	
214	219	215	244	225	
245	203	233	240	226	
208	203	220	249	239	
229	233	226	203	235	
217	206	216	214	209	
244	215	217	220	234	
231	202	241	233	213	
243	210	209	215	203	
206	210	219	201	203	
217	214	200	228	242	
229	244	243	227	249	
208	210	226	213	223	
209	228	203	208	248	
237	248	235	206	218	
227	203	205	238	233	
243	213	219	206	245	
205	247	218	209	222	
246	235	217	220	226	
245	201	227	249	234	
247	244	214	239	230	
218	226	211	239	247	
239	243	214	249	235	
246	223	224	221	239	
207	228	225	245	203	
210	238	203	235	228	
243	201	231	239	242	
228	213	214	232	240	
203	221	222	236	243	
206	228	238	212	242	
208	244	241	207	228	
269	277	260	268	255	
276	282	293	281	286	
273	297	287	262	289	
263	261	254	284	278	
254	275	253	270	250	
277	282	261	254	278	
290	250	256	253	286	
276	274	266	280	286	
297	289	296	274	286	
258	291	288	254	298	
271	294	269	262	296	
256	280	282	275	289	
292	299	257	273	287	
276	252	275	251	288	
281	266	277	286	263	
270	285	273	286	284	
278	291	277	266	273	
282	283	288	291	273	
268	263	253	286	270	
278	279	265	299	293	
256	283	261	278	292	
278	251	283	294	297	
256	278	269	251	265	
297	261	277	264	268	
273	269	256	267	263	
265	284	298	264	295	
266	270	292	269	283	
269	288	264	276	254	
266	264	285	289	274	
282	296	276	290	298	
280	270	279	265	287	
273	274	260	263	296	
292	257	299	274	276	
261	288	257	273	292	
293	277	254	299	288	
283	271	286	293	298	
271	270	274	256	264	
277	293	298	264	267	
283	298	279	288	285	
280	253	283	276	296	
266	251	297	280	263	
261	291	288	283	252	
252	297	293	266	281	
286	280	261	273	265	
294	280	286	252	293	
294	280	259	273	296	
275	260	259	274	292	
293	253	292	261	259	
265	285	257	278	286	
290	280	258	263	277	
334	313	347	335	303	
347	303	349	323	333	
343	313	319	329	314	
335	300	323	324	313	
346	305	329	342	321	
310	307	329	300	333	
309	348	310	312	313	
313	301	332	314	306	
311	319	343	316	302	
311	322	340	346	303	
318	313	334	347	343	
314	310	318	331	302	
320	312	347	311	301	
300	345	316	302	311	
331	336	305	328	344	
328	340	305	335	336	
306	338	337	313	318	
306	303	325	328	330	
342	344	317	347	333	
306	336	308	327	314	
335	303	304	324	305	
345	318	330	328	309	
315	310	345	313	323	
305	330	300	329	301	
311	333	343	317	313	
306	343	326	303	348	
333	349	324	340	316	
326	329	320	303	318	
302	320	348	337	311	
340	347	326	311	323	
347	318	328	305	345	
317	309	321	318	340	
313	316	308	347	331	
326	320	308	336	340	
320	318	348	332	325	
329	346	344	341	337	
329	321	325	310	313	
309	329	306	332	333	
319	334	343	329	302	
341	343	334	346	332	
328	322	340	305	306	
341	318	322	332	309	
322	329	347	300	315	
304	331	330	336	333	
305	349	348	300	309	
318	335	342	345	322	
338	317	303	347	334	
342	320	324	340	336	
329	311	312	346	336	
302	333	338	316	332	
372	362	359	398	383	
356	397	371	380	398	
379	392	394	387	361	
354	364	367	384	357	
392	377	374	356	375	
388	364	368	373	380	
397	386	362	351	396	
381	391	389	372	357	
380	364	383	392	370	
350	380	396	356	391	
365	393	383	375	369	
354	372	367	351	392	
371	358	350	391	386	
379	375	366	388	391	
355	358	393	399	374	
364	352	358	399	366	
352	385	397	382	366	
375	360	358	389	361	
389	373	388	382	386	
350	363	393	394	381	
385	356	367	398	357	
381	352	378	375	369	
365	380	352	369	376	
369	358	365	381	359	
353	379	380	373	385	
382	355	362	356	378	
357	350	386	396	375	
388	392	394	354	365	
395	358	389	351	361	
366	368	379	383	377	
371	386	367	366	385	
375	388	398	378	380	
379	374	359	355	366	
354	381	374	353	377	
386	397	380	387	389	
355	361	389	357	393	
377	381	356	383	382	
354	398	360	352	355	
392	385	387	360	357	
362	365	380	399	373	
366	375	382	373	369	
363	356	382	391	369	
397	355	350	376	372	
382	373	361	358	393	
364	395	363	360	351	
363	376	370	393	373	
365	379	361	350	394	
360	393	363	397	358	
398	395	370	353	361	
351	370	354	378	380	
404	421	426	430	436	
406	407	415	437	416	
432	436	443	435	424	
424	422	418	413	407	
401	432	414	444	405	
412	437	449	417	428	
414	415	410	400	429	
402	405	414	423	444	
449	408	423	437	438	
411	413	430	431	406	
412	429	409	419	430	
406	425	447	448	439	
428	402	429	401	412	
419	402	443	421	424	
442	403	433	435	417	
440	413	437	433	434	
418	403	431	404	444	
403	410	447	402	401	
444	431	428	405	415	
433	445	400	409	428	
410	449	418	437	447	
411	435	413	410	400	
406	435	412	442	403	
419	413	406	441	431	
412	435	443	445	425	
431	424	430	425	404	
409	427	432	406	411	
432	440	435	400	447	
415	442	414	439	412	
432	422	431	412	403	
445	404	448	412	413	
438	413	443	404	442	
431	444	425	442	424	
400	415	436	440	438	
405	412	421	418	424	
427	428	413	407	417	
404	438	444	439	437	
430	443	423	446	405	
438	406	426	446	442	
448	439	425	400	449	
431	432	401	409	445	
429	446	445	438	442	
437	432	426	402	439	
437	411	440	435	417	
417	404	442	432	435	
405	449	429	438	433	
409	412	407	416	437	
441	447	414	434	403	
401	425	449	430	410	
432	412	403	409	425	
491	454	455	487	477	
455	477	470	457	487	
486	452	485	494	457	
461	492	480	475	455	
478	454	463	490	489	
478	464	482	483	487	
473	457	456	487	496	
495	478	471	475	451	
471	491	464	452	488	
481	483	476	455	451	
450	482	485	470	473	
453	485	450	486	452	
473	477	476	469	493	
465	477	455	490	466	
489	453	452	461	490	
453	485	454	480	492	
465	472	467	473	461	
475	463	452	488	461	
491	479	496	474	493	
496	451	459	465	497	
481	493	476	462	457	
497	471	494	481	469	
491	451	489	466	495	
469	457	486	485	468	
483	481	458	491	497	
469	477	486	470	461	
497	453	473	480	450	
457	469	460	492	473	
487	486	490	495	474	
466	485	482	497	474	
461	488	463	480	458	
484	486	461	470	494	
453	497	452	467	463	
450	479	491	462	487	
482	491	472	473	477	
490	499	478	453	459	
474	469	497	454	473	
466	491	480	484	472	
453	464	452	485	490	
486	469	466	480	496	
488	497	463	470	493	
459	497	481	482	466	
486	477	461	475	468	
493	492	489	454	469	
480	495	465	452	490	
487	470	498	497	452	
490	487	476	494	477	
484	461	495	470	496	
480	496	465	477	466	
475	474	476	478	492	
340	326	440	42	201	448	
181	429	265	460	166	322	
121	290	180	11	13	153	
52	271	474	234	343	182	
391	247	468	139	426	192	
305	272	280	97	454	131	
12	398	412	464	133	451	
69	124	56	13	384	381	
209	156	8	105	133	249	
314	322	17	446	7	332	
144	120	360	493	380	440	
375	423	323	329	384	357	
121	215	327	412	304	460	
12	227	283	367	479	496	
65	142	331	427	322	186	
443	335	462	259	268	363	
211	175	260	105	119	137	
334	307	158	371	66	274	
484	361	453	205	106	311	
415	235	207	468	29	93	
250	130	236	349	4	326	
277	418	241	84	280	62	
386	258	482	445	301	37	
156	76	135	53	93	355	
217	177	432	69	115	92	
27	314	272	35	255	201	
392	250	75	251	372	50	
164	288	430	441	332	351	
70	53	177	424	372	309	
91	464	393	101	411	12	
339	51	157	478	298	445	
414	217	493	454	129	64	
400	492	31	213	109	6	
127	418	461	251	462	248	
199	419	415	194	333	240	
270	243	36	491	222	229	
117	396	36	152	278	3	
145	123	120	416	163	437	
113	11	227	378	128	362	
188	380	498	191	155	474	
390	454	131	68	184	174	
100	220	212	75	90	114	
179	444	347	255	396	270	
93	238	75	78	232	487	
194	166	143	83	89	191	
243	65	468	462	357	335	
78	444	279	320	252	257	
76	358	299	240	27	327	
374	35	290	412	97	376	
457	285	67	483	143	193	
482	369	229	385	187	42	
292	89	280	3	382	392	
279	480	382	14	170	159	
89	311	44	49	114	58	
149	342	446	268	244	130	
179	79	457	209	7	76	
499	213	353	5	92	14	
137	297	139	172	245	177	
371	127	126	414	93	233	
264	329	133	270	155	421	
93	446	251	406	317	97	
247	371	171	248	318	466	
13	155	228	445	483	210	
213	131	308	83	87	376	
499	440	382	423	373	442	
237	183	393	89	181	221	
303	343	201	332	31	214	
458	393	195	201	296	463	
474	323	154	206	487	188	
296	51	352	294	360	70	
337	212	341	262	58	191	
468	250	387	153	91	300	
182	283	339	153	341	54	
110	189	465	274	426	264	
128	300	496	104	84	44	
399	421	154	347	35	390	
276	68	480	172	386	135	
224	272	135	390	41	276	
378	95	395	479	349	364	
204	103	318	90	450	214	
424	292	185	24	118	92	
337	263	319	5	323	239	
139	470	157	222	167	117	
50	434	64	151	214	371	
429	220	232	321	298	187	
123	391	467	19	364	349	
33	195	462	196	3	447	
342	144	79	113	214	412	
465	314	222	240	237	362	
461	146	33	218	328	181	
185	71	60	395	415	389	
307	295	76	212	288	79	
356	497	328	3	357	291	
406	96	154	206	225	256	
371	195	452	17	441	80	
204	416	304	284	411	1	
67	40	238	470	309	158	
392	162	47	5	66	1	
375	279	277	209	206	28	
14	64	394	304	433	200	
402	353	187	158	321	466	25	
363	19	356	113	12	287	31	
346	491	497	292	461	228	360	
358	230	297	60	366	32	259	
230	149	164	453	48	84	17	
250	118	180	80	231	97	243	
410	312	66	60	352	239	146	
122	336	236	207	297	32	13	
287	143	137	461	458	294	388	
230	75	305	60	209	103	345	
272	235	289	154	172	162	52	
396	346	397	299	83	443	414	
102	471	285	142	188	186	490	
477	454	389	421	242	113	444	
171	155	400	194	249	53	412	
447	78	455	194	470	496	263	
165	453	112	363	235	128	19	
282	15	338	21	342	359	399	
367	325	51	269	61	221	324	
376	240	101	206	333	143	367	
381	457	250	98	203	89	147	
428	289	323	391	57	282	245	
285	377	474	231	441	153	267	
65	147	39	433	492	463	108	
76	494	208	123	2	136	490	
355	13	311	477	24	196	158	
101	276	57	224	127	1	177	
43	247	67	48	319	206	234	
9	120	460	266	125	401	464	
406	484	46	249	416	11	375	
446	263	374	473	459	89	256	
94	235	255	86	378	182	205	
300	35	7	16	382	309	222	
298	474	202	449	268	32	395	
167	161	390	48	184	53	22	
458	213	485	399	496	363	239	
314	105	330	441	238	217	170	
99	88	89	163	443	49	42	
481	237	378	382	281	177	183	
24	222	453	425	263	322	1	
378	488	423	240	16	279	485	
207	26	3	122	149	229	115	
95	381	226	448	53	39	212	
474	412	187	386	289	12	360	
180	408	56	104	447	381	278	
221	485	121	120	404	358	268	
458	71	40	145	41	82	9	
229	300	153	363	152	370	429	
361	126	396	433	323	419	437	
216	140	185	485	87	319	444	
310	285	400	150	475	214	424	
275	214	464	480	159	300	69	
300	213	467	447	112	7	13	
488	364	442	58	82	230	114	
238	456	32	460	263	318	11	
448	115	208	291	309	310	96	
125	294	448	367	404	333	20	
130	76	312	87	448	450	181	
15	459	351	50	91	316	97	
52	235	40	15	264	201	376	
338	326	103	27	34	41	77	
108	280	266	297	307	135	391	
21	89	143	339	103	489	75	
263	133	11	24	488	258	44	
330	459	342	494	130	363	485	
412	304	131	109	24	364	137	
107	138	141	431	229	47	377	
254	123	82	460	219	443	399	
45	210	183	232	338	494	0	
327	10	22	470	331	432	156	
422	363	72	264	388	124	382	
479	71	182	276	237	107	407	
494	137	477	349	288	181	34	
457	51	361	5	186	328	391	
340	328	332	319	241	495	289	
312	346	402	51	150	362	418	
261	380	369	436	153	455	1	
415	260	111	157	299	498	5	
357	409	113	173	164	293	5	
340	236	381	339	89	343	241	
39	416	445	23	311	144	139	
352	153	220	396	35	177	257	
120	76	306	324	366	302	460	
294	404	486	153	260	284	161	
166	239	61	322	187	240	420	
6	408	226	419	112	486	202	
297	158	420	80	152	133	284	
356	365	224	311	150	312	39	
298	250	450	348	126	51	230	
393	274	390	406	236	39	461	
402	195	231	5	254	363	401	
166	330	62	447	433	498	463	
287	173	77	480	349	259	472	
285	75	152	474	38	222	433	
193	53	309	175	366	206	118	
95	309	376	16	358	191	390	
2	16	331	286	304	101	192	
475	281	419	434	203	223	4	
176	295	18	242	140	438	183	
351	13	120	372	356	403	370	
427	153	138	304	309	193	32	390	
458	300	61	145	73	28	187	247	
360	330	366	320	434	40	251	310	
200	39	142	14	237	281	3	85	
65	123	281	353	72	138	257	70	
262	409	172	224	95	273	71	181	
399	288	432	410	231	1	199	407	
109	270	160	383	15	335	142	342	
161	221	118	380	144	201	107	238	
231	432	344	323	77	388	237	56	
143	70	90	213	147	427	118	440	
493	123	151	220	409	68	143	439	
289	427	347	494	444	241	310	342	
250	137	234	156	201	331	219	173	
238	361	347	142	149	77	212	366	
453	192	208	349	260	405	297	261	
39	214	307	341	224	7	20	473	
350	478	271	232	175	66	309	221	
305	391	107	69	90	153	412	367	
156	480	358	477	487	270	74	291	
94	308	276	261	263	252	231	30	
69	124	187	486	163	82	221	38	
54	484	357	391	472	129	423	443	
82	139	300	423	291	312	72	416	
14	290	122	445	158	285	126	481	
43	138	317	423	183	231	0	189	
90	251	422	177	87	457	21	66	
120	265	226	103	385	155	474	77	
104	404	465	154	99	46	365	138	
493	361	267	261	333	336	33	43	
121	305	361	420	270	477	381	232	
249	311	35	490	130	323	191	190	
423	49	267	483	1	139	26	480	
168	406	403	288	87	124	408	38	
126	335	489	472	137	276	458	375	
406	428	198	386	282	328	325	279	
313	422	488	3	32	80	222	380	
94	58	43	26	218	114	327	65	
32	45	270	310	188	243	240	14	
43	112	364	369	306	332	443	276	
241	120	284	463	197	73	387	143	
166	390	459	425	167	68	432	331	
461	61	370	304	36	84	49	424	
8	201	223	288	190	56	141	59	
413	129	103	250	108	289	75	318	
120	114	479	417	470	353	257	477	
100	175	349	55	321	442	371	461	
99	138	207	257	353	3	361	492	
145	366	232	421	398	448	329	50	
197	143	274	449	149	471	192	3	
346	398	370	292	475	348	442	339	
153	250	61	190	400	123	32	71	
76	145	31	240	285	416	19	470	
191	163	268	397	477	37	481	296	
207	190	156	288	285	77	269	9	
191	62	378	488	291	217	89	213	
81	38	214	154	28	455	350	54	
71	369	494	458	350	200	253	497	
407	487	358	108	167	437	151	465	
397	371	291	401	454	91	322	416	
319	167	103	354	350	275	368	188	
365	401	174	73	38	55	180	57	
266	41	356	411	97	424	201	365	
416	39	31	76	302	412	442	94	
455	338	327	122	176	263	203	440	
19	426	285	351	273	450	405	336	
151	163	406	410	350	205	118	443	
130	247	400	488	83	444	223	143	
48	234	386	485	156	463	155	490	
415	131	298	201	441	159	4	140	
141	371	159	123	305	20	329	432	
455	343	237	186	364	294	220	200	
110	152	20	456	58	307	450	447	
179	311	283	177	205	87	482	297	
103	63	199	316	68	105	185	81	
366	253	389	71	235	283	230	321	
71	471	247	149	275	171	145	232	
112	476	295	46	79	75	424	491	
112	126	95	358	11	402	307	111	
252	292	127	491	464	202	273	15	
126	471	390	60	282	99	450	320	
495	476	388	340	487	214	408	402	
66	279	87	98	399	91	216	282	
224	299	149	475	43	83	208	281	
74	132	174	194	52	313	273	159	
449	8	272	493	31	25	205	238	
164	60	120	65	9	62	153	490	
327	436	315	20	283	154	292	497	
238	214	233	292	31	33	107	173	
162	142	122	100	392	471	361	398	
425	36	257	456	343	381	304	229	
343	106	78	479	160	361	171	440	
229	293	225	241	388	277	243	55	
14	225	396	445	65	209	71	298	
432	167	77	421	364	334	26	38	
276	359	486	45	136	213	181	216	
340	455	400	54	452	467	3	225	
444	301	47	323	153	336	275	477	
117	66	122	494	145	203	155	209	
218	68	180	87	20	57	97	64	
