44	32	34	
9	41	32	
6	47	38	
10	7	36	
33	46	38	
28	22	7	
27	16	48	
20	35	22	
13	42	30	
25	12	45	
40	12	9	
25	46	23	
16	46	6	
44	38	16	
34	15	3	
12	44	6	
19	3	46	
18	1	32	
27	46	37	
24	14	6	
40	44	1	
27	36	19	
37	35	42	
33	49	45	
37	40	34	
8	27	45	
42	17	46	
25	5	17	
31	0	5	
28	40	12	
46	33	30	
33	48	49	
26	31	13	
5	49	0	
8	6	34	
19	34	44	
3	1	22	
14	31	5	
40	24	14	
41	5	29	
20	40	41	
5	44	48	
33	15	38	
24	13	43	
14	17	34	
42	37	12	
13	14	18	
10	29	28	
16	36	29	
35	33	29	
85	68	82	
76	51	56	
70	89	76	
59	95	87	
62	81	55	
88	63	58	
82	70	72	
72	77	50	
70	56	81	
85	74	78	
53	96	90	
57	90	79	
75	93	87	
86	89	69	
59	57	71	
69	87	54	
88	94	65	
96	63	89	
90	71	81	
51	65	53	
60	83	63	
53	73	63	
78	83	60	
60	87	62	
84	71	81	
81	72	68	
87	72	77	
68	62	85	
72	92	50	
67	88	82	
82	95	68	
51	64	63	
92	62	81	
70	79	83	
57	56	55	
91	79	73	
52	55	61	
97	64	92	
82	53	58	
60	69	82	
97	66	61	
52	84	60	
66	67	72	
76	95	54	
65	99	91	
86	80	74	
50	72	74	
73	69	72	
68	76	53	
55	92	56	
142	135	105	
128	125	146	
130	125	113	
144	133	103	
122	147	125	
123	141	112	
122	107	142	
142	105	106	
104	144	110	
126	141	137	
103	132	126	
120	136	101	
145	111	105	
137	107	124	
112	119	120	
140	107	146	
130	109	120	
146	124	127	
122	102	109	
104	116	145	
140	133	146	
120	130	136	
102	131	100	
147	112	148	
140	116	144	
114	110	107	
138	136	133	
131	140	110	
132	113	139	
113	117	143	
130	123	145	
124	100	127	
105	115	132	
146	113	140	
118	123	114	
103	108	123	
113	142	145	
114	104	149	
148	110	105	
111	131	107	
140	103	128	
107	133	129	
113	116	120	
102	145	139	
122	129	131	
105	112	126	
132	118	119	
121	101	137	
147	120	127	
107	126	111	
177	168	189	
195	158	186	
182	171	160	
176	174	167	
158	194	152	
157	196	169	
154	189	165	
167	152	170	
177	154	170	
168	173	186	
182	199	159	
187	199	171	
191	154	164	
171	162	199	
172	155	175	
162	188	186	
175	158	195	
167	152	159	
178	196	154	
166	160	184	
154	183	175	
187	163	194	
155	153	172	
172	160	174	
192	166	150	
185	194	176	
157	171	199	
177	156	171	
182	196	151	
194	165	181	
198	187	159	
172	153	164	
161	180	188	
195	175	192	
150	177	185	
158	182	162	
186	164	152	
176	154	153	
153	167	164	
184	191	176	
173	183	174	
197	184	187	
190	181	194	
150	165	163	
151	176	173	
189	197	177	
157	160	151	
152	183	175	
189	159	164	
171	187	165	
238	234	206	
240	228	204	
245	224	231	
249	240	213	
201	207	218	
244	228	217	
233	216	218	
205	213	203	
214	247	241	
236	209	249	
216	225	203	
243	210	213	
206	230	205	
204	245	224	
248	230	214	
214	225	235	
234	214	202	
212	248	244	
242	211	212	
216	213	223	
202	203	230	
236	239	230	
224	244	235	
208	209	228	
239	225	220	
219	214	227	
221	201	219	
233	240	211	
219	244	246	
222	243	230	
232	212	215	
213	210	204	
248	230	249	
246	234	245	
207	222	213	
222	204	206	
200	221	210	
237	245	206	
207	226	219	
240	218	228	
239	208	221	
238	230	246	
224	243	203	
227	214	237	
202	213	245	
244	206	219	
212	230	241	
237	236	230	
200	209	224	
243	210	247	
282	288	295	
260	275	296	
296	258	256	
279	277	263	
278	255	272	
253	294	281	
262	290	253	
279	269	293	
282	272	256	
286	279	296	
253	271	296	
265	264	284	
296	264	256	
262	283	268	
262	251	258	
288	285	271	
280	294	296	
283	269	286	
294	257	259	
270	255	296	
287	261	251	
260	271	286	
292	297	293	
258	272	265	
268	253	257	
250	297	256	
268	270	295	
276	282	271	
286	261	290	
258	295	272	
253	299	292	
291	267	254	
274	263	271	
298	256	277	
299	284	295	
295	254	280	
290	279	296	
294	296	272	
268	251	256	
268	286	261	
260	282	268	
251	284	260	
270	269	274	
264	288	258	
269	296	299	
267	257	296	
287	299	283	
280	252	296	
285	272	287	
253	265	254	
336	344	346	
319	339	307	
333	347	309	
340	345	337	
333	300	328	
338	322	344	
334	341	323	
323	322	303	
344	304	326	
332	341	310	
343	332	321	
347	344	316	
308	306	334	
301	348	342	
327	301	325	
333	300	330	
346	342	311	
310	311	312	
347	345	335	
308	314	325	
335	309	304	
312	322	328	
329	307	326	
321	323	337	
333	302	345	
348	310	308	
306	341	327	
311	349	348	
335	312	314	
306	308	349	
338	305	347	
301	329	331	
345	327	342	
317	332	331	
340	324	339	
347	326	310	
314	347	336	
316	325	302	
317	322	320	
330	322	332	
319	309	347	
331	349	306	
347	311	312	
319	343	332	
311	305	325	
341	327	325	
331	305	333	
322	325	332	
305	344	336	
309	321	312	
360	385	387	
381	353	366	
370	365	352	
372	394	385	
363	372	381	
361	385	350	
377	399	355	
360	380	378	
361	365	350	
379	373	371	
366	353	369	
368	355	394	
395	394	360	
370	375	358	
389	376	368	
366	353	350	
372	365	369	
356	399	384	
355	386	374	
351	362	353	
350	364	390	
379	384	358	
386	351	364	
396	369	392	
372	389	384	
361	395	365	
398	376	352	
369	398	354	
380	356	395	
379	396	385	
351	398	399	
383	388	398	
392	357	375	
361	364	366	
390	385	363	
391	396	378	
386	385	387	
355	351	376	
356	369	398	
367	357	362	
384	359	399	
373	372	393	
362	351	396	
394	366	357	
367	359	397	
391	392	366	
353	372	396	
375	382	390	
377	392	378	
382	352	373	
437	427	409	
425	422	404	
429	407	442	
437	447	408	
434	433	445	
400	402	446	
414	430	422	
404	403	440	
431	429	408	
431	426	418	
436	400	417	
410	425	439	
430	424	426	
407	449	439	
444	448	418	
427	447	445	
419	400	430	
443	437	421	
427	417	444	
401	435	439	
406	418	416	
417	443	422	
415	422	437	
436	447	438	
400	420	438	
414	424	440	
426	441	442	
413	430	401	
403	440	425	
421	441	422	
438	442	412	
432	400	448	
405	445	415	
443	402	432	
405	423	407	
438	447	427	
435	406	419	
411	409	420	
449	430	434	
420	430	441	
416	407	436	
441	448	416	
408	438	445	
446	421	414	
442	412	438	
415	442	428	
406	402	419	
409	441	449	
438	415	403	
443	420	444	
497	474	495	
482	467	460	
494	491	469	
460	455	496	
473	498	453	
458	493	485	
474	455	463	
453	479	451	
457	497	450	
482	461	471	
458	463	452	
483	470	465	
450	499	482	
461	474	467	
477	460	478	
484	467	478	
480	475	478	
460	483	465	
457	465	452	
461	486	455	
499	450	498	
469	493	484	
475	468	458	
490	467	486	
454	490	463	
457	483	492	
469	470	484	
467	485	469	
491	489	497	
458	498	450	
478	477	469	
479	475	483	
477	454	490	
450	479	499	
493	477	480	
461	454	494	
472	474	473	
457	472	489	
454	462	485	
455	499	469	
476	481	454	
475	490	463	
482	499	491	
462	491	458	
459	457	469	
488	484	491	
490	467	497	
488	463	455	
453	461	476	
490	466	495	
8	36	0	32	
24	29	2	25	
38	26	29	47	
41	43	34	8	
39	12	33	11	
1	23	26	5	
16	35	40	39	
48	9	40	26	
28	17	48	15	
37	25	4	15	
6	38	31	7	
17	19	8	16	
35	25	31	24	
11	21	25	40	
47	0	7	26	
13	37	11	41	
2	21	47	1	
42	41	49	40	
48	11	25	18	
3	9	27	30	
29	6	49	43	
17	5	1	14	
26	2	22	37	
18	8	1	41	
31	15	7	29	
28	48	17	0	
13	42	34	37	
13	22	46	9	
44	36	5	8	
30	28	35	10	
33	27	7	13	
24	32	40	47	
3	33	29	36	
22	3	24	6	
25	23	47	27	
26	44	47	5	
13	5	21	17	
43	5	30	28	
34	47	46	7	
32	15	38	4	
44	18	22	11	
30	12	32	34	
20	14	32	11	
31	1	49	30	
30	40	16	36	
21	32	18	12	
3	10	28	27	
32	14	49	15	
11	9	40	32	
39	28	14	46	
99	60	82	96	
56	59	69	99	
89	97	83	91	
85	76	80	53	
70	83	77	72	
65	64	54	99	
51	93	92	70	
73	78	75	83	
81	53	57	82	
68	52	62	53	
64	51	79	60	
92	79	60	64	
93	82	96	54	
87	57	53	91	
51	86	94	73	
98	65	90	77	
95	69	52	83	
68	93	63	85	
51	98	83	81	
92	93	56	80	
99	77	87	66	
94	99	74	53	
91	85	65	79	
91	98	62	61	
65	58	93	62	
71	96	55	56	
65	69	67	63	
85	74	75	51	
93	73	77	68	
56	94	55	66	
85	50	67	84	
90	54	69	75	
95	65	79	89	
52	64	95	63	
92	59	50	65	
57	75	97	94	
67	56	70	50	
92	80	59	70	
70	73	79	94	
61	70	55	60	
99	93	68	66	
64	74	50	60	
56	72	51	84	
81	87	90	89	
98	96	61	87	
98	72	68	51	
72	65	50	73	
98	63	59	82	
86	61	92	99	
75	50	88	90	
122	145	121	125	
113	123	146	121	
112	128	104	115	
113	149	146	145	
103	119	132	120	
110	134	144	131	
134	141	148	130	
115	114	121	123	
135	100	114	101	
102	113	125	128	
100	133	118	117	
125	129	140	109	
135	136	139	148	
133	128	106	118	
125	113	114	107	
139	134	113	116	
128	131	144	119	
144	147	131	136	
137	106	136	121	
120	117	100	140	
127	123	125	105	
141	130	143	119	
130	113	122	112	
108	113	101	141	
139	141	102	110	
120	118	114	122	
128	113	100	121	
102	135	115	122	
130	101	127	121	
105	142	100	108	
132	121	128	136	
107	119	114	105	
106	123	129	116	
117	146	122	111	
114	106	145	135	
149	141	103	137	
109	149	134	115	
139	126	108	117	
105	140	148	121	
123	116	138	112	
121	114	133	115	
114	139	120	138	
119	112	111	104	
148	144	124	132	
114	102	127	131	
140	130	112	122	
106	111	141	110	
141	120	122	144	
100	115	134	105	
101	109	117	135	
199	178	190	191	
173	160	167	161	
184	170	185	162	
154	170	192	163	
182	187	170	151	
173	187	196	153	
153	150	161	158	
177	191	179	167	
154	175	194	151	
171	174	161	151	
160	177	179	157	
157	184	170	167	
169	196	175	166	
182	168	198	173	
180	193	190	154	
155	161	157	160	
182	187	193	155	
157	167	176	180	
175	186	190	167	
194	161	155	176	
183	152	160	197	
165	157	161	183	
190	159	155	199	
162	157	189	194	
150	166	170	165	
191	163	151	171	
194	186	177	154	
169	191	186	188	
156	165	161	173	
194	177	151	198	
198	179	183	191	
161	174	189	169	
194	163	174	179	
173	190	187	163	
191	196	181	173	
152	161	194	191	
199	164	193	182	
176	160	178	185	
199	157	194	193	
190	187	185	199	
189	196	152	165	
183	160	198	175	
151	161	152	162	
169	198	176	192	
172	163	165	158	
176	184	158	152	
178	190	177	169	
156	163	197	169	
195	159	169	197	
165	167	184	182	
201	219	225	224	
237	216	232	201	
218	213	241	232	
244	207	226	231	
223	249	237	217	
218	219	214	246	
234	220	208	244	
214	244	246	248	
234	222	232	209	
242	222	218	239	
208	213	218	243	
222	210	215	218	
244	243	223	239	
218	249	230	208	
249	210	241	216	
212	230	215	246	
226	215	230	206	
228	209	249	229	
227	200	225	215	
237	229	242	244	
237	207	235	239	
249	219	241	202	
217	205	204	213	
216	235	240	207	
216	205	237	203	
211	245	236	240	
214	248	224	243	
234	214	208	231	
229	204	213	201	
223	229	242	211	
211	241	221	218	
214	247	242	249	
210	233	234	226	
237	248	210	205	
232	229	227	246	
221	240	214	213	
227	209	223	229	
212	220	238	239	
246	209	210	242	
231	233	222	230	
240	237	217	244	
201	217	207	230	
206	224	239	241	
231	207	237	232	
229	230	214	208	
204	243	232	240	
201	236	231	200	
232	246	223	238	
217	210	215	225	
240	238	234	203	
275	262	268	265	
281	294	260	293	
289	281	277	252	
262	268	285	287	
281	267	270	286	
270	283	263	299	
276	255	299	254	
268	286	252	259	
297	285	272	292	
289	276	262	269	
265	257	289	268	
270	254	259	266	
297	272	286	259	
281	275	288	283	
285	279	257	265	
286	287	251	250	
251	267	276	258	
250	299	279	266	
255	257	275	291	
260	289	263	273	
273	287	253	294	
255	293	277	267	
253	290	279	282	
255	272	298	265	
255	252	285	282	
265	278	294	257	
250	273	281	262	
276	298	269	299	
260	269	288	266	
286	285	262	258	
287	252	291	253	
288	263	264	279	
294	276	299	258	
262	252	259	289	
256	259	285	250	
270	276	254	281	
295	296	291	286	
260	274	295	277	
253	252	266	294	
273	286	288	252	
263	262	280	279	
255	271	253	267	
269	283	292	262	
252	289	267	262	
289	276	254	277	
253	292	270	290	
273	266	276	267	
284	274	267	280	
264	256	284	270	
289	281	256	290	
339	313	317	343	
318	345	326	317	
347	337	344	304	
325	328	330	308	
338	339	348	346	
318	337	328	335	
321	342	309	337	
301	312	304	309	
339	332	315	321	
306	322	318	307	
332	318	324	311	
300	318	315	342	
321	341	310	342	
346	347	324	321	
301	309	331	336	
343	341	329	336	
329	311	301	326	
301	333	324	325	
347	346	348	302	
322	348	314	328	
330	321	319	348	
321	319	316	337	
302	338	316	327	
336	323	340	332	
309	337	345	314	
305	338	328	329	
301	308	335	322	
326	317	336	344	
346	339	314	349	
339	335	327	343	
349	309	340	331	
320	315	342	304	
347	328	341	342	
310	320	337	304	
323	308	346	309	
314	323	320	310	
323	322	345	312	
338	319	307	348	
323	334	322	308	
345	320	303	339	
309	302	312	316	
324	345	326	301	
311	321	341	322	
318	337	343	335	
345	318	342	319	
301	314	345	304	
345	312	322	316	
326	328	318	320	
310	329	336	304	
336	345	344	326	
370	358	386	399	
390	393	394	368	
359	388	353	372	
369	399	355	370	
356	351	375	395	
364	376	367	387	
394	355	358	380	
351	375	361	388	
387	356	383	363	
368	374	363	386	
372	392	393	384	
386	360	384	381	
361	388	371	384	
351	384	362	386	
360	380	353	356	
361	391	385	355	
371	377	354	392	
366	388	394	391	
393	379	371	392	
360	367	381	390	
371	372	366	352	
388	373	353	369	
371	399	381	366	
388	366	350	365	
374	382	355	394	
396	355	389	398	
388	367	364	376	
388	369	396	357	
374	382	383	358	
366	360	350	352	
396	394	389	362	
378	395	370	364	
353	368	364	389	
354	388	369	380	
358	399	362	395	
381	370	397	392	
366	398	353	362	
399	372	396	352	
351	390	354	367	
363	393	355	375	
373	359	395	391	
370	368	399	396	
378	381	389	383	
358	374	362	388	
394	398	369	355	
363	358	379	377	
354	374	382	378	
370	352	361	362	
397	393	372	377	
399	398	368	386	
404	403	412	433	
422	440	448	439	
401	447	415	417	
428	403	444	401	
411	420	403	402	
425	410	444	437	
407	413	424	401	
426	436	421	443	
437	445	408	420	
433	444	440	441	
400	449	409	414	
410	438	424	425	
448	410	430	436	
444	430	409	408	
440	433	422	403	
400	408	413	422	
432	409	415	440	
410	424	425	420	
446	425	404	417	
433	406	440	427	
410	435	430	440	
425	434	406	431	
443	432	437	429	
432	428	439	413	
437	415	426	443	
431	430	410	438	
420	435	411	443	
439	433	419	407	
416	424	435	420	
416	407	400	428	
437	441	430	448	
421	442	412	429	
412	411	434	424	
416	435	417	448	
409	411	442	430	
439	408	417	429	
431	422	443	440	
437	428	427	410	
401	411	443	440	
415	441	435	447	
430	425	407	428	
425	400	440	449	
445	441	417	448	
408	422	400	411	
424	405	437	408	
449	441	412	417	
424	413	442	409	
421	407	432	416	
426	405	423	411	
430	439	446	435	
464	479	481	460	
478	499	498	456	
454	490	452	471	
495	475	460	494	
486	463	464	467	
494	489	475	477	
461	476	495	479	
481	465	492	491	
499	491	492	493	
487	463	484	494	
481	454	477	473	
478	466	479	452	
467	466	475	495	
464	493	487	481	
486	481	457	484	
484	486	459	494	
453	457	471	465	
498	450	483	472	
473	493	498	492	
450	499	492	465	
489	477	471	490	
479	473	499	496	
450	455	498	484	
479	463	495	452	
454	473	471	464	
450	470	475	480	
494	483	479	457	
482	452	479	491	
456	452	455	450	
461	467	472	499	
495	465	486	496	
465	493	466	456	
487	469	461	483	
455	460	467	456	
456	490	498	459	
479	456	474	476	
478	473	462	495	
495	455	488	458	
454	487	485	460	
496	455	480	458	
452	491	494	479	
477	491	452	495	
460	485	496	476	
486	462	450	484	
475	487	495	497	
491	475	497	488	
487	461	471	482	
481	488	472	453	
491	477	481	465	
463	469	477	493	
4	11	25	36	37	
21	36	40	27	43	
15	44	13	25	30	
6	13	26	17	30	
12	16	48	7	20	
20	3	31	27	0	
34	43	33	8	18	
11	14	45	21	37	
39	31	33	1	24	
16	1	30	18	9	
45	10	22	5	14	
39	36	27	5	29	
40	27	2	45	26	
3	48	34	28	29	
32	44	37	30	40	
17	8	34	4	11	
14	45	15	25	44	
1	5	8	25	34	
22	40	44	17	46	
2	27	23	33	3	
37	48	32	12	3	
6	17	45	19	9	
0	16	26	24	27	
40	45	16	38	10	
19	16	43	27	18	
22	46	14	24	5	
14	9	42	20	48	
28	30	33	22	7	
47	19	18	31	20	
22	14	11	36	24	
40	18	3	28	21	
19	12	32	23	11	
47	33	32	36	43	
39	15	16	14	11	
28	49	14	22	38	
3	16	49	0	42	
11	7	48	4	32	
23	14	34	13	7	
47	7	12	31	13	
15	0	28	6	34	
7	21	43	26	14	
13	16	10	6	46	
0	36	33	28	27	
8	23	25	17	44	
21	35	2	14	31	
19	46	18	7	31	
17	25	23	44	43	
11	31	22	20	36	
39	7	31	28	1	
4	43	41	9	0	
51	89	95	71	54	
73	95	72	93	91	
90	64	67	55	80	
89	90	59	67	58	
87	53	73	93	75	
79	84	90	87	70	
79	61	50	95	57	
80	90	75	95	71	
82	64	90	76	68	
62	78	98	50	73	
92	61	73	91	55	
68	53	70	74	90	
95	53	52	73	65	
57	63	93	79	95	
60	92	90	61	72	
90	63	65	75	64	
74	54	91	50	65	
64	93	80	82	58	
84	73	97	88	80	
98	61	74	70	90	
56	91	54	85	98	
87	71	75	86	79	
59	71	91	74	66	
68	52	51	97	58	
60	91	69	87	54	
50	67	74	94	52	
66	92	52	83	75	
66	58	56	93	85	
65	80	94	96	63	
71	58	76	61	72	
65	78	73	95	91	
67	65	87	63	62	
84	55	91	75	68	
97	80	78	95	94	
87	74	63	57	82	
68	99	86	96	62	
74	90	79	87	51	
78	98	94	60	58	
95	61	83	90	81	
99	92	93	63	88	
70	99	72	69	79	
90	98	83	63	87	
83	80	82	84	65	
96	67	79	70	68	
94	88	62	61	51	
81	76	61	91	58	
73	75	55	68	83	
92	57	75	51	70	
51	69	93	75	76	
75	65	98	74	81	
115	148	118	126	124	
114	113	101	138	137	
138	139	127	110	117	
122	128	135	144	115	
140	121	128	100	111	
135	107	130	127	136	
142	122	109	118	127	
118	142	115	137	111	
101	135	118	148	100	
140	137	112	120	131	
127	110	107	146	100	
112	116	102	129	117	
126	102	147	114	109	
140	149	118	104	119	
123	104	103	143	140	
100	139	110	146	127	
146	106	105	127	125	
138	112	107	133	143	
102	116	110	141	115	
107	120	115	140	128	
137	103	122	116	108	
129	106	140	122	146	
120	144	137	133	146	
100	117	140	107	103	
114	139	141	129	147	
131	135	137	130	145	
115	131	127	143	130	
110	116	143	128	114	
101	133	143	123	118	
116	115	100	143	128	
116	126	125	104	115	
111	108	134	140	123	
126	109	119	130	144	
103	139	116	141	142	
103	118	111	136	108	
131	147	145	108	138	
138	102	149	135	111	
130	132	124	139	136	
106	122	145	119	137	
104	133	110	122	129	
118	148	139	104	133	
146	148	104	136	120	
131	145	147	115	128	
106	148	131	108	121	
138	131	132	107	118	
109	136	128	105	145	
124	143	137	109	136	
140	135	103	132	141	
102	121	111	112	115	
113	104	110	103	127	
184	171	180	170	160	
177	158	157	156	166	
151	188	182	193	164	
182	165	155	184	188	
178	167	187	175	173	
165	180	157	164	193	
170	169	155	162	173	
198	186	188	169	150	
156	154	160	199	188	
165	195	193	180	184	
195	157	172	192	177	
180	169	157	182	175	
150	189	188	172	166	
170	157	162	169	178	
189	181	193	158	170	
184	153	161	165	159	
177	182	154	161	195	
152	191	185	150	164	
187	160	173	165	163	
189	185	181	195	159	
176	194	166	174	190	
194	177	182	167	198	
188	151	157	171	179	
151	175	196	167	199	
178	190	180	193	194	
185	157	169	160	172	
170	179	175	172	158	
168	186	188	198	177	
177	169	170	153	156	
157	155	173	191	193	
196	162	156	152	189	
154	156	193	196	150	
196	172	152	154	171	
187	188	192	171	174	
198	197	157	186	189	
192	155	182	189	183	
198	179	174	168	187	
176	197	185	177	187	
183	193	156	176	152	
159	183	178	196	166	
181	169	156	183	189	
166	180	186	151	162	
153	157	184	170	174	
174	163	158	189	198	
162	170	189	171	164	
154	179	157	177	192	
176	174	152	181	182	
182	158	193	192	170	
160	156	161	186	182	
177	161	156	179	198	
228	235	221	200	211	
226	201	223	219	221	
238	215	205	222	249	
216	242	219	211	249	
238	226	241	249	212	
239	221	243	234	227	
244	243	205	216	225	
208	201	217	244	219	
217	227	248	213	236	
244	224	229	215	242	
220	201	207	226	202	
226	229	204	211	244	
211	230	216	240	235	
221	233	246	232	234	
200	241	232	208	219	
228	233	203	231	238	
211	248	212	203	234	
206	213	210	232	216	
243	237	216	233	203	
203	234	237	235	228	
216	219	224	239	209	
201	223	227	213	239	
220	222	209	246	208	
245	228	212	234	213	
204	219	231	213	233	
226	241	214	242	206	
215	201	225	232	212	
221	225	245	246	200	
210	204	239	231	240	
213	221	229	214	216	
219	211	229	249	240	
214	243	213	208	246	
240	209	238	232	216	
225	205	212	242	246	
243	216	228	245	227	
234	211	212	210	241	
210	215	244	225	211	
236	238	207	211	224	
202	230	205	240	238	
201	209	236	214	248	
248	223	214	206	244	
204	244	218	215	206	
217	201	227	226	246	
217	228	224	210	205	
221	214	227	247	232	
231	244	221	234	247	
225	232	205	214	217	
200	230	224	201	231	
213	201	231	235	207	
231	208	220	222	217	
274	260	277	293	295	
257	294	299	298	259	
260	267	271	299	283	
259	281	263	277	294	
256	270	286	289	253	
284	271	299	258	255	
294	251	254	268	250	
280	259	276	284	271	
284	252	292	294	296	
255	290	259	276	260	
255	265	289	276	269	
255	287	280	285	270	
273	290	285	256	261	
262	282	298	285	259	
288	255	278	260	254	
260	299	292	286	257	
277	252	262	293	274	
289	295	294	279	291	
272	294	263	250	296	
286	271	296	259	289	
268	267	254	291	286	
287	279	297	266	267	
263	278	293	250	270	
256	299	257	294	253	
263	268	270	285	253	
261	294	287	251	285	
291	264	294	284	267	
273	268	285	280	258	
253	279	254	259	252	
293	280	282	270	281	
274	266	254	293	270	
297	293	258	264	295	
269	280	281	271	278	
263	280	266	265	273	
284	252	286	277	255	
257	250	290	278	272	
278	289	286	297	298	
264	265	252	291	287	
258	264	262	291	287	
250	270	290	297	282	
278	296	297	280	298	
278	296	261	282	273	
278	285	296	263	275	
259	284	271	289	292	
265	281	275	283	282	
273	259	268	275	285	
295	256	296	265	267	
257	286	271	289	253	
250	271	265	295	280	
287	262	267	295	250	
324	316	338	330	335	
330	339	303	301	317	
307	331	332	314	325	
301	334	338	324	312	
349	316	321	332	306	
325	321	347	314	335	
325	314	346	337	344	
317	349	320	322	319	
318	302	303	315	316	
302	326	312	349	348	
323	347	327	346	315	
307	317	330	303	324	
321	344	349	306	336	
341	319	304	327	340	
312	304	306	332	301	
319	302	308	318	309	
316	336	303	346	319	
307	332	310	317	334	
343	307	319	310	308	
317	343	319	348	311	
300	313	349	330	333	
325	345	332	331	322	
345	328	301	334	333	
318	320	335	315	348	
344	316	319	340	349	
347	317	310	341	322	
327	330	334	311	319	
304	310	343	305	344	
311	318	328	304	324	
332	343	310	324	333	
313	330	343	349	320	
309	321	340	302	333	
315	310	334	311	339	
343	316	306	315	301	
301	346	338	307	339	
306	348	323	329	315	
346	328	302	303	340	
317	312	344	319	308	
328	327	332	348	317	
345	323	321	319	305	
309	338	330	325	315	
336	318	337	343	305	
340	323	319	348	304	
301	320	336	312	329	
337	330	334	303	318	
335	320	330	300	309	
304	318	342	349	309	
319	312	347	331	324	
339	311	317	338	300	
311	333	320	325	305	
399	392	371	394	386	
355	390	396	386	361	
397	390	354	367	375	
373	360	376	384	359	
391	398	387	382	372	
385	353	388	358	378	
394	351	398	355	397	
361	394	351	387	365	
362	370	359	376	358	
354	374	363	390	383	
361	358	368	397	370	
398	388	355	386	393	
388	380	382	384	391	
377	365	364	391	372	
359	395	350	383	366	
378	353	377	351	388	
391	372	382	366	360	
385	389	355	399	363	
388	390	375	383	381	
381	385	369	372	391	
383	371	393	369	384	
364	387	383	369	363	
360	381	358	364	372	
382	362	396	365	384	
372	398	364	383	389	
392	358	387	357	386	
397	398	396	382	355	
393	354	379	385	361	
373	374	383	390	357	
375	353	357	388	365	
383	365	394	386	395	
377	360	369	364	350	
386	391	361	387	382	
391	388	362	357	364	
355	367	370	374	386	
376	364	379	363	365	
364	388	352	398	363	
350	380	367	363	361	
385	378	399	351	382	
379	373	381	369	361	
395	361	358	385	350	
397	358	362	398	350	
386	350	396	383	371	
373	387	350	367	357	
352	380	393	371	398	
369	353	352	375	362	
367	376	380	386	369	
364	379	390	358	385	
370	361	375	358	376	
389	397	370	386	393	
413	430	435	408	419	
435	446	412	447	430	
436	401	419	413	428	
414	427	438	419	435	
430	410	441	437	436	
408	409	404	424	411	
443	444	404	434	412	
419	447	422	414	445	
420	422	428	409	424	
405	425	404	438	434	
407	425	401	408	428	
419	440	437	448	430	
434	411	426	446	442	
427	409	421	431	435	
439	404	446	428	413	
413	423	415	411	419	
428	410	441	417	421	
445	409	440	429	414	
412	433	425	442	405	
444	416	421	430	413	
400	434	401	407	415	
401	416	449	402	437	
426	430	418	407	402	
409	417	400	405	415	
400	417	416	434	420	
421	414	429	433	409	
440	425	404	400	403	
423	425	420	448	418	
434	428	448	422	429	
414	417	442	441	409	
423	432	442	413	439	
404	403	431	417	438	
443	409	449	426	437	
424	405	401	411	400	
438	442	447	434	417	
438	444	411	429	422	
442	425	404	415	424	
421	420	423	449	410	
403	408	416	447	442	
439	409	437	442	417	
440	410	416	444	413	
411	402	412	439	406	
416	401	409	426	448	
446	407	406	423	408	
445	402	427	420	423	
413	441	423	417	429	
435	402	430	426	409	
440	449	430	426	400	
422	428	408	434	414	
412	415	417	436	447	
487	496	479	458	460	
499	477	498	468	494	
471	494	460	464	477	
480	453	479	454	498	
482	488	489	466	492	
492	461	463	464	494	
469	456	475	461	491	
454	472	490	491	485	
480	486	499	455	492	
464	471	487	495	493	
456	469	479	487	499	
487	478	459	453	477	
489	461	457	451	486	
472	456	495	485	459	
473	468	492	460	479	
483	453	461	479	467	
489	465	483	475	493	
497	464	454	475	493	
451	487	461	472	456	
497	479	476	481	486	
453	464	460	491	459	
492	495	461	465	482	
485	451	498	450	473	
477	483	471	492	496	
459	494	475	458	466	
464	453	468	481	499	
483	484	460	491	486	
489	497	460	452	464	
463	471	462	450	451	
476	494	496	457	462	
459	475	453	477	467	
470	493	463	475	477	
491	483	461	479	457	
497	480	472	469	479	
464	473	474	450	489	
475	497	482	461	493	
498	473	451	486	479	
484	453	482	495	477	
480	477	473	469	498	
464	487	471	499	467	
458	480	476	498	464	
456	477	481	499	484	
482	499	492	475	496	
474	459	499	450	465	
453	457	493	492	480	
454	489	470	494	498	
490	470	468	495	489	
481	472	458	451	465	
455	488	471	479	494	
472	482	492	460	493	
164	105	230	301	316	339	
261	433	401	176	374	44	
398	390	26	485	31	283	
333	383	27	132	494	16	
299	379	13	128	62	0	
423	353	276	351	480	284	
494	262	395	342	296	399	
395	137	313	466	183	499	
191	260	377	160	359	253	
188	407	77	96	95	425	
269	160	142	153	474	345	
415	378	101	215	86	241	
40	290	93	406	416	266	
404	188	271	317	387	249	
28	277	44	384	91	361	
386	328	175	277	481	472	
481	271	170	289	212	139	
12	95	380	3	496	207	
18	53	487	159	387	112	
297	466	41	144	109	352	
32	421	235	327	82	128	
164	218	387	50	41	52	
1	289	291	216	126	367	
27	40	126	349	183	269	
144	325	390	229	269	148	
291	33	87	479	456	467	
199	54	278	113	462	478	
408	355	379	239	53	49	
485	360	359	22	482	138	
230	143	409	200	426	271	
21	464	488	444	234	27	
45	133	48	63	396	2	
112	133	367	428	497	305	
424	422	131	277	174	314	
412	374	52	242	217	230	
246	112	65	120	2	351	
213	274	14	196	262	148	
190	308	19	227	426	453	
247	373	463	334	166	266	
377	87	305	298	108	284	
327	285	132	158	340	453	
18	297	235	100	456	274	
20	198	173	60	463	419	
221	74	486	417	326	482	
48	8	109	422	125	489	
189	326	433	442	366	309	
282	497	395	326	127	81	
129	87	192	484	110	442	
34	119	426	431	266	375	
52	140	290	1	54	120	
159	379	319	326	290	269	
368	10	474	261	19	120	
18	395	264	54	380	256	
305	131	49	150	481	395	
45	284	425	341	182	129	
111	310	152	108	193	268	
446	111	340	341	377	477	
410	446	229	407	302	88	
5	155	339	100	131	415	
310	321	423	368	402	124	
359	371	289	329	1	435	
135	332	303	40	174	11	
333	248	486	79	245	452	
243	376	300	475	122	197	
0	405	287	391	199	178	
233	32	141	104	436	358	
37	343	272	115	399	50	
446	97	32	83	246	328	
332	101	152	150	161	392	
397	142	196	166	23	469	
7	465	332	45	467	28	
357	167	92	362	36	125	
103	176	111	475	298	387	
73	294	373	404	62	32	
385	78	226	167	399	364	
134	50	223	381	251	318	
307	288	336	331	268	291	
214	28	478	96	132	476	
43	298	299	214	90	315	
139	342	406	77	18	458	
110	253	196	261	133	232	
86	228	261	245	426	194	
156	399	386	303	430	388	
344	306	269	451	14	69	
327	241	416	392	137	307	
384	216	5	2	388	28	
489	31	448	274	206	451	
162	240	453	229	194	27	
174	152	182	207	361	200	
66	385	407	453	170	236	
390	422	76	351	55	132	
412	348	194	91	489	259	
167	365	160	258	145	3	
226	474	482	133	215	347	
342	56	64	348	313	284	
1	92	393	95	102	128	
222	244	191	162	450	431	
453	251	362	267	194	341	
175	464	375	25	299	439	
184	496	237	253	231	391	
36	402	415	338	429	93	
304	263	400	272	25	206	
63	195	239	439	393	331	
112	266	351	32	376	262	
192	320	288	217	457	271	
466	344	440	417	100	433	
126	171	235	320	159	460	
12	99	137	79	28	470	
333	361	248	493	414	224	
325	245	208	244	291	265	
54	120	190	363	392	141	
365	366	268	215	50	205	
110	243	413	39	35	256	
327	337	279	168	99	409	
188	168	0	255	60	271	
203	121	304	315	43	216	
487	411	268	386	23	322	
85	14	205	369	36	210	
287	301	168	61	29	63	
78	466	370	0	155	147	
499	113	289	370	385	440	
111	88	351	237	197	410	
470	460	112	104	278	442	
477	407	448	299	196	260	
270	497	181	379	371	429	
100	461	455	211	240	206	
241	188	286	140	405	181	
418	267	345	186	268	233	
341	356	72	79	478	127	
22	459	130	147	264	111	
6	268	476	258	215	301	
454	161	428	276	88	389	
91	246	56	155	395	426	
170	479	466	237	330	478	
323	158	232	371	274	461	
450	121	141	197	373	345	
318	175	81	74	397	111	
147	354	319	386	88	484	
489	39	167	32	312	318	
493	453	0	77	258	37	
172	381	284	403	163	56	
82	269	58	403	125	443	
492	66	373	397	450	399	
240	71	16	477	368	36	
82	326	141	210	94	114	
155	480	368	112	313	379	
499	209	129	323	373	132	
311	305	160	88	281	340	
457	194	235	208	292	133	
297	100	213	189	448	122	
294	485	393	418	395	1	
283	128	479	442	403	300	
180	424	29	67	455	321	
133	315	476	292	493	464	
268	147	433	63	89	192	
361	377	211	137	154	266	
83	93	418	455	369	56	
368	299	334	155	150	278	
192	360	227	400	251	156	
344	195	418	122	265	246	
40	426	358	100	18	379	
70	217	388	344	166	58	
489	260	73	276	60	300	
161	214	337	407	158	155	
387	197	423	448	402	114	
83	72	337	354	481	477	
405	203	119	459	276	439	
203	310	434	336	290	379	
349	281	65	48	22	246	
456	305	126	10	189	248	
122	217	451	484	473	108	
478	489	44	446	124	95	
33	267	170	369	105	365	
179	316	53	289	204	380	
98	161	87	123	480	165	
295	294	29	31	327	274	
225	314	39	110	50	479	
26	384	324	36	490	59	
265	406	405	131	290	252	
345	465	213	349	362	196	
233	203	205	210	253	260	
339	29	310	146	354	44	
7	38	209	475	172	288	
315	440	344	441	69	405	
102	123	246	373	281	15	
151	282	292	261	484	32	
202	300	101	456	105	147	
41	27	197	401	79	83	
253	438	50	317	93	133	
98	51	360	30	63	471	
212	214	183	228	58	425	
427	465	47	172	226	168	
162	353	35	321	267	116	
50	185	385	480	337	325	
195	93	319	162	25	112	
63	205	360	26	144	353	
188	76	24	408	389	357	
214	349	72	151	109	319	
499	224	209	260	292	176	
161	420	140	324	163	154	
202	114	120	173	330	205	27	
253	360	470	46	284	366	317	
190	77	370	74	270	127	417	
4	29	128	309	414	324	30	
136	36	350	227	240	410	195	
364	379	267	235	127	94	438	
169	128	498	226	80	175	376	
81	67	295	132	234	433	242	
418	25	397	259	166	264	15	
321	343	73	236	140	477	194	
123	487	172	113	370	119	171	
102	272	8	393	165	436	83	
206	3	182	379	281	395	448	
331	6	266	268	441	64	360	
317	281	288	449	401	87	180	
378	147	460	192	390	406	19	
78	64	99	209	388	18	300	
132	109	115	459	297	264	84	
203	448	141	66	442	465	96	
176	223	435	474	114	17	385	
2	188	140	18	122	460	226	
152	345	465	198	300	354	160	
215	355	57	100	447	378	163	
157	254	428	263	383	328	275	
470	419	92	498	367	409	445	
129	230	184	399	495	280	162	
200	353	337	317	105	300	315	
288	326	429	461	274	317	289	
195	446	122	141	200	157	42	
294	42	369	330	424	285	250	
392	478	191	22	224	299	206	
32	379	310	267	395	366	92	
400	385	47	164	114	158	386	
270	281	210	199	435	73	467	
475	304	18	24	100	107	473	
254	259	127	392	299	302	332	
447	85	479	173	110	411	252	
321	404	203	383	19	225	431	
202	425	72	410	480	77	181	
447	323	99	87	398	83	193	
300	64	38	342	296	20	230	
411	269	478	398	85	191	373	
282	423	69	157	37	428	48	
456	58	469	1	379	8	42	
429	8	176	304	223	287	18	
472	237	353	63	189	18	467	
144	34	432	481	160	292	49	
458	323	76	476	327	129	25	
39	262	302	57	345	433	295	
356	214	95	342	160	103	363	
147	128	246	148	146	105	32	
363	47	351	481	10	331	88	
29	164	278	414	390	149	103	
474	54	27	193	277	451	128	
291	225	272	399	462	371	283	
351	431	143	469	472	356	358	
285	385	167	427	130	48	12	
210	27	403	0	394	417	490	
354	38	316	81	439	282	120	
117	343	353	431	245	22	110	
201	194	91	49	206	78	330	
85	109	141	36	11	407	369	
111	214	469	146	258	50	26	
339	111	389	64	456	438	84	
468	378	445	33	64	267	15	
372	189	275	463	223	433	414	
64	229	484	394	249	7	283	
473	74	248	171	57	309	289	
445	412	246	231	449	105	159	
54	84	404	480	424	414	58	
124	26	370	141	309	0	146	
312	340	183	26	223	400	452	
95	313	23	457	47	113	151	
146	271	239	253	350	56	256	
429	302	250	28	7	249	328	
201	359	6	245	157	322	163	
245	451	468	301	7	2	463	
370	204	147	45	267	19	180	
453	410	17	122	347	491	213	
15	51	383	410	9	122	431	
100	380	17	121	348	106	338	
310	135	366	107	46	498	430	
260	327	130	376	160	203	450	
266	378	203	39	237	375	128	
297	146	349	250	165	482	57	
348	279	352	43	151	221	471	
223	386	362	111	182	62	292	
487	473	10	148	137	356	455	
30	334	238	260	154	177	433	
234	106	199	367	190	75	457	
287	354	220	137	331	133	212	
482	2	290	234	426	438	134	
428	255	261	463	491	480	426	
450	340	0	304	38	441	197	
168	413	401	205	202	149	317	
195	404	386	143	35	144	242	
299	61	377	400	466	5	257	
486	442	37	470	399	184	289	
62	230	21	342	224	58	406	
32	392	54	57	215	101	478	
483	124	499	5	38	81	75	
63	454	376	484	215	102	333	
379	156	206	339	64	172	3	
189	285	119	152	13	468	203	
29	205	3	260	356	461	0	
192	287	291	439	81	40	238	
464	374	8	414	118	399	185	
428	109	230	367	312	223	338	
75	83	290	76	64	179	212	
451	475	12	158	353	462	104	
372	481	199	178	317	166	375	
344	366	260	289	108	255	163	
484	228	440	53	436	125	39	
442	128	268	27	132	150	221	
225	314	229	446	349	103	83	
184	420	250	270	323	192	361	
139	42	191	311	97	316	344	
142	408	175	358	284	184	409	
227	195	398	230	134	259	103	
335	224	15	64	384	450	401	
420	32	456	124	17	15	298	
402	239	280	397	144	129	328	
409	456	371	352	479	33	320	
14	378	405	481	239	449	373	
452	324	17	153	186	312	334	
94	90	241	462	364	381	287	
198	219	112	320	275	336	450	
60	192	479	274	184	329	349	
405	68	461	107	277	310	495	
387	345	353	283	229	254	80	
270	425	305	498	190	301	395	
433	250	296	294	237	234	469	
472	153	208	222	79	70	2	
290	393	87	189	379	170	58	
493	460	101	445	356	60	20	
446	263	352	343	3	440	145	
464	186	124	281	461	118	214	
42	474	47	39	101	452	481	
45	237	252	120	140	37	401	
357	412	395	483	233	317	102	
197	430	345	414	333	200	240	
23	64	264	370	210	67	347	
496	147	423	241	392	320	491	
297	199	321	422	206	482	336	
166	134	89	299	341	479	14	
24	150	247	26	90	168	116	
90	130	12	99	435	373	366	
264	228	451	126	275	43	337	
360	70	276	28	108	95	155	
148	237	30	51	409	76	373	
4	22	494	40	252	77	26	
438	234	399	70	154	465	439	
405	130	123	209	117	218	379	
147	486	441	151	461	67	9	
182	292	458	286	403	92	357	
405	136	364	377	87	46	106	
249	492	481	157	43	391	7	
210	370	372	290	284	380	388	
382	105	163	374	261	172	408	
293	313	71	345	91	365	44	
411	328	209	483	57	493	248	
378	361	221	144	385	340	220	
136	152	349	472	44	466	257	
203	240	404	247	272	48	200	
131	442	477	346	16	400	214	
475	201	71	248	329	92	411	
232	141	25	278	12	352	223	
243	459	447	272	13	209	212	
341	256	302	437	41	119	438	
325	163	64	177	347	278	15	
189	154	247	265	33	7	443	
101	317	133	298	143	199	66	
285	325	111	334	359	138	216	
8	441	207	262	215	368	19	
176	273	232	487	447	10	114	
461	352	395	84	24	240	219	
181	228	378	438	390	0	329	
448	408	231	495	329	350	56	
262	356	495	102	18	225	213	
424	205	254	100	288	84	94	
142	272	185	281	233	42	311	
7	78	412	68	302	350	303	
36	297	333	2	372	149	278	
473	235	468	228	358	109	492	
85	126	299	419	481	374	394	
329	296	225	9	79	477	189	
65	129	318	145	480	203	182	
10	224	249	312	345	172	310	
184	245	183	431	69	367	196	
286	324	235	269	339	405	340	
399	97	74	351	159	466	403	
409	49	167	383	208	461	47	
177	336	328	373	421	398	314	
139	140	206	333	32	296	210	
243	302	148	413	259	371	475	
479	54	416	262	469	131	236	
365	241	368	240	194	49	100	
110	266	87	465	34	332	89	
133	419	222	462	175	98	316	
139	256	99	457	42	182	347	
280	41	318	450	433	417	347	246	
330	75	179	66	263	489	164	168	
54	92	172	479	164	404	221	103	
358	231	341	405	247	79	219	140	
17	133	145	465	28	486	183	335	
33	248	27	439	100	231	445	48	
256	76	229	270	213	472	239	167	
132	46	495	350	469	294	439	103	
101	428	456	486	276	334	178	419	
274	391	442	273	464	281	193	228	
30	195	379	466	390	53	396	114	
117	293	445	87	9	297	107	462	
96	7	332	465	140	128	401	212	
135	284	255	162	388	270	395	310	
315	241	265	39	466	354	183	403	
33	392	60	287	164	308	319	86	
66	37	498	211	106	306	322	298	
154	249	234	304	145	12	377	36	
475	304	94	446	121	236	415	264	
325	428	165	359	320	477	289	357	
474	177	282	30	346	334	271	17	
129	294	403	167	60	276	455	120	
32	211	245	101	330	3	421	319	
127	38	360	296	367	270	239	439	
404	118	155	417	47	114	121	318	
222	326	179	475	132	226	215	480	
291	36	29	358	433	89	481	211	
242	90	134	269	198	194	115	51	
237	119	468	397	239	108	36	271	
288	497	459	93	284	262	64	131	
371	362	54	218	181	440	337	418	
177	146	444	383	77	55	342	390	
201	320	407	395	430	414	342	181	
16	337	25	484	133	375	260	268	
161	189	149	235	400	343	388	428	
241	15	117	268	275	186	74	217	
172	167	211	447	10	3	36	38	
49	18	275	330	20	452	484	117	
163	477	186	298	243	140	31	195	
141	57	382	255	433	375	334	478	
185	229	322	89	411	174	106	291	
126	409	46	84	412	273	311	443	
445	235	320	329	238	384	124	334	
0	26	479	293	201	96	76	321	
412	344	315	485	248	377	394	121	
182	355	194	171	57	80	195	354	
421	409	415	155	36	243	49	487	
26	196	385	250	71	374	17	204	
343	139	127	319	455	105	135	58	
34	240	29	183	453	478	128	85	
253	324	69	377	105	329	209	33	
23	226	150	307	122	83	429	243	
82	149	24	147	401	414	418	41	
249	161	45	59	458	375	117	129	
123	351	160	102	451	113	89	344	
399	183	411	219	260	221	334	319	
398	403	227	94	115	335	367	48	
436	498	241	289	353	335	233	41	
43	381	335	92	261	50	209	392	
441	49	43	209	363	258	327	351	
120	104	108	464	483	252	242	430	
476	297	82	162	209	153	491	291	
433	82	41	393	180	457	307	211	
189	133	129	464	32	379	478	424	
325	143	191	465	264	221	226	365	
245	459	142	82	150	408	482	484	
385	148	64	196	206	43	104	122	
430	476	84	24	5	302	404	1	
485	262	415	425	308	253	483	248	
300	381	90	132	371	358	142	160	
238	342	312	220	275	299	308	73	
131	276	189	270	438	161	475	405	
201	469	422	80	137	380	242	211	
33	173	259	145	99	225	32	313	
289	60	472	278	122	264	238	41	
448	470	432	424	176	196	189	147	
102	23	111	406	304	132	287	412	
456	66	58	90	183	271	166	368	
56	16	199	76	302	37	50	406	
494	275	339	182	93	427	60	187	
12	454	374	111	118	417	395	233	
61	30	47	12	146	139	46	67	
294	47	312	363	27	424	117	140	
222	484	259	67	416	112	404	148	
136	371	489	125	422	177	286	446	
339	71	288	332	255	356	472	84	
263	127	52	391	44	421	162	189	
396	357	257	102	270	382	355	468	
223	399	210	281	430	293	86	227	
146	16	246	74	472	135	189	184	
39	63	143	52	229	338	100	207	
463	143	156	478	275	20	141	297	
418	337	431	38	350	383	266	100	
143	369	236	426	349	68	243	170	
402	427	44	397	304	226	271	86	
2	95	41	138	115	332	388	482	
65	19	449	261	367	475	193	198	
481	443	157	317	303	493	221	344	
214	361	440	148	420	375	432	98	
353	293	300	192	107	381	274	234	
302	253	58	19	55	411	287	28	
62	488	290	117	51	190	93	255	
269	390	311	72	182	479	349	410	
47	399	172	454	271	477	470	157	
157	102	151	323	144	329	346	212	
398	73	359	149	183	98	136	117	
165	162	478	288	490	434	224	278	
104	298	139	24	206	128	16	287	
283	349	450	325	421	272	316	289	
23	132	315	245	182	120	97	8	
102	25	127	213	418	165	327	220	
285	489	139	491	301	273	73	112	
196	189	187	115	0	79	170	473	
389	391	234	435	485	351	167	191	
279	62	490	374	264	96	11	190	
262	440	479	499	66	393	183	197	
292	371	330	271	225	219	386	121	
118	73	369	65	7	191	286	352	
484	101	194	0	278	485	477	318	
161	263	397	226	401	209	391	487	
438	310	239	176	391	445	200	165	
220	224	335	337	211	167	415	3	
350	60	437	303	453	37	86	376	
56	207	176	251	89	454	445	294	
81	84	99	312	386	90	358	433	
29	499	265	243	347	136	221	359	
490	142	285	316	56	338	31	188	
180	79	420	255	335	170	168	174	
113	39	146	15	387	386	388	490	
372	211	456	302	341	89	472	452	
47	446	227	251	22	412	186	130	
476	40	194	21	260	481	51	343	
338	186	177	73	371	107	409	118	
330	258	248	263	7	182	116	128	
308	332	466	138	283	252	366	426	
65	5	64	455	79	306	122	239	
63	2	193	338	453	57	498	435	
441	336	130	355	180	97	341	225	
135	405	286	413	193	370	225	389	
385	71	160	391	202	206	341	411	
423	42	343	8	271	368	265	485	
427	494	413	250	414	499	273	245	
299	164	136	313	67	374	138	13	
427	65	51	178	440	144	487	15	
459	434	123	378	97	22	273	115	
263	396	118	451	426	65	146	452	
243	155	229	266	310	395	378	328	
257	82	241	120	238	115	393	319	
385	53	20	135	292	24	450	350	
65	128	494	389	18	300	454	471	
288	52	158	480	308	144	440	343	
33	137	358	377	203	223	303	102	
15	373	234	82	282	254	57	420	
475	482	237	192	277	367	416	292	
94	141	124	421	170	173	92	327	
331	82	65	266	75	397	468	105	
270	174	267	241	464	262	128	454	
253	450	263	293	40	472	344	177	
135	467	36	269	191	12	442	335	
85	479	276	39	260	452	8	112	
248	76	366	449	144	407	378	437	
310	21	399	448	159	249	433	58	
396	92	142	304	349	359	476	462	
339	129	483	322	233	230	64	112	
426	437	96	320	9	236	413	127	
85	112	494	310	76	135	73	167	
120	116	184	82	46	439	7	326	
461	435	194	147	447	144	193	127	
495	345	83	336	48	296	55	491	
155	136	467	252	20	369	17	468	
182	183	39	467	210	32	320	228	
296	24	225	70	271	95	321	27	
170	392	480	282	493	459	356	394	
326	486	40	80	37	470	294	396	
439	101	203	458	232	450	168	331	
371	385	46	488	290	359	157	275	
86	328	485	289	31	174	296	249	
241	169	173	227	7	404	294	267	
173	148	46	286	186	134	441	330	
123	382	162	484	463	254	197	207	
74	29	144	382	495	83	367	499	
494	283	220	480	300	340	6	395	
393	202	497	301	374	368	341	28	
217	352	273	116	488	439	356	185	
435	346	260	460	327	185	265	318	
465	265	415	238	136	330	202	475	
93	304	267	9	132	30	282	68	
77	370	172	487	417	418	52	228	
405	401	281	383	381	348	43	63	
393	150	471	397	58	46	411	104	
104	26	352	406	466	170	283	157	
298	230	266	448	424	322	89	78	
261	492	275	260	466	402	223	213	
451	225	294	350	385	454	42	316	
217	325	260	392	305	81	12	176	
478	6	284	13	55	355	309	405	
108	15	320	340	321	377	239	2	
142	186	263	444	304	90	181	458	
425	158	301	284	222	5	404	484	
414	299	435	281	226	363	60	269	
