23	15	43	
13	47	15	
4	48	21	
2	45	26	
26	20	11	
8	0	44	
22	33	0	
15	0	30	
28	17	12	
0	9	12	
13	3	8	
12	28	30	
29	12	35	
13	22	17	
0	5	9	
14	10	48	
38	8	2	
28	38	47	
34	19	11	
8	41	17	
29	26	4	
40	11	24	
30	34	3	
18	24	38	
1	20	19	
6	37	40	
19	46	10	
41	22	31	
6	45	1	
6	8	12	
34	24	41	
32	20	34	
8	26	40	
16	14	38	
49	32	10	
28	0	27	
15	21	43	
45	43	19	
13	0	45	
29	16	3	
29	39	11	
45	36	29	
5	34	19	
8	22	11	
1	36	46	
21	30	3	
21	28	19	
6	21	10	
13	46	38	
49	38	39	
58	72	96	
51	98	72	
79	86	94	
61	64	78	
91	96	71	
84	70	98	
92	57	68	
99	86	91	
59	83	66	
94	88	63	
55	96	62	
67	88	69	
50	95	70	
68	55	90	
78	53	98	
98	63	85	
96	89	75	
63	65	97	
84	82	57	
82	69	88	
70	59	56	
63	99	68	
91	54	65	
62	70	51	
61	60	68	
69	58	51	
73	53	80	
64	91	78	
80	79	87	
93	68	65	
90	56	95	
82	87	67	
97	58	88	
78	69	62	
74	68	78	
53	67	52	
69	94	98	
63	80	58	
58	98	78	
99	68	67	
59	98	58	
77	93	96	
53	94	90	
50	63	89	
67	50	57	
53	99	64	
70	75	61	
94	91	71	
52	70	98	
77	71	97	
129	105	123	
132	114	142	
100	132	145	
126	133	118	
138	114	145	
132	104	131	
120	103	143	
105	118	139	
139	103	114	
140	124	126	
113	143	117	
124	126	140	
109	144	105	
111	144	143	
120	144	127	
137	134	124	
130	148	119	
129	113	109	
147	101	110	
139	104	110	
142	121	117	
143	105	117	
111	122	134	
109	127	102	
128	127	133	
129	144	126	
106	118	123	
113	118	108	
147	146	113	
135	129	138	
147	100	148	
108	127	146	
106	143	145	
107	136	122	
102	127	107	
147	129	132	
148	133	147	
136	146	124	
138	123	137	
149	128	102	
128	143	118	
111	133	130	
122	103	118	
147	131	105	
116	119	149	
139	116	141	
138	113	141	
109	108	147	
122	143	115	
132	112	100	
161	189	167	
181	182	187	
159	194	199	
176	194	175	
162	154	185	
189	162	181	
158	169	197	
150	175	165	
190	198	154	
190	180	197	
194	160	152	
198	183	191	
195	192	153	
184	160	194	
173	163	157	
164	170	154	
169	183	198	
198	165	180	
151	154	177	
167	183	155	
188	176	183	
170	186	154	
182	183	159	
198	159	163	
153	183	174	
182	179	162	
160	157	150	
150	179	173	
151	176	195	
180	183	163	
181	162	185	
193	199	177	
155	160	195	
187	184	196	
184	194	186	
175	196	179	
198	174	164	
191	155	172	
192	164	180	
189	168	199	
152	198	182	
150	154	171	
162	150	179	
151	192	172	
168	175	170	
175	153	197	
191	175	169	
192	194	160	
161	187	159	
173	175	177	
202	236	234	
230	222	234	
240	210	223	
203	242	235	
218	232	226	
227	231	235	
217	205	229	
243	235	245	
206	247	228	
217	218	242	
249	210	209	
234	245	211	
216	229	239	
231	214	232	
232	222	209	
226	248	243	
243	202	247	
213	225	204	
235	216	221	
246	202	241	
226	240	247	
222	245	213	
239	244	205	
204	236	233	
204	202	214	
203	226	210	
209	213	229	
244	214	243	
225	245	211	
234	205	242	
206	215	214	
203	243	217	
208	231	227	
220	235	241	
205	236	224	
217	232	243	
227	242	235	
235	238	223	
224	213	216	
227	208	205	
203	204	238	
238	244	237	
215	228	244	
225	247	241	
200	218	246	
208	220	236	
235	220	243	
244	224	202	
236	240	232	
215	249	236	
263	254	252	
289	295	296	
275	293	252	
284	254	264	
261	264	254	
297	273	280	
296	260	280	
258	275	253	
289	295	256	
285	265	283	
296	262	279	
299	282	272	
282	267	273	
271	276	259	
295	290	261	
267	299	264	
280	266	263	
250	266	272	
270	282	253	
275	285	277	
260	256	279	
289	272	261	
279	261	271	
264	261	298	
256	297	263	
288	275	265	
252	292	280	
256	290	279	
295	287	267	
297	299	275	
285	286	273	
299	257	275	
279	294	295	
263	257	289	
283	256	291	
272	255	264	
254	256	277	
273	278	260	
263	290	281	
274	270	278	
294	276	252	
283	252	298	
256	284	292	
278	264	258	
289	297	276	
254	262	284	
253	276	257	
298	278	292	
252	261	294	
278	259	282	
340	329	311	
323	318	304	
309	349	334	
307	303	328	
336	322	341	
347	319	312	
318	315	322	
306	339	323	
321	337	307	
347	300	319	
319	307	335	
335	300	318	
339	304	309	
337	321	313	
333	330	341	
347	319	327	
337	301	326	
335	338	334	
328	304	349	
331	319	346	
346	305	309	
344	323	321	
342	319	335	
305	337	331	
332	313	305	
300	309	319	
301	307	324	
341	306	309	
320	347	333	
335	316	334	
344	346	348	
307	337	349	
312	344	332	
319	349	343	
317	328	305	
312	308	326	
344	342	306	
308	330	306	
325	323	328	
314	309	310	
332	316	323	
319	312	304	
349	335	308	
345	306	341	
314	315	329	
307	316	339	
349	336	345	
343	319	316	
318	333	313	
311	337	339	
356	389	395	
394	361	375	
372	399	362	
368	391	369	
380	388	392	
398	367	357	
378	389	353	
395	378	362	
372	386	398	
352	370	389	
374	353	355	
363	393	365	
370	391	379	
354	351	383	
360	353	361	
389	394	369	
373	368	377	
350	370	366	
350	352	355	
396	366	395	
361	387	352	
396	377	380	
390	367	380	
393	390	392	
381	397	365	
350	391	395	
367	369	391	
387	351	359	
387	354	364	
362	391	357	
398	391	377	
397	384	351	
359	368	386	
364	369	385	
376	353	383	
351	397	353	
373	391	390	
399	365	357	
366	397	376	
352	383	372	
386	356	387	
364	354	375	
376	361	385	
392	381	365	
368	389	383	
375	353	355	
390	361	350	
382	368	374	
394	365	376	
395	380	354	
449	404	419	
435	406	404	
439	401	424	
425	438	435	
422	444	432	
441	419	428	
418	406	434	
421	440	411	
410	425	412	
429	416	447	
436	410	439	
420	441	438	
424	408	444	
442	428	432	
414	440	443	
434	401	447	
403	425	407	
449	417	437	
408	430	427	
445	444	415	
442	414	419	
416	420	423	
410	419	437	
406	448	412	
419	401	434	
410	442	425	
438	414	424	
428	424	438	
412	413	424	
449	414	416	
417	422	427	
432	429	436	
401	407	438	
409	437	402	
436	420	424	
424	441	405	
426	406	408	
407	446	414	
417	441	434	
431	420	423	
429	436	425	
444	430	400	
428	413	444	
424	408	407	
427	429	419	
409	440	425	
438	417	435	
419	418	410	
447	415	404	
425	417	440	
483	459	497	
451	496	495	
462	455	458	
460	487	453	
477	484	480	
481	464	486	
485	450	456	
496	487	467	
458	465	475	
489	490	481	
469	474	471	
473	482	493	
485	461	484	
451	469	484	
470	462	475	
475	472	460	
462	451	479	
460	461	457	
493	450	485	
491	495	451	
479	468	483	
464	491	496	
482	497	475	
497	464	453	
492	488	486	
453	469	482	
457	461	487	
479	465	478	
473	463	468	
479	485	452	
496	487	455	
466	494	450	
474	450	472	
496	485	468	
469	473	458	
472	482	470	
497	469	473	
478	455	462	
463	484	480	
474	467	499	
487	488	454	
466	478	467	
468	469	477	
485	477	486	
485	464	469	
494	487	483	
486	471	493	
466	495	468	
471	457	463	
497	474	462	
28	4	39	5	
16	44	40	27	
17	13	39	15	
43	12	35	2	
13	9	7	46	
37	46	5	13	
44	23	31	15	
19	17	32	16	
31	5	14	40	
31	19	4	18	
6	13	7	42	
37	1	16	11	
10	29	9	12	
44	10	42	22	
40	25	46	35	
42	22	24	38	
42	49	26	43	
44	28	35	6	
10	4	1	30	
43	29	44	47	
45	29	5	13	
24	20	33	38	
16	23	41	37	
32	33	42	27	
31	9	46	2	
2	5	33	9	
47	31	4	34	
41	38	21	34	
31	42	24	48	
19	34	8	20	
0	34	43	5	
45	5	32	43	
7	31	19	15	
1	42	40	34	
24	10	31	32	
39	45	23	22	
31	33	48	29	
47	24	31	7	
13	23	25	8	
35	19	30	42	
47	17	9	31	
5	22	39	24	
38	3	33	37	
31	26	20	36	
9	5	30	25	
31	8	15	7	
7	8	18	23	
34	25	1	12	
15	5	40	32	
41	11	45	24	
71	52	51	63	
96	73	93	86	
58	90	74	82	
52	73	69	51	
68	61	88	98	
98	92	59	96	
61	73	90	84	
94	84	91	58	
63	53	88	77	
88	66	85	53	
56	55	66	61	
86	91	93	99	
84	71	53	88	
53	98	51	90	
96	80	69	92	
92	50	60	89	
84	96	57	73	
69	51	59	92	
81	93	75	55	
65	62	74	55	
89	58	84	73	
91	57	50	85	
64	99	78	51	
88	52	56	53	
77	88	71	82	
77	74	64	98	
99	93	91	83	
85	88	78	83	
54	60	76	59	
50	65	64	92	
63	62	74	78	
73	88	83	77	
83	99	69	66	
92	90	96	83	
78	85	94	68	
91	96	89	51	
55	68	99	80	
56	90	66	67	
84	63	80	92	
58	55	70	84	
64	93	98	78	
72	71	97	83	
53	54	56	55	
75	54	77	84	
83	85	89	56	
72	70	88	61	
58	76	62	59	
98	93	54	72	
81	97	68	66	
50	86	96	89	
111	117	122	146	
113	111	112	144	
135	144	111	143	
126	112	141	115	
125	110	103	121	
104	146	108	132	
140	100	105	143	
136	122	139	134	
126	134	105	147	
132	120	106	148	
119	122	127	148	
118	138	148	136	
138	121	110	105	
115	141	127	126	
115	108	136	140	
101	128	113	119	
143	134	122	147	
126	106	146	142	
131	148	120	139	
104	109	100	136	
143	113	142	144	
135	145	103	106	
140	136	139	141	
105	137	119	149	
143	104	126	130	
133	132	140	107	
140	147	130	113	
141	113	126	119	
140	112	102	134	
124	100	118	117	
127	113	139	133	
137	103	115	142	
104	149	148	108	
110	130	118	120	
140	125	127	144	
104	113	116	143	
101	139	137	133	
146	114	143	139	
122	109	131	143	
132	118	116	119	
106	145	149	122	
149	138	144	129	
106	121	132	134	
114	123	139	131	
138	127	111	142	
116	136	135	134	
141	121	149	108	
127	114	128	147	
128	115	136	129	
148	117	122	120	
178	199	179	195	
151	173	162	156	
172	196	192	199	
168	155	156	152	
155	170	154	167	
196	151	186	150	
171	164	175	151	
197	161	198	154	
154	168	184	152	
160	151	171	157	
188	175	155	178	
174	187	185	166	
188	187	154	152	
154	190	169	184	
183	165	185	197	
161	180	158	196	
161	174	194	151	
180	185	176	164	
155	184	187	157	
169	173	160	171	
151	165	175	177	
179	184	181	165	
188	177	193	187	
154	168	159	180	
164	155	188	187	
190	162	187	164	
158	177	195	168	
168	170	196	183	
173	193	174	192	
187	151	182	180	
179	166	153	195	
165	173	195	150	
150	199	152	169	
171	189	156	188	
151	152	163	154	
161	197	177	167	
178	158	177	192	
182	183	153	185	
166	198	197	174	
159	164	166	190	
172	190	194	186	
166	168	175	157	
175	181	190	199	
165	158	166	170	
176	194	173	193	
176	159	189	153	
177	183	159	166	
189	190	195	165	
192	150	160	164	
195	199	192	166	
214	212	222	207	
210	214	247	203	
202	222	201	207	
210	235	245	219	
242	224	226	209	
215	217	240	205	
209	241	230	232	
212	211	241	246	
241	242	222	218	
242	238	246	236	
221	209	223	234	
231	227	233	218	
208	242	228	237	
213	208	226	221	
219	200	237	241	
214	213	228	244	
209	220	206	234	
243	224	206	222	
226	233	217	244	
214	215	211	201	
210	200	228	246	
212	210	249	207	
213	209	245	242	
245	234	215	241	
233	248	239	202	
238	217	228	229	
211	224	229	241	
209	217	247	238	
234	245	232	207	
206	237	246	214	
223	228	219	217	
218	245	244	217	
231	209	239	240	
204	218	232	230	
220	204	231	242	
201	212	213	246	
224	217	221	242	
215	223	240	229	
232	217	228	212	
205	230	208	248	
210	247	228	227	
205	218	249	219	
228	225	237	230	
248	231	232	243	
247	220	232	203	
204	200	230	236	
207	224	243	214	
200	245	205	239	
206	247	237	249	
231	221	243	210	
293	296	274	295	
278	298	274	263	
258	253	254	259	
277	285	254	288	
288	291	263	299	
281	255	265	277	
291	261	256	299	
293	277	278	275	
272	289	293	299	
292	282	285	289	
286	281	277	259	
270	275	260	299	
255	296	282	295	
251	272	271	258	
257	281	251	289	
294	291	290	265	
262	269	295	298	
287	299	270	251	
285	291	288	278	
291	263	264	256	
279	297	293	264	
274	288	271	264	
265	258	269	259	
280	295	250	279	
258	298	274	297	
297	275	284	296	
273	284	279	288	
256	279	289	268	
269	266	278	281	
299	279	289	274	
296	278	282	289	
266	285	280	286	
275	294	286	295	
251	277	272	253	
266	292	284	296	
274	271	278	291	
294	274	293	254	
274	258	291	257	
283	267	287	258	
282	269	259	297	
288	279	260	269	
296	293	278	294	
258	291	268	259	
285	289	265	270	
264	299	251	285	
259	258	295	284	
252	255	282	260	
270	295	264	271	
264	282	262	253	
291	263	255	277	
309	337	313	301	
307	340	322	347	
346	321	305	323	
314	334	332	328	
344	346	349	300	
345	333	334	319	
316	309	300	305	
305	331	317	332	
322	329	306	347	
315	331	338	300	
305	318	338	300	
324	333	302	332	
329	317	336	325	
338	329	322	324	
308	341	337	345	
324	317	315	310	
321	328	301	324	
330	336	347	308	
315	308	302	338	
308	338	328	309	
314	327	349	313	
330	331	305	313	
332	337	329	336	
343	310	309	327	
321	311	308	331	
305	328	344	323	
343	321	315	303	
343	345	338	316	
302	337	334	320	
322	325	318	330	
303	306	321	317	
326	315	340	330	
329	336	332	324	
309	306	336	329	
346	324	315	328	
319	304	313	326	
302	321	334	320	
322	313	304	329	
321	317	349	302	
347	323	335	308	
324	314	322	303	
316	310	335	320	
323	326	343	344	
343	318	330	300	
327	313	304	340	
319	333	341	326	
305	332	333	322	
326	303	331	311	
309	305	317	319	
309	312	301	304	
395	382	375	354	
376	387	354	351	
384	395	398	351	
382	383	373	399	
359	352	374	373	
360	389	385	365	
357	381	360	389	
387	384	389	380	
396	392	358	351	
388	360	391	376	
373	376	360	353	
373	366	379	369	
354	374	395	389	
370	372	392	378	
351	364	360	397	
377	393	364	353	
357	376	353	396	
388	377	391	397	
387	380	397	362	
398	359	377	387	
367	380	352	354	
356	375	371	367	
388	353	372	367	
394	384	391	352	
370	392	356	351	
384	390	383	360	
365	397	370	385	
393	366	383	367	
357	392	393	350	
395	364	377	375	
372	354	391	389	
378	373	370	395	
384	371	382	353	
397	395	377	382	
385	371	389	378	
377	375	362	387	
376	358	383	361	
396	369	366	388	
363	382	350	399	
368	399	385	361	
376	391	383	388	
393	364	379	359	
359	381	384	387	
394	365	352	392	
376	358	352	351	
399	372	359	375	
357	398	386	377	
390	358	374	362	
364	388	377	394	
382	365	364	367	
435	444	424	403	
415	443	413	446	
418	405	435	431	
428	439	404	412	
413	439	430	447	
427	400	412	418	
402	406	419	400	
402	438	439	434	
433	448	436	402	
418	442	440	405	
406	434	440	439	
435	422	426	449	
406	434	403	402	
436	400	440	409	
403	411	423	439	
425	411	403	401	
409	440	430	435	
446	447	410	430	
404	423	415	445	
443	422	428	417	
414	447	443	437	
433	437	403	405	
439	435	438	437	
439	448	443	445	
434	424	426	446	
405	408	443	424	
443	441	431	402	
439	424	444	418	
427	423	417	424	
442	428	404	418	
423	415	427	449	
438	418	448	427	
411	426	406	410	
418	410	422	430	
441	406	426	435	
441	428	425	411	
447	419	446	420	
416	413	419	410	
404	402	447	434	
401	416	413	410	
400	430	418	432	
448	417	405	436	
426	441	415	419	
402	437	432	412	
413	422	423	444	
403	420	407	423	
431	430	437	426	
420	412	425	439	
433	443	449	447	
446	424	431	404	
476	472	496	490	
488	481	473	463	
493	486	471	458	
484	464	457	467	
479	450	484	469	
478	472	479	493	
475	472	499	467	
482	486	450	470	
452	462	498	483	
454	464	461	494	
499	460	463	465	
479	496	464	467	
482	499	455	488	
465	450	478	458	
453	480	455	494	
493	474	451	499	
479	488	486	476	
488	482	484	459	
460	453	491	495	
489	468	477	494	
485	474	494	498	
475	490	451	485	
485	464	494	491	
459	480	493	472	
462	459	465	498	
478	484	466	455	
499	494	469	457	
478	494	481	451	
486	488	497	468	
469	484	475	491	
457	462	480	468	
481	469	478	482	
470	496	474	462	
487	451	490	464	
494	495	451	490	
472	499	487	468	
456	452	466	496	
469	459	455	460	
477	479	492	470	
467	471	480	490	
470	455	476	452	
462	497	452	496	
458	473	481	453	
485	469	479	466	
458	462	479	455	
489	483	462	487	
463	453	488	471	
475	495	456	467	
491	460	485	475	
452	457	497	455	
35	26	41	15	30	
20	0	17	48	13	
7	0	8	13	44	
15	34	48	19	1	
39	2	35	45	28	
38	6	14	17	3	
4	24	40	15	42	
47	14	3	34	31	
0	32	20	35	23	
34	16	31	43	30	
23	33	37	46	10	
11	45	5	17	29	
42	8	30	46	2	
21	9	6	19	35	
35	21	10	42	18	
10	48	32	20	38	
1	41	16	19	11	
49	5	0	45	15	
5	26	44	16	38	
38	33	16	4	10	
10	30	26	42	35	
6	25	8	12	43	
9	30	21	29	40	
23	48	27	39	4	
31	44	0	33	16	
35	10	29	18	16	
15	18	12	37	26	
37	32	43	28	16	
46	18	49	43	39	
15	4	36	23	43	
9	23	36	4	18	
39	8	15	31	49	
23	37	46	26	18	
10	16	2	0	30	
0	45	28	22	39	
13	23	42	16	15	
30	48	7	1	18	
21	25	37	41	27	
42	10	22	40	28	
28	3	18	40	21	
15	7	21	28	23	
6	46	15	22	26	
32	45	5	23	0	
49	30	38	29	6	
45	26	34	2	31	
14	41	49	23	4	
45	47	23	4	48	
16	18	33	19	20	
14	39	41	49	22	
45	2	30	21	6	
77	67	81	69	97	
72	61	85	53	55	
77	71	58	68	57	
94	68	71	74	91	
51	56	59	68	88	
99	91	52	88	96	
54	60	95	70	93	
78	94	82	77	80	
54	67	84	57	74	
62	80	56	53	83	
75	89	90	54	57	
88	76	53	87	86	
64	66	50	90	65	
53	88	85	81	77	
98	74	90	97	95	
85	81	99	92	53	
64	74	66	88	77	
63	70	95	66	89	
88	81	97	59	60	
64	66	51	70	86	
70	84	76	82	66	
62	57	91	56	59	
64	61	70	75	63	
79	56	83	75	93	
68	66	82	86	98	
79	54	66	97	82	
80	58	90	97	67	
60	66	64	79	50	
92	56	73	53	86	
52	80	88	60	74	
69	95	55	92	53	
71	82	95	61	97	
73	76	70	80	79	
96	64	93	51	75	
98	83	91	93	53	
72	68	95	61	60	
81	99	64	88	86	
81	66	96	78	93	
84	96	55	79	64	
96	94	84	78	82	
88	60	62	94	66	
69	61	81	71	54	
94	50	73	80	89	
53	59	78	83	54	
73	61	86	78	94	
66	62	51	73	57	
89	76	99	98	61	
55	92	50	70	69	
91	55	67	63	89	
95	79	81	77	71	
102	142	118	148	130	
133	111	129	130	122	
135	105	136	146	107	
132	147	145	114	107	
145	139	114	143	132	
120	126	111	112	121	
138	136	146	143	106	
123	135	107	139	143	
108	114	124	100	133	
122	128	112	143	140	
144	122	100	131	141	
147	140	141	133	131	
135	145	123	110	147	
116	128	108	107	113	
141	135	114	130	106	
113	108	140	129	121	
126	124	120	147	129	
114	129	133	138	142	
144	126	114	101	106	
140	103	112	102	142	
141	136	126	131	119	
126	104	136	117	105	
120	109	116	106	149	
121	104	110	109	141	
100	131	113	111	135	
102	116	146	142	117	
148	139	133	137	107	
131	142	114	149	129	
110	123	146	103	107	
139	107	108	118	111	
147	104	103	120	123	
125	122	101	141	104	
138	120	125	107	137	
138	131	126	128	108	
102	126	113	147	129	
139	102	145	149	141	
125	149	134	107	124	
103	109	117	100	129	
111	126	106	149	116	
109	104	148	115	100	
146	141	112	100	114	
109	106	149	101	141	
113	141	126	112	102	
148	114	140	129	135	
126	106	117	122	127	
136	108	135	130	145	
121	100	142	126	103	
112	104	111	109	126	
106	102	109	144	148	
137	124	105	119	132	
158	182	199	186	172	
193	199	181	194	186	
176	170	193	163	180	
181	169	173	183	193	
153	185	181	183	163	
158	169	195	151	182	
181	176	168	170	150	
160	159	189	167	178	
186	195	194	191	152	
172	162	181	155	174	
188	192	178	168	189	
189	174	157	186	175	
174	181	184	176	150	
156	188	184	154	189	
194	170	180	152	196	
188	161	151	197	199	
180	179	172	183	160	
168	170	191	190	178	
158	172	162	154	178	
184	175	185	190	173	
182	167	199	171	176	
182	181	162	185	174	
178	165	153	160	157	
188	180	198	156	164	
188	179	185	159	162	
196	198	156	194	188	
177	181	153	175	194	
165	192	198	178	182	
182	175	196	154	184	
165	193	162	197	181	
153	191	177	165	152	
175	191	154	153	185	
160	195	197	189	164	
165	176	193	174	152	
155	189	177	151	162	
181	176	162	161	199	
154	172	182	152	195	
164	193	153	166	180	
190	180	167	152	173	
194	164	191	189	153	
158	187	150	165	152	
159	192	151	150	179	
191	199	154	169	165	
153	185	160	196	157	
159	191	185	153	197	
150	170	199	172	185	
199	188	162	152	187	
197	163	188	185	189	
163	184	173	186	169	
161	192	167	166	150	
216	236	238	240	245	
228	220	203	238	245	
247	246	243	224	211	
216	205	244	228	233	
210	234	222	207	209	
203	239	236	219	205	
220	222	240	209	238	
218	204	228	216	230	
220	236	242	231	208	
238	202	242	229	210	
225	241	239	233	206	
207	225	204	226	221	
217	216	213	227	235	
219	215	218	242	202	
240	215	227	206	235	
224	202	215	211	240	
231	249	238	202	233	
203	225	210	220	249	
228	202	225	216	224	
209	248	207	206	219	
237	225	242	206	210	
201	202	212	200	204	
200	247	201	214	237	
207	205	224	219	204	
217	225	229	220	216	
211	242	228	246	217	
224	202	208	233	237	
243	240	231	222	241	
203	209	211	212	234	
206	232	227	225	242	
221	211	219	224	226	
221	244	238	204	208	
215	234	210	224	247	
221	201	203	231	226	
207	214	205	228	232	
217	246	243	221	200	
214	230	241	205	228	
244	245	209	229	221	
229	208	216	220	226	
205	226	248	223	237	
227	215	239	228	204	
201	237	236	248	232	
219	225	203	217	204	
212	224	204	242	226	
218	248	202	245	240	
215	246	224	232	249	
203	235	245	200	241	
211	224	229	237	205	
225	240	207	238	234	
231	218	205	227	217	
260	275	295	267	269	
278	281	265	292	255	
266	284	278	295	250	
264	252	278	275	269	
291	255	261	252	257	
262	254	271	299	272	
290	250	253	259	299	
293	277	283	292	290	
265	252	259	274	258	
264	271	298	297	287	
271	287	284	268	267	
278	283	298	286	281	
250	263	252	291	290	
284	299	298	265	259	
258	295	253	298	297	
297	299	268	285	287	
265	299	275	293	297	
277	290	293	294	297	
270	264	271	272	281	
295	298	277	267	269	
256	261	297	277	273	
281	268	283	289	284	
289	298	274	286	281	
258	269	299	251	290	
293	258	270	275	267	
260	267	269	270	252	
290	256	273	278	279	
279	277	255	273	299	
274	254	270	263	273	
286	254	295	282	250	
268	281	298	261	266	
284	279	266	263	259	
270	299	294	265	292	
275	250	272	293	255	
278	293	296	284	295	
289	251	296	279	280	
252	296	263	287	279	
281	294	250	265	299	
258	279	277	264	281	
299	269	288	296	287	
258	250	298	273	269	
298	282	250	259	271	
271	296	292	293	287	
256	255	252	281	278	
276	258	291	250	263	
284	295	293	269	270	
273	292	251	291	252	
271	266	253	269	257	
278	288	280	268	271	
283	261	290	284	258	
302	337	343	313	341	
345	321	326	344	342	
339	321	305	337	349	
339	319	342	338	324	
344	307	327	330	335	
312	313	318	340	310	
306	315	325	312	349	
324	308	329	321	318	
325	306	335	333	345	
348	335	324	306	330	
314	331	328	318	302	
336	304	346	334	318	
339	324	318	348	309	
308	328	341	339	302	
304	349	302	345	344	
305	316	336	331	321	
334	343	328	313	327	
300	335	301	308	324	
344	307	316	332	341	
332	307	309	339	324	
300	319	306	303	343	
334	325	323	317	341	
315	346	344	331	325	
331	343	301	335	336	
310	315	320	318	312	
347	320	316	304	325	
327	312	316	326	336	
333	331	341	308	323	
347	326	343	313	349	
316	346	330	314	335	
313	332	334	331	326	
332	330	343	338	323	
302	333	304	345	327	
320	301	310	340	330	
339	323	303	331	341	
327	343	317	325	344	
305	310	315	324	320	
314	322	305	301	346	
344	314	345	303	348	
339	320	317	303	310	
338	308	343	331	339	
315	329	312	346	332	
325	326	345	344	342	
342	319	308	309	301	
323	329	321	338	324	
337	342	327	333	322	
310	316	313	331	321	
349	316	338	310	311	
324	321	332	314	326	
313	346	333	332	327	
380	377	353	368	363	
366	360	395	391	387	
398	361	366	371	375	
377	356	379	361	395	
369	376	375	399	357	
399	370	379	359	397	
379	362	373	350	389	
376	377	371	366	353	
359	395	396	354	362	
355	374	365	353	370	
370	391	359	371	355	
366	396	360	381	375	
394	357	352	370	380	
395	367	371	391	351	
367	396	399	364	362	
396	355	387	361	375	
388	368	366	386	383	
360	391	397	395	373	
373	395	363	374	353	
356	383	366	360	389	
386	360	373	395	355	
391	373	399	395	350	
365	368	381	383	366	
390	399	354	363	356	
376	366	364	384	357	
375	372	399	356	384	
372	384	368	378	373	
369	384	385	394	391	
385	387	362	353	354	
360	395	399	394	378	
396	365	397	398	374	
384	370	386	368	364	
388	389	355	392	399	
353	372	363	354	370	
364	381	367	394	373	
389	381	384	393	390	
398	380	355	353	388	
352	377	357	375	373	
359	380	382	397	377	
386	369	354	390	355	
394	367	365	388	352	
375	393	388	356	369	
372	379	364	354	384	
370	395	393	374	379	
378	392	389	361	365	
398	371	394	381	363	
362	389	357	397	384	
368	363	398	387	372	
361	390	381	358	374	
358	399	354	365	355	
424	434	449	437	408	
412	440	429	426	433	
429	448	444	415	431	
435	444	404	446	410	
417	407	432	408	440	
414	447	413	425	424	
401	414	434	419	446	
408	404	432	402	419	
418	406	419	437	438	
442	426	406	447	405	
418	448	400	432	431	
414	448	411	441	410	
435	421	442	426	420	
429	411	420	431	418	
412	434	411	415	444	
440	428	424	416	404	
411	436	430	408	417	
449	443	412	408	447	
444	419	436	448	402	
427	424	444	434	411	
410	424	441	415	409	
435	407	406	437	401	
422	443	412	441	420	
409	439	434	419	432	
423	411	419	405	449	
428	420	419	434	435	
413	440	400	407	408	
449	410	426	447	401	
414	441	400	439	434	
413	444	408	440	407	
443	407	427	408	435	
414	404	443	415	447	
433	443	423	429	446	
439	434	442	410	418	
433	411	423	446	416	
417	449	437	410	442	
449	423	412	403	440	
446	432	400	428	445	
404	422	403	433	406	
401	406	439	433	409	
420	437	434	405	444	
402	426	425	410	414	
440	433	437	405	434	
441	416	421	424	444	
447	437	401	433	406	
433	436	435	443	413	
432	403	418	420	440	
408	424	443	441	421	
445	441	439	428	413	
433	419	449	417	415	
487	451	466	497	498	
451	454	475	452	459	
485	467	487	479	473	
471	487	468	470	464	
479	490	494	485	476	
475	466	481	478	450	
462	465	469	481	475	
476	493	494	483	490	
450	487	455	471	476	
458	455	460	454	456	
465	464	456	468	460	
480	479	487	490	453	
480	495	463	454	450	
470	480	467	466	481	
463	458	451	471	491	
480	474	493	478	489	
458	497	453	495	494	
461	452	490	462	489	
478	470	460	466	481	
487	489	479	497	492	
484	457	467	483	471	
462	457	464	452	490	
459	457	498	451	463	
451	454	466	487	497	
494	450	457	460	469	
466	454	487	456	492	
480	498	484	462	477	
482	471	450	490	461	
491	497	485	492	471	
473	451	484	471	464	
485	475	470	487	499	
481	496	498	493	459	
460	490	458	471	455	
474	486	478	491	452	
453	483	465	493	489	
455	489	491	499	453	
453	474	467	457	496	
490	499	491	456	478	
471	450	461	479	490	
456	487	488	472	454	
484	481	466	467	464	
468	499	462	496	465	
482	481	488	486	491	
470	468	464	460	489	
468	485	453	481	463	
465	483	480	495	472	
496	460	485	458	455	
469	471	461	475	479	
481	487	480	466	484	
489	470	482	477	498	
