40	2	29	
5	35	3	
35	36	1	
21	13	46	
22	5	38	
44	47	9	
28	40	35	
11	13	20	
8	40	19	
44	0	45	
27	21	46	
12	45	24	
15	36	10	
5	21	6	
41	8	27	
18	15	28	
21	38	14	
46	15	33	
15	5	10	
0	6	11	
30	22	25	
23	9	4	
38	25	37	
0	18	37	
12	11	23	
48	34	49	
47	3	0	
34	31	27	
49	42	30	
2	16	30	
4	33	47	
5	29	9	
32	41	47	
21	20	14	
0	22	6	
47	33	37	
19	23	11	
24	0	1	
25	22	13	
2	30	38	
27	8	18	
48	43	42	
23	2	7	
20	34	10	
10	38	2	
21	32	13	
48	20	7	
48	45	36	
10	25	49	
32	3	1	
82	91	68	
62	50	61	
95	56	90	
75	89	95	
54	64	55	
58	70	66	
55	74	53	
71	73	80	
70	80	56	
94	92	88	
63	91	59	
60	61	75	
82	91	80	
69	51	96	
95	94	88	
56	97	93	
58	72	76	
73	96	99	
86	66	91	
57	97	79	
95	94	82	
91	76	89	
99	80	71	
86	84	82	
59	88	73	
68	82	53	
58	61	67	
69	83	75	
58	80	85	
69	70	67	
99	74	95	
93	91	87	
58	55	52	
63	67	88	
50	57	91	
59	64	93	
89	99	78	
54	50	86	
71	61	58	
98	96	94	
82	69	67	
52	53	78	
52	73	82	
73	56	66	
80	66	57	
84	81	59	
53	71	60	
54	84	97	
69	98	60	
68	92	85	
128	133	141	
117	102	136	
122	107	112	
131	128	140	
137	110	131	
149	119	122	
142	138	111	
133	108	137	
149	129	124	
146	119	118	
117	138	145	
125	114	122	
128	140	116	
100	101	125	
145	148	142	
131	138	122	
100	134	106	
121	148	141	
145	108	102	
131	101	124	
126	101	133	
130	136	144	
134	108	130	
136	144	133	
126	142	139	
138	143	149	
103	104	128	
108	102	126	
120	133	102	
133	117	139	
118	108	142	
135	132	117	
134	138	106	
113	146	145	
107	110	139	
149	133	107	
149	131	145	
110	113	117	
142	118	135	
136	119	113	
101	115	100	
123	146	126	
107	138	146	
143	113	148	
138	117	144	
146	130	109	
146	100	145	
139	107	141	
103	101	113	
132	144	126	
170	159	191	
199	184	163	
158	160	179	
193	169	187	
157	197	165	
171	182	163	
196	190	174	
170	150	171	
154	197	194	
184	193	198	
160	186	175	
181	182	187	
161	163	152	
189	170	193	
158	150	152	
188	197	177	
155	166	163	
170	168	182	
189	176	188	
171	164	185	
158	162	173	
198	169	192	
194	192	164	
167	199	170	
176	185	188	
192	164	156	
191	168	177	
171	152	185	
177	198	162	
165	184	163	
168	171	176	
182	167	172	
190	177	199	
161	164	154	
153	188	163	
184	180	150	
157	150	161	
171	193	188	
154	197	157	
150	169	185	
172	152	170	
187	162	183	
199	159	177	
159	181	164	
185	189	162	
174	186	175	
198	178	151	
175	185	170	
184	155	181	
154	185	172	
238	249	241	
246	240	201	
202	231	214	
217	219	226	
219	202	241	
230	225	218	
213	241	237	
217	213	218	
220	241	242	
205	243	228	
233	235	225	
209	232	225	
228	223	201	
202	217	242	
213	223	243	
245	238	213	
231	220	219	
224	230	220	
218	220	247	
203	224	237	
238	219	221	
204	215	249	
208	228	230	
237	201	246	
246	236	228	
244	234	210	
206	224	229	
229	222	237	
215	224	249	
240	206	236	
237	217	220	
213	224	236	
215	233	248	
212	218	217	
247	249	241	
206	202	218	
225	229	215	
242	241	203	
248	231	242	
217	244	236	
206	249	210	
220	205	229	
223	229	233	
213	230	210	
246	206	215	
239	217	240	
240	233	217	
245	203	233	
234	223	216	
200	226	213	
271	272	287	
269	264	276	
293	281	294	
290	292	268	
286	298	256	
263	289	280	
290	261	255	
280	252	282	
280	277	259	
275	274	256	
290	292	295	
286	253	259	
250	289	263	
257	278	285	
277	294	283	
299	259	290	
262	252	270	
275	282	276	
265	281	261	
260	273	281	
267	273	294	
277	287	289	
290	261	276	
256	262	279	
262	278	257	
255	278	261	
283	276	259	
292	298	264	
270	251	290	
257	270	282	
263	295	298	
254	291	263	
289	282	268	
255	283	268	
294	295	276	
287	293	262	
257	252	276	
271	251	284	
281	273	267	
264	293	280	
273	290	296	
273	296	279	
298	259	258	
298	268	273	
279	251	261	
286	267	276	
278	280	292	
293	275	294	
254	278	264	
276	268	253	
324	333	339	
311	349	328	
310	327	308	
349	326	327	
316	310	319	
343	328	349	
345	316	310	
338	305	328	
340	333	301	
302	307	305	
328	334	333	
327	313	341	
337	308	309	
303	321	315	
306	309	349	
332	316	324	
336	349	317	
323	338	302	
345	346	303	
319	314	330	
305	317	306	
329	342	347	
338	342	314	
318	307	344	
329	344	312	
310	342	321	
336	338	327	
316	322	342	
319	322	326	
309	345	348	
331	323	349	
342	340	346	
300	323	320	
301	300	306	
311	343	328	
345	300	328	
339	345	342	
336	308	303	
337	312	313	
336	308	319	
307	336	328	
331	309	305	
347	313	304	
300	318	338	
322	330	337	
306	328	332	
315	332	328	
349	334	344	
328	344	332	
346	300	327	
368	377	375	
367	358	390	
386	390	381	
354	360	369	
363	392	372	
359	355	351	
390	352	369	
389	384	352	
378	397	367	
375	365	370	
360	397	377	
392	382	373	
355	352	378	
381	386	397	
363	387	375	
392	377	396	
365	358	399	
383	375	391	
373	377	382	
365	381	388	
389	392	396	
373	383	351	
359	391	365	
395	378	369	
358	377	378	
388	352	387	
374	371	375	
364	389	354	
384	379	364	
394	389	397	
362	372	382	
353	354	365	
393	377	391	
365	394	379	
375	362	380	
368	350	390	
355	371	378	
398	363	370	
397	367	373	
360	392	395	
352	373	368	
394	384	353	
377	380	352	
352	389	362	
382	389	371	
385	392	376	
360	351	354	
357	352	386	
391	384	379	
397	382	363	
428	429	447	
414	431	422	
418	447	419	
435	447	407	
425	449	441	
412	422	425	
412	447	400	
410	443	405	
433	442	444	
432	421	422	
409	401	426	
435	442	447	
448	430	406	
431	423	404	
427	431	447	
441	425	430	
404	402	415	
425	447	448	
438	428	402	
449	401	430	
405	414	444	
443	400	402	
407	409	415	
443	442	400	
403	441	446	
424	400	413	
413	423	426	
439	408	440	
435	421	448	
443	449	444	
409	435	405	
438	429	431	
445	436	433	
444	436	437	
426	433	415	
402	435	427	
417	430	418	
410	439	425	
420	427	443	
439	438	421	
431	419	442	
439	418	405	
409	426	405	
446	403	427	
441	433	410	
432	417	406	
412	449	446	
416	410	413	
442	448	408	
440	417	437	
471	464	495	
454	482	487	
471	495	492	
465	472	460	
457	494	499	
489	476	474	
494	491	450	
466	471	494	
461	482	490	
474	489	483	
498	452	458	
471	492	494	
490	474	492	
462	460	451	
475	461	471	
492	481	469	
491	488	479	
499	471	491	
472	473	499	
471	484	462	
468	453	480	
454	473	462	
471	495	469	
499	450	492	
462	469	457	
484	451	494	
493	464	484	
468	450	463	
467	494	455	
450	455	466	
463	498	451	
459	456	458	
484	496	469	
479	473	488	
479	482	487	
463	477	497	
455	471	467	
452	483	477	
495	466	483	
452	488	476	
484	492	452	
466	483	498	
489	477	493	
461	458	477	
491	468	497	
457	492	474	
452	497	463	
458	467	498	
479	478	454	
470	460	450	
16	34	15	6	
30	29	9	10	
15	14	31	45	
3	15	25	8	
9	33	29	37	
33	17	49	35	
21	3	28	10	
18	40	23	35	
47	9	32	11	
14	49	31	29	
46	28	16	1	
3	4	45	28	
41	7	34	25	
17	33	41	47	
45	13	17	22	
9	45	44	26	
37	49	43	9	
48	30	31	8	
47	7	14	15	
36	22	26	34	
42	31	48	24	
42	9	41	20	
34	5	11	39	
22	48	4	6	
25	12	44	16	
18	28	44	34	
11	10	9	34	
15	34	30	42	
23	14	9	2	
11	23	19	32	
38	17	3	7	
48	15	33	9	
23	17	29	20	
46	38	9	6	
16	46	28	17	
49	42	48	12	
9	2	18	6	
8	21	49	18	
49	10	11	38	
8	5	40	46	
18	0	23	37	
22	32	34	30	
7	34	29	27	
37	4	8	1	
37	21	47	20	
49	13	5	7	
14	48	7	36	
36	17	32	28	
2	20	24	38	
36	7	29	23	
70	79	53	77	
60	82	59	85	
68	87	75	90	
72	66	80	55	
62	75	93	71	
51	92	75	69	
96	81	64	68	
57	50	68	82	
96	57	71	50	
51	93	54	91	
67	97	55	92	
99	57	96	85	
78	75	73	95	
89	62	74	73	
51	86	64	66	
65	64	99	88	
77	68	50	89	
97	95	63	93	
89	66	83	93	
86	55	91	61	
70	73	78	68	
66	59	97	76	
87	52	54	71	
78	84	94	95	
76	57	53	85	
83	80	84	90	
97	85	99	86	
73	53	55	51	
71	53	81	73	
97	66	90	76	
50	54	93	55	
96	63	93	70	
76	57	84	72	
52	97	59	54	
50	91	75	61	
54	93	84	92	
51	64	54	78	
70	67	57	51	
68	59	99	72	
59	60	74	99	
70	65	97	54	
52	51	94	74	
77	69	68	95	
69	89	99	58	
83	91	73	92	
77	85	82	52	
62	64	75	52	
67	86	90	82	
81	97	93	70	
59	96	52	63	
127	123	103	105	
134	131	128	127	
133	149	103	118	
125	118	135	120	
101	138	127	109	
100	113	135	129	
108	138	127	124	
128	135	121	148	
146	127	137	138	
109	138	145	106	
120	100	118	117	
124	139	106	144	
134	123	140	147	
138	140	121	118	
145	111	129	126	
112	120	133	145	
128	148	143	134	
100	138	130	129	
133	117	134	126	
136	112	106	119	
111	136	113	147	
119	136	111	110	
137	125	115	143	
137	135	130	103	
114	102	149	116	
122	104	109	126	
143	127	135	142	
130	107	109	138	
141	127	101	145	
137	119	102	103	
109	116	137	124	
128	146	140	124	
101	111	144	109	
132	134	145	126	
102	113	138	128	
120	103	129	123	
127	145	111	149	
123	119	120	121	
118	128	122	106	
101	123	106	149	
120	147	149	145	
137	111	109	107	
122	141	144	130	
104	124	121	139	
135	124	116	123	
138	123	121	116	
147	130	129	107	
149	141	133	140	
115	136	117	142	
137	122	141	105	
180	185	193	165	
193	194	189	155	
181	158	179	168	
162	157	165	189	
196	152	184	178	
192	172	199	184	
159	191	152	199	
170	180	191	199	
152	195	172	192	
152	172	196	182	
174	176	165	178	
162	171	158	193	
160	169	194	198	
174	162	188	199	
182	176	193	187	
179	172	186	151	
185	168	160	188	
190	165	182	152	
199	191	168	175	
171	182	194	186	
197	185	169	163	
166	177	167	197	
194	178	168	198	
191	161	186	170	
172	161	171	198	
192	198	186	151	
191	154	151	197	
192	155	174	183	
198	161	157	196	
188	195	158	164	
170	189	168	159	
190	160	153	185	
171	164	176	184	
170	173	167	150	
170	175	158	184	
152	161	160	192	
175	154	188	195	
192	179	186	161	
194	168	150	164	
161	150	182	185	
168	155	151	173	
185	158	188	154	
188	186	163	167	
168	187	163	157	
179	152	185	164	
189	198	173	196	
174	185	163	181	
181	195	174	155	
191	164	198	155	
184	194	158	191	
225	237	248	227	
229	202	221	230	
232	224	201	231	
205	202	204	239	
220	247	205	208	
245	225	223	247	
227	243	213	210	
229	241	238	243	
242	245	233	215	
237	217	214	220	
218	237	202	229	
209	230	245	226	
216	219	213	215	
226	203	234	215	
219	207	238	212	
216	220	202	205	
207	243	231	206	
216	235	240	229	
227	212	223	220	
229	224	242	210	
225	207	206	242	
230	214	241	206	
227	240	232	245	
219	242	212	226	
238	212	230	204	
236	242	218	238	
237	248	215	214	
223	245	205	232	
222	206	217	229	
208	211	225	215	
205	228	230	239	
239	228	213	235	
244	225	202	247	
236	205	238	243	
227	215	204	209	
214	203	213	211	
239	244	247	211	
201	221	238	230	
231	235	201	218	
200	232	229	213	
224	204	211	236	
220	216	227	212	
203	207	218	234	
231	246	200	238	
236	219	209	217	
243	229	209	246	
226	209	239	207	
211	249	232	207	
231	206	201	221	
202	246	209	227	
251	263	285	297	
270	298	277	289	
266	297	287	264	
298	264	279	277	
256	291	268	292	
282	291	264	288	
284	265	288	272	
254	271	269	285	
285	269	294	263	
270	280	264	261	
262	250	288	283	
272	257	266	253	
295	272	285	274	
265	264	281	285	
263	277	257	297	
270	275	286	293	
260	282	286	253	
270	293	256	278	
282	279	258	256	
270	277	293	268	
261	266	250	260	
284	266	260	293	
280	299	285	277	
297	288	279	287	
298	263	286	294	
289	259	281	298	
253	278	299	259	
298	257	261	258	
297	278	269	279	
262	278	264	267	
267	269	294	293	
260	283	298	257	
260	298	288	263	
275	277	279	287	
276	290	273	278	
288	278	272	255	
278	254	273	289	
284	283	296	280	
288	258	284	283	
256	295	250	293	
292	289	284	295	
268	276	281	296	
273	278	284	295	
252	262	282	253	
258	295	272	251	
278	282	264	286	
284	257	274	261	
251	255	278	260	
297	273	277	291	
269	299	274	251	
309	331	321	307	
330	339	347	333	
305	327	332	319	
322	316	326	327	
329	330	318	349	
341	311	321	334	
304	325	338	343	
344	313	302	311	
306	339	317	304	
345	317	348	333	
302	341	327	316	
318	323	317	319	
342	309	321	341	
325	317	348	329	
343	312	314	305	
343	309	313	318	
310	348	343	305	
329	337	346	306	
329	323	317	302	
339	310	335	307	
328	324	346	310	
332	322	306	331	
318	312	324	320	
312	302	328	313	
324	347	314	306	
343	305	334	329	
316	308	302	342	
334	336	341	305	
306	342	307	302	
334	345	349	301	
334	349	343	323	
300	333	313	348	
336	322	346	334	
333	317	330	343	
303	344	332	305	
323	325	313	317	
342	306	333	324	
344	340	323	324	
348	339	314	326	
342	341	310	345	
311	309	302	339	
334	303	326	349	
316	314	307	301	
312	314	316	332	
322	321	344	334	
334	318	346	333	
314	302	338	325	
326	335	348	300	
334	325	303	301	
327	307	308	311	
390	375	383	389	
353	391	397	383	
374	394	382	377	
353	397	381	356	
388	360	363	386	
363	359	391	399	
391	359	385	379	
372	351	373	397	
381	354	375	397	
383	367	368	361	
373	374	371	383	
388	354	370	380	
395	375	381	371	
383	373	350	378	
381	387	365	357	
356	351	371	366	
394	377	388	364	
360	358	370	383	
360	397	374	355	
384	373	380	382	
364	356	387	389	
395	365	374	360	
389	354	375	381	
391	364	377	363	
358	360	366	387	
371	390	373	370	
386	369	392	366	
368	395	370	354	
370	395	394	392	
381	393	352	354	
370	358	372	365	
353	369	366	384	
378	359	375	358	
355	353	386	375	
384	377	352	396	
398	351	362	360	
397	398	386	383	
357	372	387	393	
395	355	384	380	
376	393	366	353	
374	382	355	396	
366	393	398	388	
398	383	380	394	
382	368	389	358	
386	364	369	351	
390	394	396	373	
396	378	350	379	
355	386	385	367	
389	360	352	396	
367	383	354	375	
410	411	419	438	
411	421	430	429	
429	439	400	433	
448	436	420	430	
417	422	429	414	
446	410	403	434	
449	432	444	410	
444	400	416	430	
412	417	416	426	
428	423	437	445	
430	436	404	445	
406	410	411	404	
419	446	430	444	
408	412	406	442	
429	404	430	406	
443	402	406	444	
421	433	447	424	
427	434	425	442	
404	434	411	435	
426	430	448	445	
422	402	404	445	
439	400	414	448	
411	428	418	420	
434	443	426	424	
404	408	413	434	
410	421	449	443	
413	402	446	435	
436	416	435	418	
425	446	439	400	
409	422	412	427	
417	418	427	406	
410	443	433	441	
434	437	408	435	
441	414	445	409	
414	413	446	430	
411	437	425	418	
407	429	410	435	
413	420	431	401	
440	424	401	429	
433	424	413	423	
442	417	419	402	
417	418	436	412	
449	412	410	446	
436	439	420	402	
416	443	431	426	
403	438	425	407	
449	419	423	403	
429	401	404	434	
415	448	423	440	
412	441	432	407	
487	452	459	476	
466	472	465	491	
456	493	452	467	
499	470	469	472	
499	480	452	467	
497	493	450	485	
489	497	481	453	
471	467	492	458	
461	475	466	490	
479	492	451	466	
492	468	459	489	
481	487	490	499	
454	456	455	470	
466	496	454	457	
475	466	495	458	
462	451	470	492	
450	484	471	458	
459	472	485	467	
460	485	487	478	
494	480	455	465	
495	465	458	480	
495	454	452	489	
482	476	488	498	
495	450	460	469	
484	482	450	483	
486	488	466	455	
499	491	467	450	
483	469	465	478	
467	487	490	495	
450	465	472	463	
474	497	455	458	
489	475	484	456	
452	476	472	485	
473	468	454	462	
492	476	452	490	
456	477	453	466	
481	453	494	472	
458	499	484	497	
465	497	468	491	
453	479	475	474	
455	499	464	484	
481	497	489	494	
466	498	482	470	
485	450	482	455	
461	482	480	478	
457	486	469	478	
474	476	486	488	
485	492	483	469	
492	474	455	480	
498	487	473	450	
6	20	23	10	16	
36	19	4	21	7	
33	21	25	8	2	
14	46	34	10	0	
27	14	37	43	16	
38	48	15	28	10	
8	43	39	45	9	
25	12	6	29	47	
1	14	32	47	45	
49	10	26	24	8	
11	47	46	20	18	
39	9	36	37	7	
14	31	9	47	37	
37	34	49	1	6	
43	32	37	45	29	
21	13	9	5	44	
12	38	31	41	23	
22	20	12	1	42	
24	1	31	20	17	
46	14	19	38	32	
16	3	28	15	19	
9	35	12	13	6	
3	9	31	29	20	
5	25	47	34	18	
41	28	6	37	45	
30	16	24	46	21	
12	38	2	30	48	
33	12	46	26	25	
37	17	7	24	45	
44	27	0	22	38	
25	29	47	19	11	
6	35	32	15	2	
31	10	34	39	29	
13	31	38	5	44	
38	42	48	19	17	
16	48	25	13	31	
44	7	35	39	2	
25	3	34	49	18	
46	14	8	3	11	
44	32	10	19	20	
23	22	40	0	36	
32	8	24	21	35	
36	39	22	10	23	
2	4	12	40	43	
15	23	48	34	17	
35	21	34	39	37	
13	15	16	31	28	
45	8	33	12	25	
42	31	21	19	10	
38	39	33	45	30	
72	82	78	67	94	
79	66	65	54	81	
81	66	91	67	71	
72	66	73	52	71	
93	74	58	64	63	
62	64	86	57	83	
52	97	50	92	95	
82	60	80	99	95	
93	66	70	60	88	
63	69	62	78	73	
79	65	89	75	51	
78	69	93	51	94	
82	99	57	71	55	
90	58	80	53	67	
87	89	85	94	90	
85	79	87	99	72	
69	76	82	87	88	
93	81	56	78	91	
67	77	89	64	94	
75	53	98	86	57	
50	74	79	97	98	
86	80	83	57	61	
67	51	62	98	64	
56	72	90	63	95	
92	68	61	85	96	
66	94	98	53	65	
89	90	51	86	88	
76	73	98	93	74	
56	63	74	85	90	
63	66	56	83	87	
78	81	89	57	70	
54	83	73	76	75	
72	79	84	94	82	
78	72	88	55	87	
72	97	89	69	84	
73	58	63	85	95	
98	82	95	52	93	
99	60	92	63	69	
59	53	85	51	56	
84	77	55	68	78	
80	58	50	82	71	
62	80	67	59	51	
72	57	62	69	51	
83	99	56	96	57	
68	95	70	76	91	
72	68	63	91	55	
74	75	62	81	55	
78	96	69	63	68	
97	85	93	71	95	
54	87	55	95	62	
104	144	133	129	101	
148	132	144	127	121	
137	102	120	104	111	
133	130	136	132	117	
112	109	125	148	144	
141	102	108	126	113	
105	145	118	139	109	
134	138	104	113	107	
115	120	139	100	144	
103	110	111	118	145	
135	105	102	144	120	
108	143	119	139	116	
125	122	123	113	127	
121	138	143	135	109	
126	102	113	133	103	
131	102	134	143	136	
145	113	124	142	123	
141	132	123	117	102	
115	100	126	135	125	
119	138	139	120	114	
115	111	148	119	107	
144	143	141	109	107	
128	149	103	115	116	
130	109	143	124	139	
123	104	129	105	128	
140	121	125	117	115	
119	131	112	120	141	
102	123	148	122	143	
140	105	144	141	119	
143	132	110	111	106	
120	123	117	111	140	
149	138	117	131	124	
117	140	134	126	122	
140	134	115	117	121	
135	114	137	117	148	
129	105	146	124	145	
106	133	109	134	125	
120	135	115	116	112	
109	110	129	108	137	
112	123	106	101	104	
129	103	125	105	110	
139	128	117	136	119	
123	120	126	109	127	
146	124	122	130	101	
129	147	141	145	131	
147	129	138	118	131	
142	136	139	103	141	
139	128	144	126	141	
101	100	149	130	143	
146	100	113	147	127	
160	185	195	183	184	
151	191	165	199	173	
156	160	150	159	179	
199	166	153	185	198	
179	154	192	163	199	
192	194	178	157	180	
153	177	171	156	187	
193	181	199	196	168	
175	177	155	156	188	
197	174	155	165	172	
155	153	175	158	183	
166	199	195	171	181	
196	186	169	176	192	
188	158	164	170	163	
186	158	180	159	181	
165	158	164	159	173	
181	166	173	192	196	
163	162	170	172	176	
186	163	153	194	182	
176	157	169	171	189	
175	166	154	161	153	
160	170	158	194	186	
197	187	153	162	160	
167	198	183	173	175	
150	157	153	190	160	
161	192	157	178	188	
171	156	153	159	198	
169	174	175	162	158	
171	153	164	151	157	
163	193	158	157	181	
191	167	188	166	158	
173	179	162	155	180	
182	199	169	162	168	
183	171	169	168	163	
166	175	158	187	156	
190	198	157	150	162	
199	171	155	196	192	
182	173	186	168	170	
194	173	191	188	161	
154	162	194	170	180	
177	162	170	194	175	
156	169	151	171	150	
174	193	181	153	157	
180	184	195	189	150	
160	154	181	164	172	
190	162	161	185	192	
150	179	178	189	198	
155	166	172	163	160	
187	181	156	191	178	
179	152	163	182	195	
209	214	222	234	247	
220	225	242	237	244	
229	236	200	209	249	
236	249	203	243	215	
245	239	210	238	237	
220	245	207	216	200	
200	217	219	221	218	
247	240	238	211	212	
219	206	225	221	223	
217	245	248	218	219	
209	205	227	228	240	
245	229	240	231	207	
234	202	200	204	209	
245	207	230	216	225	
234	222	203	221	205	
225	230	203	216	235	
227	210	239	214	201	
241	247	216	214	205	
248	206	227	246	245	
204	239	224	233	200	
239	230	210	203	216	
237	233	204	243	236	
215	206	228	245	200	
203	213	226	229	207	
203	237	209	223	239	
208	210	213	226	228	
240	245	224	221	231	
241	220	218	223	237	
232	235	205	215	246	
220	244	229	234	202	
234	208	210	217	206	
230	245	204	235	231	
213	247	225	237	224	
205	209	243	246	204	
213	237	233	204	207	
211	245	202	235	227	
219	230	239	241	238	
212	225	214	227	246	
200	218	220	228	216	
239	210	225	234	214	
224	212	207	213	220	
237	216	220	208	227	
239	213	205	242	214	
218	246	236	239	222	
239	238	206	229	200	
241	229	228	246	234	
242	240	245	205	221	
213	237	238	221	203	
244	241	222	240	249	
233	216	219	249	238	
269	281	256	279	292	
291	272	255	292	256	
283	254	285	288	263	
292	268	267	266	261	
270	280	277	266	255	
250	265	274	261	297	
274	251	292	266	254	
298	275	266	297	292	
264	259	266	289	280	
263	294	259	283	276	
263	286	251	264	297	
253	280	277	259	262	
290	292	252	294	279	
294	277	270	257	268	
272	266	261	289	251	
281	263	264	261	265	
251	254	258	293	266	
273	282	292	297	253	
286	275	259	270	264	
288	286	268	256	289	
272	284	261	295	288	
258	297	250	252	268	
277	285	289	278	258	
299	298	254	279	278	
290	286	294	261	293	
266	261	268	257	278	
269	285	266	299	287	
279	283	277	280	274	
297	277	281	261	287	
266	288	280	260	261	
260	261	266	259	292	
276	290	254	251	273	
284	273	260	286	250	
281	298	296	272	290	
297	287	261	265	271	
265	264	254	271	251	
256	259	269	290	280	
250	287	289	269	254	
262	258	264	288	276	
277	293	272	260	259	
251	284	296	253	277	
297	295	260	273	263	
299	295	284	267	298	
252	289	290	251	276	
263	289	266	284	273	
251	262	274	282	287	
263	296	281	251	276	
257	255	275	260	289	
284	273	265	266	267	
266	264	253	251	265	
332	320	337	345	311	
323	324	305	303	315	
305	320	341	349	325	
342	307	308	325	330	
344	332	328	305	348	
314	337	324	345	347	
311	304	349	327	348	
349	325	326	301	341	
328	308	300	319	304	
316	322	330	349	303	
309	343	303	327	346	
319	317	329	310	349	
309	348	323	305	328	
327	305	331	318	320	
345	309	324	331	339	
348	346	301	331	343	
347	332	319	321	320	
304	305	308	349	309	
317	310	319	327	315	
318	305	332	344	321	
319	314	311	345	305	
332	306	331	307	317	
338	324	337	308	336	
349	311	348	325	343	
313	307	336	308	318	
325	319	301	312	327	
313	344	333	336	342	
305	308	337	317	314	
310	334	314	320	339	
321	345	340	330	333	
312	311	343	326	306	
345	335	338	349	319	
330	332	337	302	328	
326	315	336	331	345	
330	325	309	344	306	
347	331	346	307	313	
325	321	311	316	331	
328	330	342	303	337	
303	346	320	329	342	
311	322	307	331	344	
314	302	303	345	344	
328	310	312	321	341	
322	346	313	327	314	
305	347	319	337	308	
344	304	331	314	312	
348	345	309	315	341	
340	309	333	347	343	
302	337	322	309	317	
345	327	322	329	335	
331	344	329	340	324	
353	357	371	387	386	
387	350	393	363	397	
364	350	362	354	369	
395	371	368	399	350	
369	382	365	389	373	
357	374	393	378	375	
392	391	370	386	363	
394	358	366	376	391	
386	360	364	352	359	
377	398	372	373	391	
362	360	392	355	351	
391	390	374	372	368	
398	396	358	354	357	
352	360	371	372	399	
359	391	362	355	389	
390	352	363	397	393	
385	360	371	384	387	
353	357	397	394	365	
362	369	371	390	389	
363	389	375	367	373	
374	397	366	378	388	
384	351	369	394	373	
369	395	376	379	357	
397	375	392	378	359	
352	358	385	367	360	
388	374	391	352	365	
380	352	370	383	351	
381	377	378	390	350	
392	394	354	397	367	
390	352	389	353	368	
364	376	369	357	359	
384	362	385	378	377	
370	397	365	390	376	
367	374	360	395	365	
373	367	360	394	368	
396	374	382	393	399	
389	385	388	387	386	
360	390	384	368	372	
353	358	370	382	398	
354	360	385	367	351	
387	384	376	354	355	
376	367	383	366	370	
376	385	380	381	394	
362	366	386	363	388	
392	361	394	379	352	
383	379	391	360	375	
367	373	386	366	388	
394	376	354	367	366	
374	375	385	358	394	
388	393	396	366	389	
424	422	444	433	406	
405	407	423	437	402	
402	433	435	418	411	
448	445	421	438	437	
412	426	432	400	410	
428	426	424	446	435	
419	408	438	433	422	
434	438	412	430	444	
424	436	443	427	423	
437	423	421	418	403	
440	408	416	403	449	
433	431	432	413	404	
444	442	402	443	414	
403	443	445	446	416	
431	449	432	424	419	
443	436	429	409	446	
409	404	421	439	417	
402	446	441	444	421	
424	423	446	420	405	
420	439	447	438	418	
405	449	446	443	415	
434	435	439	442	419	
414	427	408	437	448	
429	434	405	410	432	
402	445	407	444	409	
444	447	443	437	424	
427	425	409	426	433	
426	430	420	434	427	
418	441	434	421	427	
412	410	431	443	401	
444	447	416	449	400	
440	431	405	424	425	
412	405	436	445	408	
430	415	401	406	423	
447	422	423	444	419	
428	420	400	415	417	
407	449	447	404	411	
403	432	417	438	405	
446	401	432	443	418	
423	425	427	436	410	
432	431	400	408	428	
413	402	431	407	442	
406	436	418	405	433	
410	427	428	446	401	
431	417	404	409	425	
431	437	425	448	410	
437	439	407	424	448	
446	404	449	418	411	
401	419	445	438	410	
414	422	432	434	447	
463	477	467	457	458	
456	486	473	477	487	
496	464	479	455	466	
463	478	495	469	476	
492	461	472	456	457	
466	468	499	454	459	
454	490	487	499	491	
489	472	478	473	481	
468	470	453	469	473	
493	457	451	478	483	
453	492	458	482	456	
474	494	460	499	476	
488	460	493	478	456	
475	451	456	450	489	
484	499	476	478	488	
494	492	466	460	481	
483	463	498	453	495	
499	491	498	486	470	
480	486	473	471	460	
496	472	494	497	495	
483	482	463	488	467	
457	459	469	497	452	
490	488	456	466	468	
479	463	450	451	481	
485	491	462	487	459	
493	499	476	485	497	
454	486	477	465	470	
482	469	457	460	471	
453	495	459	469	489	
485	486	493	451	487	
471	487	484	460	476	
464	483	479	454	480	
482	498	456	453	467	
489	459	463	485	454	
493	472	478	461	457	
457	487	455	458	477	
491	468	498	456	481	
459	480	486	487	495	
459	476	481	460	457	
489	463	491	458	470	
485	452	484	487	493	
452	486	460	472	498	
486	479	494	499	477	
450	489	454	452	487	
476	487	482	457	484	
495	464	465	490	452	
484	481	493	456	480	
498	453	474	482	457	
496	491	497	451	489	
477	499	457	473	484	
97	434	337	460	24	64	
53	74	32	384	371	153	
314	318	24	253	343	441	
468	306	226	459	241	331	
424	143	203	186	45	180	
58	379	179	44	476	281	
190	163	428	482	322	1	
460	85	486	42	149	74	
61	494	64	19	141	31	
346	263	320	83	487	470	
490	431	122	120	313	394	
124	495	470	492	424	168	
380	69	346	148	121	41	
393	134	41	437	229	391	
76	105	85	40	111	473	
239	163	124	426	121	152	
106	275	173	85	125	284	
41	450	253	72	243	85	
95	351	394	432	413	271	
224	328	96	320	182	321	
344	50	441	356	27	436	
213	255	498	461	48	391	
351	38	408	462	63	58	
42	317	487	288	284	115	
151	134	246	71	255	462	
395	133	250	247	348	118	
85	268	165	163	160	61	
46	341	333	88	472	61	
0	96	377	191	466	22	
481	444	360	365	472	384	
91	351	274	202	89	59	
224	64	149	4	170	11	
366	84	160	18	405	77	
102	402	35	86	415	242	
383	123	235	244	52	121	
78	426	61	383	221	287	
490	222	378	88	70	377	
460	423	105	435	74	396	
117	399	158	366	303	96	
357	64	470	345	358	497	
347	210	301	431	257	299	
490	458	86	95	148	201	
282	212	402	297	48	295	
80	249	409	438	365	332	
419	382	485	194	203	336	
202	268	185	257	299	474	
304	192	352	51	393	150	
109	378	329	22	78	63	
120	163	254	147	400	288	
428	269	273	340	384	146	
413	442	96	156	334	101	241	
410	334	172	129	328	338	137	
298	165	443	335	143	322	158	
143	257	498	109	399	247	177	
32	81	19	300	435	78	93	
414	433	178	93	336	324	268	
487	404	99	428	135	81	280	
97	222	185	31	262	61	188	
78	489	464	143	364	391	48	
69	330	124	79	496	3	477	
456	126	186	169	345	406	443	
200	212	9	150	456	20	481	
383	481	98	460	54	482	445	
54	178	165	279	161	307	299	
162	481	133	276	105	321	402	
97	235	338	377	76	401	188	
236	182	1	105	84	434	488	
271	455	296	142	320	267	346	
221	24	386	20	287	277	454	
60	342	433	246	400	401	405	
88	462	189	13	95	434	144	
364	216	146	125	58	82	401	
180	239	423	123	435	459	447	
309	178	417	29	47	191	128	
165	378	113	312	385	350	13	
287	395	44	247	26	89	495	
25	19	136	498	63	88	98	
445	376	94	45	409	371	427	
257	35	174	384	451	481	159	
484	141	286	453	62	333	245	
37	211	66	245	294	268	90	
105	174	42	494	170	336	180	
404	209	171	130	191	330	495	
390	87	301	361	371	225	470	
375	207	98	341	397	272	459	
104	322	371	57	1	344	31	
60	232	47	126	23	3	234	
491	163	226	77	436	351	200	
56	372	436	446	212	220	162	
105	142	356	349	171	191	77	
11	354	457	210	233	340	322	
263	443	52	140	158	266	284	
396	141	390	7	305	453	86	
69	475	83	71	340	315	471	
312	14	471	218	284	223	492	
406	136	24	153	429	358	427	
389	290	494	198	403	160	277	
461	100	484	398	159	150	352	
201	337	122	419	104	15	61	
411	148	197	438	48	351	111	
464	98	279	287	359	381	444	423	
46	105	68	309	404	427	468	294	
104	76	349	369	291	388	255	455	
44	113	225	67	278	322	488	459	
66	208	476	497	465	22	364	126	
305	400	372	481	398	57	322	224	
333	375	433	280	118	199	81	198	
10	495	46	229	371	182	87	21	
14	83	22	41	232	475	381	140	
68	193	237	210	143	469	124	165	
7	196	267	293	203	34	167	347	
170	123	382	185	33	63	192	448	
139	487	240	72	256	403	352	412	
352	272	402	219	472	274	48	392	
123	75	203	14	85	175	100	218	
91	388	128	218	472	411	208	272	
194	155	336	138	211	184	110	15	
135	432	41	325	421	440	151	118	
313	251	117	247	210	215	17	376	
178	495	434	100	471	168	285	89	
47	381	424	10	304	200	463	389	
52	107	359	467	291	78	412	1	
185	369	341	60	188	101	223	244	
94	225	324	456	254	383	143	211	
156	436	126	472	372	92	216	56	
128	370	358	20	296	457	78	106	
414	476	457	87	104	168	20	489	
318	408	71	479	195	93	431	179	
249	495	93	131	480	152	312	125	
77	225	462	124	112	161	429	287	
100	448	184	330	450	402	145	47	
390	43	335	243	321	305	354	284	
14	409	159	40	319	89	93	151	
184	95	299	432	278	243	308	233	
31	126	360	115	485	5	456	162	
124	352	478	321	70	204	29	170	
44	102	214	263	34	344	61	215	
316	284	351	9	336	430	303	168	
225	213	265	355	285	222	8	242	
158	190	29	345	454	301	242	43	
54	348	195	454	115	251	471	309	
42	430	102	441	131	34	127	29	
405	440	262	65	447	292	437	79	
433	44	471	259	41	88	454	187	
351	291	325	345	388	497	430	148	
26	373	208	427	44	367	298	245	
73	478	311	339	145	386	58	212	
237	229	411	263	423	141	413	380	
151	179	265	249	450	228	437	178	
84	74	211	81	466	400	99	417	
