48	0	4	
23	45	6	
1	3	7	
0	9	48	
30	3	48	
49	0	41	
0	23	5	
20	10	13	
11	6	31	
10	26	28	
4	10	19	
16	35	33	
47	31	6	
41	44	17	
14	21	33	
24	11	16	
47	31	42	
49	21	27	
8	11	36	
30	47	40	
30	20	36	
4	31	8	
10	0	31	
0	47	32	
42	5	2	
13	20	45	
30	38	16	
42	22	3	
10	12	11	
23	46	15	
41	37	30	
24	10	42	
1	14	20	
14	15	30	
48	17	10	
13	33	28	
11	1	27	
48	25	13	
35	2	1	
27	38	40	
38	3	5	
39	49	20	
26	43	21	
27	24	46	
31	26	24	
12	14	3	
40	14	7	
5	46	24	
6	8	12	
23	11	13	
62	96	89	
55	74	83	
99	90	70	
80	60	67	
88	92	63	
82	63	86	
93	88	80	
57	77	98	
76	60	64	
72	66	79	
51	53	59	
86	91	87	
53	69	83	
50	99	67	
91	81	59	
81	59	82	
75	55	60	
52	65	93	
62	77	92	
74	93	73	
81	88	89	
87	54	79	
65	63	75	
78	69	79	
91	92	93	
50	60	70	
62	89	75	
81	97	86	
96	70	56	
97	55	95	
67	91	80	
88	76	97	
87	60	69	
79	64	56	
75	56	80	
94	98	64	
88	91	64	
53	63	97	
87	82	73	
96	63	55	
59	78	86	
59	92	90	
92	94	67	
63	68	65	
69	81	59	
79	57	61	
85	83	97	
91	62	65	
94	99	53	
68	70	69	
122	100	148	
115	104	125	
115	103	114	
113	112	142	
116	142	135	
143	104	120	
124	116	114	
112	124	129	
122	100	116	
115	144	135	
134	137	147	
110	142	112	
134	123	132	
122	138	108	
110	147	105	
108	140	100	
129	137	101	
122	123	113	
140	127	139	
146	103	127	
120	121	133	
118	133	106	
113	115	136	
138	126	125	
113	118	102	
149	135	121	
137	121	139	
136	131	125	
145	139	107	
104	123	103	
119	138	116	
104	118	107	
103	115	130	
122	132	115	
140	129	119	
109	100	125	
128	135	130	
124	119	141	
149	124	110	
107	114	141	
136	102	122	
134	116	132	
118	126	122	
105	135	115	
138	141	108	
148	109	149	
145	136	103	
147	101	146	
126	123	102	
148	142	147	
197	156	179	
167	155	185	
179	159	168	
185	190	195	
178	180	190	
174	185	178	
175	151	177	
175	195	154	
169	191	193	
158	188	150	
185	153	193	
166	152	161	
186	174	199	
178	166	192	
154	199	173	
191	169	181	
156	193	189	
166	195	188	
154	174	192	
176	170	175	
160	180	170	
178	169	194	
197	185	155	
173	168	186	
162	183	179	
186	173	169	
182	174	172	
179	181	191	
173	164	170	
198	195	162	
179	163	180	
150	185	175	
175	185	162	
164	170	186	
187	196	192	
183	191	155	
180	160	169	
159	162	198	
168	196	185	
195	154	167	
198	180	194	
195	174	170	
198	193	167	
180	153	182	
168	191	189	
165	179	162	
162	191	196	
161	178	176	
196	189	170	
154	183	195	
240	217	215	
233	237	215	
201	226	237	
244	200	208	
238	245	212	
205	214	237	
234	217	243	
240	236	200	
208	223	235	
226	247	223	
214	242	209	
233	228	245	
211	241	231	
249	217	239	
224	232	207	
218	227	200	
218	232	227	
220	205	236	
240	237	212	
207	202	245	
215	229	243	
212	236	248	
222	201	209	
221	218	231	
211	216	227	
237	218	206	
208	235	245	
200	216	208	
225	230	228	
209	210	245	
225	239	211	
235	231	200	
205	210	244	
224	208	232	
218	242	227	
248	244	228	
237	201	247	
230	233	245	
233	204	216	
233	212	210	
223	246	241	
221	235	225	
231	237	209	
216	205	211	
236	235	222	
237	249	202	
210	235	220	
248	216	219	
240	237	247	
211	245	242	
271	285	256	
279	285	278	
268	269	258	
275	279	288	
260	297	283	
254	280	299	
298	277	260	
296	291	263	
296	282	255	
283	288	279	
286	284	288	
292	276	273	
271	291	282	
289	252	265	
283	268	276	
294	250	264	
252	284	272	
265	298	254	
262	298	271	
284	266	264	
250	260	290	
280	273	267	
267	259	251	
270	254	259	
256	272	250	
298	285	286	
257	288	261	
265	275	284	
285	280	298	
250	272	282	
258	251	254	
261	272	254	
284	250	275	
264	277	290	
293	286	252	
278	265	284	
255	298	291	
291	293	256	
284	297	251	
260	266	253	
294	270	274	
262	260	273	
254	288	258	
258	282	272	
285	289	259	
295	297	292	
255	252	299	
287	267	294	
262	278	275	
264	293	257	
346	349	347	
340	312	318	
311	344	348	
321	343	346	
339	327	303	
342	340	317	
342	309	306	
308	321	323	
327	334	330	
315	346	338	
337	349	307	
316	340	349	
325	314	322	
317	321	342	
318	327	344	
344	317	347	
327	317	325	
312	328	345	
301	343	315	
337	333	319	
321	305	310	
312	339	337	
343	301	336	
323	315	306	
346	332	318	
322	321	300	
309	319	343	
313	334	314	
348	336	335	
315	319	306	
349	310	326	
333	305	345	
315	319	311	
321	302	309	
333	334	312	
306	308	329	
301	303	344	
323	334	302	
319	339	341	
331	342	311	
325	305	308	
341	319	329	
320	335	327	
332	317	336	
319	341	334	
339	347	312	
301	302	313	
319	341	345	
344	348	336	
302	324	338	
361	381	384	
387	389	362	
360	351	391	
383	391	354	
382	393	378	
383	355	380	
350	361	395	
362	394	387	
357	395	394	
379	371	370	
365	373	363	
356	369	353	
379	357	355	
380	355	367	
363	361	377	
387	372	378	
373	351	378	
387	365	363	
384	361	360	
358	399	372	
366	367	395	
358	370	393	
396	382	387	
382	390	352	
368	397	377	
372	355	376	
374	363	393	
390	388	389	
397	373	378	
369	372	371	
365	374	383	
352	392	391	
367	380	387	
385	369	396	
389	353	376	
370	357	374	
362	375	389	
396	358	398	
398	396	395	
358	375	359	
387	359	397	
395	389	354	
399	387	377	
387	363	379	
372	393	394	
357	369	368	
360	399	362	
368	396	358	
368	387	362	
360	355	382	
402	400	449	
403	441	445	
436	448	432	
425	420	439	
418	424	413	
402	428	448	
430	419	407	
428	443	437	
403	401	409	
409	424	445	
408	414	403	
430	440	418	
402	422	427	
413	420	435	
416	410	404	
401	445	412	
418	428	419	
447	438	409	
412	417	427	
431	423	430	
445	412	402	
413	434	412	
412	443	432	
441	436	449	
433	435	425	
408	447	407	
421	423	405	
418	426	406	
444	424	438	
427	429	407	
412	448	411	
441	400	405	
432	417	445	
438	430	413	
440	446	435	
429	405	438	
438	401	400	
438	429	404	
433	422	407	
435	434	445	
429	439	441	
400	426	442	
419	424	428	
409	422	425	
425	418	433	
437	434	410	
403	449	447	
424	439	422	
407	405	418	
411	448	402	
479	484	482	
475	463	491	
493	466	479	
487	456	479	
493	469	456	
476	477	473	
457	451	492	
498	458	472	
462	474	454	
478	485	496	
455	495	459	
491	498	493	
485	497	487	
463	499	476	
491	474	476	
477	461	480	
486	473	488	
459	487	457	
465	493	458	
481	498	476	
471	472	466	
457	450	481	
457	499	489	
450	492	455	
481	477	464	
455	480	482	
472	480	463	
467	484	469	
486	464	498	
455	490	459	
480	481	462	
457	461	463	
474	450	458	
460	471	497	
450	491	453	
476	482	477	
460	477	453	
474	470	473	
489	494	486	
462	488	490	
476	464	496	
491	495	453	
468	471	480	
477	469	488	
459	498	467	
457	475	462	
477	479	488	
468	463	466	
459	454	491	
468	493	480	
16	45	6	23	
16	23	18	48	
46	31	43	4	
34	16	44	20	
7	25	20	17	
18	3	2	7	
38	20	22	1	
38	44	22	8	
8	11	38	26	
8	16	29	10	
0	31	20	3	
43	7	10	37	
35	6	21	9	
10	29	6	36	
2	19	31	7	
46	37	24	43	
7	36	14	8	
23	34	49	48	
16	35	1	12	
20	23	29	25	
40	14	25	44	
30	16	28	3	
26	34	3	47	
0	43	46	33	
18	45	13	36	
16	39	41	10	
3	22	38	32	
18	47	11	9	
34	18	11	33	
31	8	26	45	
21	46	17	12	
6	9	8	19	
20	33	32	3	
26	2	39	9	
35	31	18	48	
38	13	17	46	
28	1	3	6	
0	2	1	22	
6	47	41	1	
9	0	3	16	
31	15	36	10	
14	20	9	17	
31	27	45	32	
32	45	8	28	
45	48	1	11	
34	3	47	4	
29	18	36	39	
47	36	46	16	
31	29	37	45	
8	4	16	5	
78	88	62	95	
94	71	58	81	
99	50	98	65	
98	82	76	62	
87	58	73	81	
94	90	87	57	
86	75	98	83	
79	96	69	74	
64	87	72	84	
55	98	90	86	
68	81	52	76	
96	85	52	88	
66	61	65	91	
80	73	65	60	
83	60	72	68	
95	68	79	69	
80	51	55	68	
60	90	92	74	
87	94	57	54	
50	74	79	57	
62	52	93	58	
80	70	92	72	
95	91	73	94	
96	97	88	98	
80	60	59	69	
68	55	58	81	
91	84	99	68	
89	91	87	61	
81	99	71	97	
90	70	59	83	
62	54	65	68	
79	59	66	51	
97	82	51	85	
65	87	62	50	
78	87	79	77	
52	74	97	57	
50	97	79	55	
60	77	94	52	
81	69	79	56	
80	52	78	74	
66	95	97	78	
75	98	86	67	
53	55	63	57	
72	51	65	53	
79	76	74	98	
67	92	93	50	
97	78	95	73	
75	57	68	79	
82	84	73	70	
60	54	65	91	
114	112	125	145	
103	102	130	137	
129	138	143	110	
142	114	120	132	
144	145	112	109	
137	107	122	108	
130	136	101	128	
138	139	120	117	
106	143	144	121	
100	109	143	123	
147	136	139	117	
144	119	117	108	
112	132	137	142	
118	103	119	123	
107	131	101	112	
106	117	147	130	
138	108	147	149	
110	136	130	131	
123	120	104	139	
116	106	118	117	
129	131	118	108	
139	135	133	105	
113	121	103	119	
148	127	109	141	
127	135	126	123	
117	115	131	121	
130	142	138	111	
133	128	111	142	
125	117	138	114	
120	138	111	132	
129	135	125	142	
102	118	120	106	
135	136	132	113	
144	112	123	114	
140	130	131	142	
149	103	118	120	
113	103	136	134	
114	120	118	110	
146	143	148	128	
147	139	116	127	
116	106	120	147	
110	149	101	131	
138	144	127	122	
104	109	116	136	
126	112	118	111	
114	113	129	116	
137	141	148	120	
149	100	116	123	
109	133	112	145	
121	137	133	100	
169	176	159	174	
177	151	181	153	
150	161	177	178	
153	166	159	199	
161	159	175	158	
158	196	154	159	
170	174	186	178	
183	177	193	184	
173	170	181	154	
184	175	151	160	
198	172	173	165	
194	156	191	186	
170	181	159	198	
174	160	155	158	
179	155	192	182	
167	180	197	173	
173	183	191	186	
167	187	189	153	
183	155	152	193	
162	160	188	180	
180	192	156	176	
174	192	186	189	
157	190	197	179	
195	166	155	157	
192	183	189	150	
182	175	166	189	
166	153	184	176	
189	166	158	162	
165	153	174	175	
153	161	197	198	
161	156	183	190	
175	155	199	184	
195	157	183	175	
179	172	169	182	
168	155	193	177	
166	182	172	186	
184	166	162	185	
163	171	175	157	
190	199	182	198	
175	171	180	157	
164	157	195	153	
184	175	178	182	
170	151	154	163	
184	167	177	190	
155	185	167	188	
161	190	199	166	
175	183	169	154	
199	175	162	159	
165	195	150	158	
170	155	151	165	
222	242	218	217	
207	235	247	204	
206	210	236	235	
206	249	202	243	
248	239	221	218	
210	233	228	220	
208	207	203	244	
227	213	205	209	
242	220	229	222	
234	227	212	222	
204	245	227	225	
208	213	240	202	
223	209	230	245	
211	214	232	207	
244	238	240	201	
216	209	232	219	
205	228	218	217	
238	211	239	241	
231	229	216	244	
222	210	204	242	
213	208	238	227	
216	247	225	203	
217	244	232	236	
219	234	231	248	
242	222	244	209	
224	235	213	208	
240	225	212	244	
234	216	249	215	
214	224	219	209	
226	223	227	220	
245	206	238	225	
232	231	201	211	
203	211	204	224	
218	216	242	230	
222	234	248	225	
236	235	245	242	
243	216	221	228	
235	229	223	222	
231	237	220	208	
233	249	208	204	
207	220	244	208	
215	216	245	201	
210	217	240	225	
219	230	244	235	
224	228	226	219	
233	234	207	223	
214	247	213	208	
242	201	232	227	
231	222	240	225	
228	209	217	223	
288	283	261	291	
297	268	299	279	
265	279	260	262	
284	286	299	256	
281	250	259	271	
265	253	279	263	
286	274	266	250	
269	267	283	252	
254	280	250	290	
290	274	257	267	
274	275	266	293	
267	264	276	283	
298	280	281	272	
294	265	267	281	
287	257	274	262	
269	262	286	253	
296	262	265	250	
279	261	287	292	
281	297	251	276	
284	277	269	294	
281	299	268	263	
270	275	277	264	
260	272	251	290	
286	270	289	260	
270	269	281	277	
260	273	275	281	
268	260	252	255	
293	251	294	297	
298	275	264	253	
261	267	258	272	
273	269	294	260	
266	256	289	259	
257	278	284	281	
290	254	252	263	
289	275	250	299	
250	255	281	290	
272	294	283	276	
291	276	259	254	
297	254	266	259	
273	260	272	256	
270	261	288	298	
272	276	279	250	
286	278	292	274	
276	269	268	284	
293	299	295	280	
276	257	278	252	
282	271	284	255	
257	264	273	278	
268	299	265	293	
277	297	264	258	
315	323	316	341	
338	339	325	324	
316	334	304	310	
343	346	310	326	
321	312	308	322	
319	305	339	342	
319	327	332	341	
306	314	344	330	
340	302	332	336	
325	328	307	302	
340	316	338	301	
330	318	335	313	
335	309	310	315	
345	328	336	321	
307	343	333	311	
348	325	347	315	
320	319	307	334	
303	314	338	329	
322	325	334	339	
348	347	304	308	
312	308	305	345	
320	308	333	318	
336	332	316	303	
339	329	312	302	
312	304	319	302	
334	327	311	338	
337	335	310	320	
309	327	323	344	
328	300	333	319	
304	311	331	314	
315	322	332	329	
305	306	328	321	
312	334	344	347	
317	328	326	311	
313	324	343	301	
303	334	349	311	
332	342	340	313	
316	330	349	310	
339	317	327	305	
302	320	317	340	
332	313	345	349	
315	340	318	310	
316	327	319	341	
306	300	341	338	
330	347	318	331	
316	324	313	306	
337	308	314	309	
330	322	306	314	
337	301	331	346	
343	330	342	305	
359	369	387	393	
367	380	370	369	
384	355	368	390	
391	363	365	393	
370	382	365	373	
365	362	399	364	
373	364	392	376	
370	360	369	397	
387	362	374	357	
351	398	355	388	
365	396	390	351	
350	379	388	355	
387	384	399	383	
373	363	354	356	
351	383	389	352	
353	381	391	360	
376	364	382	386	
360	395	382	354	
382	398	397	390	
380	378	390	374	
377	362	392	354	
382	354	355	357	
353	388	375	395	
385	369	393	363	
397	380	374	398	
399	387	393	392	
396	353	377	389	
378	356	387	392	
353	375	368	359	
397	385	363	371	
398	371	362	365	
360	397	366	380	
365	351	383	371	
376	392	379	398	
381	375	369	364	
389	393	357	356	
376	363	365	395	
363	367	368	377	
399	366	359	379	
371	362	399	396	
371	354	372	368	
376	393	369	359	
377	365	374	371	
396	372	356	371	
392	369	397	361	
360	381	357	398	
387	371	362	353	
382	367	390	374	
381	383	368	394	
383	384	374	377	
435	409	422	442	
444	432	448	419	
407	406	421	440	
439	434	418	423	
426	424	417	439	
403	412	409	421	
425	413	408	448	
446	401	433	425	
408	402	438	400	
406	445	439	411	
437	433	442	402	
449	439	423	400	
427	405	402	435	
403	434	411	408	
427	414	436	402	
434	416	448	418	
423	448	411	409	
420	444	447	401	
434	421	417	448	
436	437	442	401	
410	430	439	444	
408	400	425	414	
448	402	429	440	
439	419	400	449	
448	426	415	418	
430	438	408	434	
427	421	435	418	
437	430	414	413	
429	441	440	425	
443	426	430	439	
439	414	436	447	
412	428	446	422	
427	446	444	440	
438	409	405	408	
426	414	419	445	
444	434	429	413	
407	436	404	402	
425	427	411	426	
413	415	402	407	
402	431	416	448	
405	424	446	423	
401	424	427	443	
423	441	448	439	
429	404	428	414	
407	410	444	413	
406	445	432	442	
415	438	426	434	
427	428	444	407	
426	432	407	408	
407	419	415	423	
481	461	468	471	
488	493	475	481	
499	491	463	476	
456	492	479	460	
465	487	462	493	
490	469	467	473	
469	474	467	465	
492	479	491	483	
470	468	480	492	
476	481	461	457	
452	478	471	453	
477	499	485	481	
468	492	458	475	
474	482	458	454	
494	473	466	492	
490	457	452	497	
470	472	480	489	
485	490	496	497	
450	493	463	468	
476	485	454	466	
458	464	468	495	
487	463	492	497	
478	492	463	470	
468	451	488	478	
495	463	458	484	
465	459	485	463	
461	458	470	452	
499	492	455	454	
482	468	474	465	
493	494	485	498	
454	496	495	472	
473	460	488	475	
494	463	460	474	
498	456	465	473	
451	473	459	483	
486	499	458	476	
489	497	460	464	
481	476	480	489	
456	483	465	478	
450	455	489	482	
496	497	454	463	
462	455	452	460	
452	498	461	455	
466	459	473	481	
469	459	458	475	
465	478	483	464	
493	489	483	474	
468	470	489	491	
459	483	486	470	
466	464	489	481	
0	35	23	2	34	
28	42	4	8	14	
16	15	19	5	44	
45	33	0	40	31	
23	48	21	47	41	
43	41	27	39	7	
29	1	6	16	5	
21	33	15	3	24	
25	46	13	9	12	
48	30	20	10	0	
33	35	48	20	23	
30	37	12	15	16	
6	38	13	40	22	
14	21	44	17	16	
29	47	0	27	20	
32	17	22	49	16	
28	33	35	19	3	
35	21	39	31	45	
39	7	27	35	45	
21	49	35	26	17	
48	25	31	23	47	
11	48	15	36	17	
2	0	24	33	1	
37	40	32	14	22	
25	14	39	21	5	
31	39	22	9	23	
6	27	16	48	5	
26	38	35	6	12	
38	18	12	30	25	
43	34	22	32	21	
29	35	26	23	45	
36	47	44	8	2	
46	45	44	16	6	
11	45	7	35	32	
12	37	46	41	16	
33	42	29	48	41	
8	23	17	5	49	
23	26	46	7	35	
21	14	39	35	31	
21	49	7	12	23	
11	15	31	8	46	
18	12	28	27	6	
2	12	23	25	4	
42	37	6	22	17	
36	8	34	1	38	
24	25	20	39	22	
27	33	31	17	21	
13	48	21	17	10	
48	9	46	14	8	
3	23	19	12	6	
81	84	90	50	74	
53	57	83	89	87	
81	93	61	74	68	
76	54	50	82	85	
92	50	52	54	99	
78	72	93	92	84	
51	75	74	50	68	
72	64	79	95	86	
60	72	92	84	93	
87	97	88	74	60	
80	75	78	97	74	
90	98	91	65	97	
51	67	96	77	52	
72	71	76	51	99	
87	58	61	77	65	
78	73	86	64	90	
62	74	91	85	93	
61	69	98	97	77	
76	85	56	75	52	
55	69	63	84	87	
98	79	60	58	91	
72	50	74	68	66	
85	56	60	94	65	
53	81	71	52	68	
89	87	75	98	63	
96	99	67	85	57	
69	95	57	90	53	
73	55	64	66	72	
54	88	84	59	56	
99	96	98	73	90	
66	51	55	79	85	
80	81	63	69	51	
95	76	94	55	80	
61	91	59	81	98	
52	68	62	63	95	
75	55	62	76	52	
94	91	81	72	99	
60	97	78	94	90	
81	69	62	56	58	
72	75	89	50	87	
85	50	84	53	78	
58	62	75	95	97	
92	52	86	68	95	
70	93	74	56	98	
90	86	50	78	65	
80	83	82	69	96	
91	53	55	92	50	
72	61	70	93	85	
62	81	87	59	98	
72	73	87	71	99	
135	122	105	127	128	
147	148	119	117	100	
133	113	135	139	108	
133	141	116	115	110	
122	137	146	121	127	
138	148	143	136	140	
137	115	102	104	118	
115	148	139	123	126	
143	100	135	139	134	
100	125	113	131	108	
140	124	102	145	113	
138	113	143	103	124	
100	130	115	105	116	
129	125	147	149	127	
146	134	113	125	137	
132	121	113	124	140	
148	146	145	110	121	
122	148	119	141	138	
114	110	122	133	109	
115	100	139	143	132	
117	131	119	127	130	
103	117	139	114	140	
139	141	149	137	109	
114	112	117	103	109	
120	108	135	145	109	
101	146	112	148	116	
113	139	108	140	137	
114	119	131	143	116	
109	131	104	101	139	
118	101	103	117	111	
100	133	110	128	139	
126	108	120	115	101	
128	136	114	123	146	
119	145	148	131	142	
115	130	106	103	128	
101	127	118	149	143	
145	144	101	141	102	
133	113	126	123	103	
135	114	101	109	132	
137	141	126	113	135	
133	126	148	113	127	
149	117	126	133	107	
108	135	127	147	115	
110	139	133	145	115	
131	123	112	109	107	
136	147	108	126	107	
115	122	146	144	130	
131	108	123	127	107	
140	147	134	109	125	
112	137	113	148	140	
197	158	172	199	177	
179	195	185	198	163	
190	189	170	199	153	
157	197	185	151	173	
169	159	193	170	152	
189	167	180	154	182	
189	194	187	199	151	
189	154	152	183	191	
194	196	183	191	151	
160	178	151	154	183	
195	177	192	164	184	
189	153	196	161	181	
154	168	153	169	188	
162	170	196	157	198	
197	180	198	170	193	
188	157	165	152	177	
152	181	191	177	196	
156	181	159	195	191	
167	172	168	161	183	
170	176	150	191	182	
191	195	154	157	186	
194	168	193	153	152	
174	191	170	150	177	
150	156	188	191	173	
165	164	173	171	180	
164	150	181	174	151	
196	190	177	157	181	
169	190	165	185	191	
162	187	198	169	174	
198	182	184	192	190	
182	163	158	161	162	
165	178	156	194	161	
168	154	188	156	165	
190	185	179	186	171	
199	195	164	172	182	
169	170	153	158	195	
198	173	184	187	175	
185	154	180	194	179	
166	180	198	185	187	
169	178	186	151	161	
190	153	167	159	160	
198	163	152	183	181	
198	165	182	161	170	
159	152	158	168	172	
172	153	194	161	156	
171	187	158	170	196	
164	152	169	187	159	
180	177	190	174	164	
166	151	155	159	170	
154	183	186	180	197	
247	216	224	205	229	
238	201	225	231	210	
238	228	223	233	236	
241	237	210	245	222	
210	222	239	203	219	
248	225	246	235	207	
203	228	249	233	236	
227	222	203	200	229	
232	222	212	234	241	
211	240	220	248	201	
213	203	227	217	225	
246	224	234	220	219	
210	236	244	246	201	
217	218	238	245	224	
217	223	207	247	249	
245	239	204	224	200	
249	233	218	219	209	
234	206	222	209	202	
231	228	240	249	221	
204	218	226	243	229	
231	229	226	223	208	
236	203	208	225	221	
203	228	221	232	211	
249	240	214	220	202	
217	208	211	237	212	
239	224	200	220	205	
219	217	229	203	213	
242	208	210	231	205	
249	213	246	232	221	
207	243	219	242	205	
206	204	247	212	225	
233	249	211	201	207	
228	223	215	220	219	
232	213	231	234	202	
205	216	239	226	234	
219	209	224	249	244	
201	235	233	216	218	
212	224	233	244	247	
200	218	212	222	236	
232	248	207	209	201	
241	247	230	245	201	
219	231	220	205	234	
220	203	207	214	242	
219	241	243	234	244	
202	218	242	241	238	
243	244	216	229	226	
218	245	215	228	229	
234	226	211	224	233	
223	248	219	218	230	
221	203	240	204	211	
295	267	276	293	268	
266	299	261	273	279	
255	290	261	256	285	
253	298	262	271	270	
284	290	279	282	251	
255	263	278	253	257	
251	261	253	288	268	
256	280	290	279	281	
269	273	262	253	256	
297	258	273	259	279	
295	272	292	283	277	
266	250	281	268	277	
291	299	296	282	277	
255	284	251	259	250	
286	284	268	273	251	
256	260	273	251	296	
251	292	297	267	253	
297	254	264	252	251	
275	266	255	278	285	
253	264	258	280	290	
274	293	292	260	298	
265	296	283	262	277	
298	269	271	264	286	
262	257	294	296	256	
286	261	260	282	290	
251	252	279	281	271	
285	272	288	278	296	
251	272	279	266	281	
287	257	254	270	250	
272	267	291	268	287	
256	257	291	292	253	
287	274	275	268	288	
295	271	250	296	299	
294	287	264	277	274	
278	287	286	294	264	
290	258	289	298	294	
297	258	289	286	259	
274	279	286	252	293	
298	275	261	294	258	
267	250	282	253	285	
287	297	283	275	282	
283	293	264	278	298	
295	250	264	285	261	
293	274	267	270	261	
254	288	298	256	269	
263	297	271	277	265	
287	299	263	258	281	
288	272	255	256	279	
273	283	255	251	297	
282	267	259	279	294	
318	315	349	339	309	
306	317	311	322	326	
320	336	326	331	306	
313	341	302	321	335	
328	345	333	313	323	
346	324	328	315	331	
326	330	306	312	316	
332	308	301	340	346	
312	306	326	320	319	
313	310	312	340	338	
347	341	338	342	332	
325	335	319	309	324	
311	312	346	301	336	
322	320	300	348	331	
309	341	310	348	304	
302	317	323	311	305	
317	316	310	335	334	
317	328	332	348	326	
307	317	301	329	309	
339	324	349	304	322	
300	348	335	302	332	
329	307	331	347	317	
316	325	346	336	342	
340	309	330	302	333	
329	337	305	307	302	
348	317	349	314	326	
321	349	300	347	314	
348	319	330	335	324	
315	344	321	340	341	
318	321	336	324	308	
301	308	348	324	347	
342	345	337	340	338	
338	300	331	317	339	
313	307	329	300	311	
312	334	335	321	343	
320	310	342	341	347	
319	306	318	336	325	
314	311	308	301	303	
318	330	349	311	316	
319	306	340	320	338	
339	333	342	327	335	
323	321	341	306	325	
343	325	319	330	302	
307	335	306	320	315	
344	323	313	338	309	
330	345	325	321	333	
305	327	323	347	307	
306	305	307	329	337	
305	302	330	308	319	
327	345	311	329	309	
372	353	363	358	376	
368	365	354	371	350	
361	394	377	351	350	
376	366	369	389	385	
385	390	392	364	369	
379	350	395	359	365	
387	361	396	385	390	
367	365	377	396	369	
358	399	395	371	352	
384	350	370	377	374	
370	358	357	375	373	
380	350	396	367	390	
356	376	375	365	391	
392	357	353	350	397	
383	360	391	378	388	
372	366	360	359	377	
399	365	389	395	380	
397	399	391	377	371	
367	380	371	363	369	
350	391	377	360	359	
381	354	363	366	360	
382	364	356	350	360	
388	380	357	374	370	
363	394	381	359	360	
399	375	395	377	381	
370	389	369	358	374	
369	372	368	357	388	
395	351	390	356	381	
373	392	364	397	378	
366	375	361	379	358	
353	397	389	367	398	
391	380	385	382	352	
382	386	351	389	366	
365	397	359	374	391	
352	351	383	372	388	
357	380	355	394	351	
362	373	393	395	371	
366	351	383	382	362	
358	354	398	367	387	
391	379	384	371	364	
379	374	365	350	375	
399	353	394	362	381	
364	384	397	391	367	
380	373	356	399	371	
387	369	373	382	366	
382	357	396	394	372	
385	391	376	371	386	
372	384	360	394	353	
393	398	372	391	387	
388	365	393	381	361	
404	435	431	429	410	
443	412	419	434	420	
401	446	429	435	409	
441	420	401	415	445	
448	425	406	410	405	
441	418	402	420	445	
409	415	421	435	413	
415	406	435	414	420	
416	414	430	434	421	
445	417	410	426	448	
441	423	438	427	437	
444	445	428	422	403	
428	410	447	419	404	
416	449	421	412	438	
444	409	446	403	408	
429	430	442	406	448	
445	415	418	438	439	
446	416	444	434	435	
405	435	442	420	446	
413	405	412	406	442	
433	402	414	400	403	
447	428	402	441	426	
412	432	437	433	426	
439	427	447	435	402	
434	436	405	438	425	
411	442	440	409	427	
426	437	449	400	425	
425	442	417	444	427	
446	413	447	434	435	
437	401	420	408	442	
447	435	440	448	424	
419	415	449	442	429	
401	402	425	440	439	
431	428	445	416	444	
411	431	436	427	424	
401	417	442	409	424	
445	423	415	422	425	
427	418	405	412	422	
448	443	444	430	442	
425	430	422	408	407	
405	449	417	410	432	
411	441	439	418	412	
431	405	426	420	402	
419	449	416	410	420	
413	404	433	400	445	
443	430	448	422	437	
431	435	437	401	434	
414	425	439	431	435	
430	411	436	433	419	
432	424	419	430	411	
497	469	495	491	462	
487	496	495	477	463	
493	492	476	482	460	
471	499	485	489	476	
466	492	482	454	495	
497	478	474	482	453	
454	494	464	470	462	
465	453	473	479	490	
456	461	497	479	465	
483	450	476	454	467	
457	453	456	486	454	
499	461	459	492	453	
486	471	476	478	484	
458	481	484	462	487	
487	485	486	464	484	
479	476	453	450	455	
498	469	475	495	476	
469	466	454	455	457	
458	495	484	471	490	
488	495	451	455	484	
465	498	467	480	499	
482	499	483	487	451	
465	472	484	462	469	
462	486	478	496	474	
485	461	488	468	466	
454	460	453	472	451	
462	497	487	477	451	
486	476	456	459	463	
464	492	485	451	462	
463	469	486	497	456	
472	451	485	475	490	
478	487	483	467	486	
477	456	454	485	481	
476	489	470	467	450	
475	469	451	499	484	
496	456	479	499	451	
490	468	479	475	458	
450	472	476	496	466	
478	456	497	459	454	
492	488	465	491	452	
485	462	467	489	461	
492	482	478	450	483	
476	474	491	492	469	
465	498	461	481	483	
481	489	483	494	498	
468	479	477	496	457	
497	454	472	457	469	
463	494	462	474	472	
498	495	471	465	494	
490	452	494	451	487	
108	96	389	112	498	128	
356	420	234	225	168	384	
20	440	394	491	192	191	
347	172	464	440	52	24	
361	60	439	5	150	493	
493	435	288	269	319	487	
304	282	66	162	285	157	
102	214	28	395	205	290	
140	406	435	381	453	374	
429	225	362	325	173	430	
335	191	197	299	158	38	
428	466	60	111	155	18	
342	245	228	141	366	110	
33	253	327	17	141	71	
164	118	225	108	149	430	
262	447	224	424	347	82	
305	17	61	368	480	403	
13	167	348	248	59	100	
179	210	13	218	337	305	
482	175	86	103	258	481	
335	147	226	473	356	430	
173	243	178	219	228	161	
299	114	103	29	250	334	
452	382	309	212	296	89	
191	190	369	381	110	152	
145	398	198	332	16	349	
220	193	194	248	441	229	
377	90	61	370	403	213	
401	387	492	1	194	171	
372	54	326	494	108	174	
59	482	12	216	480	497	
172	190	75	361	44	426	
232	133	180	235	214	20	
40	280	221	366	64	152	
145	12	444	462	87	69	
131	45	355	456	332	9	
181	128	262	182	436	40	
17	219	224	263	252	253	
18	476	35	426	118	0	
350	209	358	329	28	102	
194	0	300	327	28	417	
14	427	474	298	251	410	
172	315	244	129	260	242	
477	71	48	304	203	262	
49	247	184	77	34	372	
194	441	275	88	277	79	
167	438	191	285	413	18	
51	233	168	52	63	38	
93	303	376	244	250	386	
321	460	481	368	83	93	
299	321	45	26	122	76	
492	273	31	406	164	417	
204	265	270	95	67	297	
1	249	327	365	231	342	
115	21	172	450	238	425	
164	401	78	357	387	85	
373	478	75	310	462	426	
72	406	316	360	153	201	
252	380	334	235	300	462	
305	366	492	444	93	89	
82	18	257	103	64	428	
405	357	93	370	138	419	
457	388	241	21	192	466	
71	216	220	388	264	58	
45	77	66	204	89	232	
255	199	262	147	95	151	
210	385	365	369	108	377	
420	439	368	271	186	201	
228	105	355	434	445	308	
140	311	423	108	96	107	
150	437	476	88	448	396	
242	367	13	384	186	189	
439	147	465	435	106	351	
201	462	57	217	224	194	
247	215	160	407	58	410	
116	249	283	128	193	80	
178	51	414	482	65	461	
482	64	11	359	162	422	
290	190	355	320	25	188	
289	467	52	479	277	58	
135	498	281	116	188	110	
14	365	134	155	341	206	
61	380	22	241	422	336	
174	412	486	44	473	425	
102	349	463	116	377	6	
39	306	67	403	48	402	
443	248	384	165	495	112	
51	3	395	495	164	63	
318	233	106	168	111	207	
115	497	460	347	152	4	
424	103	296	105	264	454	
163	35	123	255	244	311	
334	497	117	237	344	4	
22	155	280	290	473	317	
54	486	325	273	135	298	
206	167	100	38	478	451	
356	217	372	78	402	384	
270	339	72	130	152	271	
393	160	372	168	300	82	
371	281	468	134	439	105	
164	217	307	83	230	174	204	
30	232	279	265	441	261	223	
113	102	38	158	121	95	204	
124	42	490	276	181	90	483	
300	69	327	436	103	186	66	
208	195	301	230	62	107	255	
140	490	337	105	136	288	360	
269	407	441	320	221	68	26	
359	139	204	408	363	378	496	
416	203	176	441	38	173	358	
55	356	171	430	139	347	283	
373	377	479	244	286	122	30	
373	293	185	485	187	7	207	
191	173	12	444	104	379	334	
30	436	222	404	180	34	162	
494	497	438	426	213	45	116	
336	365	405	49	413	147	329	
425	201	414	463	261	108	88	
307	305	492	354	44	77	451	
434	84	156	295	180	493	12	
336	481	179	485	252	494	357	
403	373	316	214	6	452	247	
444	499	216	248	116	183	380	
382	233	133	178	434	36	410	
340	423	97	498	126	191	468	
418	396	489	175	282	24	144	
173	27	439	163	180	432	251	
305	74	160	316	82	179	88	
358	387	70	459	306	227	233	
409	66	2	141	25	186	189	
26	223	204	486	448	246	429	
480	343	177	499	473	381	487	
96	195	337	89	354	143	409	
252	414	63	283	106	40	279	
205	165	62	110	292	109	496	
451	287	217	134	232	339	186	
456	258	447	50	42	429	313	
11	172	294	344	24	66	1	
15	301	212	286	277	313	310	
329	438	497	409	401	326	262	
443	240	195	495	274	201	91	
176	493	294	416	73	98	74	
122	205	41	287	183	126	236	
6	250	64	446	98	495	79	
167	63	264	494	349	48	482	
350	34	439	163	428	264	424	
465	279	206	174	462	448	476	
56	212	130	257	471	187	306	
365	370	369	10	292	265	128	
437	255	9	358	172	287	101	
196	290	199	482	445	288	433	
18	76	73	194	241	245	222	
102	56	286	430	455	338	291	
108	464	84	60	316	297	97	
181	241	388	456	348	237	452	
39	112	448	320	106	293	8	
20	159	361	484	245	493	233	
211	81	331	347	131	247	493	
33	294	78	251	311	72	163	
108	454	169	130	363	199	412	
152	260	496	390	433	252	157	
469	204	217	330	293	327	192	
216	164	317	445	112	480	338	
70	382	326	294	168	91	408	
376	47	482	176	497	364	438	
176	64	148	103	397	498	380	
495	277	317	88	369	69	75	
413	221	29	242	422	397	144	
219	272	170	416	247	53	496	
414	176	495	450	64	487	350	
113	274	436	438	335	187	185	
215	393	214	230	487	229	176	
335	90	278	82	362	353	366	
319	288	305	38	310	269	115	
332	111	439	189	325	61	323	
131	228	42	491	169	433	464	
476	323	234	121	198	320	304	
310	118	78	14	300	329	153	
350	121	407	381	112	294	369	
223	375	470	475	33	331	205	
321	496	130	179	343	370	35	
180	338	56	389	452	291	390	
186	134	31	205	352	371	8	
37	246	340	89	412	23	421	
310	143	111	309	30	298	212	
167	471	467	124	406	65	448	
398	378	486	29	30	381	225	
53	78	320	63	6	498	411	
260	197	1	7	6	17	22	
174	397	70	490	451	288	124	
111	489	381	368	286	273	94	
345	437	16	398	26	76	101	
216	211	381	415	355	379	331	
86	339	455	317	67	117	194	
108	140	431	371	252	270	68	
498	226	53	415	385	84	357	
355	419	26	76	89	480	160	
267	332	247	269	138	54	39	
340	431	383	87	126	154	348	
328	335	210	255	323	152	82	
71	231	167	72	483	426	171	120	
5	0	163	400	46	177	311	63	
66	143	471	97	453	318	41	183	
66	407	232	459	124	385	406	486	
123	79	326	373	351	148	320	422	
13	196	198	470	79	55	124	271	
96	182	222	33	279	432	437	142	
450	124	188	347	402	473	338	163	
62	304	173	454	63	208	90	408	
82	5	66	390	316	464	285	458	
427	275	296	4	200	140	163	239	
464	186	211	463	122	266	207	142	
116	122	282	308	426	113	50	144	
225	279	434	426	454	180	439	99	
403	180	420	469	45	476	483	254	
258	187	277	153	42	477	249	478	
348	336	240	497	274	353	209	14	
310	27	312	417	454	128	289	112	
269	53	135	408	55	471	115	37	
133	140	34	494	275	123	30	82	
426	470	370	90	330	63	393	258	
269	134	219	218	365	181	332	15	
131	212	119	272	468	14	293	330	
69	292	449	315	422	255	299	296	
409	210	406	211	79	346	393	458	
333	451	328	223	182	284	358	270	
140	379	38	165	305	275	484	402	
477	186	354	69	480	197	19	340	
259	486	438	471	417	203	339	416	
402	301	368	224	236	39	403	414	
265	82	86	25	171	322	149	290	
307	75	188	460	379	296	81	14	
30	456	244	255	167	490	334	473	
374	395	363	141	446	315	306	23	
223	28	423	470	168	84	495	381	
271	450	317	414	495	175	285	85	
449	12	248	321	468	213	251	156	
374	168	259	342	317	100	10	81	
84	26	127	496	10	380	165	117	
224	444	101	198	77	457	259	83	
102	482	379	424	335	251	161	231	
220	422	249	207	267	101	248	38	
302	226	37	68	65	56	295	271	
499	184	24	31	71	317	344	147	
316	42	403	259	112	169	172	324	
27	259	227	71	307	363	239	97	
485	53	220	118	414	219	316	492	
352	386	92	358	269	418	407	253	
155	422	372	37	32	82	478	265	
275	133	270	29	446	456	487	104	
218	60	401	370	305	94	153	244	
201	285	247	328	98	88	459	11	
183	475	274	390	366	389	125	356	
273	467	366	232	403	178	85	26	
107	363	161	241	266	470	350	11	
22	301	474	414	403	476	287	95	
349	96	412	1	161	453	343	375	
426	190	319	222	339	289	399	68	
466	93	253	17	121	237	193	234	
480	112	2	91	407	312	447	486	
40	445	99	73	436	120	406	16	
370	245	487	190	136	421	52	214	
255	21	106	469	6	105	296	143	
204	407	338	243	279	229	429	20	
179	421	217	222	427	111	305	94	
231	295	307	230	432	355	248	478	
99	447	348	209	107	57	471	431	
210	301	304	322	450	71	3	53	
13	177	33	304	426	463	338	475	
155	316	94	100	345	211	333	417	
302	59	97	111	434	52	158	319	
236	443	111	259	190	189	314	485	
381	471	461	23	466	395	368	454	
444	278	191	294	245	442	448	478	
137	143	400	418	422	57	51	199	
335	309	61	247	322	77	253	229	
322	310	377	321	65	192	61	166	
299	405	67	145	25	356	426	485	
130	50	66	166	108	62	388	152	
311	464	40	205	159	330	179	237	
183	254	136	195	302	68	2	403	
290	265	458	468	497	367	276	302	
166	118	49	257	476	401	142	453	
56	31	495	198	14	221	343	493	
8	116	300	188	196	402	110	311	
147	259	429	221	207	384	39	462	
335	240	269	10	231	41	425	486	
31	353	174	120	240	287	14	216	
492	293	260	156	291	418	139	137	
7	497	254	42	407	245	187	300	
119	273	168	431	299	85	100	274	
455	60	331	56	350	222	299	470	
107	418	440	439	299	426	333	315	
325	495	172	256	168	108	383	188	
386	469	141	27	322	406	416	49	
388	431	177	467	234	127	208	189	
490	301	402	491	371	298	430	441	
378	162	173	330	375	438	335	76	
26	2	155	452	126	68	347	127	
65	335	361	42	342	352	76	305	
