25	12	2	
21	12	2	
8	14	7	
22	35	44	
4	12	42	
48	24	15	
11	15	41	
48	36	8	
3	4	48	
43	9	14	
3	38	22	
7	29	49	
7	16	3	
39	11	40	
38	31	37	
38	4	29	
31	18	33	
34	26	18	
6	35	22	
30	2	36	
47	23	39	
46	44	13	
27	39	43	
1	42	4	
0	10	48	
35	14	29	
25	37	1	
0	3	25	
45	49	10	
5	41	19	
14	31	47	
19	1	49	
35	34	16	
37	49	24	
14	48	17	
21	32	4	
11	43	35	
32	36	24	
10	36	27	
26	18	3	
21	35	23	
21	28	40	
43	20	5	
17	22	23	
18	36	0	
10	5	23	
29	1	46	
29	38	8	
19	16	9	
20	25	42	
94	73	84	
50	54	80	
55	56	59	
70	53	54	
59	74	75	
89	84	88	
94	51	53	
86	75	71	
59	88	70	
89	72	80	
63	64	54	
52	99	91	
50	72	73	
56	68	61	
92	98	81	
72	69	57	
52	69	75	
90	92	93	
51	72	63	
60	59	54	
80	88	82	
59	85	82	
68	95	83	
70	81	56	
84	50	56	
95	77	69	
70	80	87	
58	81	70	
80	87	50	
87	93	71	
89	93	61	
53	76	73	
86	56	76	
58	82	77	
66	58	56	
88	85	50	
76	84	54	
67	85	51	
82	95	76	
86	91	57	
62	93	84	
98	89	97	
63	86	73	
66	56	82	
69	82	54	
61	52	84	
75	94	56	
51	59	82	
94	80	50	
55	66	83	
127	114	130	
139	102	148	
120	122	115	
141	117	121	
120	125	115	
126	131	119	
100	140	142	
143	140	136	
123	100	104	
122	108	126	
109	136	134	
133	115	112	
119	149	102	
125	112	123	
124	142	144	
101	122	117	
104	106	122	
148	125	133	
128	107	143	
104	124	138	
101	112	106	
136	110	114	
125	119	130	
117	131	128	
102	109	120	
142	112	126	
108	134	120	
106	137	123	
105	140	142	
128	113	119	
125	142	117	
122	113	139	
118	112	144	
131	127	128	
114	125	148	
143	141	139	
134	127	108	
123	114	144	
100	114	113	
101	116	130	
145	133	112	
143	115	116	
111	100	102	
149	110	100	
102	120	110	
105	134	127	
110	131	105	
136	127	123	
123	131	101	
147	141	133	
196	155	193	
171	185	159	
177	189	183	
172	155	185	
178	195	163	
183	182	164	
181	153	176	
173	191	164	
151	187	184	
176	198	157	
156	162	188	
174	177	186	
179	157	162	
177	153	160	
157	154	174	
156	197	162	
199	158	194	
163	158	196	
156	182	181	
190	150	155	
175	186	151	
154	160	155	
150	168	151	
188	165	185	
195	154	180	
153	185	170	
172	196	195	
178	171	175	
193	168	196	
189	153	169	
152	194	171	
168	163	195	
165	182	179	
189	170	164	
156	184	161	
195	167	166	
185	184	177	
197	160	167	
193	160	170	
187	189	178	
184	159	160	
150	190	168	
183	176	161	
178	167	187	
176	189	152	
195	179	191	
184	155	183	
173	174	198	
197	181	195	
163	193	164	
246	201	245	
249	245	215	
236	238	200	
228	242	243	
201	208	222	
213	243	241	
224	237	231	
246	230	247	
214	230	241	
235	245	239	
243	222	234	
215	228	242	
216	233	220	
240	212	235	
244	206	217	
204	226	200	
212	207	214	
209	241	220	
225	242	201	
204	231	246	
246	201	225	
218	215	233	
219	224	244	
227	229	237	
222	232	215	
232	237	207	
209	243	226	
236	224	238	
229	222	220	
213	228	239	
208	229	236	
225	228	231	
236	213	247	
202	231	235	
214	204	249	
248	206	224	
244	214	226	
235	211	228	
211	222	220	
240	209	237	
248	227	249	
223	204	244	
236	220	214	
239	240	249	
200	213	243	
222	216	244	
206	239	235	
241	239	208	
219	217	229	
209	234	204	
295	284	262	
297	294	273	
280	254	273	
278	253	281	
275	297	296	
297	282	261	
276	277	269	
267	293	261	
268	254	261	
275	285	299	
290	282	271	
285	275	296	
262	294	257	
265	283	298	
299	296	252	
257	284	285	
259	284	266	
260	288	292	
266	264	290	
270	256	263	
253	250	278	
290	296	295	
253	267	265	
274	262	268	
266	292	258	
264	282	271	
267	293	259	
275	279	294	
281	270	258	
265	262	266	
264	279	263	
296	257	280	
280	267	281	
250	295	290	
284	258	256	
261	257	285	
272	264	255	
257	298	265	
288	260	258	
278	257	272	
290	274	260	
259	276	295	
272	288	269	
290	253	265	
265	284	287	
253	286	296	
286	268	297	
286	296	294	
288	250	254	
262	259	289	
315	331	347	
329	301	331	
330	324	345	
324	337	329	
319	328	330	
349	343	306	
343	344	346	
338	341	331	
328	333	335	
307	339	331	
317	334	322	
334	335	341	
341	344	336	
303	327	322	
313	308	335	
316	334	333	
305	347	324	
310	334	330	
311	324	305	
333	339	301	
342	320	327	
329	306	316	
333	334	312	
336	300	341	
303	320	338	
312	323	318	
313	335	312	
314	318	333	
325	347	341	
303	301	305	
325	343	330	
334	310	326	
339	304	316	
303	333	300	
316	310	335	
308	315	302	
325	343	303	
336	332	305	
307	334	349	
338	341	330	
301	326	325	
332	320	308	
331	305	343	
322	337	316	
308	343	331	
328	346	335	
314	342	323	
324	334	302	
304	300	336	
324	309	307	
389	392	396	
392	378	377	
388	378	361	
380	385	369	
363	356	397	
357	376	370	
381	364	375	
391	365	358	
368	356	395	
375	355	377	
362	391	358	
358	378	351	
352	393	392	
354	389	378	
378	390	385	
359	367	361	
370	386	356	
392	363	353	
376	393	386	
385	351	378	
387	361	369	
351	373	350	
376	365	395	
381	368	382	
374	390	380	
383	380	389	
364	396	398	
357	384	375	
367	382	358	
372	392	381	
393	359	387	
392	378	381	
397	352	353	
398	382	358	
393	399	373	
365	380	381	
380	378	359	
397	367	373	
365	391	374	
377	352	391	
367	380	363	
398	378	356	
360	354	374	
371	381	369	
375	355	387	
361	354	393	
391	398	355	
399	377	395	
360	368	350	
397	361	386	
435	431	408	
424	428	447	
424	437	423	
416	405	417	
437	419	442	
420	439	446	
417	438	405	
400	440	422	
449	400	431	
416	400	424	
427	406	413	
425	436	412	
436	407	444	
445	427	436	
442	404	411	
409	432	401	
414	407	418	
422	418	410	
423	435	444	
413	445	425	
416	445	440	
433	428	449	
400	417	410	
406	434	412	
442	438	413	
427	447	436	
400	414	423	
419	409	416	
447	426	418	
405	431	439	
449	414	432	
422	442	402	
432	400	413	
424	416	444	
409	445	414	
447	413	427	
419	439	407	
448	445	419	
417	444	404	
419	430	421	
429	433	445	
449	410	441	
447	434	422	
412	403	440	
437	430	442	
412	402	431	
448	421	414	
444	400	427	
449	429	447	
426	407	422	
454	473	487	
464	495	478	
486	476	463	
484	487	491	
474	492	454	
463	479	455	
475	460	474	
462	468	487	
492	459	491	
465	480	456	
476	475	499	
465	483	498	
457	497	471	
461	491	467	
495	450	452	
453	473	485	
493	494	487	
490	459	484	
466	470	477	
485	474	486	
481	475	459	
494	479	497	
491	468	451	
480	453	463	
490	482	459	
489	483	458	
459	496	469	
474	465	483	
462	487	473	
474	483	466	
468	457	464	
490	477	489	
456	460	484	
477	463	468	
487	454	494	
450	467	487	
459	455	465	
469	486	450	
493	495	457	
488	465	469	
475	486	485	
450	458	475	
499	495	477	
473	475	454	
478	490	483	
472	478	462	
476	456	494	
466	497	454	
473	474	458	
466	487	475	
39	11	18	49	
41	44	35	10	
15	33	0	5	
41	27	9	44	
45	18	44	35	
15	13	12	41	
19	12	9	25	
40	15	26	37	
26	2	29	21	
34	24	17	11	
10	15	25	27	
37	20	31	40	
25	47	45	48	
49	16	36	13	
15	11	34	45	
19	41	45	43	
18	37	44	17	
4	41	31	20	
23	25	35	16	
12	35	2	33	
25	46	33	1	
13	30	37	25	
22	49	17	14	
45	6	49	44	
15	28	23	0	
43	42	31	8	
22	39	29	9	
42	1	35	45	
2	40	31	12	
21	39	28	6	
7	46	29	2	
11	47	40	36	
28	35	45	23	
41	20	33	15	
15	46	43	27	
15	41	45	32	
23	45	17	20	
43	34	38	35	
33	7	39	31	
14	38	0	11	
0	32	35	10	
42	3	0	10	
41	49	35	44	
25	47	43	13	
30	14	38	1	
29	20	24	49	
3	36	40	14	
30	35	27	5	
26	43	45	6	
42	23	37	17	
64	61	52	58	
96	62	69	56	
50	55	65	91	
94	83	80	75	
93	77	78	72	
85	77	57	56	
65	74	80	66	
61	90	59	74	
59	99	73	52	
78	92	95	93	
54	75	72	86	
83	87	52	72	
91	57	65	61	
61	82	83	75	
63	94	61	96	
93	58	53	52	
66	82	83	53	
55	86	61	51	
77	85	50	76	
52	76	68	78	
82	93	57	83	
90	62	89	83	
68	73	55	66	
69	96	92	55	
77	96	91	51	
62	96	84	89	
98	61	72	51	
84	56	73	70	
72	74	60	50	
84	78	67	86	
71	83	96	60	
69	84	66	59	
97	72	54	51	
78	53	69	71	
88	75	66	82	
70	96	56	69	
95	50	70	71	
66	51	78	94	
96	99	63	97	
51	97	78	60	
88	93	91	96	
86	50	83	54	
94	62	76	92	
50	56	70	61	
96	68	67	72	
58	84	97	85	
58	87	61	92	
96	61	85	93	
50	84	82	61	
67	71	94	62	
112	148	108	149	
142	135	127	145	
104	146	102	111	
100	134	103	129	
137	125	127	109	
143	105	110	106	
142	113	107	127	
142	131	116	128	
123	103	104	147	
105	122	123	134	
113	143	131	144	
129	107	132	110	
116	134	136	148	
100	128	109	123	
108	107	146	116	
147	128	122	140	
101	130	131	110	
138	105	134	132	
130	105	115	109	
113	148	121	145	
143	133	139	125	
148	146	124	123	
118	113	124	138	
131	119	133	141	
138	104	110	106	
105	123	145	138	
147	124	111	112	
115	145	120	125	
142	128	131	132	
147	114	122	131	
132	128	141	113	
116	131	135	128	
126	102	134	107	
136	134	104	118	
119	128	122	113	
108	122	104	130	
114	127	124	116	
101	147	115	114	
148	127	122	124	
132	149	130	106	
133	111	130	139	
137	125	118	121	
105	137	139	106	
119	129	120	102	
112	128	120	130	
107	136	127	124	
101	117	128	123	
149	125	137	119	
120	107	111	110	
102	145	122	130	
155	183	153	162	
177	181	151	190	
198	186	165	157	
161	177	163	165	
152	198	158	153	
197	152	173	196	
157	164	168	183	
183	191	171	184	
161	164	191	187	
187	156	176	167	
152	189	181	175	
171	189	154	197	
170	191	175	197	
192	163	171	185	
190	193	162	156	
164	152	161	176	
184	182	194	189	
160	187	186	177	
189	188	163	195	
161	176	187	165	
182	161	197	191	
190	198	173	168	
166	164	159	151	
196	185	155	166	
176	195	174	151	
165	163	161	156	
155	164	182	194	
172	167	166	183	
159	158	197	166	
159	153	187	154	
189	174	167	158	
170	157	175	176	
188	153	192	173	
184	179	152	185	
163	199	181	182	
164	197	199	180	
197	180	156	154	
198	168	182	165	
166	191	179	156	
154	156	197	179	
179	152	183	165	
175	190	185	182	
165	197	175	166	
156	179	152	182	
192	163	159	191	
196	192	158	156	
192	187	172	156	
188	193	164	154	
167	179	153	160	
194	183	198	182	
225	229	208	248	
205	218	219	217	
243	216	215	249	
235	203	214	205	
228	204	231	224	
243	235	200	218	
230	222	242	218	
228	229	239	238	
206	227	211	239	
231	203	221	218	
221	222	243	240	
219	202	245	246	
224	217	232	247	
233	222	245	219	
213	214	247	239	
232	205	222	235	
200	223	234	229	
229	200	220	248	
248	216	213	210	
202	234	206	220	
208	205	249	220	
236	243	218	226	
237	208	242	200	
226	210	241	229	
202	248	239	238	
213	234	203	249	
234	243	213	223	
228	244	226	219	
227	208	233	200	
244	207	249	221	
243	231	201	220	
225	238	207	235	
211	231	215	226	
213	242	243	241	
204	239	203	207	
239	201	205	208	
228	216	232	202	
208	229	202	217	
223	219	229	232	
226	216	245	247	
220	240	216	241	
226	236	209	232	
207	201	205	214	
249	234	246	221	
210	212	247	225	
211	216	201	245	
223	202	236	215	
245	237	214	204	
207	208	200	245	
236	224	229	234	
258	274	257	282	
256	258	293	287	
251	296	275	263	
275	276	283	267	
268	256	261	279	
291	286	276	297	
282	268	286	269	
261	273	283	296	
265	264	271	272	
284	290	262	264	
270	252	275	298	
261	273	289	286	
256	252	268	266	
298	254	278	294	
271	261	284	289	
296	277	258	289	
294	270	292	262	
253	299	289	280	
298	277	295	273	
272	270	266	297	
272	285	267	289	
263	272	262	251	
258	290	257	283	
267	270	274	264	
267	290	293	260	
262	268	298	254	
279	293	298	262	
296	252	258	291	
256	298	293	277	
292	296	262	252	
291	293	292	287	
275	271	291	292	
290	272	279	263	
251	284	268	253	
265	291	275	263	
267	280	264	261	
252	271	280	272	
293	284	259	274	
290	260	254	267	
266	278	281	276	
288	252	290	265	
278	273	266	299	
298	282	270	265	
258	298	251	280	
266	253	275	270	
257	292	262	294	
280	273	270	266	
258	280	251	284	
250	297	256	255	
276	258	289	251	
316	319	302	309	
312	317	327	323	
344	349	333	314	
348	318	323	302	
346	325	330	302	
345	343	328	332	
332	303	305	306	
313	322	321	329	
306	315	337	330	
321	303	349	323	
327	346	304	333	
338	329	317	345	
311	329	301	344	
346	326	329	344	
300	311	348	318	
330	317	329	348	
302	305	320	338	
311	320	309	316	
309	314	332	347	
303	342	310	339	
349	335	329	342	
314	339	330	344	
300	346	342	338	
338	340	333	325	
307	339	318	344	
311	314	322	309	
318	328	306	303	
323	316	329	313	
302	300	329	318	
341	346	316	302	
346	338	319	336	
301	320	305	341	
304	316	307	344	
336	321	325	316	
325	340	312	321	
332	306	339	311	
349	343	325	316	
322	343	320	346	
309	332	340	302	
316	324	319	307	
334	341	337	339	
300	309	308	346	
340	348	322	309	
345	326	308	336	
343	303	322	320	
316	326	320	345	
312	339	343	337	
300	308	328	345	
311	308	317	304	
310	343	341	303	
356	360	396	353	
376	368	392	390	
384	382	380	356	
399	372	389	356	
399	371	393	366	
379	389	362	386	
393	366	368	371	
391	376	397	365	
397	358	353	362	
365	366	395	397	
387	367	358	386	
381	371	397	386	
391	376	354	383	
373	381	354	350	
391	356	359	364	
396	357	371	368	
379	358	396	382	
385	371	377	365	
382	375	396	363	
388	354	367	355	
359	372	350	371	
390	370	387	394	
359	352	355	370	
395	375	359	398	
396	367	399	360	
389	377	361	370	
368	393	380	397	
362	391	384	376	
398	371	370	380	
351	368	389	387	
377	382	352	369	
386	383	388	367	
359	390	377	351	
379	369	355	372	
369	399	395	359	
388	385	373	392	
386	382	369	373	
365	368	376	366	
375	398	379	355	
398	364	379	384	
372	388	389	383	
373	382	393	362	
395	392	384	369	
374	389	364	368	
356	357	384	388	
378	385	360	389	
363	377	354	370	
355	388	398	392	
372	363	394	367	
381	372	396	380	
422	446	443	435	
423	437	436	413	
448	449	423	440	
442	432	417	422	
435	410	430	415	
434	424	445	425	
426	411	447	407	
429	437	410	416	
438	428	437	439	
428	411	426	443	
447	407	429	432	
401	440	400	419	
410	442	400	425	
402	441	447	423	
433	442	439	430	
420	425	423	440	
442	404	403	441	
401	404	413	408	
414	446	440	413	
428	417	438	414	
437	421	407	416	
409	405	441	428	
434	430	427	428	
448	418	416	412	
442	428	411	425	
445	401	439	434	
410	448	412	441	
441	436	431	406	
411	441	401	425	
443	437	414	420	
446	434	406	420	
445	427	438	405	
406	433	445	449	
440	448	437	427	
413	414	439	419	
411	441	407	446	
426	420	447	400	
409	433	402	446	
434	444	438	422	
409	416	426	400	
432	437	410	443	
427	437	439	426	
403	439	432	418	
441	449	440	409	
420	443	409	445	
418	410	415	414	
427	401	409	403	
420	425	418	446	
446	416	439	434	
405	401	445	430	
454	477	494	481	
475	456	473	454	
450	489	451	477	
480	467	483	492	
455	479	466	474	
460	480	484	467	
477	456	452	451	
487	488	484	482	
453	466	477	460	
458	495	454	478	
468	481	452	488	
492	462	456	488	
463	480	477	455	
459	479	451	499	
486	455	461	483	
470	455	465	467	
481	490	450	494	
495	462	455	476	
455	499	471	491	
482	489	484	464	
455	470	497	477	
466	470	451	488	
481	465	495	458	
467	498	465	454	
463	478	498	483	
456	466	489	481	
468	493	487	453	
491	499	482	485	
487	457	481	461	
472	493	462	450	
483	498	485	497	
464	491	456	458	
455	466	451	479	
460	483	456	479	
483	456	476	484	
489	452	486	479	
495	455	470	460	
453	482	464	492	
478	488	466	451	
491	494	490	450	
464	457	460	486	
450	468	467	465	
467	472	475	481	
467	497	458	487	
497	479	482	484	
478	474	492	468	
466	488	477	469	
491	499	465	488	
488	490	480	462	
489	460	498	471	
35	30	16	28	39	
7	13	31	5	16	
30	11	33	17	25	
37	17	13	14	18	
2	48	42	49	17	
27	18	23	11	49	
17	37	33	46	9	
18	45	47	8	32	
24	29	7	14	38	
18	13	48	26	47	
15	34	20	31	0	
16	45	29	4	5	
19	41	12	39	36	
3	19	42	47	32	
2	11	6	37	21	
47	49	41	1	40	
33	12	4	31	47	
2	9	18	1	40	
20	30	28	6	26	
29	35	17	14	2	
5	25	48	2	40	
28	22	48	35	25	
11	3	32	8	42	
36	2	28	9	5	
33	22	49	43	10	
42	48	0	13	27	
3	16	11	36	40	
34	25	17	22	9	
33	48	3	6	29	
25	26	33	5	38	
7	8	12	15	10	
42	40	12	36	31	
30	42	43	9	5	
14	48	5	44	49	
39	15	43	36	40	
46	27	45	10	17	
38	20	15	4	33	
30	31	5	18	23	
8	18	11	12	44	
23	37	33	41	1	
6	14	15	35	5	
6	46	33	27	30	
42	25	49	13	4	
33	39	4	48	46	
42	14	12	7	37	
42	25	6	18	17	
35	23	8	9	49	
4	38	23	30	9	
9	16	7	49	28	
35	15	42	48	21	
94	91	66	54	95	
71	72	80	51	65	
92	94	80	63	51	
53	71	89	69	80	
68	79	85	54	97	
98	95	58	68	82	
68	56	70	85	69	
61	59	96	77	89	
72	92	89	98	79	
62	93	97	61	56	
59	71	62	53	93	
78	59	98	64	85	
88	73	93	50	77	
51	59	88	52	90	
67	76	85	70	83	
56	93	76	89	70	
83	50	69	89	75	
59	58	81	76	96	
98	50	89	73	99	
68	58	71	91	93	
85	70	96	61	71	
68	67	69	72	84	
63	66	72	89	83	
87	81	93	50	58	
64	59	55	69	90	
84	91	71	83	81	
65	79	77	68	51	
86	77	70	80	69	
99	88	59	74	97	
52	62	63	66	54	
88	79	64	68	87	
79	53	64	99	90	
64	78	94	53	74	
69	80	57	88	91	
54	61	62	88	76	
65	78	54	53	68	
93	70	56	76	54	
70	65	84	98	80	
58	55	85	81	65	
64	84	51	83	54	
64	65	83	56	97	
78	79	59	63	99	
98	81	65	51	82	
65	70	57	94	55	
60	84	94	81	75	
86	61	84	80	89	
73	62	95	85	64	
82	75	97	98	86	
51	90	72	80	87	
97	73	65	58	84	
131	140	120	115	124	
115	145	112	136	139	
110	109	105	114	107	
126	108	103	145	134	
106	139	114	143	123	
106	142	145	127	138	
107	149	140	130	123	
133	145	147	119	146	
111	138	108	133	119	
131	136	143	134	124	
124	108	139	133	134	
135	148	134	104	149	
105	135	109	138	120	
135	115	131	127	126	
146	111	103	129	105	
112	106	100	104	139	
144	136	104	105	130	
130	104	133	144	116	
110	118	126	116	105	
114	104	137	109	128	
121	135	127	140	105	
114	132	134	122	127	
142	104	130	122	147	
144	121	103	107	101	
118	149	108	101	138	
119	146	145	148	108	
104	130	112	115	103	
138	112	140	141	130	
119	144	149	126	139	
112	101	116	108	106	
136	145	106	124	123	
114	143	102	148	125	
100	102	134	104	117	
106	108	120	124	123	
149	105	129	103	112	
129	122	137	147	124	
107	127	143	124	137	
116	100	140	131	125	
147	146	110	132	136	
142	138	106	102	111	
114	107	125	127	104	
126	141	119	130	147	
135	137	145	136	111	
102	115	108	146	135	
144	142	107	117	113	
115	114	127	116	124	
116	125	135	127	101	
132	103	133	137	100	
114	127	125	123	112	
127	120	146	137	143	
191	198	183	188	172	
184	188	183	155	176	
192	160	189	188	186	
194	162	157	195	193	
179	165	158	151	185	
187	152	189	174	179	
160	192	171	165	167	
179	152	183	167	166	
190	199	181	151	159	
159	166	164	178	183	
152	179	195	157	163	
195	161	193	153	173	
159	195	170	180	184	
173	186	194	159	195	
194	189	192	167	176	
198	160	174	171	187	
190	197	171	168	199	
155	173	182	170	164	
178	165	175	162	199	
193	198	163	179	168	
188	157	150	164	163	
181	158	186	160	164	
167	189	179	178	169	
195	160	176	183	154	
163	195	191	183	199	
189	172	154	195	191	
170	158	193	168	161	
164	190	160	166	182	
158	192	175	166	187	
185	162	184	152	193	
184	189	195	177	197	
179	170	175	162	168	
181	175	161	188	197	
155	163	161	177	176	
163	194	165	196	183	
175	185	176	178	160	
178	179	176	186	154	
153	159	183	179	178	
190	157	179	155	165	
150	158	167	183	190	
152	165	199	194	157	
159	195	160	178	169	
167	175	183	173	180	
154	186	189	169	151	
193	184	197	174	189	
155	150	176	180	174	
186	154	156	153	173	
157	177	161	189	191	
182	155	173	188	174	
152	182	174	168	175	
238	246	222	221	245	
241	243	236	202	215	
216	213	204	205	211	
227	244	226	221	234	
200	215	210	240	225	
234	212	216	247	246	
210	231	239	248	220	
229	211	212	210	247	
221	204	240	245	214	
205	227	238	219	246	
232	212	233	210	204	
232	213	219	228	216	
225	200	216	214	242	
225	216	209	244	207	
237	231	246	228	239	
201	230	237	225	241	
237	238	212	239	203	
211	222	246	212	232	
214	218	240	220	204	
213	214	222	217	235	
212	209	206	220	244	
233	231	213	222	212	
244	230	200	222	201	
214	249	242	210	248	
234	212	245	216	211	
208	239	248	246	213	
239	204	234	219	232	
218	220	223	248	203	
201	227	218	243	225	
247	223	244	216	211	
205	239	213	243	236	
200	229	228	234	216	
211	216	240	206	202	
200	202	222	249	225	
220	229	239	200	245	
249	214	237	241	209	
212	234	222	204	242	
246	245	244	242	239	
224	235	205	226	202	
227	231	223	222	243	
200	236	214	234	206	
214	202	249	208	246	
245	208	224	216	220	
212	248	202	226	233	
205	233	230	201	214	
247	213	243	201	224	
202	201	209	221	237	
220	234	242	221	213	
228	215	234	226	219	
217	244	215	202	236	
255	270	281	269	266	
294	289	257	265	291	
261	265	264	291	257	
269	279	275	283	265	
255	261	287	254	251	
281	265	253	299	259	
271	289	294	252	253	
259	281	296	269	299	
291	252	266	283	281	
275	283	284	253	268	
251	256	265	279	250	
259	282	277	273	274	
276	266	268	259	280	
275	297	251	266	278	
272	255	281	274	250	
279	297	274	261	287	
277	291	261	273	260	
290	258	279	278	268	
257	272	252	263	280	
269	252	279	291	260	
287	255	296	269	262	
285	277	296	289	266	
274	298	262	280	299	
284	270	274	285	286	
287	267	254	256	270	
293	287	261	267	254	
258	269	285	281	288	
294	297	272	288	251	
288	290	257	281	269	
290	283	286	293	278	
286	250	260	280	273	
284	263	256	255	268	
279	285	282	276	251	
285	275	253	260	250	
297	298	257	274	270	
291	261	290	297	269	
253	254	264	295	280	
280	263	293	292	284	
278	296	294	272	293	
250	255	263	296	276	
284	278	257	296	274	
283	282	250	266	294	
289	264	269	254	292	
273	272	266	278	296	
260	289	257	299	273	
294	288	254	276	256	
264	260	289	288	295	
267	296	272	277	264	
266	254	287	269	278	
252	294	286	251	289	
322	330	313	300	323	
304	325	305	340	334	
329	322	313	337	339	
318	304	315	301	340	
326	349	300	310	333	
308	309	315	345	320	
349	315	343	317	342	
332	318	331	339	315	
317	308	323	345	339	
328	332	325	310	303	
327	319	318	321	342	
323	347	331	305	334	
319	323	315	348	306	
339	326	303	311	321	
323	322	343	347	306	
302	305	308	332	317	
304	344	326	303	348	
307	348	345	339	314	
311	342	331	333	348	
327	317	347	349	308	
324	349	310	348	306	
304	326	344	308	306	
333	339	349	305	326	
348	314	329	313	341	
330	315	336	304	344	
322	330	318	317	314	
330	317	329	348	332	
332	337	302	338	314	
309	335	324	316	339	
330	340	335	323	331	
314	348	311	305	308	
335	317	341	321	334	
313	314	328	349	316	
338	328	337	347	318	
331	300	318	304	315	
331	325	340	315	312	
305	337	301	310	333	
336	342	339	344	321	
329	308	348	322	335	
322	348	330	340	315	
308	323	300	331	348	
335	309	340	331	300	
345	307	318	330	314	
301	303	342	320	306	
315	327	334	302	345	
327	336	349	346	337	
332	344	317	323	346	
328	345	339	315	316	
302	307	306	318	328	
307	330	327	323	309	
372	370	383	375	368	
374	389	378	387	388	
350	368	395	375	354	
365	390	395	375	352	
356	365	370	353	390	
353	363	399	355	379	
384	398	353	367	394	
384	352	388	371	361	
399	366	350	392	393	
356	372	357	350	363	
368	357	369	387	375	
356	394	370	365	387	
389	357	362	394	379	
360	356	390	398	371	
369	355	389	352	394	
378	393	361	372	362	
394	369	385	353	387	
350	353	377	394	390	
375	357	356	351	389	
372	378	365	387	377	
352	366	381	391	395	
364	380	363	384	351	
373	397	385	380	358	
390	372	395	371	397	
364	367	372	369	382	
351	369	388	357	394	
376	368	354	366	357	
357	379	377	384	353	
351	364	358	371	390	
394	351	352	360	369	
393	378	360	354	362	
355	385	377	393	389	
359	380	378	365	367	
369	352	366	397	385	
355	369	386	390	367	
376	351	391	372	396	
399	355	397	384	387	
351	375	353	388	363	
369	389	368	357	362	
387	391	360	379	382	
378	350	370	385	367	
356	379	374	365	362	
399	362	388	392	373	
385	374	368	387	382	
365	393	379	353	350	
367	382	376	365	356	
384	377	399	364	359	
350	364	396	365	379	
369	399	374	368	366	
354	372	359	374	365	
402	445	433	429	436	
414	445	438	435	447	
423	427	429	448	442	
426	430	411	427	402	
441	444	402	430	445	
442	417	409	446	448	
428	424	431	446	441	
409	420	442	412	446	
447	443	444	448	405	
426	417	430	441	421	
421	434	442	437	444	
408	444	411	443	407	
431	449	422	428	433	
444	449	432	416	429	
415	446	434	443	426	
415	406	403	420	428	
406	433	418	447	444	
403	407	446	406	411	
410	425	421	403	440	
449	401	428	434	426	
423	403	442	445	443	
424	431	427	429	421	
410	430	401	415	423	
417	409	405	430	401	
430	434	408	409	432	
431	445	407	406	422	
424	438	432	403	447	
413	406	408	401	402	
416	415	425	411	402	
424	428	414	447	418	
424	414	430	421	446	
446	432	400	429	404	
440	422	411	425	443	
424	411	436	444	425	
421	414	419	422	423	
423	425	441	433	440	
409	444	445	428	437	
435	432	430	403	441	
413	431	446	440	425	
409	416	403	413	422	
449	438	417	416	409	
406	404	415	431	434	
414	446	420	418	419	
449	402	443	442	436	
434	439	435	424	446	
404	442	435	406	420	
438	420	406	430	449	
410	429	421	412	411	
432	437	407	410	445	
408	439	447	405	425	
450	476	457	489	490	
469	487	460	488	471	
475	486	462	479	493	
477	463	490	480	474	
467	487	453	482	457	
490	478	479	487	496	
492	499	458	454	462	
497	484	487	457	463	
461	495	484	474	482	
455	487	490	495	468	
466	451	489	483	453	
480	493	479	456	452	
458	456	479	489	460	
457	483	484	460	459	
477	493	475	498	471	
484	464	482	488	458	
499	485	481	475	482	
499	471	468	472	483	
452	496	480	475	451	
476	489	488	484	497	
493	496	480	483	474	
494	466	459	451	452	
476	494	464	472	486	
496	488	493	474	454	
474	454	466	484	452	
499	494	483	474	481	
490	462	497	465	499	
465	451	459	497	454	
472	489	467	493	454	
472	468	486	484	480	
471	464	476	454	483	
457	496	473	476	489	
461	452	476	499	496	
485	483	451	489	497	
488	473	491	453	478	
470	452	466	472	498	
492	456	486	463	480	
498	485	475	463	469	
474	473	462	466	454	
470	456	454	499	486	
483	453	497	465	471	
455	463	470	484	460	
484	452	498	474	465	
472	492	470	496	483	
479	475	462	467	459	
467	471	497	499	489	
459	453	496	470	473	
467	461	468	473	483	
471	467	498	487	497	
474	496	470	497	468	
301	276	136	465	182	174	
376	352	486	103	157	205	
289	281	195	428	233	91	
310	447	337	13	207	89	
140	432	160	313	241	334	
49	221	261	246	62	44	
179	423	21	128	251	113	
289	440	72	119	184	134	
110	151	267	25	64	313	
244	410	229	458	173	317	
0	312	456	396	184	119	
63	162	130	230	120	320	
349	445	345	224	485	399	
64	19	70	179	206	324	
175	446	81	380	107	152	
163	179	267	242	186	1	
193	311	195	460	44	360	
339	199	229	272	198	448	
335	455	393	300	135	438	
261	178	270	302	203	143	
2	268	3	381	214	436	
448	114	220	281	191	172	
32	340	18	59	97	289	
214	356	438	365	24	412	
178	71	131	210	109	272	
234	411	37	347	287	94	
148	43	37	57	289	420	
55	496	23	344	141	431	
23	108	296	156	72	187	
229	250	341	216	389	221	
70	76	107	305	408	226	
153	59	209	435	145	38	
322	200	437	26	223	106	
32	485	135	405	313	294	
320	26	495	275	35	32	
331	51	462	307	104	250	
217	85	84	57	489	194	
416	338	363	121	461	377	
46	121	50	439	330	252	
333	191	163	70	447	143	
345	256	306	389	94	412	
209	104	250	146	3	173	
205	389	39	343	159	443	
230	354	486	466	108	361	
176	220	57	464	434	35	
435	43	273	497	240	64	
51	411	494	253	42	165	
89	211	491	311	238	276	
148	215	120	98	442	157	
413	205	418	382	150	301	
199	386	428	23	45	29	
386	298	461	375	61	402	
245	214	477	458	236	494	
16	475	317	449	19	286	
294	475	40	231	369	201	
203	320	414	185	208	190	
209	151	178	19	25	104	
306	452	79	369	50	143	
131	435	472	357	12	368	
43	153	161	478	429	426	
407	208	436	296	188	411	
332	417	233	147	259	314	
499	129	476	231	117	266	
336	102	407	167	362	278	
380	456	426	177	358	190	
340	11	391	236	183	195	
435	19	355	179	80	242	
153	472	318	355	24	16	
489	202	461	108	411	212	
328	140	197	283	95	243	
417	174	211	348	336	274	
124	349	43	453	328	253	
112	259	156	50	165	393	
156	331	149	223	359	424	
191	42	269	396	188	466	
440	441	138	182	26	126	
176	373	344	309	406	394	
476	437	154	460	289	66	
382	5	25	222	317	245	
354	329	320	190	191	167	
280	366	219	339	374	273	
215	362	235	286	403	473	
109	256	236	75	238	348	
368	467	338	355	82	132	
362	424	375	92	476	229	
206	450	417	114	161	186	
137	272	249	194	357	210	
113	239	160	402	143	352	
303	247	88	283	61	337	
444	483	376	123	68	162	
118	149	245	464	190	280	
371	429	142	210	107	428	
139	497	237	352	234	105	
13	498	144	49	382	479	
4	466	222	478	145	328	
99	363	454	118	413	418	
448	353	264	20	14	305	
331	474	149	95	10	230	
371	379	318	77	385	331	
52	359	24	4	427	326	
290	173	19	303	341	435	61	
214	416	465	313	365	391	83	
273	423	367	475	409	163	392	
194	451	202	4	28	394	138	
358	12	65	168	337	295	447	
244	157	164	385	169	436	0	
252	206	419	209	284	266	136	
496	157	155	169	95	343	146	
68	58	270	62	140	374	376	
380	55	60	49	308	31	461	
239	87	399	60	191	401	129	
344	148	318	250	47	468	206	
193	271	69	43	21	35	118	
219	303	235	29	402	249	468	
160	241	295	486	318	434	283	
415	190	209	376	12	472	404	
451	223	211	476	16	399	472	
71	51	218	242	398	492	229	
98	135	140	158	438	453	129	
247	419	387	99	393	234	174	
278	147	351	275	498	421	339	
234	79	160	96	472	442	205	
98	189	75	226	463	489	440	
185	351	342	4	215	112	341	
148	135	315	143	442	186	253	
308	276	398	309	169	259	497	
358	190	82	199	187	7	266	
74	381	488	363	360	17	7	
314	378	436	432	274	457	113	
394	146	135	37	151	165	412	
74	144	93	302	47	162	403	
307	348	80	254	137	140	409	
168	349	323	367	105	347	325	
92	190	342	103	367	192	204	
369	292	121	370	175	273	92	
254	93	75	168	429	462	415	
154	93	391	470	358	317	222	
16	383	113	498	401	354	174	
180	19	397	273	98	375	417	
61	66	457	41	160	350	324	
223	154	240	285	300	166	85	
360	14	326	413	471	270	94	
254	168	289	407	478	129	346	
390	55	11	101	275	74	70	
332	291	414	288	264	401	444	
330	386	172	449	173	230	439	
364	201	197	46	212	235	255	
326	255	154	162	298	72	494	
237	121	482	64	473	3	205	
314	240	382	26	224	229	169	
221	26	487	325	490	152	165	
126	210	275	2	387	383	345	
249	170	224	262	289	478	182	
484	263	97	320	63	260	131	
230	97	35	350	301	496	274	
301	450	460	36	10	471	410	
302	490	224	172	31	315	363	
160	157	141	174	475	78	116	
450	426	486	9	442	60	412	
281	58	248	387	156	317	201	
305	28	179	464	408	4	84	
351	236	344	443	394	226	314	
51	306	188	11	210	480	381	
44	177	28	0	352	285	39	
399	123	213	31	372	438	22	
217	112	208	364	399	241	160	
230	120	13	150	405	390	213	
391	451	74	474	327	478	188	
408	252	351	486	477	119	205	
422	470	68	317	288	239	126	
219	387	309	195	244	104	405	
97	341	151	402	95	413	417	
289	323	226	286	31	348	477	
116	273	442	16	236	137	361	
409	376	295	154	357	375	418	
57	178	280	18	138	393	65	
171	233	106	222	412	39	411	
89	497	191	195	178	348	180	
37	484	499	494	279	243	378	
146	26	482	245	266	394	452	
205	356	38	374	307	304	340	
49	304	409	349	124	87	474	
224	285	261	375	132	250	462	
237	494	334	331	104	144	243	
19	73	304	425	351	74	363	
283	319	166	2	135	216	205	
60	210	458	78	367	83	211	
344	461	315	275	84	316	379	
31	215	184	360	497	496	221	
88	485	283	175	199	297	385	
92	89	361	276	114	214	331	
452	416	129	57	463	309	299	
230	445	103	455	234	352	364	
193	153	87	14	383	397	207	
389	338	378	172	487	145	399	
310	221	44	408	445	467	215	
113	326	377	465	380	96	433	
496	347	153	454	0	428	33	
59	465	107	47	483	474	68	
187	153	107	261	411	23	392	
243	431	225	2	495	265	332	82	
177	214	376	391	271	366	45	385	
322	332	452	108	80	286	320	410	
11	335	433	454	78	147	64	371	
36	274	223	282	102	69	421	83	
102	74	394	479	256	284	481	431	
426	470	367	239	252	485	256	240	
94	301	462	19	458	321	141	399	
4	463	426	209	177	477	219	479	
145	57	303	192	298	421	354	264	
130	397	151	370	155	263	105	8	
196	148	232	392	79	332	202	234	
270	439	250	31	145	10	385	140	
211	49	114	270	320	438	482	66	
200	221	229	397	459	230	34	88	
221	166	145	165	56	485	128	287	
260	84	391	264	93	244	281	86	
339	321	139	59	61	463	75	359	
116	51	105	109	354	313	160	442	
223	317	388	48	381	377	299	324	
360	449	467	261	451	291	100	212	
56	256	159	359	142	218	111	226	
310	36	55	471	177	268	210	477	
171	133	309	181	6	239	256	425	
162	420	131	68	497	136	108	493	
435	428	314	254	291	218	307	455	
141	377	435	311	61	220	427	453	
313	354	318	485	391	64	23	244	
335	107	270	23	496	412	199	13	
323	230	282	55	29	191	294	154	
282	215	143	372	257	363	105	353	
371	497	182	209	152	484	94	443	
420	100	197	223	333	229	240	156	
153	199	57	105	445	244	154	17	
174	277	246	158	465	334	420	25	
295	88	352	32	27	51	323	336	
461	82	224	380	141	173	251	374	
386	150	459	233	422	227	353	475	
183	211	83	467	24	396	470	247	
66	334	389	360	91	214	152	215	
406	196	224	291	91	352	357	127	
61	310	405	45	239	202	137	187	
125	200	241	347	92	26	263	132	
110	103	418	98	56	162	190	496	
272	291	410	153	274	48	452	256	
469	425	371	283	347	499	33	96	
143	277	201	292	428	114	177	57	
423	313	208	217	334	324	21	411	
400	51	11	419	124	226	74	491	
17	362	242	167	419	421	58	367	
167	69	234	81	109	474	499	205	
62	355	222	188	175	359	347	353	
381	172	92	334	359	208	58	467	
256	301	297	0	446	354	341	257	
26	355	224	253	467	464	499	76	
354	271	496	198	313	12	159	154	
17	54	478	440	101	238	499	295	
73	440	320	138	274	104	390	154	
414	17	71	364	315	21	244	8	
149	249	332	20	452	98	158	327	
400	114	219	449	175	488	250	180	
86	93	451	265	352	184	469	297	
377	177	344	294	48	477	338	50	
255	391	37	65	14	387	214	336	
16	53	275	310	282	403	392	231	
201	228	34	172	462	49	245	375	
447	57	387	176	55	24	6	242	
373	126	261	353	10	31	152	51	
378	139	323	238	103	483	301	121	
444	470	314	99	80	483	475	428	
195	287	273	247	419	464	205	440	
211	162	201	75	99	378	235	18	
232	329	236	412	304	388	99	147	
27	300	73	356	206	385	97	183	
386	220	252	494	317	130	78	460	
396	256	457	155	119	230	124	347	
478	246	442	125	268	309	335	466	
37	302	386	271	478	187	347	183	
185	41	494	249	369	199	260	462	
61	356	143	376	464	36	190	330	
431	473	11	354	256	79	476	90	
225	448	138	155	418	186	315	355	
227	10	101	97	81	317	486	462	
318	0	205	454	94	53	198	473	
476	147	388	151	494	129	9	124	
109	136	395	321	227	181	429	124	
464	495	188	382	43	377	83	161	
363	274	489	140	122	414	288	484	
186	393	388	424	102	19	109	197	
56	318	139	162	12	354	94	122	
249	323	268	362	55	393	339	366	
15	418	273	60	119	480	150	138	
480	488	144	487	221	365	374	309	
226	76	379	325	249	420	42	246	
277	431	251	301	243	255	148	225	
206	211	267	148	353	299	364	232	
411	483	485	288	201	5	280	158	
75	240	421	419	235	341	334	172	
332	260	297	106	451	217	91	392	
265	79	263	458	185	210	86	69	
