0	18	12	
38	3	0	
7	34	32	
21	37	33	
1	5	11	
7	8	48	
20	35	1	
0	11	6	
27	5	23	
18	6	23	
15	46	39	
29	15	48	
49	47	38	
10	13	45	
6	43	38	
49	30	14	
47	14	43	
5	0	10	
0	42	37	
31	46	37	
32	16	10	
46	29	49	
32	45	4	
1	29	10	
15	38	7	
18	12	11	
15	45	39	
27	38	14	
18	37	34	
37	33	17	
26	15	18	
30	39	10	
42	3	49	
30	26	48	
4	20	49	
47	28	44	
10	32	45	
44	31	21	
42	43	10	
20	34	24	
44	40	2	
49	39	33	
44	8	29	
47	34	15	
6	21	46	
30	32	45	
37	26	47	
15	23	35	
31	20	49	
29	12	19	
86	95	84	
52	65	86	
79	62	55	
68	54	92	
51	77	90	
71	86	92	
68	52	86	
86	68	84	
77	90	95	
82	65	58	
72	63	51	
77	96	86	
86	69	73	
72	88	66	
63	54	51	
72	73	61	
90	83	60	
71	77	82	
54	85	89	
83	62	84	
77	54	89	
99	62	91	
86	64	53	
88	62	57	
86	99	84	
55	84	53	
56	93	90	
85	71	77	
58	50	71	
60	68	53	
62	76	79	
50	89	54	
61	76	65	
90	97	78	
50	67	61	
63	73	81	
65	88	83	
99	95	96	
63	50	78	
57	97	68	
96	77	70	
90	60	81	
73	62	52	
77	93	78	
68	66	96	
95	91	58	
82	65	98	
71	53	52	
61	63	82	
60	87	96	
121	132	143	
124	133	127	
149	108	124	
138	141	119	
116	144	105	
117	102	118	
114	136	103	
116	113	140	
133	100	129	
114	124	111	
109	122	118	
132	112	103	
106	142	117	
100	146	127	
147	103	146	
118	128	116	
145	142	133	
132	121	112	
103	100	126	
143	108	127	
102	134	107	
145	110	107	
144	138	135	
126	102	130	
113	107	124	
138	118	137	
121	105	139	
138	146	106	
103	105	114	
120	111	147	
131	141	102	
101	120	145	
107	122	131	
132	109	106	
109	100	120	
110	106	113	
122	148	134	
123	136	111	
133	129	101	
130	143	105	
144	109	138	
130	144	146	
111	115	117	
144	111	137	
116	135	119	
105	140	134	
121	112	105	
140	100	144	
102	112	118	
136	105	106	
168	193	150	
192	194	150	
181	186	153	
190	183	173	
169	172	170	
157	173	187	
159	184	178	
198	170	172	
157	164	150	
198	172	174	
161	162	164	
157	164	170	
184	171	150	
181	173	154	
185	181	194	
159	178	158	
194	180	157	
164	196	153	
177	151	154	
163	182	180	
195	184	159	
193	151	152	
163	159	168	
158	167	175	
181	152	189	
157	168	172	
199	169	170	
157	156	197	
173	156	157	
185	186	184	
180	179	171	
153	179	194	
191	184	187	
164	161	178	
188	152	171	
165	161	194	
178	153	187	
161	179	187	
194	185	183	
173	151	183	
160	194	185	
195	186	179	
172	182	183	
170	171	154	
170	184	165	
173	175	164	
183	197	161	
173	177	174	
197	199	150	
195	152	189	
202	232	242	
205	248	239	
217	202	231	
209	203	235	
225	219	212	
227	220	247	
243	221	212	
219	234	246	
215	207	246	
205	235	229	
213	218	237	
226	237	221	
209	215	233	
213	224	227	
209	218	236	
236	235	201	
248	228	210	
207	226	248	
214	213	247	
215	222	205	
225	216	223	
227	202	201	
229	220	222	
243	247	210	
243	228	232	
243	224	228	
234	220	235	
210	246	244	
232	238	237	
235	231	248	
212	202	232	
237	222	230	
230	247	249	
220	215	200	
236	200	207	
207	224	244	
216	214	237	
204	235	217	
214	249	230	
247	229	210	
236	201	224	
236	220	237	
210	217	236	
209	221	226	
210	215	204	
248	236	249	
219	213	248	
220	240	211	
231	246	204	
217	215	208	
298	297	257	
265	257	293	
270	253	260	
291	254	265	
279	260	278	
285	277	296	
273	252	277	
250	256	272	
254	296	269	
299	267	258	
282	297	290	
279	280	274	
288	272	281	
268	277	297	
276	265	256	
297	280	264	
266	277	263	
273	253	261	
287	279	262	
260	272	275	
272	267	254	
289	284	250	
254	286	298	
281	280	299	
258	262	269	
259	283	271	
282	279	253	
283	266	258	
283	293	262	
264	276	297	
299	288	250	
257	285	254	
255	294	269	
297	266	269	
264	262	273	
274	253	283	
257	250	256	
260	281	280	
287	263	277	
264	260	286	
258	298	264	
296	261	281	
264	279	256	
297	277	283	
283	275	265	
272	252	256	
282	281	266	
266	268	257	
267	289	292	
293	279	276	
303	348	310	
314	318	330	
345	340	322	
316	326	320	
333	348	300	
331	332	340	
305	324	317	
308	303	321	
309	338	313	
308	322	338	
306	345	337	
304	342	329	
333	317	347	
314	312	343	
349	346	303	
305	321	342	
337	312	340	
320	343	345	
302	347	322	
304	341	321	
344	328	306	
343	329	324	
304	338	303	
316	333	329	
346	345	300	
318	323	303	
338	346	335	
312	340	306	
328	333	327	
307	341	327	
326	348	337	
307	331	334	
319	344	334	
321	305	311	
337	305	349	
339	342	309	
313	327	335	
327	328	311	
342	321	317	
349	322	329	
309	344	310	
309	316	322	
303	305	325	
322	338	312	
346	302	334	
348	336	327	
318	344	345	
335	341	302	
343	300	326	
300	325	338	
399	364	375	
377	364	370	
373	366	363	
373	372	391	
352	387	386	
366	389	393	
350	377	398	
390	357	393	
398	389	375	
387	351	378	
386	383	377	
394	366	372	
362	361	380	
371	379	390	
378	392	386	
369	358	378	
394	374	383	
394	359	376	
371	392	387	
374	360	365	
367	374	370	
364	368	374	
394	388	365	
385	389	362	
384	370	390	
370	362	397	
357	374	381	
364	359	369	
384	396	367	
355	382	369	
398	383	396	
362	358	369	
380	356	374	
396	367	383	
371	359	399	
361	357	395	
383	371	356	
395	390	384	
398	387	363	
390	361	371	
396	398	366	
351	380	356	
387	353	381	
382	379	377	
367	368	376	
356	385	363	
399	380	388	
395	351	386	
370	372	367	
372	397	352	
410	424	430	
445	443	401	
446	413	447	
424	411	420	
448	435	425	
404	409	435	
407	424	442	
432	445	419	
428	406	415	
428	449	438	
442	431	434	
427	439	401	
409	435	427	
412	436	444	
429	422	419	
443	448	413	
421	413	411	
430	414	448	
427	403	414	
427	412	407	
443	413	420	
440	427	424	
414	404	438	
408	409	402	
433	428	401	
417	435	430	
431	436	411	
430	422	447	
420	418	437	
403	446	416	
448	449	415	
448	423	405	
426	422	410	
437	403	400	
430	416	400	
417	438	428	
444	416	402	
411	410	421	
400	449	435	
428	416	426	
427	405	428	
408	415	401	
431	413	442	
409	411	426	
412	422	432	
403	418	414	
412	407	446	
440	432	410	
400	440	416	
444	423	436	
462	454	494	
482	474	466	
461	494	474	
453	450	492	
483	480	492	
466	458	498	
470	485	457	
452	471	470	
482	490	478	
459	455	460	
458	461	496	
457	488	461	
456	480	463	
490	471	465	
489	499	470	
463	471	456	
461	465	477	
455	499	452	
491	492	461	
470	482	462	
453	489	485	
478	485	476	
490	489	498	
459	460	457	
461	465	499	
473	472	497	
474	499	459	
458	456	479	
487	459	467	
498	466	471	
478	477	492	
489	490	488	
454	493	495	
453	486	485	
459	457	451	
467	483	451	
479	451	452	
472	468	451	
490	497	463	
472	481	498	
460	481	487	
495	469	497	
467	486	498	
476	464	469	
480	464	479	
451	457	484	
467	488	495	
456	497	463	
466	450	490	
474	496	476	
9	6	22	14	
34	47	14	23	
49	40	9	3	
49	12	14	16	
34	5	9	14	
35	26	31	1	
39	32	4	36	
13	24	36	43	
18	25	21	0	
26	22	0	3	
19	43	36	12	
8	49	31	33	
24	43	7	14	
29	44	33	41	
0	41	15	36	
26	0	48	41	
20	5	32	10	
17	38	25	22	
48	35	3	25	
12	25	46	41	
4	43	36	19	
28	21	10	20	
23	31	5	44	
41	25	6	3	
39	33	16	19	
12	9	25	7	
22	26	39	31	
25	16	42	12	
45	29	42	7	
26	23	46	20	
13	28	46	1	
24	2	7	14	
41	3	25	35	
49	26	39	19	
45	14	10	29	
3	6	24	21	
11	42	0	28	
23	32	0	25	
30	7	1	40	
46	37	4	29	
25	13	31	4	
48	13	32	37	
30	33	34	40	
30	26	31	33	
43	26	46	9	
26	20	30	18	
17	6	22	35	
39	32	27	16	
31	19	5	17	
46	15	30	41	
69	85	62	87	
98	63	79	69	
64	85	70	87	
68	73	89	97	
75	68	72	57	
89	62	55	50	
99	71	75	56	
84	97	91	56	
99	64	98	78	
54	78	90	87	
57	54	59	80	
55	64	76	59	
60	67	76	51	
72	84	69	87	
99	75	54	73	
57	65	75	94	
64	55	96	74	
74	90	78	86	
69	92	96	60	
64	55	89	93	
73	60	54	52	
97	70	60	91	
84	92	50	81	
60	69	71	72	
91	51	79	81	
61	77	52	94	
98	89	90	73	
80	72	70	69	
73	82	97	93	
63	78	73	66	
72	64	94	83	
88	98	95	92	
67	76	54	83	
77	95	70	96	
68	90	59	82	
56	91	55	69	
76	83	54	62	
86	63	95	58	
85	71	78	79	
99	81	51	68	
50	95	82	87	
85	91	69	77	
64	81	84	83	
56	94	77	53	
99	80	52	64	
93	60	81	91	
98	79	83	59	
90	60	68	96	
74	83	69	59	
58	56	64	85	
123	141	134	120	
143	106	131	139	
112	149	138	142	
136	106	107	118	
109	116	121	108	
133	100	131	145	
125	110	117	146	
118	138	146	117	
103	119	109	146	
132	106	137	139	
143	121	115	111	
144	116	103	111	
101	141	136	144	
122	114	126	131	
115	146	140	106	
143	101	110	114	
129	113	134	112	
141	124	100	121	
148	101	113	106	
133	134	124	139	
148	107	104	101	
139	118	124	129	
110	101	133	105	
127	148	107	105	
124	102	101	114	
125	106	141	145	
103	100	113	134	
101	134	120	124	
134	115	119	142	
108	123	130	140	
134	126	116	128	
149	145	142	133	
147	126	125	134	
113	140	108	128	
133	134	149	146	
128	139	103	110	
134	111	126	108	
145	142	101	116	
138	121	142	139	
112	110	102	111	
100	144	108	120	
131	141	139	124	
146	103	145	144	
108	107	124	121	
145	136	142	107	
145	107	129	120	
136	139	122	104	
140	131	125	139	
122	121	139	143	
143	102	135	126	
157	152	154	188	
170	195	181	154	
160	162	170	180	
166	179	169	199	
160	158	186	156	
158	152	151	189	
173	179	193	158	
174	185	159	175	
171	181	163	168	
179	155	171	197	
165	181	190	180	
174	185	182	166	
172	195	177	199	
158	155	172	183	
174	188	158	184	
188	184	199	153	
159	188	191	167	
181	150	175	167	
193	150	185	164	
166	172	171	181	
197	182	189	198	
170	199	173	154	
171	191	189	173	
198	196	171	195	
186	181	193	196	
157	158	159	161	
170	166	174	179	
174	161	191	192	
197	189	183	191	
168	156	189	195	
191	173	180	194	
179	169	175	163	
160	187	178	198	
155	196	176	153	
162	157	166	190	
180	162	161	152	
159	169	182	189	
154	156	168	188	
190	177	173	180	
175	166	190	172	
172	182	177	154	
165	154	183	156	
164	179	150	159	
172	184	176	185	
196	193	179	154	
175	171	162	158	
152	166	178	197	
171	174	181	167	
175	195	170	154	
182	175	174	176	
238	200	210	202	
216	231	210	223	
240	204	215	246	
245	229	202	205	
226	238	204	203	
220	207	212	244	
214	216	207	201	
221	236	203	214	
249	234	242	214	
200	242	245	223	
229	204	238	249	
220	216	201	244	
246	225	229	241	
220	238	203	235	
238	229	239	228	
201	220	234	216	
211	229	208	206	
202	220	203	238	
248	228	237	217	
236	235	203	212	
220	238	227	209	
235	211	221	228	
222	218	244	237	
202	225	237	200	
225	241	240	214	
208	211	232	203	
203	221	215	242	
216	225	241	213	
239	207	227	241	
247	230	228	221	
233	242	213	222	
239	200	224	202	
229	224	211	213	
240	239	225	221	
228	221	229	248	
214	237	224	211	
243	203	212	213	
208	240	225	209	
216	241	223	242	
203	228	226	230	
236	244	216	220	
243	231	230	218	
238	240	239	247	
204	218	223	229	
239	212	234	210	
234	219	231	239	
235	239	226	219	
249	246	200	236	
228	221	233	244	
203	212	201	200	
286	258	263	267	
269	274	273	264	
284	276	291	299	
283	282	288	276	
254	273	251	282	
297	292	293	291	
263	288	258	289	
287	255	297	279	
279	258	270	293	
267	270	287	250	
281	270	257	288	
252	255	284	298	
275	262	283	265	
288	272	276	262	
270	250	266	252	
251	269	278	270	
252	266	291	292	
274	261	292	262	
263	268	256	264	
295	259	286	250	
252	279	264	293	
280	266	283	276	
279	264	252	297	
292	250	294	298	
288	287	271	276	
281	255	256	251	
271	272	283	294	
266	255	280	279	
272	252	263	282	
273	283	268	267	
252	270	275	261	
287	254	265	299	
268	278	289	266	
293	298	286	271	
258	299	254	262	
269	295	267	273	
281	253	297	265	
271	299	295	266	
263	261	269	271	
278	293	251	277	
286	257	284	268	
252	289	265	266	
267	297	257	256	
281	255	288	291	
256	293	282	294	
291	297	293	268	
278	264	288	256	
256	286	290	287	
282	258	280	259	
269	290	286	295	
312	323	329	321	
342	310	305	334	
345	319	347	303	
308	326	335	320	
337	328	323	342	
312	333	300	346	
340	332	309	342	
342	315	320	311	
312	344	311	341	
316	317	306	345	
347	339	338	315	
323	321	319	314	
303	336	337	321	
328	317	305	310	
333	309	312	330	
306	341	345	319	
326	324	331	320	
312	328	322	347	
331	340	300	342	
346	303	304	335	
321	308	331	300	
320	309	308	325	
322	311	325	307	
303	344	330	349	
345	330	332	313	
341	326	318	327	
314	343	333	302	
317	332	316	348	
332	336	305	306	
335	339	317	312	
319	336	318	312	
303	340	321	324	
306	337	309	303	
330	348	336	321	
345	326	346	330	
321	327	330	349	
314	325	332	343	
337	330	304	342	
316	305	315	300	
337	333	340	310	
326	316	308	312	
310	302	318	328	
343	348	314	322	
311	338	343	303	
305	315	344	302	
330	343	320	302	
339	334	319	335	
300	343	309	335	
339	318	332	345	
328	346	325	301	
392	390	360	393	
367	394	359	351	
375	372	389	390	
391	395	356	392	
377	356	378	396	
373	380	398	366	
387	365	368	373	
356	389	398	378	
361	393	383	359	
369	398	360	358	
383	376	392	378	
368	384	352	363	
367	380	387	372	
368	373	350	355	
359	384	360	378	
395	386	360	366	
393	396	363	385	
392	373	370	390	
383	396	367	377	
353	397	383	392	
368	384	376	385	
370	354	350	390	
364	388	398	392	
364	359	387	394	
395	370	355	394	
395	352	369	370	
393	351	392	377	
377	378	355	382	
381	364	369	376	
377	365	381	391	
385	354	387	397	
366	380	374	370	
352	385	382	399	
374	379	370	377	
386	395	381	364	
362	398	388	355	
370	351	373	365	
380	378	370	393	
386	375	388	383	
391	385	396	371	
394	375	372	368	
357	381	378	398	
387	368	350	380	
398	369	371	397	
355	353	392	369	
358	381	386	353	
360	389	382	398	
396	363	380	381	
379	367	350	389	
357	368	350	371	
407	444	437	435	
436	402	444	445	
419	430	429	418	
443	439	448	424	
418	445	428	419	
403	432	421	449	
412	415	402	423	
410	415	417	444	
448	439	441	414	
433	429	416	434	
419	418	425	416	
434	409	421	416	
405	440	408	429	
409	403	408	448	
404	407	410	412	
449	443	403	427	
438	447	413	410	
406	428	405	448	
418	449	400	444	
433	409	418	421	
448	435	421	427	
433	440	445	410	
406	444	434	437	
402	426	447	424	
411	406	439	417	
446	414	440	404	
434	411	430	424	
442	419	439	406	
423	412	432	428	
427	420	437	445	
439	400	433	403	
437	403	401	446	
404	400	431	441	
403	422	449	423	
407	449	435	413	
424	416	418	400	
408	418	447	438	
433	446	426	439	
448	409	443	402	
425	409	444	422	
421	419	422	410	
421	408	445	441	
434	406	444	417	
449	424	439	400	
416	424	421	437	
441	422	400	449	
408	427	413	444	
439	435	432	413	
438	408	406	405	
435	406	425	440	
460	485	494	471	
477	485	486	472	
478	490	456	499	
494	489	463	481	
465	480	467	478	
471	472	465	497	
492	476	493	464	
472	492	464	463	
492	498	472	496	
483	495	466	453	
465	459	491	476	
476	487	452	479	
463	480	491	495	
466	485	471	456	
455	454	450	492	
460	450	483	478	
476	450	463	451	
495	484	472	453	
454	480	491	457	
472	482	461	484	
457	486	463	483	
479	490	495	458	
456	468	463	476	
486	484	477	496	
484	493	457	479	
464	452	492	477	
452	487	453	494	
451	483	489	484	
464	461	495	467	
452	492	496	477	
478	460	461	477	
451	467	466	499	
481	460	474	473	
489	474	453	452	
479	455	485	495	
462	491	472	481	
470	456	453	489	
472	480	452	479	
458	483	493	451	
495	470	481	493	
496	463	470	476	
469	491	492	497	
464	497	477	461	
473	471	459	478	
452	492	456	476	
480	458	469	466	
476	484	463	462	
480	482	477	485	
455	495	454	457	
460	457	466	470	
25	13	4	35	21	
40	46	36	32	11	
36	48	39	9	40	
33	25	39	26	6	
25	31	2	23	47	
13	2	38	24	0	
33	14	17	47	3	
19	20	43	45	30	
14	37	49	30	36	
28	38	8	21	37	
29	39	0	28	2	
48	12	39	1	43	
39	41	27	47	38	
49	22	20	43	19	
27	41	34	20	25	
9	29	42	38	7	
36	1	41	44	19	
21	15	6	49	30	
26	22	7	16	8	
9	4	42	28	32	
28	2	16	18	17	
26	35	42	39	44	
21	36	18	30	27	
38	21	29	48	34	
30	36	14	41	8	
6	45	33	46	1	
0	11	32	26	1	
42	14	0	36	31	
1	22	0	2	41	
15	5	40	39	47	
45	40	5	48	43	
46	36	13	38	16	
23	5	20	7	26	
15	3	10	17	0	
42	5	26	32	9	
23	36	42	16	29	
34	40	27	10	44	
19	41	8	37	16	
23	42	36	22	48	
3	35	31	41	28	
47	1	45	10	9	
22	4	35	49	32	
12	3	29	43	21	
35	38	28	17	2	
10	15	17	9	34	
23	18	4	37	25	
47	42	23	38	9	
20	11	18	7	37	
21	3	19	27	41	
38	39	1	27	19	
53	59	73	95	80	
70	69	53	96	97	
88	90	83	62	84	
59	63	67	97	87	
61	99	80	85	50	
83	51	75	99	68	
96	70	89	68	81	
54	62	58	52	80	
50	77	93	79	53	
97	87	52	76	70	
93	50	75	98	67	
65	73	63	98	96	
62	97	92	68	87	
94	70	62	75	87	
83	95	92	99	68	
92	52	86	63	70	
67	54	77	83	94	
70	83	77	78	82	
60	91	66	86	74	
93	80	56	54	69	
99	95	90	60	66	
53	76	97	61	68	
89	52	80	87	98	
70	75	50	63	76	
92	87	50	73	57	
95	96	55	52	74	
79	95	98	72	63	
56	97	70	77	75	
79	88	81	60	76	
85	62	86	72	83	
57	93	97	68	63	
86	74	57	80	50	
81	59	64	79	80	
90	55	91	80	77	
91	63	86	60	54	
95	85	81	64	86	
68	62	85	96	81	
89	66	74	62	68	
92	97	70	60	98	
63	77	60	61	91	
60	78	96	53	92	
59	74	88	89	53	
91	81	69	60	96	
78	68	89	98	61	
90	78	95	52	85	
66	86	84	75	73	
56	91	72	67	80	
97	66	84	70	74	
98	87	79	76	51	
96	50	65	52	58	
119	103	107	125	112	
102	146	142	147	133	
122	146	114	129	130	
121	102	106	119	103	
101	145	111	108	147	
107	121	103	142	134	
104	148	129	133	132	
118	137	125	123	117	
104	103	137	145	109	
113	143	149	102	112	
122	100	128	110	145	
111	110	139	102	118	
145	120	137	108	126	
112	103	138	126	141	
112	108	116	146	128	
106	147	124	118	108	
127	107	136	130	147	
146	103	129	131	104	
116	121	128	107	147	
127	111	123	143	138	
143	124	133	137	100	
120	108	107	109	110	
148	128	120	100	103	
127	107	142	149	125	
104	128	136	145	127	
130	123	106	136	138	
137	124	110	140	142	
118	135	140	137	121	
117	110	103	145	108	
135	144	140	126	105	
142	124	122	101	147	
120	112	144	109	143	
149	140	138	123	115	
120	113	141	127	123	
118	145	104	133	112	
105	114	137	141	103	
123	130	142	140	114	
119	120	147	113	134	
133	123	107	144	127	
144	101	126	103	132	
147	122	101	123	141	
100	149	115	113	107	
141	131	118	112	149	
139	128	142	129	140	
117	123	127	125	139	
143	147	104	139	146	
131	149	103	139	141	
113	115	128	146	136	
113	129	138	118	137	
110	131	120	148	117	
183	181	167	154	179	
181	171	153	156	193	
151	153	180	188	155	
166	191	172	179	186	
156	155	182	191	166	
197	176	152	181	186	
185	156	195	166	162	
196	169	162	177	164	
155	189	153	152	166	
155	170	191	154	196	
152	182	157	184	169	
181	157	183	170	174	
166	150	151	160	186	
186	194	156	176	187	
155	197	168	198	159	
165	164	157	188	180	
189	197	190	182	172	
177	174	175	183	191	
168	169	165	172	190	
187	155	151	177	173	
178	160	168	175	183	
164	194	178	177	153	
188	171	184	191	173	
187	157	197	155	198	
188	177	172	198	151	
160	173	177	156	176	
159	163	194	155	195	
183	180	191	169	181	
194	164	157	176	192	
178	196	165	159	185	
170	192	155	151	164	
152	183	194	155	165	
154	171	178	187	196	
190	198	156	189	180	
174	190	165	166	180	
199	166	151	197	175	
164	193	197	152	158	
198	154	195	193	187	
154	197	159	155	189	
173	198	169	171	168	
182	151	176	197	194	
176	180	199	160	173	
165	186	153	198	167	
163	198	157	162	165	
166	170	157	191	189	
187	192	191	182	162	
182	188	158	199	163	
167	179	194	173	187	
185	188	150	154	171	
177	166	195	197	192	
221	216	225	209	235	
223	233	245	225	240	
249	230	226	237	248	
204	212	237	236	241	
224	218	202	208	235	
213	234	211	219	239	
241	236	201	219	202	
211	235	205	234	207	
219	212	202	205	247	
222	249	229	212	237	
219	228	213	234	209	
207	218	231	236	229	
205	203	223	239	201	
203	216	207	220	238	
214	241	224	201	213	
230	243	205	219	239	
224	208	212	214	225	
245	249	217	239	212	
201	227	218	208	244	
249	209	218	219	242	
225	236	215	243	231	
227	234	237	228	216	
248	215	245	232	231	
225	222	247	223	213	
249	222	243	235	246	
225	224	216	229	226	
215	200	211	220	245	
229	236	242	221	217	
212	229	223	222	245	
219	239	227	221	209	
221	217	216	212	214	
213	243	211	230	233	
237	228	227	203	242	
247	237	203	201	206	
205	215	228	217	202	
223	230	204	216	249	
245	243	216	220	224	
235	233	211	248	214	
201	235	214	208	230	
212	211	243	239	222	
237	233	216	246	201	
225	204	229	233	217	
220	222	235	209	216	
202	220	247	249	244	
246	233	241	240	231	
248	204	209	235	227	
217	218	244	220	243	
202	207	238	205	203	
244	216	209	248	212	
201	202	205	218	223	
263	298	294	290	252	
258	286	296	273	263	
250	259	276	293	281	
278	253	299	254	273	
291	270	262	281	255	
281	262	263	295	286	
296	298	262	291	299	
253	296	254	265	260	
299	269	260	259	291	
276	254	264	270	253	
283	257	251	293	253	
265	276	264	274	275	
288	278	264	295	260	
270	262	299	295	288	
290	265	298	286	259	
268	267	292	263	276	
257	269	261	294	259	
267	251	273	296	289	
274	254	273	266	265	
279	254	287	270	292	
263	283	292	295	278	
289	293	261	259	276	
281	286	296	263	250	
284	269	295	272	257	
267	281	262	285	273	
265	296	281	290	279	
260	287	278	261	255	
299	286	269	280	272	
261	264	267	270	253	
294	255	296	280	261	
259	252	257	266	288	
294	280	255	266	268	
282	272	273	291	279	
275	266	291	292	257	
270	269	295	282	283	
269	275	296	288	286	
291	282	298	299	269	
283	285	276	292	274	
251	275	288	297	274	
265	286	289	294	276	
288	292	276	266	261	
298	276	257	258	275	
299	268	290	261	283	
267	283	252	256	254	
257	276	287	265	267	
295	275	261	274	258	
252	287	272	288	290	
265	288	278	275	268	
256	282	250	270	266	
279	274	252	264	259	
335	339	314	310	313	
328	323	322	308	320	
325	334	336	330	314	
341	329	331	328	314	
333	344	308	326	349	
303	305	300	321	315	
326	348	319	300	337	
325	310	347	340	326	
323	306	321	330	327	
316	338	342	305	302	
346	342	315	344	329	
304	312	315	310	320	
328	344	331	326	304	
330	316	327	348	310	
310	327	305	344	300	
311	302	332	336	303	
336	343	322	321	319	
339	325	344	336	337	
323	349	302	340	335	
328	307	302	336	320	
325	309	319	314	300	
337	326	343	335	347	
338	339	336	305	327	
302	325	334	329	328	
344	318	343	307	309	
316	331	338	305	304	
347	342	349	312	325	
310	300	327	309	324	
306	343	315	301	340	
313	335	332	324	300	
301	302	336	335	340	
346	300	344	328	318	
309	303	343	307	327	
348	309	306	331	338	
331	319	318	341	326	
324	337	307	308	313	
325	345	304	321	319	
340	342	348	345	330	
337	302	340	306	318	
344	318	330	322	321	
347	336	327	304	343	
308	328	321	339	312	
321	313	340	318	325	
331	313	304	311	341	
313	303	328	323	337	
320	307	337	336	310	
323	344	348	342	337	
335	332	322	308	306	
342	338	304	309	334	
328	325	304	336	324	
388	354	355	362	370	
378	386	383	357	362	
359	386	398	394	360	
381	355	372	353	358	
377	362	363	390	374	
353	372	386	351	368	
395	387	367	357	371	
352	374	389	375	357	
350	374	398	353	358	
378	366	373	393	376	
375	371	386	356	392	
359	364	399	374	368	
373	379	383	388	386	
369	365	351	373	350	
398	355	360	381	392	
386	352	367	365	383	
356	369	397	366	370	
380	391	376	360	384	
355	360	364	363	371	
355	362	381	388	377	
393	350	383	374	385	
392	362	393	372	353	
390	380	392	398	395	
361	355	378	372	375	
386	390	377	358	376	
353	385	359	383	382	
382	395	376	378	396	
361	377	378	399	379	
360	369	379	357	388	
398	387	352	393	350	
361	391	356	393	397	
395	370	369	361	363	
388	367	351	390	368	
369	379	361	378	376	
369	362	390	356	399	
359	358	372	388	368	
380	372	350	384	392	
398	350	360	358	379	
368	361	358	353	350	
362	378	363	389	354	
390	369	357	382	391	
387	388	379	373	360	
385	386	380	352	372	
382	359	358	390	367	
388	394	392	389	363	
378	389	387	370	360	
377	350	368	358	374	
361	353	399	373	360	
362	367	375	370	376	
381	398	363	385	371	
433	416	431	442	408	
415	409	418	414	444	
444	414	431	433	425	
435	410	420	427	408	
403	410	427	436	431	
439	417	437	414	402	
432	434	438	406	402	
401	427	425	408	407	
421	430	413	405	437	
420	449	427	401	443	
420	418	430	410	432	
422	438	401	414	408	
434	449	435	448	442	
407	427	436	406	402	
430	437	400	407	423	
444	406	422	425	403	
408	407	423	428	448	
408	410	445	414	430	
421	444	441	429	420	
425	417	402	423	440	
435	414	409	413	429	
418	405	419	421	420	
446	431	423	402	441	
430	440	434	417	408	
448	411	441	404	431	
432	434	426	400	444	
426	400	441	407	429	
414	449	403	417	412	
420	422	449	428	402	
431	428	411	417	407	
444	414	443	426	441	
430	402	435	436	427	
445	404	437	413	416	
402	409	411	441	448	
414	405	421	428	431	
402	422	408	417	433	
405	429	412	437	415	
440	432	422	416	419	
434	439	413	401	405	
421	408	447	445	444	
428	446	409	404	434	
410	443	404	424	425	
409	443	446	423	422	
438	429	402	419	410	
436	408	406	407	409	
404	412	409	420	419	
432	449	443	438	409	
426	406	438	434	448	
418	443	407	414	447	
422	433	411	447	420	
463	451	486	497	472	
479	467	463	490	457	
483	497	486	451	493	
488	493	462	497	485	
469	476	457	475	498	
467	450	495	483	492	
463	459	495	456	486	
486	475	483	460	488	
466	474	480	496	478	
458	467	472	453	488	
477	491	499	457	450	
474	488	453	480	493	
453	474	469	450	451	
487	484	485	459	454	
496	464	484	495	478	
495	491	486	473	477	
499	473	475	490	450	
488	452	484	490	461	
461	490	492	498	480	
485	495	461	484	463	
458	460	477	479	476	
491	454	484	471	486	
469	450	478	472	452	
450	486	472	453	490	
490	485	492	484	473	
466	493	475	465	468	
459	487	497	466	486	
455	462	450	477	472	
468	484	488	490	486	
474	451	498	466	499	
471	452	495	456	487	
482	499	460	498	483	
495	454	462	473	453	
494	487	480	492	491	
452	489	491	498	482	
481	495	454	458	459	
498	478	463	489	487	
457	468	450	482	472	
498	495	481	478	462	
466	494	493	455	481	
477	482	498	487	484	
477	458	485	453	472	
481	453	469	459	458	
485	493	470	465	455	
450	495	460	492	476	
487	475	477	495	450	
470	476	490	480	485	
463	492	482	486	457	
450	476	457	454	479	
460	482	480	469	452	
348	345	229	269	201	192	
349	413	99	165	425	410	
260	15	86	175	360	393	
25	430	165	221	301	46	
285	82	31	347	338	358	
138	341	124	436	133	236	
499	1	235	254	155	372	
133	228	232	459	220	196	
120	110	495	406	74	119	
139	114	300	454	473	350	
397	418	281	162	92	41	
242	444	16	421	48	301	
119	390	3	238	410	43	
468	96	285	248	234	344	
435	183	25	397	71	121	
419	190	269	383	257	333	
234	304	81	131	151	288	
141	408	404	58	130	275	
81	174	122	372	160	97	
28	274	481	156	138	286	
370	174	111	292	257	358	
107	297	390	147	81	343	
130	114	452	127	112	185	
336	100	25	71	216	320	
388	16	124	23	373	296	
442	156	496	375	49	455	
33	379	51	319	178	418	
360	189	167	392	348	298	
76	350	286	236	263	441	
275	122	163	232	397	294	
120	168	422	435	263	486	
282	424	42	234	328	225	
172	215	296	396	406	351	
427	467	401	101	449	474	
105	39	131	486	213	83	
338	39	203	468	110	32	
370	243	66	103	358	2	
458	153	233	444	460	351	
308	466	231	225	482	123	
85	427	367	106	1	490	
352	454	235	70	408	413	
309	162	37	358	29	407	
57	139	420	185	130	70	
331	360	162	122	218	86	
243	47	324	230	65	127	
186	386	94	134	272	58	
448	20	2	451	421	313	
153	273	420	185	100	143	
315	383	175	88	325	276	
262	192	122	390	162	484	
12	216	405	437	102	292	386	
452	87	348	488	316	159	222	
328	46	439	389	86	27	111	
416	198	319	281	265	475	303	
346	23	352	477	21	97	293	
196	88	244	378	181	372	272	
100	336	432	150	296	495	452	
308	235	166	29	86	16	250	
97	42	67	284	453	427	387	
91	75	40	262	57	150	42	
187	218	307	188	342	378	64	
456	275	306	217	119	96	440	
392	372	110	290	37	233	62	
443	499	103	193	359	262	322	
166	211	30	499	26	157	98	
124	234	58	372	164	84	37	
36	71	96	79	399	126	283	
100	302	463	42	413	431	489	
96	405	193	226	26	273	119	
76	150	324	52	86	480	303	
61	371	315	104	318	347	127	
164	151	163	39	111	403	58	
362	39	456	123	458	13	303	
148	162	104	323	455	346	411	
126	324	412	7	342	468	29	
171	426	140	160	246	349	61	
259	55	246	190	33	132	147	
473	140	143	385	461	70	287	
59	272	457	393	233	254	16	
30	92	429	6	373	472	82	
491	42	261	243	142	147	80	
257	186	114	12	344	207	432	
213	246	210	331	413	201	401	
93	309	13	119	483	322	346	
485	417	208	347	494	245	0	
274	325	389	467	96	379	335	
292	92	468	42	252	8	115	
209	100	436	61	82	206	105	
92	246	231	122	9	46	166	
287	248	383	192	423	132	23	
238	335	205	64	361	142	415	
464	350	382	30	363	260	253	
300	391	113	321	346	248	60	
467	340	151	70	310	49	489	
302	283	136	2	364	438	249	
249	24	260	463	132	116	246	
372	339	68	271	361	95	77	
234	479	28	71	194	38	232	
118	288	134	167	106	35	492	
475	106	294	101	485	267	20	
370	56	143	150	457	169	467	300	
271	418	441	349	272	466	471	174	
138	27	194	143	112	329	162	405	
0	362	129	32	341	125	311	464	
67	266	178	363	80	149	85	424	
373	27	420	136	296	206	401	273	
153	8	483	302	90	388	147	329	
326	118	364	135	50	143	281	256	
28	208	156	334	139	263	385	283	
492	313	475	213	473	406	207	78	
142	190	367	111	292	107	128	215	
46	454	499	247	358	293	69	217	
92	454	94	185	26	218	367	361	
49	284	239	341	428	170	397	123	
9	401	354	228	489	57	87	312	
499	121	338	283	373	182	414	255	
181	110	134	182	297	80	230	13	
410	66	126	320	357	214	129	132	
71	369	301	233	152	461	365	242	
299	332	266	122	255	217	178	119	
37	51	145	319	284	179	472	226	
264	167	88	381	248	296	200	254	
417	432	216	419	212	462	444	270	
283	349	391	388	437	490	103	230	
158	218	140	8	71	55	457	491	
431	487	4	47	83	428	385	468	
358	433	7	275	391	32	320	471	
51	415	101	147	22	11	33	54	
358	92	396	190	496	262	283	101	
426	179	79	7	341	26	327	277	
68	210	130	348	78	61	381	186	
139	152	50	295	476	59	127	190	
452	100	412	222	473	204	4	399	
226	89	424	77	469	445	142	129	
62	415	240	412	434	136	40	251	
178	286	27	76	273	185	361	414	
233	107	242	85	408	429	99	330	
221	355	389	46	439	116	237	424	
122	283	287	161	176	202	145	295	
283	277	492	9	440	398	340	384	
93	68	45	186	7	331	44	281	
447	75	107	79	269	131	137	484	
46	460	66	124	239	412	425	27	
492	51	223	248	165	385	59	199	
57	202	150	422	52	299	18	451	
126	28	193	167	373	75	321	55	
312	295	54	110	131	330	133	195	
110	492	95	186	455	472	345	172	
275	116	113	412	296	62	215	319	
172	284	404	227	407	263	329	122	
