6	44	28	
19	5	20	
46	0	23	
38	3	27	
18	34	42	
28	23	42	
25	33	16	
20	14	1	
15	4	32	
14	30	27	
11	44	24	
35	49	22	
31	10	45	
33	15	25	
28	32	48	
38	4	27	
23	6	37	
6	10	14	
9	3	49	
27	49	2	
7	32	49	
8	28	23	
22	26	30	
47	49	33	
15	14	18	
13	10	42	
7	26	43	
1	11	25	
14	4	10	
9	41	2	
32	20	24	
16	32	3	
16	0	9	
8	22	43	
46	2	30	
47	32	6	
11	39	3	
46	44	29	
21	49	46	
4	23	12	
37	13	31	
37	45	20	
3	25	45	
15	9	11	
24	20	22	
48	1	23	
27	40	38	
42	41	33	
48	4	42	
32	11	23	
98	72	64	
50	62	98	
84	73	72	
57	54	87	
71	75	94	
59	75	69	
80	63	94	
85	94	72	
95	99	81	
74	83	50	
72	86	57	
99	69	61	
75	96	70	
66	97	63	
66	70	61	
58	92	51	
78	97	59	
60	84	90	
89	97	73	
98	71	54	
63	94	78	
86	92	72	
62	78	73	
87	78	92	
72	95	50	
73	80	92	
96	95	82	
89	68	70	
73	70	50	
93	85	54	
78	59	94	
82	66	98	
86	95	54	
55	97	80	
90	86	58	
55	88	56	
99	61	68	
72	99	91	
80	87	86	
89	99	71	
57	50	70	
78	92	86	
61	66	77	
99	70	94	
98	77	73	
55	65	64	
50	57	74	
77	74	59	
62	63	57	
98	72	80	
104	100	125	
102	133	140	
132	112	139	
121	137	108	
112	102	143	
132	138	126	
132	108	148	
109	138	112	
101	138	145	
101	111	109	
113	117	138	
139	142	133	
113	129	124	
107	139	112	
149	142	123	
134	148	100	
140	122	144	
121	147	104	
129	143	117	
122	116	141	
119	112	124	
112	111	141	
146	140	117	
124	108	146	
123	105	149	
130	109	132	
126	103	124	
108	144	147	
110	120	145	
119	129	141	
106	102	136	
122	117	124	
118	121	146	
134	108	140	
130	149	114	
129	146	137	
144	139	100	
124	106	130	
146	113	124	
111	147	145	
148	115	106	
143	147	113	
105	144	126	
102	149	115	
109	122	146	
111	146	135	
146	122	147	
122	120	125	
124	112	105	
127	146	101	
196	164	197	
170	174	150	
160	182	162	
178	168	186	
184	162	186	
178	155	191	
191	155	153	
163	198	169	
168	185	176	
174	172	181	
160	185	156	
151	190	194	
159	154	188	
152	177	154	
165	156	171	
151	176	188	
159	198	178	
150	179	163	
162	181	163	
181	193	174	
156	190	176	
165	180	167	
188	166	167	
193	179	155	
184	186	157	
199	155	163	
192	162	171	
152	190	174	
191	179	164	
162	168	194	
183	156	178	
154	162	172	
181	176	180	
195	179	157	
162	164	172	
183	158	189	
191	164	173	
177	167	176	
196	155	156	
181	184	187	
151	161	167	
153	194	181	
169	176	189	
192	193	151	
196	189	150	
150	178	197	
198	195	192	
169	163	180	
164	193	163	
186	182	175	
247	214	232	
242	214	211	
231	248	214	
206	237	216	
217	214	235	
201	241	227	
231	215	229	
244	216	230	
213	243	236	
216	206	239	
224	246	225	
205	248	211	
214	238	205	
225	242	211	
238	244	236	
242	233	240	
227	220	212	
235	201	218	
228	239	209	
209	246	232	
233	245	207	
244	233	215	
249	210	222	
224	204	217	
205	218	242	
213	238	249	
236	248	218	
208	231	207	
218	219	237	
240	215	216	
239	241	237	
246	220	223	
226	234	223	
230	228	244	
241	207	204	
248	208	221	
248	234	213	
202	224	218	
248	224	208	
230	200	225	
209	214	234	
239	238	209	
231	233	211	
222	218	249	
204	201	209	
244	228	220	
216	218	248	
238	237	210	
236	248	216	
243	222	209	
293	295	279	
267	263	250	
295	280	250	
260	273	280	
285	289	275	
280	282	261	
279	256	293	
292	298	255	
291	260	281	
292	250	294	
264	292	273	
287	261	279	
298	252	275	
266	250	280	
269	266	291	
290	268	270	
260	258	252	
272	258	256	
281	264	272	
259	272	261	
275	270	290	
262	255	261	
287	253	251	
294	298	283	
299	291	267	
284	293	273	
265	280	260	
293	297	265	
290	268	272	
262	288	257	
274	253	251	
265	255	268	
256	252	283	
253	262	267	
266	285	295	
296	268	262	
260	296	294	
273	285	299	
263	274	285	
289	256	299	
258	255	292	
276	281	261	
277	266	288	
274	252	260	
265	269	284	
278	272	258	
259	272	276	
271	283	264	
268	292	259	
274	250	285	
319	304	310	
336	326	342	
327	339	335	
339	333	322	
317	322	341	
324	307	305	
319	336	326	
320	312	324	
301	329	341	
316	337	318	
338	339	336	
305	329	308	
312	325	339	
322	336	339	
307	314	313	
325	304	331	
322	314	341	
325	327	345	
342	334	301	
321	334	302	
348	337	316	
315	313	303	
329	327	302	
306	318	332	
324	345	349	
312	315	347	
334	322	325	
343	313	300	
331	318	308	
314	323	312	
333	324	322	
337	346	341	
310	331	315	
323	339	305	
320	349	303	
306	337	341	
329	316	305	
306	331	328	
309	344	341	
312	310	316	
335	326	329	
320	349	347	
334	336	326	
316	338	343	
328	347	323	
305	338	301	
330	317	323	
320	302	308	
339	333	318	
314	307	316	
365	371	393	
352	365	374	
389	372	353	
375	399	351	
387	366	357	
363	357	374	
356	386	366	
353	395	375	
363	377	359	
356	386	392	
367	362	357	
380	360	377	
361	389	398	
371	396	370	
354	382	353	
396	398	358	
398	399	379	
374	369	362	
379	380	370	
351	390	353	
392	361	376	
377	385	364	
393	373	392	
395	381	398	
386	390	383	
377	376	355	
377	352	390	
369	371	376	
364	372	380	
388	387	383	
357	354	391	
382	374	367	
386	372	396	
382	363	355	
394	391	350	
368	392	358	
374	366	368	
363	397	393	
360	381	391	
380	384	351	
363	369	367	
397	351	358	
355	369	379	
371	394	380	
393	358	396	
389	373	365	
391	351	353	
350	360	376	
363	369	355	
393	372	371	
438	420	417	
439	400	403	
431	400	417	
425	404	443	
414	406	426	
413	417	448	
424	444	437	
424	418	413	
448	424	423	
447	422	425	
420	410	417	
441	432	418	
417	421	407	
412	438	447	
411	428	424	
407	444	446	
426	416	427	
421	420	425	
449	442	401	
448	440	400	
427	437	414	
417	419	432	
411	426	430	
448	433	441	
430	410	413	
409	442	441	
426	441	430	
442	433	422	
442	443	423	
402	444	423	
405	439	415	
424	438	405	
445	436	422	
419	440	430	
404	432	431	
446	411	438	
400	404	447	
437	414	407	
417	402	415	
432	410	420	
440	408	432	
405	429	426	
409	441	431	
428	401	432	
406	400	436	
443	431	440	
435	400	423	
449	430	411	
402	423	444	
437	436	423	
493	466	487	
465	482	488	
488	450	482	
495	492	487	
485	454	476	
497	477	475	
459	480	485	
457	480	460	
468	454	482	
450	486	466	
464	460	494	
484	493	450	
470	473	476	
496	493	492	
469	467	456	
474	472	460	
469	497	491	
466	459	461	
483	485	470	
461	489	493	
493	484	491	
469	476	492	
493	483	460	
453	479	491	
462	475	460	
457	454	460	
478	473	486	
453	485	492	
477	480	461	
474	495	490	
467	470	478	
469	457	460	
471	469	495	
453	466	482	
479	456	453	
465	458	468	
456	478	494	
482	483	498	
459	491	474	
459	499	484	
481	450	498	
473	464	463	
476	481	484	
451	460	498	
480	455	466	
493	458	485	
457	464	470	
490	491	453	
493	451	496	
474	489	465	
11	46	0	1	
2	9	35	30	
30	45	21	28	
40	11	28	22	
4	3	1	32	
39	16	28	18	
34	20	40	22	
8	4	47	25	
41	8	45	19	
11	18	42	26	
42	1	32	43	
42	14	39	38	
3	46	15	31	
2	20	23	17	
32	48	11	4	
13	43	6	42	
26	45	44	24	
24	19	29	25	
33	23	3	24	
31	13	2	3	
38	17	9	18	
36	41	33	32	
23	3	43	16	
47	16	46	0	
22	28	23	21	
40	13	18	33	
23	31	10	17	
13	2	42	47	
1	13	45	23	
41	46	39	27	
37	17	27	29	
40	37	25	6	
16	26	3	17	
37	15	38	39	
5	12	6	31	
41	10	6	4	
0	3	31	36	
38	34	21	41	
12	32	39	48	
25	16	47	40	
11	48	1	14	
35	31	14	3	
14	31	21	23	
43	17	20	41	
20	38	26	0	
17	6	21	20	
47	29	11	19	
49	27	37	28	
49	8	3	28	
7	30	2	33	
61	90	72	54	
55	88	95	79	
65	64	99	76	
82	92	53	99	
57	83	88	93	
79	95	59	84	
98	96	79	57	
57	94	54	73	
54	57	70	89	
80	84	54	53	
94	66	77	62	
74	59	67	52	
78	63	60	66	
72	93	58	75	
52	50	98	63	
96	56	72	59	
68	92	75	90	
53	71	76	64	
83	73	86	64	
73	92	95	57	
80	92	62	78	
52	80	83	63	
96	57	97	68	
96	57	75	61	
87	85	72	68	
66	58	86	65	
55	81	86	63	
90	70	67	95	
51	96	82	88	
57	55	95	77	
71	64	95	52	
66	74	81	99	
74	96	94	92	
60	91	97	75	
82	83	70	72	
69	68	93	56	
63	91	55	99	
83	60	75	80	
76	80	79	74	
91	99	61	81	
70	71	72	94	
81	60	50	84	
64	76	93	90	
82	75	83	80	
51	63	70	95	
87	63	64	95	
79	97	73	85	
65	70	85	64	
73	52	64	55	
71	58	62	91	
132	145	131	116	
136	148	119	127	
140	121	102	147	
125	133	116	105	
106	144	114	130	
126	139	114	135	
118	148	132	112	
110	126	104	140	
127	106	143	103	
115	104	110	143	
112	114	123	105	
100	130	141	133	
137	100	133	125	
138	108	131	100	
130	123	135	101	
134	142	121	133	
135	131	130	119	
102	123	106	108	
103	148	125	143	
122	111	149	142	
148	126	142	114	
130	145	100	140	
103	118	119	114	
134	117	102	129	
149	123	112	147	
109	149	110	113	
121	113	103	118	
115	145	110	148	
140	121	101	148	
148	114	102	129	
124	145	111	131	
112	146	105	136	
101	136	138	126	
127	131	105	106	
136	121	113	126	
139	143	112	113	
149	145	105	122	
112	128	133	113	
147	111	125	119	
134	101	137	124	
127	147	137	148	
142	109	137	121	
102	134	132	118	
102	112	107	133	
148	121	103	140	
141	125	129	143	
144	142	126	109	
107	108	127	143	
146	145	128	132	
140	128	143	112	
155	183	153	180	
195	184	166	182	
173	151	171	153	
190	177	184	189	
172	162	195	151	
156	154	198	163	
171	199	169	170	
198	178	168	172	
164	183	170	171	
163	150	190	171	
152	198	178	196	
196	168	157	185	
193	184	170	186	
181	156	176	157	
162	198	188	174	
183	150	188	158	
179	168	191	178	
187	191	156	183	
160	193	182	156	
174	191	184	188	
166	154	195	173	
155	173	196	188	
167	173	153	152	
189	163	151	184	
172	177	161	159	
152	182	178	198	
162	163	173	152	
167	152	172	192	
193	160	159	192	
194	181	165	171	
184	183	171	189	
152	184	165	151	
164	196	155	152	
150	177	197	186	
153	170	187	150	
181	175	163	151	
159	177	198	194	
156	190	199	164	
172	185	194	196	
186	166	173	164	
159	172	192	158	
188	184	194	189	
179	194	158	162	
171	152	194	161	
191	165	173	158	
162	189	150	154	
196	153	162	178	
177	171	191	182	
159	190	162	157	
175	195	184	181	
201	222	249	205	
246	217	242	230	
223	201	248	228	
237	243	221	249	
202	247	231	213	
207	226	230	220	
233	211	222	230	
211	219	205	242	
248	210	226	202	
221	223	233	202	
218	246	201	224	
238	214	221	217	
244	237	229	216	
244	209	245	237	
209	202	222	229	
216	244	230	220	
246	238	228	233	
213	222	229	242	
203	221	245	201	
220	232	240	203	
209	230	213	232	
237	222	219	230	
208	205	239	206	
247	249	224	230	
234	216	249	201	
247	215	205	221	
223	205	219	234	
204	222	206	223	
207	200	241	232	
220	228	208	239	
227	246	212	221	
206	243	247	238	
206	213	246	240	
241	202	237	231	
242	224	217	200	
216	238	246	219	
218	224	231	217	
227	236	238	216	
223	225	212	248	
225	201	227	230	
202	220	249	222	
224	237	210	203	
214	208	202	225	
208	237	234	205	
237	244	229	206	
226	232	236	229	
202	238	209	247	
237	216	210	219	
238	242	202	218	
229	218	209	234	
285	259	279	290	
298	276	260	251	
278	296	257	274	
250	283	273	296	
267	272	255	279	
251	287	286	299	
257	269	285	280	
276	279	262	292	
292	285	276	283	
253	259	250	290	
262	271	280	275	
269	258	263	252	
298	260	265	294	
290	260	295	285	
277	292	275	272	
263	280	256	292	
289	275	290	261	
296	290	281	295	
271	262	280	268	
266	270	252	263	
288	283	291	263	
294	288	283	279	
263	281	264	251	
284	290	254	272	
270	251	262	290	
254	294	258	263	
267	296	258	256	
287	291	256	284	
262	253	295	278	
258	278	260	293	
271	288	257	259	
280	282	261	278	
254	279	295	265	
265	281	268	258	
298	254	264	267	
282	287	251	290	
276	260	285	255	
294	251	272	257	
296	291	270	299	
262	296	275	297	
265	266	298	252	
297	271	267	252	
269	285	271	283	
258	278	250	252	
270	265	299	264	
270	279	271	259	
283	299	284	260	
264	250	294	275	
258	292	266	295	
270	267	250	296	
311	343	317	341	
315	342	312	300	
333	306	318	312	
323	311	303	313	
345	323	306	338	
341	317	316	306	
340	332	321	347	
311	328	326	306	
314	317	328	305	
318	339	348	310	
346	322	306	312	
306	339	311	325	
348	330	313	304	
346	338	320	303	
330	342	314	302	
321	344	312	323	
302	339	310	320	
312	327	306	343	
309	348	342	320	
348	311	347	307	
309	336	305	328	
309	343	319	340	
303	349	308	332	
346	302	340	300	
308	315	329	328	
311	302	346	339	
337	345	320	342	
309	334	300	335	
341	326	307	312	
301	347	343	307	
340	300	326	337	
316	332	323	305	
330	309	321	341	
323	346	335	311	
305	349	330	348	
335	332	301	346	
338	341	339	306	
323	311	308	307	
309	307	336	315	
349	330	322	303	
341	308	300	329	
329	310	342	336	
301	338	334	337	
302	303	316	337	
313	317	345	341	
345	346	342	308	
307	326	322	336	
326	316	334	311	
323	324	335	337	
325	347	327	310	
382	388	379	365	
394	361	357	351	
355	389	368	370	
393	360	391	363	
365	380	372	399	
381	371	358	375	
352	373	357	390	
368	363	399	355	
356	388	384	398	
376	388	395	350	
379	363	397	392	
353	361	384	371	
389	390	392	363	
395	388	389	370	
376	368	370	392	
395	354	399	368	
358	370	350	366	
352	364	370	383	
379	373	397	364	
368	373	374	385	
369	368	387	361	
364	390	363	389	
394	380	358	369	
385	398	386	368	
356	399	370	369	
373	374	370	389	
360	367	363	386	
380	373	394	368	
375	393	369	395	
393	351	384	365	
384	364	372	369	
350	359	375	373	
365	370	379	378	
399	384	358	359	
369	380	371	362	
350	361	365	360	
357	360	350	358	
389	391	366	373	
393	388	356	366	
371	379	373	351	
398	360	374	390	
391	371	383	357	
385	378	382	352	
382	355	379	391	
352	367	393	385	
352	377	374	368	
363	361	358	398	
385	358	350	362	
356	358	397	390	
398	374	370	379	
416	419	435	404	
418	447	405	430	
443	437	447	423	
429	418	412	434	
405	403	445	441	
427	413	441	415	
433	448	405	410	
438	429	435	446	
439	423	410	436	
444	440	445	412	
440	444	405	417	
418	400	441	403	
425	402	407	448	
437	409	413	425	
419	404	411	445	
449	400	402	412	
421	430	403	444	
446	429	447	422	
439	417	438	447	
422	415	403	409	
419	434	428	400	
411	440	431	417	
405	409	422	414	
408	435	424	411	
419	410	436	406	
423	412	432	410	
446	448	405	447	
434	423	400	416	
441	432	401	400	
412	407	406	417	
405	444	436	424	
445	412	443	406	
408	416	449	445	
403	415	429	438	
403	400	438	433	
412	401	409	432	
414	447	430	427	
417	422	421	415	
446	434	408	423	
402	437	433	413	
416	439	407	409	
440	426	436	439	
413	437	427	428	
429	443	409	435	
435	432	418	414	
445	421	441	436	
449	415	428	402	
442	428	401	412	
446	449	421	423	
442	405	400	417	
459	462	457	465	
458	469	492	485	
478	490	465	460	
471	477	468	462	
462	468	466	471	
481	495	480	468	
456	483	493	450	
480	486	462	497	
464	499	481	488	
464	494	497	454	
457	492	486	471	
496	485	468	471	
468	497	495	487	
457	451	473	467	
485	481	499	475	
451	495	450	484	
487	496	468	458	
450	480	457	461	
473	489	462	488	
470	459	455	458	
475	461	473	469	
497	455	498	482	
495	483	492	491	
459	461	480	470	
483	457	474	475	
487	480	464	494	
457	495	451	470	
481	484	451	482	
467	497	457	456	
496	480	468	490	
465	460	496	479	
474	484	465	467	
456	472	482	451	
470	498	496	491	
494	467	459	478	
485	491	481	463	
494	499	476	468	
460	499	474	497	
477	499	453	464	
450	475	462	451	
495	478	493	480	
473	450	474	459	
459	488	469	456	
497	485	467	496	
486	457	455	477	
489	474	487	486	
472	489	476	456	
499	453	460	491	
475	481	462	468	
471	483	496	472	
14	38	42	7	20	
32	15	46	11	14	
27	1	13	20	14	
32	14	2	26	41	
43	28	27	5	22	
26	16	5	8	25	
40	19	10	28	8	
21	37	36	31	26	
35	31	8	4	22	
18	35	37	26	31	
45	48	36	32	31	
10	20	26	17	18	
46	28	25	41	35	
4	7	36	17	48	
43	47	42	3	23	
38	22	15	35	3	
48	32	3	36	47	
7	4	10	15	36	
42	28	12	33	49	
45	5	29	39	16	
12	1	20	17	23	
3	8	31	20	23	
0	1	48	33	27	
29	47	23	26	18	
36	14	19	30	8	
36	41	17	31	35	
47	2	31	37	14	
46	44	13	29	6	
39	21	22	25	24	
42	28	19	27	23	
5	47	23	6	44	
0	45	11	12	14	
11	45	26	47	12	
39	26	41	24	40	
8	2	34	3	32	
47	29	11	28	1	
3	43	37	10	35	
10	46	12	31	45	
44	20	42	38	35	
43	27	42	33	40	
6	2	48	20	29	
21	37	0	47	35	
8	37	24	1	7	
28	6	49	32	47	
35	43	25	21	49	
42	13	36	8	26	
6	14	37	48	7	
38	23	30	24	28	
10	18	22	13	40	
23	14	36	16	47	
76	55	53	51	66	
84	66	57	93	52	
71	81	53	52	76	
89	94	73	96	92	
77	56	54	78	87	
70	99	58	54	83	
53	55	60	51	96	
75	94	84	64	60	
87	80	76	61	85	
83	71	50	95	73	
79	93	95	83	88	
96	80	58	78	81	
62	56	88	69	72	
92	78	63	50	83	
54	64	87	90	53	
86	80	66	62	53	
59	64	70	99	75	
53	88	83	89	85	
87	54	79	74	96	
84	99	75	57	85	
56	65	71	64	95	
83	77	60	59	53	
87	63	70	65	72	
95	96	63	68	80	
69	50	75	76	67	
83	58	55	67	94	
55	75	97	82	90	
66	71	97	60	85	
51	55	98	82	65	
80	89	51	70	74	
53	66	54	79	97	
81	52	76	50	71	
90	96	54	75	65	
80	59	87	81	70	
74	73	55	90	95	
91	87	97	57	77	
56	54	52	97	51	
50	79	63	53	93	
83	90	81	73	54	
69	66	78	95	84	
63	60	72	62	86	
65	94	76	58	70	
64	60	72	70	86	
90	82	99	97	66	
70	99	61	75	73	
53	56	51	75	80	
67	51	60	64	99	
50	90	96	76	64	
93	99	65	68	54	
58	73	55	83	66	
148	106	144	123	142	
125	107	115	123	140	
126	128	108	125	114	
112	124	132	100	145	
109	133	140	130	121	
110	123	135	136	137	
110	135	143	142	139	
103	114	110	105	135	
102	106	149	104	108	
100	109	111	104	128	
147	132	146	131	109	
132	119	113	148	134	
106	146	105	134	147	
131	111	121	145	130	
126	136	118	103	149	
146	125	112	143	113	
127	102	130	134	148	
149	124	144	117	107	
126	141	103	143	137	
117	119	129	128	118	
109	144	119	129	149	
105	101	107	113	145	
123	119	147	139	104	
115	137	108	147	105	
119	121	138	143	108	
101	145	148	107	134	
137	104	102	142	135	
104	146	128	125	114	
141	112	122	129	119	
144	136	113	108	130	
112	135	140	147	102	
101	115	106	140	122	
112	139	140	120	137	
131	125	123	106	130	
119	108	121	106	143	
147	102	118	143	128	
116	143	126	107	135	
139	133	124	102	119	
122	104	135	134	124	
100	102	111	129	101	
110	106	119	131	112	
101	147	117	102	142	
123	101	128	107	102	
140	108	131	128	105	
100	143	146	116	106	
131	106	120	138	127	
119	101	145	123	124	
117	125	132	141	129	
116	125	130	109	110	
120	141	137	134	125	
169	171	168	163	180	
164	173	192	181	187	
178	186	187	152	183	
190	184	153	178	183	
189	166	185	161	198	
158	175	191	154	183	
181	154	191	190	176	
176	197	191	192	190	
196	199	169	173	164	
168	160	153	186	193	
167	151	177	197	171	
161	185	169	179	154	
154	192	189	156	173	
167	152	190	153	173	
195	158	171	177	163	
151	152	155	197	176	
187	166	192	175	167	
162	192	159	173	165	
198	195	194	179	167	
160	192	180	182	156	
157	159	171	153	165	
167	179	156	185	198	
166	177	192	183	189	
163	175	165	173	161	
191	184	188	165	187	
151	178	160	188	186	
170	194	183	150	168	
197	182	185	152	178	
160	175	156	188	168	
181	168	166	186	192	
186	196	177	172	181	
173	178	168	182	154	
153	177	186	163	193	
165	160	163	176	191	
163	152	172	182	190	
188	186	161	159	185	
178	162	191	168	167	
183	157	184	187	189	
158	170	182	184	191	
195	181	172	196	169	
155	195	162	182	185	
191	179	196	174	164	
158	197	154	177	172	
178	157	156	189	154	
170	184	171	156	173	
171	186	190	194	167	
190	174	199	161	192	
183	182	159	171	151	
160	179	163	185	152	
179	181	162	155	169	
211	228	245	221	218	
247	228	218	224	241	
218	222	207	239	241	
243	201	202	213	220	
222	248	235	221	202	
218	236	226	219	249	
224	244	240	208	230	
216	208	239	207	204	
216	223	200	222	221	
233	230	201	213	222	
200	203	246	239	235	
222	215	244	200	227	
202	211	218	238	231	
223	235	237	207	211	
202	204	200	219	246	
222	215	248	219	220	
241	244	242	247	207	
225	209	240	249	231	
213	235	218	220	236	
240	220	205	242	230	
225	217	210	213	246	
225	230	206	216	211	
233	246	228	248	234	
235	244	249	204	240	
242	227	206	221	234	
229	207	209	249	216	
212	226	242	207	238	
212	243	227	226	217	
226	219	223	209	234	
216	214	238	217	234	
217	241	245	234	229	
239	240	227	224	220	
248	244	209	225	211	
248	249	206	221	235	
225	246	207	211	219	
249	233	217	247	216	
201	202	223	217	212	
208	249	210	215	244	
217	223	218	244	240	
238	249	221	226	232	
219	200	242	213	204	
237	234	244	242	248	
207	229	220	202	200	
202	223	218	226	220	
221	206	226	236	211	
246	234	217	240	214	
218	211	217	220	233	
202	232	209	226	218	
236	210	238	201	216	
229	205	240	216	222	
298	294	276	284	297	
286	283	265	254	263	
288	268	297	272	282	
272	295	287	291	282	
294	275	273	255	261	
252	263	296	279	295	
281	276	284	299	297	
264	286	259	253	293	
267	256	263	277	283	
269	255	292	289	252	
274	275	286	297	256	
288	278	257	292	265	
277	292	274	284	288	
277	292	295	265	266	
281	269	257	264	299	
293	283	267	286	257	
298	299	283	261	293	
277	262	280	290	275	
296	261	255	280	268	
259	261	284	289	251	
284	259	299	250	282	
276	275	260	265	282	
298	250	253	292	254	
292	291	281	251	255	
261	262	272	298	287	
281	257	277	276	260	
253	279	254	290	250	
270	288	279	283	266	
272	271	289	251	267	
268	275	262	270	298	
285	282	264	250	259	
272	259	297	254	258	
293	282	267	271	278	
254	266	257	272	264	
291	298	254	262	293	
268	295	277	250	284	
260	282	250	287	278	
292	293	267	287	255	
273	263	250	295	275	
254	270	251	250	258	
284	280	271	296	274	
275	277	295	296	282	
299	283	256	263	274	
269	267	262	254	274	
273	296	298	268	292	
285	276	293	292	282	
295	290	281	254	283	
277	293	259	265	253	
293	298	255	258	254	
273	271	254	263	265	
347	310	320	300	313	
313	322	346	311	307	
331	316	328	345	330	
316	343	304	320	345	
316	325	349	323	332	
329	313	338	305	327	
345	342	332	308	310	
335	333	322	323	339	
306	341	342	300	327	
335	338	301	313	323	
306	304	315	349	332	
340	327	330	348	312	
325	316	334	304	315	
325	339	334	327	303	
321	303	304	341	316	
339	326	317	338	345	
347	313	328	308	345	
314	322	312	326	332	
322	319	342	343	336	
337	311	304	303	336	
302	321	336	307	345	
318	346	324	321	306	
311	320	305	303	308	
316	345	325	315	312	
333	329	300	302	317	
304	310	337	309	334	
300	305	318	307	304	
349	305	320	347	344	
337	310	336	314	312	
313	318	333	320	317	
310	315	300	306	309	
320	316	337	336	302	
337	303	336	311	323	
302	346	332	328	307	
348	345	309	336	327	
322	331	312	315	310	
326	325	327	308	314	
338	329	307	316	301	
332	301	348	303	339	
321	304	330	320	343	
336	315	343	342	338	
307	349	345	330	343	
318	304	305	312	321	
316	344	330	347	317	
308	315	311	347	323	
314	332	300	317	311	
344	342	345	338	305	
318	337	302	315	345	
306	339	301	319	333	
337	336	343	309	320	
389	373	355	390	395	
396	359	382	360	366	
356	371	374	387	392	
392	398	376	382	380	
356	374	354	357	393	
397	360	398	393	383	
373	399	383	395	380	
350	353	354	373	359	
379	359	369	391	378	
393	357	368	370	364	
386	352	393	366	365	
399	364	370	354	378	
385	389	391	395	374	
397	387	388	393	355	
384	395	365	359	360	
366	386	375	396	399	
352	393	356	365	395	
360	383	399	391	357	
379	358	396	361	393	
355	370	354	390	395	
360	395	391	390	384	
386	367	397	388	373	
383	379	359	395	372	
389	382	358	370	356	
362	363	375	353	365	
390	358	399	393	360	
374	379	373	354	392	
397	365	363	374	358	
354	355	374	352	366	
359	384	380	354	395	
392	372	394	355	395	
356	376	378	381	371	
392	382	366	359	368	
351	380	359	388	394	
393	397	385	382	371	
393	363	372	367	352	
363	375	356	353	352	
359	353	376	387	389	
357	395	392	356	383	
395	363	359	364	372	
376	353	356	396	380	
373	362	387	353	381	
393	396	377	379	392	
368	356	355	357	361	
388	375	380	367	397	
355	376	370	374	394	
393	363	384	367	392	
376	350	365	354	358	
358	384	392	371	399	
353	380	388	359	373	
437	419	413	409	422	
409	428	424	404	439	
400	431	448	446	420	
421	413	442	408	412	
424	435	444	447	418	
417	401	430	419	414	
422	428	400	436	442	
425	446	435	400	411	
431	441	425	437	417	
409	425	432	406	421	
412	429	435	449	401	
416	443	428	448	418	
446	403	422	436	442	
446	428	423	449	409	
435	401	420	448	412	
447	436	427	413	401	
403	432	439	445	434	
433	416	419	424	400	
400	407	419	406	421	
429	421	423	403	442	
443	441	416	408	424	
434	412	441	411	413	
405	424	404	431	418	
420	415	416	413	438	
413	448	411	406	419	
409	405	421	438	408	
445	442	430	421	449	
411	444	414	400	406	
413	404	431	438	435	
414	417	401	449	435	
420	401	408	439	429	
401	432	429	434	406	
409	446	414	413	430	
422	449	411	441	421	
411	409	432	436	402	
440	423	418	439	416	
416	442	429	418	402	
441	435	446	405	443	
410	424	401	444	425	
445	414	408	407	425	
442	439	405	400	423	
419	436	427	417	441	
421	441	424	423	443	
415	433	422	423	445	
427	408	406	400	405	
415	441	440	414	425	
426	401	445	418	444	
418	400	404	415	402	
430	435	449	429	417	
409	416	437	419	442	
454	493	457	477	465	
468	485	498	466	492	
479	455	469	495	468	
455	468	488	457	452	
468	482	486	496	454	
462	483	459	477	493	
461	494	492	479	460	
465	463	457	493	490	
458	486	489	477	487	
484	474	473	463	466	
460	461	458	490	464	
482	488	498	452	467	
458	461	498	463	473	
492	473	487	466	489	
483	469	466	463	481	
471	457	496	493	495	
466	479	487	483	496	
485	456	461	458	471	
480	452	491	481	471	
476	494	454	477	491	
453	477	456	465	496	
454	492	479	485	469	
460	458	455	459	479	
478	454	461	462	489	
469	486	465	477	473	
472	496	469	486	470	
484	491	483	469	461	
480	456	485	462	451	
475	461	482	477	452	
474	497	468	470	480	
454	497	452	459	480	
494	493	467	459	469	
464	490	482	494	471	
464	493	472	451	454	
472	473	452	498	469	
474	470	486	475	498	
469	489	481	456	465	
487	458	456	484	453	
458	497	455	464	467	
495	485	455	496	470	
478	453	459	483	489	
482	477	479	457	466	
464	486	474	466	469	
474	492	487	493	475	
463	484	469	487	465	
494	452	453	499	478	
463	485	457	453	492	
480	468	475	455	472	
488	489	450	458	469	
450	478	490	491	488	
317	143	195	246	42	25	
180	108	250	265	74	141	
207	160	70	407	90	28	
362	145	460	441	121	21	
114	228	225	105	495	331	
338	229	321	113	455	448	
204	157	4	371	42	309	
325	229	159	452	281	461	
201	469	406	366	270	362	
5	445	323	45	475	212	
268	381	62	439	255	451	
347	123	117	38	233	210	
324	184	116	497	238	209	
125	364	45	234	283	228	
333	97	460	298	20	365	
400	354	360	421	34	84	
81	210	323	298	465	158	
347	343	384	358	74	84	
462	263	459	180	79	43	
36	160	201	15	219	77	
240	335	78	351	329	300	
63	22	428	355	387	403	
497	117	244	372	127	47	
69	339	43	317	387	266	
75	397	13	100	271	438	
324	198	125	61	376	124	
124	1	209	442	376	462	
190	334	203	164	451	28	
305	69	342	131	408	490	
303	17	227	149	425	185	
253	311	338	58	244	67	
105	72	440	259	141	43	
285	226	118	452	70	88	
478	125	255	185	93	123	
117	41	184	492	487	345	
382	33	470	463	294	87	
485	14	304	303	57	197	
214	322	460	298	61	446	
374	393	331	169	90	19	
173	445	131	494	426	90	
178	468	208	124	479	160	
66	232	353	42	409	150	
173	37	5	57	123	149	
428	77	361	217	128	427	
437	65	442	50	249	153	
380	498	20	181	228	53	
385	336	189	27	374	261	
182	482	176	79	419	306	
336	221	112	167	27	438	
123	449	140	281	155	189	
146	294	116	270	55	445	
152	368	482	330	478	105	
25	481	228	185	189	423	
435	320	9	119	285	417	
359	358	361	392	265	447	
114	487	250	361	46	248	
122	480	115	210	494	374	
109	339	192	274	351	341	
177	103	137	362	59	368	
89	430	456	417	168	328	
159	454	149	12	344	463	
348	126	78	449	16	26	
343	312	349	159	128	351	
402	363	192	218	5	6	
260	405	439	463	395	446	
242	125	267	72	41	350	
307	11	275	77	271	68	
351	51	476	450	485	250	
475	203	324	222	481	323	
9	306	418	198	417	181	
245	348	295	74	364	143	
97	95	421	259	241	387	
71	317	178	112	224	498	
364	387	327	2	276	365	
88	421	384	274	146	430	
128	188	211	249	360	200	
35	145	480	405	61	360	
363	31	203	224	469	175	
334	4	117	116	191	400	
496	373	397	158	420	5	
137	435	151	470	417	181	
29	373	433	10	496	186	
298	350	146	142	496	247	
24	426	453	226	42	448	
475	239	410	443	49	260	
96	381	47	358	474	217	
65	131	332	376	154	158	
90	300	452	145	43	78	
176	54	168	133	6	0	
174	139	477	162	489	488	
22	248	209	448	468	495	
362	321	444	9	32	486	
252	389	467	475	17	236	
178	426	333	213	466	347	
376	219	162	280	244	160	
463	179	288	342	401	474	
456	275	378	488	487	221	
308	373	394	255	438	379	
226	464	83	419	385	460	
370	409	23	170	249	29	
134	273	95	281	487	139	11	
367	308	122	162	360	159	466	
45	439	249	403	341	332	20	
338	114	204	384	92	51	438	
418	314	341	394	448	194	261	
298	9	274	382	328	404	315	
271	294	69	152	132	134	65	
314	412	195	87	252	382	230	
363	242	395	325	447	185	498	
217	415	22	442	486	405	62	
360	168	476	8	296	327	347	
427	220	258	436	262	173	89	
393	181	11	359	37	117	51	
74	361	109	255	11	54	268	
498	223	283	212	288	408	217	
6	402	296	144	244	362	128	
177	190	418	494	174	424	129	
238	19	356	90	76	130	14	
275	272	102	480	356	180	253	
26	221	325	125	206	70	91	
13	238	102	337	40	122	205	
404	7	65	253	349	81	127	
196	379	425	134	260	332	477	
122	243	466	108	186	438	430	
238	182	167	434	244	50	336	
160	105	454	212	180	384	496	
234	215	209	341	139	201	356	
192	125	206	165	383	382	35	
316	485	182	12	141	474	339	
222	103	226	160	370	498	38	
0	433	5	91	444	155	367	
401	351	101	400	460	78	377	
111	492	224	407	86	367	374	
18	120	152	157	237	131	360	
295	489	286	64	47	45	281	
220	383	210	435	285	458	216	
374	407	481	444	484	4	74	
354	329	326	311	8	280	493	
420	151	25	283	181	493	299	
414	442	332	54	271	91	487	
414	156	382	126	303	206	402	
264	135	236	136	165	273	263	
2	131	22	286	240	448	375	
244	313	113	282	464	498	140	
153	407	375	292	223	83	356	
35	306	416	426	120	103	79	
160	311	326	467	154	373	22	
447	271	377	309	207	476	259	
113	267	311	86	99	33	85	
418	80	113	356	467	106	226	
163	478	228	70	316	476	121	
458	217	155	99	494	481	165	
236	121	101	257	306	459	162	
0	163	391	186	290	240	164	
461	46	497	354	295	133	338	
134	341	24	221	350	18	11	
243	52	384	357	46	472	308	
366	104	40	80	95	128	247	
136	207	69	433	176	450	204	
49	419	404	167	41	417	87	
361	112	418	371	247	117	91	
405	169	407	422	332	224	158	
456	260	324	410	242	160	252	
401	247	169	212	363	195	400	
285	122	438	336	59	5	257	
60	42	78	151	164	209	203	
296	158	134	341	70	89	403	
13	333	450	358	422	466	99	
280	302	189	461	206	6	148	
201	395	314	304	173	190	45	
340	313	264	429	399	417	297	
139	440	110	387	296	376	126	
265	281	475	403	394	115	293	
115	93	440	446	332	213	377	
257	8	374	176	396	445	409	
448	418	454	305	175	498	32	
328	161	99	147	67	340	112	
458	62	321	161	323	268	122	
169	154	478	134	367	15	40	
402	207	368	310	48	190	441	
289	2	160	70	488	89	256	
84	478	463	486	119	441	94	
390	95	132	489	260	465	361	
153	5	66	239	218	396	387	
358	123	487	172	435	187	3	
353	210	369	81	379	334	39	
276	72	299	8	304	419	165	
488	10	220	431	301	215	221	
115	253	487	140	196	333	498	
74	27	129	317	497	450	412	
12	269	16	325	244	490	475	
86	62	375	58	173	308	88	
247	264	362	274	428	306	370	
499	354	23	477	199	334	341	
212	400	189	247	121	483	219	
188	332	83	167	140	493	128	
106	442	423	13	414	337	215	
111	250	161	246	446	343	457	
432	128	240	317	355	364	153	
61	306	377	203	312	243	19	
178	295	115	100	52	215	492	29	
265	405	400	330	88	483	171	439	
499	293	150	424	408	288	200	257	
22	209	240	205	450	313	129	250	
170	480	468	254	69	388	389	76	
238	266	206	392	312	221	419	43	
295	256	443	451	35	434	129	167	
12	130	444	350	324	70	166	398	
35	451	7	63	473	4	492	0	
51	284	260	400	274	496	36	60	
447	359	338	339	77	468	473	141	
271	341	359	407	242	58	68	348	
289	147	169	298	240	165	317	87	
329	96	347	281	346	399	216	405	
229	320	85	427	152	385	410	246	
496	18	40	486	51	175	383	134	
149	311	50	312	179	157	417	354	
352	67	213	485	499	250	368	472	
20	214	286	341	397	455	100	83	
22	189	334	251	10	64	83	87	
154	307	27	499	348	480	165	393	
325	455	266	64	17	32	10	174	
494	50	63	28	158	306	4	380	
50	291	156	238	474	479	54	255	
395	215	290	289	194	49	258	184	
304	482	15	94	52	397	414	309	
441	116	136	402	139	168	208	438	
466	42	98	195	39	451	171	235	
320	461	51	257	490	142	473	88	
160	54	184	445	79	31	262	26	
265	454	136	78	134	177	49	225	
252	269	479	55	398	213	312	428	
303	202	261	199	213	85	324	40	
229	138	32	484	370	166	290	476	
250	308	148	495	342	256	438	429	
192	27	161	251	99	359	217	327	
210	378	448	489	98	418	396	400	
402	135	77	239	284	138	108	43	
24	482	320	373	210	293	196	176	
189	302	439	20	44	291	432	38	
322	118	257	492	223	415	377	73	
86	238	75	265	466	272	209	414	
417	61	263	24	413	135	331	273	
262	357	50	336	230	3	128	424	
297	120	142	71	277	276	65	70	
182	471	384	202	192	492	147	191	
192	222	162	238	48	235	103	373	
196	378	361	292	486	304	265	375	
80	406	77	223	334	123	389	3	
459	328	286	235	315	64	404	38	
215	195	58	187	492	437	465	209	
216	474	69	398	412	387	218	208	
296	318	310	309	439	92	486	96	
156	99	185	314	287	97	246	360	
308	492	122	213	440	267	458	164	
485	343	341	406	310	136	247	291	
483	322	290	421	87	35	219	382	
341	303	86	290	478	160	17	124	
248	421	223	399	166	299	405	375	
437	245	354	331	76	16	6	285	
119	171	34	81	58	106	187	90	
219	393	365	435	483	402	268	490	
45	158	452	181	492	488	13	381	
393	96	204	37	203	245	275	280	
288	11	24	185	68	341	151	499	
400	72	167	2	295	169	88	346	
168	282	279	426	63	280	494	365	
359	48	105	82	401	28	488	300	
85	383	460	397	204	105	182	342	
292	396	397	269	21	275	186	450	
262	482	19	42	349	73	96	155	
69	253	150	369	52	374	210	301	
8	19	222	464	309	135	389	297	
162	232	414	309	127	443	74	235	
245	207	447	287	122	83	406	440	
217	190	401	283	38	129	124	355	
14	51	252	100	348	334	345	360	
324	457	10	150	465	413	381	71	
298	131	340	137	172	463	41	249	
278	223	80	275	165	422	318	470	
28	257	376	290	231	110	125	31	
139	74	16	12	370	9	450	214	
38	405	213	396	402	384	412	325	
336	250	337	438	236	37	292	440	
6	121	423	441	258	110	123	158	
382	442	397	79	261	331	204	167	
256	395	267	258	112	335	91	362	
415	24	25	239	110	233	287	456	
461	433	365	121	436	470	215	134	
329	288	32	150	252	325	235	283	
361	199	83	318	276	421	351	196	
205	218	490	219	119	249	349	350	
119	248	299	460	62	116	148	498	
386	314	252	148	398	56	390	322	
173	217	331	120	78	462	302	405	
62	258	481	227	45	402	344	20	
449	373	491	260	203	258	238	222	
498	159	261	134	127	52	319	255	
246	409	182	321	172	58	414	73	
81	194	497	103	333	203	121	154	
