2	22	5	
20	19	43	
48	0	25	
46	16	6	
1	15	30	
20	11	22	
47	4	2	
17	28	36	
10	6	23	
4	35	31	
12	37	18	
38	43	49	
23	49	25	
18	7	43	
2	49	33	
18	14	7	
38	43	46	
28	12	41	
10	11	21	
31	14	11	
43	1	25	
21	32	38	
31	35	20	
21	5	33	
37	22	45	
10	5	31	
15	23	3	
48	2	35	
32	3	45	
17	40	44	
37	21	4	
36	2	47	
29	3	9	
10	13	8	
1	18	19	
12	42	39	
18	17	10	
15	46	47	
23	47	26	
27	46	31	
44	33	5	
16	10	3	
46	18	20	
48	17	46	
9	35	26	
21	10	9	
27	26	31	
4	44	30	
31	14	21	
4	15	44	
56	85	54	
52	61	88	
65	66	79	
75	79	68	
81	62	95	
75	51	99	
73	62	76	
70	94	62	
55	83	65	
81	54	59	
97	71	59	
76	54	88	
91	74	88	
69	54	89	
77	83	55	
81	93	53	
72	67	93	
82	77	80	
68	76	56	
83	84	70	
74	77	89	
79	88	57	
62	89	85	
99	80	59	
98	62	89	
94	65	80	
98	86	88	
56	62	57	
88	65	93	
80	72	82	
66	92	87	
60	81	55	
72	87	86	
95	63	55	
66	63	50	
51	93	63	
95	87	71	
64	65	52	
59	89	71	
54	71	78	
97	81	58	
78	51	83	
85	55	70	
70	87	52	
86	84	71	
84	52	94	
56	96	85	
56	63	53	
50	61	56	
71	79	98	
113	111	141	
144	114	117	
125	113	143	
114	117	103	
118	147	105	
134	146	118	
136	103	102	
139	107	103	
125	115	127	
106	142	124	
116	119	148	
131	112	113	
128	141	126	
121	140	126	
126	120	108	
110	111	123	
143	115	131	
134	124	114	
128	147	131	
104	130	145	
118	127	108	
140	148	134	
119	145	107	
128	105	135	
137	116	135	
116	126	123	
104	100	149	
142	101	116	
113	129	143	
126	135	106	
109	102	134	
136	146	109	
111	114	110	
132	107	124	
105	114	149	
109	128	100	
112	117	113	
113	122	101	
128	113	148	
104	133	125	
104	130	148	
134	124	110	
137	109	100	
139	127	112	
126	148	143	
112	116	114	
143	131	105	
129	138	140	
105	145	143	
121	104	108	
165	153	183	
197	193	151	
165	193	160	
158	194	172	
185	179	166	
152	187	165	
197	196	154	
183	181	169	
159	173	193	
181	195	177	
170	196	182	
169	157	182	
166	188	158	
188	191	175	
180	163	168	
150	164	166	
151	150	182	
160	184	180	
166	177	186	
157	175	169	
164	193	163	
166	156	162	
190	150	155	
170	163	187	
157	162	170	
198	162	195	
198	153	190	
160	186	150	
166	151	179	
157	189	161	
183	198	171	
179	181	191	
170	151	171	
186	177	152	
178	199	173	
163	156	161	
153	191	155	
185	165	159	
167	170	180	
161	188	164	
166	174	170	
168	185	178	
177	175	157	
190	150	187	
161	157	167	
184	161	199	
156	173	162	
153	183	155	
176	168	174	
183	167	182	
241	232	227	
247	249	206	
214	234	222	
233	225	234	
238	223	232	
206	202	243	
239	243	224	
233	245	217	
226	215	235	
240	231	234	
224	217	219	
220	216	229	
245	244	214	
225	220	243	
219	200	202	
249	200	241	
249	218	242	
205	209	240	
249	238	239	
214	242	204	
219	212	229	
200	240	209	
216	200	247	
236	215	242	
249	235	220	
241	212	244	
222	241	203	
248	237	225	
237	232	210	
248	246	200	
239	245	238	
218	205	213	
244	202	246	
228	236	237	
233	215	236	
232	200	201	
208	206	235	
203	246	233	
216	247	248	
200	203	241	
210	224	205	
200	205	225	
201	241	234	
221	218	213	
210	245	213	
208	230	233	
211	229	203	
204	245	203	
209	240	217	
248	232	233	
277	284	297	
270	264	259	
266	264	258	
287	299	268	
261	279	276	
277	291	278	
292	271	287	
296	274	254	
297	295	250	
265	299	297	
253	279	276	
282	269	278	
251	261	285	
272	284	252	
285	264	277	
276	257	286	
262	252	253	
276	250	277	
270	271	269	
291	284	261	
276	297	291	
298	274	280	
299	292	282	
279	295	272	
274	254	256	
296	291	268	
274	268	280	
250	266	260	
265	289	251	
278	269	264	
264	258	296	
282	265	274	
279	251	289	
254	251	294	
265	299	295	
267	262	282	
294	286	259	
274	271	279	
270	280	267	
270	250	257	
271	273	254	
268	295	287	
259	278	279	
274	264	254	
289	256	255	
268	288	298	
295	288	290	
285	277	263	
282	295	271	
285	261	264	
340	310	329	
315	337	340	
304	307	333	
348	329	323	
316	343	308	
336	327	317	
340	330	342	
319	343	312	
314	308	321	
348	305	301	
347	311	330	
333	309	301	
321	306	335	
315	300	347	
329	322	326	
323	311	341	
302	312	301	
320	337	313	
301	305	337	
341	314	301	
315	318	307	
344	321	317	
332	317	346	
344	333	326	
324	305	333	
334	331	303	
346	317	340	
322	309	339	
338	316	318	
337	316	321	
316	341	344	
325	327	314	
342	303	334	
338	327	311	
323	331	314	
344	313	315	
302	339	310	
311	318	324	
341	337	320	
343	305	334	
321	338	322	
338	348	332	
310	348	333	
335	349	302	
305	331	342	
325	334	323	
318	310	302	
322	323	300	
338	339	310	
314	346	331	
361	353	350	
357	387	368	
388	378	372	
364	366	394	
355	387	390	
369	379	375	
369	368	397	
357	373	392	
383	384	371	
399	367	355	
396	375	381	
396	397	358	
384	358	390	
393	368	360	
371	360	380	
381	373	376	
385	393	370	
399	355	389	
377	353	358	
352	395	350	
399	375	350	
355	358	351	
395	389	381	
389	359	363	
384	360	352	
384	359	370	
381	352	392	
389	398	371	
351	391	395	
384	363	374	
353	382	386	
381	375	379	
368	361	384	
396	399	368	
391	380	370	
360	384	378	
395	363	355	
397	362	379	
389	355	361	
390	353	366	
382	355	371	
351	365	389	
359	383	385	
369	356	379	
377	386	353	
382	393	379	
394	369	360	
353	392	364	
384	392	367	
381	378	354	
426	409	427	
408	438	440	
424	407	422	
413	405	400	
440	448	409	
402	440	406	
433	414	419	
406	409	441	
402	448	441	
427	403	419	
436	444	432	
435	405	447	
433	411	423	
401	443	441	
435	426	421	
436	448	417	
414	411	433	
422	446	416	
438	412	416	
415	421	417	
447	404	400	
418	400	436	
435	440	415	
438	430	406	
438	444	440	
424	440	435	
441	418	415	
407	410	406	
436	411	448	
402	407	442	
428	418	400	
405	431	440	
409	439	428	
434	400	438	
416	432	427	
444	443	420	
449	413	414	
404	438	418	
420	440	436	
416	442	443	
414	433	427	
422	443	427	
413	441	428	
431	404	401	
425	434	435	
403	419	426	
408	429	407	
407	445	425	
439	441	435	
430	421	438	
472	471	453	
484	479	463	
470	455	468	
450	486	458	
497	481	456	
472	499	452	
455	490	453	
499	453	488	
450	494	452	
472	470	474	
480	497	499	
486	454	485	
473	460	499	
455	464	495	
465	460	461	
475	463	456	
499	479	458	
467	473	496	
479	477	459	
456	498	491	
474	485	481	
487	493	475	
475	471	450	
481	469	459	
494	477	474	
494	454	472	
491	465	497	
483	461	499	
463	472	481	
482	470	462	
472	497	470	
477	485	483	
462	495	464	
497	460	492	
452	454	458	
489	482	467	
456	479	454	
476	469	499	
480	476	495	
489	469	497	
478	462	496	
481	451	466	
458	456	485	
479	483	497	
474	464	456	
479	464	496	
471	461	455	
488	458	485	
480	451	467	
476	451	453	
9	3	26	17	
10	26	11	23	
9	16	11	26	
38	25	12	15	
4	26	41	3	
2	10	25	33	
33	48	26	8	
25	45	23	14	
24	38	39	13	
9	16	1	23	
13	46	40	43	
17	26	43	3	
43	12	32	18	
39	30	7	18	
9	24	14	19	
3	32	43	36	
33	40	47	45	
16	24	6	13	
29	14	43	39	
43	35	8	38	
45	22	25	24	
43	46	9	37	
4	44	24	25	
26	21	6	37	
49	34	39	3	
42	16	24	1	
10	42	28	1	
40	8	48	37	
5	37	7	9	
43	0	32	34	
37	24	42	45	
29	42	25	21	
21	16	7	40	
17	18	5	26	
39	2	31	47	
24	38	20	11	
42	4	10	12	
32	6	49	48	
27	6	40	18	
12	27	28	43	
46	1	41	13	
14	34	23	42	
15	27	42	13	
4	3	25	13	
6	25	10	16	
5	10	16	13	
13	45	36	20	
21	34	14	49	
22	11	27	28	
41	34	24	42	
53	99	95	94	
85	79	52	67	
96	78	88	94	
78	86	89	62	
64	73	90	88	
69	52	76	57	
72	69	84	97	
98	85	53	78	
89	95	65	68	
54	62	57	52	
85	79	72	60	
83	67	86	78	
95	83	96	87	
67	59	68	92	
56	99	62	95	
58	79	53	52	
93	82	69	77	
94	52	60	86	
84	91	72	93	
66	69	99	54	
89	64	81	69	
68	64	65	82	
87	85	52	60	
81	59	73	69	
62	70	61	85	
81	54	75	73	
94	64	54	53	
64	73	84	65	
66	97	79	59	
66	56	60	55	
67	87	99	84	
62	98	64	88	
86	82	78	99	
66	93	76	85	
69	71	75	82	
69	60	87	83	
78	90	74	96	
99	52	80	54	
70	60	59	89	
59	75	52	62	
65	56	88	58	
69	67	70	57	
54	96	82	77	
98	92	50	65	
63	68	84	77	
58	73	78	98	
99	56	87	69	
86	66	93	54	
62	50	94	71	
66	87	71	85	
132	145	135	139	
133	144	148	141	
123	116	119	124	
143	110	137	105	
113	149	103	136	
123	120	119	129	
145	107	122	118	
136	119	114	141	
130	148	143	131	
109	113	127	143	
113	124	143	133	
125	140	106	107	
110	113	100	112	
126	131	124	103	
137	117	112	148	
119	136	103	106	
115	133	135	104	
131	138	116	147	
122	125	136	115	
146	119	100	125	
140	101	131	118	
136	140	121	129	
102	140	119	129	
116	133	141	104	
143	142	116	117	
139	101	107	141	
114	139	121	126	
104	129	138	135	
149	132	102	128	
118	108	148	131	
142	134	126	137	
101	146	139	142	
145	146	139	103	
142	125	148	107	
139	128	118	131	
127	141	113	100	
142	104	136	112	
108	147	115	122	
145	108	138	125	
113	142	121	114	
123	114	116	132	
141	143	132	135	
107	139	112	130	
113	104	123	146	
128	117	148	139	
146	102	106	111	
114	129	109	137	
147	121	146	141	
147	143	141	148	
135	120	107	149	
193	185	196	153	
178	173	194	180	
179	185	159	192	
189	158	160	153	
164	187	166	172	
179	176	193	165	
179	178	199	168	
192	199	195	156	
163	191	150	183	
166	186	178	180	
182	163	193	164	
193	194	190	177	
195	187	168	192	
186	169	158	160	
198	161	194	178	
166	150	162	161	
170	186	193	190	
161	154	186	183	
189	159	169	195	
197	165	191	164	
188	168	160	184	
162	176	180	197	
193	153	155	163	
191	188	193	179	
163	164	155	160	
158	187	189	166	
150	179	176	175	
184	175	186	158	
159	199	193	163	
187	195	189	176	
164	150	196	191	
199	176	177	165	
190	162	179	171	
168	180	195	192	
151	183	156	160	
167	172	195	153	
186	151	187	174	
182	199	185	165	
187	180	158	165	
166	151	180	195	
197	163	177	171	
172	167	165	154	
195	172	186	193	
190	186	194	176	
171	188	197	180	
166	160	152	172	
156	152	198	191	
190	169	176	168	
195	172	199	167	
154	192	163	169	
219	208	232	204	
217	220	219	209	
233	203	238	242	
211	234	209	241	
216	215	227	244	
232	200	240	228	
204	242	237	230	
237	249	211	225	
218	202	216	227	
232	242	233	231	
213	217	239	201	
234	249	220	222	
244	228	245	234	
235	218	211	217	
202	243	220	225	
228	220	226	232	
212	220	219	225	
211	235	214	225	
211	225	205	209	
203	209	236	228	
245	229	233	224	
234	225	228	207	
207	240	226	209	
205	231	239	240	
210	203	247	225	
237	215	238	208	
222	205	212	209	
233	210	219	208	
233	229	236	209	
221	247	225	212	
202	248	217	219	
209	200	236	235	
203	204	228	234	
214	204	225	248	
225	217	207	222	
239	208	223	206	
235	224	205	228	
218	230	249	211	
241	217	229	244	
248	217	230	228	
207	205	233	232	
215	203	219	241	
207	247	217	249	
234	237	205	206	
202	231	240	204	
206	246	228	207	
215	245	213	247	
239	214	249	243	
214	223	200	202	
225	228	240	209	
291	279	261	293	
260	288	284	283	
271	299	252	262	
267	250	271	280	
287	254	253	289	
286	279	261	298	
299	295	253	296	
259	255	253	297	
286	255	295	265	
273	293	259	274	
291	270	265	290	
280	265	252	269	
266	277	295	274	
284	298	296	278	
272	288	258	273	
270	269	271	291	
266	283	273	276	
256	277	258	271	
265	278	261	264	
277	256	260	295	
282	251	281	258	
289	280	290	297	
298	262	273	251	
294	253	270	252	
272	268	255	256	
254	276	287	265	
299	257	270	285	
283	254	276	264	
276	275	283	268	
282	288	296	283	
251	277	288	274	
254	287	284	292	
273	298	295	264	
264	260	280	261	
270	276	286	284	
257	250	265	279	
297	276	281	299	
261	293	280	268	
281	273	284	287	
287	291	271	261	
298	265	277	278	
253	282	266	293	
265	277	290	289	
291	253	297	261	
289	293	282	265	
288	263	298	295	
282	255	264	267	
289	272	281	262	
256	274	270	276	
253	265	273	292	
306	330	328	340	
328	346	326	303	
313	312	333	317	
344	308	327	330	
344	333	345	314	
307	330	324	314	
313	323	341	349	
337	334	320	302	
333	344	310	342	
313	309	343	319	
313	343	319	347	
332	334	317	320	
335	340	346	309	
306	318	342	327	
325	310	302	313	
319	343	337	311	
338	322	349	333	
312	339	342	337	
342	346	339	303	
347	314	331	312	
322	331	303	342	
335	316	320	315	
341	319	327	316	
342	334	325	338	
315	318	322	321	
333	330	343	332	
334	303	324	316	
326	334	322	302	
338	327	336	303	
318	341	307	343	
342	302	304	348	
334	341	303	310	
347	301	335	327	
323	345	300	304	
343	313	314	347	
319	327	341	325	
314	310	333	343	
345	316	334	318	
323	334	319	345	
325	331	317	345	
334	330	325	321	
348	335	334	345	
305	342	310	345	
336	303	342	322	
314	329	317	339	
317	320	300	301	
340	349	305	336	
335	316	346	311	
322	304	333	348	
321	319	340	344	
376	356	367	354	
389	365	379	390	
358	364	351	356	
384	354	391	360	
393	362	391	373	
396	363	382	375	
383	361	363	377	
371	375	368	388	
379	380	378	365	
376	388	384	366	
384	375	376	378	
386	395	371	356	
371	393	373	361	
372	394	395	356	
373	366	390	376	
358	390	397	392	
383	362	379	377	
373	360	363	361	
357	385	397	358	
353	364	373	356	
384	364	377	366	
396	385	359	356	
358	350	377	354	
380	387	359	364	
390	368	375	394	
385	360	369	357	
379	363	377	367	
388	357	389	371	
368	380	366	377	
376	373	358	391	
399	356	387	367	
385	377	383	395	
384	377	363	360	
388	358	375	390	
377	352	371	379	
370	377	383	382	
350	365	378	394	
374	353	380	367	
357	394	397	379	
356	373	358	353	
365	350	375	384	
374	377	372	373	
362	374	385	351	
360	390	373	362	
360	366	383	380	
367	358	392	380	
378	384	353	383	
351	361	391	392	
387	377	380	383	
399	374	365	389	
439	440	428	412	
448	411	436	403	
419	404	410	421	
416	406	409	421	
429	433	416	442	
437	407	440	417	
439	424	433	400	
421	425	426	419	
435	431	439	421	
442	444	440	418	
447	425	406	438	
417	442	430	409	
435	417	434	401	
437	426	403	412	
440	404	409	407	
411	448	425	438	
429	400	428	440	
408	437	414	404	
421	424	400	431	
440	442	405	436	
425	440	438	443	
411	441	412	401	
400	448	444	406	
403	445	442	400	
417	448	427	431	
421	442	405	436	
404	419	409	446	
433	417	421	434	
425	405	442	419	
402	444	405	427	
413	448	449	440	
432	430	445	428	
408	420	414	406	
408	411	407	420	
408	421	443	448	
437	441	440	415	
426	445	438	401	
439	445	448	401	
402	410	409	435	
446	437	415	441	
431	406	415	423	
406	429	412	423	
436	413	447	424	
446	447	422	414	
433	406	425	441	
443	448	428	400	
440	432	411	428	
402	442	406	412	
411	439	431	442	
406	414	433	431	
471	482	456	467	
454	462	492	490	
493	478	458	454	
466	452	480	498	
468	469	482	499	
493	467	469	460	
473	486	468	450	
476	490	481	495	
464	472	466	496	
454	461	494	485	
472	486	462	450	
464	474	481	484	
494	460	469	483	
451	461	480	455	
486	466	493	489	
496	450	468	494	
476	471	493	480	
495	485	465	488	
471	453	455	470	
485	493	462	454	
467	496	460	497	
450	486	451	495	
482	463	484	489	
496	476	493	484	
482	492	451	463	
470	481	497	492	
465	474	463	478	
488	499	497	493	
450	478	496	460	
453	494	476	480	
456	464	482	457	
462	473	498	489	
450	491	460	463	
476	479	496	494	
496	451	466	489	
480	490	465	466	
480	468	473	450	
488	495	476	486	
476	450	498	477	
472	453	450	474	
484	479	464	454	
467	493	457	458	
477	499	483	497	
475	480	496	489	
471	458	466	493	
485	472	490	494	
468	470	491	485	
468	466	452	470	
485	476	458	490	
450	452	482	453	
34	16	1	41	28	
37	21	49	44	38	
32	5	6	42	43	
42	38	34	0	48	
25	39	36	16	37	
39	37	19	8	20	
16	25	9	18	19	
35	32	16	26	24	
5	39	31	26	11	
29	10	27	18	21	
31	30	40	14	19	
10	36	43	0	18	
21	47	49	32	19	
8	43	37	2	40	
27	21	40	39	23	
13	40	9	18	4	
11	16	49	32	30	
42	4	31	9	47	
30	31	36	33	3	
40	15	31	16	18	
21	10	15	9	49	
37	39	24	27	33	
9	49	32	47	43	
17	45	28	5	19	
4	16	14	21	8	
20	13	22	40	36	
16	8	15	47	40	
12	5	45	16	34	
4	18	14	42	28	
13	36	10	9	40	
14	2	7	25	34	
35	11	6	0	30	
46	49	15	28	44	
35	14	38	27	40	
37	40	25	43	27	
12	16	36	22	41	
23	20	16	42	11	
48	46	36	30	37	
31	37	0	2	14	
32	7	48	23	6	
14	1	47	11	5	
12	11	17	23	46	
9	17	6	24	39	
14	6	0	32	27	
40	26	9	29	31	
16	19	45	6	36	
11	6	25	35	32	
17	25	33	42	9	
5	29	27	48	24	
41	3	33	25	15	
56	54	90	55	88	
67	65	85	89	55	
55	98	70	93	64	
72	93	54	96	77	
86	72	74	92	71	
79	89	64	53	94	
67	60	82	93	52	
94	79	56	50	97	
81	52	92	80	79	
68	80	67	57	71	
61	81	77	89	72	
86	88	89	63	60	
92	82	65	93	60	
80	53	63	67	60	
67	73	99	63	85	
99	72	78	71	53	
59	84	65	71	60	
72	53	73	82	61	
77	59	97	65	84	
81	69	67	78	77	
73	66	55	83	86	
77	92	78	81	96	
63	73	96	72	50	
64	86	75	88	76	
67	92	91	84	90	
52	93	90	65	77	
97	61	78	98	60	
81	83	76	60	96	
60	55	84	93	51	
69	58	67	73	63	
88	65	76	74	87	
90	92	85	58	61	
50	92	97	96	79	
61	83	78	74	57	
83	89	53	76	86	
82	84	87	80	90	
98	55	80	86	64	
58	64	70	57	51	
68	72	58	96	78	
51	66	67	87	56	
89	54	87	70	91	
68	66	72	60	99	
80	50	54	87	72	
88	72	84	68	53	
60	81	80	65	55	
75	86	54	64	56	
89	72	69	88	54	
64	73	67	98	55	
56	99	95	69	61	
56	90	82	84	79	
146	130	112	122	113	
104	130	119	145	124	
110	128	133	107	138	
106	104	113	138	115	
145	113	110	148	111	
138	107	141	110	135	
109	105	136	112	144	
120	148	103	138	133	
147	103	136	110	109	
126	135	108	104	111	
103	100	112	146	107	
135	141	126	111	144	
149	119	114	100	103	
120	145	136	140	121	
130	135	140	121	129	
100	149	144	115	131	
140	133	141	137	116	
138	112	113	129	146	
124	137	136	119	113	
144	123	107	126	130	
149	137	116	129	105	
114	130	129	120	107	
137	127	139	144	121	
106	121	148	119	122	
137	147	120	141	139	
102	138	130	103	147	
137	112	109	130	119	
140	147	100	102	129	
119	146	113	147	144	
136	109	146	106	137	
106	100	143	134	130	
138	133	148	144	114	
102	100	140	104	114	
104	122	143	116	117	
120	135	110	123	129	
148	109	108	115	129	
136	110	102	100	124	
138	111	136	108	122	
128	132	133	111	141	
149	114	134	136	129	
108	111	104	129	115	
141	136	132	100	124	
117	103	141	124	134	
130	123	132	126	106	
146	133	139	109	143	
131	108	129	102	109	
125	100	139	149	121	
109	112	115	118	139	
101	124	145	127	100	
123	147	125	146	118	
156	177	160	174	153	
166	192	175	160	190	
194	170	187	188	152	
171	168	178	189	157	
197	175	163	171	166	
155	197	198	199	166	
170	187	186	175	165	
156	191	198	177	188	
177	193	170	169	163	
199	155	181	182	176	
150	171	186	168	193	
153	152	166	158	182	
173	198	155	189	172	
150	176	185	177	161	
185	162	197	192	175	
178	164	191	174	175	
179	175	184	154	195	
154	182	155	188	180	
172	166	159	183	157	
154	151	191	169	172	
188	196	180	162	173	
160	154	189	152	155	
189	190	192	171	181	
163	185	184	170	179	
155	169	164	173	175	
194	177	189	151	196	
177	167	199	189	176	
188	161	153	157	189	
191	161	162	176	150	
179	171	180	177	193	
159	185	154	186	180	
166	168	185	153	157	
163	169	179	176	170	
168	190	169	184	177	
161	180	158	174	169	
175	190	181	167	171	
170	150	152	179	162	
181	164	165	174	153	
154	165	189	177	171	
178	192	168	185	160	
165	191	173	183	186	
186	187	154	166	156	
189	169	166	154	155	
152	165	186	187	194	
191	153	174	190	156	
164	179	161	184	154	
196	180	165	166	174	
172	194	157	159	167	
168	163	193	187	170	
170	195	154	180	172	
204	215	201	233	240	
241	243	238	239	201	
235	234	200	213	210	
202	245	210	218	209	
225	236	207	221	249	
222	244	237	214	223	
211	210	206	218	200	
213	223	215	221	219	
229	240	214	206	243	
222	228	207	223	218	
215	213	227	224	240	
221	232	202	213	238	
222	221	203	228	245	
232	228	213	201	219	
228	208	229	225	204	
218	248	206	237	240	
247	210	239	222	220	
206	227	205	222	213	
229	215	249	222	213	
247	231	249	222	214	
230	227	209	221	210	
207	224	213	212	242	
227	204	237	219	247	
214	221	210	241	249	
241	212	233	217	246	
222	239	225	230	224	
231	246	222	201	228	
235	238	219	203	223	
222	207	248	243	213	
206	208	230	249	225	
206	200	242	227	213	
247	211	231	233	214	
224	225	246	232	233	
233	212	236	228	209	
240	217	210	236	239	
216	236	229	208	241	
213	225	220	239	215	
226	214	248	247	221	
222	207	203	227	246	
219	242	214	228	236	
223	201	212	218	227	
208	212	204	237	224	
200	234	208	214	203	
219	222	207	245	201	
203	206	230	246	220	
241	235	214	211	207	
234	221	209	206	239	
213	210	223	239	227	
210	219	233	235	203	
205	230	241	225	208	
272	294	251	257	259	
292	265	299	278	268	
284	267	294	270	272	
295	280	257	293	275	
297	278	262	273	272	
262	281	253	284	276	
278	273	270	265	259	
290	299	284	270	279	
287	295	277	257	288	
276	265	274	272	273	
258	275	285	273	288	
272	260	271	250	287	
271	282	267	261	293	
259	265	296	263	250	
252	280	295	262	273	
251	291	271	295	267	
266	270	282	275	271	
297	288	296	250	283	
284	272	257	288	254	
276	275	286	293	254	
254	280	283	275	253	
298	270	275	285	291	
286	265	264	270	296	
251	290	253	280	273	
279	292	270	273	262	
259	252	260	299	251	
276	289	292	266	253	
284	286	260	290	259	
260	261	274	271	272	
256	273	264	272	286	
290	298	263	285	253	
253	297	286	288	281	
297	291	256	299	254	
252	270	251	263	260	
275	271	287	259	254	
261	287	293	290	252	
255	276	251	261	294	
262	279	251	286	264	
290	276	285	263	271	
281	250	269	267	273	
286	270	285	278	281	
287	297	256	275	266	
295	284	256	279	290	
262	263	255	250	261	
262	258	283	295	271	
264	285	269	293	289	
260	271	255	285	277	
267	288	285	291	297	
287	267	295	271	257	
268	278	253	259	257	
318	323	328	307	331	
324	342	344	335	300	
321	314	303	319	336	
303	304	347	337	340	
332	317	347	327	326	
341	328	335	347	333	
329	340	323	320	317	
322	302	318	309	317	
331	321	348	339	304	
346	340	348	302	331	
334	320	317	324	340	
340	311	317	302	310	
330	310	337	344	323	
305	346	301	309	318	
335	302	308	307	310	
339	323	330	301	322	
339	314	344	304	301	
304	325	331	340	308	
339	314	333	341	313	
300	312	305	342	334	
313	328	300	303	322	
332	319	308	304	323	
315	310	339	327	309	
306	330	311	318	300	
319	326	312	347	308	
310	320	308	307	300	
311	304	328	300	332	
301	329	306	323	318	
323	329	348	332	347	
318	333	338	335	302	
333	329	305	310	316	
324	343	346	331	305	
330	327	341	320	305	
345	323	341	325	332	
336	323	306	317	304	
311	331	338	317	327	
322	312	346	349	329	
338	308	329	314	315	
300	304	337	335	310	
314	347	308	336	332	
339	306	311	321	327	
320	332	349	330	342	
339	307	331	318	316	
329	303	327	330	310	
312	322	309	337	331	
308	333	345	322	328	
315	348	349	303	321	
335	342	306	336	338	
316	308	340	319	329	
347	320	319	325	300	
381	388	353	385	391	
396	395	393	388	361	
365	358	383	360	366	
368	352	378	351	373	
366	391	375	373	353	
389	376	352	392	353	
387	397	377	350	383	
364	367	376	356	357	
350	392	375	384	374	
393	399	352	382	371	
369	372	397	359	389	
378	359	391	387	397	
360	375	397	367	391	
372	387	376	393	370	
387	363	371	396	378	
389	382	383	396	393	
359	376	365	391	394	
361	359	365	355	368	
382	376	397	365	370	
397	373	396	358	355	
390	371	399	374	359	
363	399	358	388	396	
357	374	397	370	380	
395	386	379	383	365	
380	394	389	360	353	
390	383	392	354	388	
366	369	360	370	354	
376	361	357	363	365	
351	370	356	372	367	
399	386	389	385	388	
375	378	385	350	376	
361	351	398	369	387	
380	362	381	390	389	
374	382	375	351	354	
358	362	390	365	363	
385	383	394	399	360	
387	367	381	355	389	
387	374	359	391	393	
366	356	388	392	365	
350	375	358	389	351	
398	384	390	373	354	
363	350	379	353	398	
396	359	358	384	352	
391	379	367	398	386	
397	386	350	353	361	
376	369	350	363	357	
384	383	371	381	364	
397	388	366	394	358	
369	395	367	390	376	
365	371	388	363	368	
440	424	443	428	441	
408	437	440	445	412	
423	415	442	438	446	
447	415	425	405	443	
437	439	406	417	408	
445	419	423	436	404	
409	437	404	413	421	
443	429	446	414	402	
446	405	447	439	449	
438	411	431	442	422	
414	420	403	422	410	
447	426	432	403	406	
407	416	447	402	424	
431	437	405	422	415	
414	425	428	408	442	
435	419	406	439	437	
421	434	444	416	402	
447	409	420	441	437	
421	443	440	422	404	
406	403	427	438	419	
403	439	405	444	412	
402	413	424	408	400	
419	447	424	407	426	
417	428	424	438	401	
439	420	418	413	446	
437	414	413	409	428	
435	429	430	428	420	
435	432	407	413	408	
403	409	432	430	426	
402	431	418	420	427	
449	429	417	409	432	
444	404	440	406	412	
401	414	402	441	416	
400	420	428	414	440	
448	424	438	427	417	
430	416	433	411	415	
424	441	433	411	410	
439	403	435	426	414	
436	427	447	413	431	
419	430	446	441	429	
414	413	432	430	447	
403	414	446	406	442	
400	401	425	434	449	
427	410	433	408	444	
445	448	415	433	443	
420	424	447	442	448	
434	431	435	428	412	
440	408	427	423	432	
433	421	418	408	406	
435	416	414	402	436	
465	488	466	462	484	
491	474	475	468	451	
484	498	474	461	494	
499	486	479	481	451	
453	463	455	496	489	
453	489	486	482	471	
458	485	466	498	489	
497	457	455	485	475	
490	471	473	491	489	
460	453	494	458	479	
453	494	490	458	486	
469	497	461	466	457	
462	456	482	455	450	
456	467	472	454	499	
497	495	452	477	463	
462	489	492	455	465	
451	454	472	468	485	
458	474	462	454	477	
488	494	471	481	498	
461	469	493	480	453	
484	468	459	464	466	
477	484	487	455	465	
476	457	491	494	467	
482	481	491	490	489	
471	467	454	459	487	
456	455	476	458	482	
481	480	460	497	474	
452	457	465	496	450	
495	498	474	467	483	
453	467	472	491	488	
457	466	494	497	464	
461	465	494	481	457	
488	487	465	457	491	
494	483	454	460	476	
488	469	483	466	497	
499	454	492	458	486	
470	492	479	466	468	
487	465	494	485	464	
499	460	478	454	475	
458	485	465	468	456	
480	463	493	482	478	
450	489	484	476	486	
477	478	481	453	489	
463	458	499	488	472	
467	492	454	489	470	
480	472	491	459	452	
453	479	497	498	458	
468	482	460	476	462	
479	484	478	485	488	
461	484	477	473	488	
81	138	453	202	335	22	
352	183	455	84	454	171	
182	425	126	354	359	85	
376	61	305	25	246	140	
15	79	173	87	119	328	
58	404	192	84	464	16	
146	255	215	46	489	229	
98	327	263	239	445	344	
377	135	294	133	109	9	
155	90	309	437	273	428	
188	74	207	443	100	347	
485	358	418	241	108	301	
487	421	5	20	93	499	
446	378	120	143	448	0	
496	370	487	238	312	29	
326	56	466	272	217	220	
115	154	354	325	490	167	
161	315	189	137	306	367	
47	331	58	486	352	165	
0	250	325	94	102	363	
433	221	287	275	289	94	
138	173	135	270	450	297	
132	453	396	378	85	459	
430	201	193	387	210	406	
349	143	425	155	252	183	
337	136	376	179	483	11	
7	4	13	174	45	132	
375	27	3	62	95	221	
249	404	98	386	173	140	
458	265	489	269	276	198	
202	54	259	433	326	154	
467	296	38	338	48	487	
224	249	28	441	333	209	
469	205	59	106	476	18	
287	397	124	129	399	30	
393	434	326	244	252	140	
257	94	368	336	133	353	
439	339	95	55	193	21	
112	27	41	58	256	242	
402	375	66	364	419	201	
278	397	96	467	435	169	
337	153	484	498	281	489	
435	13	199	405	407	245	
135	392	433	112	422	160	
398	259	229	431	426	52	
335	152	285	59	367	396	
368	99	30	103	50	403	
45	426	316	361	181	344	
261	465	98	89	206	196	
233	490	440	232	153	4	
334	203	70	441	454	191	
10	78	299	223	287	152	
40	23	365	404	127	72	
267	121	50	5	434	446	
27	51	32	211	336	498	
25	80	439	373	480	431	
286	254	387	353	186	184	
142	173	327	53	136	64	
209	92	365	256	199	145	
2	283	53	481	58	142	
206	17	172	164	4	67	
352	297	160	112	307	363	
86	419	497	238	211	422	
410	430	328	422	201	467	
137	249	364	70	54	153	
78	30	67	165	118	404	
466	404	261	165	107	330	
149	162	217	365	267	338	
165	158	143	178	265	193	
194	349	184	35	373	315	
9	332	342	405	214	494	
482	259	438	485	477	79	
268	324	350	485	224	488	
185	314	75	417	373	231	
153	142	56	325	384	31	
369	321	44	491	428	395	
13	417	315	10	27	408	
18	51	266	257	496	443	
451	124	450	388	118	155	
470	434	219	127	488	455	
353	474	303	356	75	499	
117	141	414	41	215	422	
470	48	261	68	113	195	
453	146	260	103	380	388	
225	287	277	396	300	178	
159	110	143	428	14	150	
240	462	226	433	342	464	
215	100	150	256	81	247	
207	473	313	107	496	389	
415	238	446	141	269	62	
78	111	5	343	25	450	
257	244	142	300	7	203	
97	113	239	286	8	102	
281	29	188	444	33	134	
432	368	123	383	85	186	
246	110	318	92	45	473	
322	207	356	215	345	391	
216	474	87	340	54	28	
120	440	69	22	483	275	
314	140	352	38	427	162	
178	200	350	12	165	80	
372	309	203	200	3	342	
382	27	420	480	209	173	
100	323	434	345	233	318	
331	379	436	194	188	193	
18	59	407	280	236	363	
88	401	408	459	339	300	
327	437	144	33	100	347	
174	359	420	388	180	334	
407	368	97	188	25	101	
365	193	188	113	1	116	
235	98	50	454	54	368	
182	325	234	402	186	361	
113	306	436	226	425	94	
381	7	438	354	413	470	
56	350	239	107	174	143	
143	239	429	318	81	219	
439	372	259	46	275	201	
379	415	425	31	247	13	
169	282	327	48	113	435	
329	82	211	72	97	353	
106	215	347	257	282	28	
78	457	156	65	97	424	
253	295	251	273	476	497	
268	40	14	345	116	410	
225	485	49	409	190	422	
273	209	374	220	114	432	
380	180	289	221	126	239	
18	99	173	7	91	172	
75	424	324	129	221	191	
245	376	172	146	254	198	
117	448	79	486	281	271	
464	263	470	21	467	226	
216	450	37	223	57	299	
13	257	451	102	266	452	
399	46	114	200	1	303	
196	109	88	388	223	241	
450	445	32	369	215	219	
308	128	114	28	275	135	
425	344	258	216	478	462	
55	191	417	104	338	58	
317	114	188	78	9	274	
102	331	327	434	217	312	
327	437	116	196	249	106	
51	373	166	289	108	72	
403	20	373	276	201	401	
463	442	39	339	22	352	
139	259	324	409	490	212	
271	26	69	275	134	257	
258	122	242	114	423	184	
288	313	19	228	363	442	351	
200	249	202	219	438	494	49	
30	128	465	372	154	402	85	
300	217	121	186	98	137	264	
413	212	419	392	132	73	17	
380	406	331	162	133	277	351	
13	417	214	33	396	299	179	
195	3	102	494	349	256	429	
416	360	427	387	470	476	140	
93	445	338	262	173	329	96	
69	153	279	463	13	79	64	
380	195	142	376	147	463	302	
217	178	373	390	313	317	156	
61	497	22	485	326	236	37	
131	379	461	97	128	467	123	
383	170	238	236	377	478	298	
392	213	76	485	301	451	292	
421	413	99	26	79	433	180	
288	78	18	473	313	66	446	
499	188	65	304	308	246	39	
477	498	317	405	15	22	273	
475	191	147	356	377	432	142	
493	336	454	171	178	411	428	
43	416	472	424	453	144	411	
454	338	379	133	122	242	211	
28	187	490	101	425	170	24	
34	347	244	461	21	289	374	
135	336	193	311	491	474	345	
7	397	322	488	56	245	130	
188	237	243	138	83	159	335	
40	333	26	439	267	352	489	
162	305	16	177	109	107	470	
321	52	342	438	485	367	267	
478	268	3	280	488	474	97	
68	231	58	155	117	250	166	
317	156	171	325	245	255	158	
463	307	168	412	352	243	125	
465	353	63	466	220	443	495	
109	128	160	367	479	58	212	
170	307	334	211	189	340	260	
253	426	267	114	213	436	133	
401	453	380	146	413	87	386	
5	427	470	310	403	112	302	
146	474	11	110	475	447	61	
38	258	268	456	317	390	443	
428	364	419	7	132	236	162	
415	80	179	370	450	231	193	
412	387	470	305	489	389	261	
117	269	302	20	62	394	188	
70	3	393	335	212	147	344	
5	327	430	102	267	50	345	
426	326	63	53	445	420	19	
4	189	34	324	163	47	256	
67	124	405	93	315	130	146	
83	311	235	293	415	88	113	
346	213	250	443	430	0	200	
480	121	407	315	312	435	419	
321	391	117	44	450	289	449	
132	110	143	203	409	127	467	
71	435	56	175	251	65	156	
350	358	339	218	119	405	136	
291	484	472	321	390	468	374	
276	302	230	386	50	431	399	
137	99	348	36	240	277	474	
13	493	314	217	47	128	146	
306	464	394	250	481	14	209	
317	152	495	223	22	219	295	
235	67	48	258	286	96	152	
203	284	439	189	328	17	185	
463	206	115	50	381	184	431	
395	86	80	223	152	125	486	
58	98	152	110	99	45	100	
284	49	443	275	3	389	414	
373	30	447	477	126	192	494	
340	155	455	472	302	64	398	
270	30	248	414	4	101	309	
136	127	219	244	157	308	224	
143	20	299	76	52	339	369	
299	418	385	481	58	345	493	
110	438	7	322	3	456	233	
182	467	153	219	295	269	321	
230	132	228	58	372	66	370	
370	499	276	417	218	122	387	
474	139	174	210	478	128	324	
260	148	485	169	3	175	159	
92	459	381	186	96	156	196	
433	162	82	52	27	335	252	
431	292	122	420	492	100	411	
187	139	196	16	83	309	378	
418	4	318	289	69	272	475	
251	125	103	271	454	85	351	
266	408	409	219	75	146	340	
377	363	156	127	208	370	243	
5	411	76	21	278	374	328	
186	462	396	382	73	170	487	
3	131	185	490	235	431	287	
84	250	217	62	425	29	185	
499	32	271	304	280	488	74	
359	140	405	26	284	55	200	
282	241	144	363	55	360	315	
286	228	308	3	402	336	427	
430	21	330	137	148	118	405	
25	469	102	240	493	380	452	
112	124	204	20	139	75	416	
442	359	413	70	164	425	193	
233	231	301	399	8	81	61	
294	373	97	264	2	234	439	
220	305	123	489	474	381	376	
95	237	62	375	369	3	21	
255	44	407	249	205	77	441	
122	89	404	70	318	63	66	
169	496	448	67	383	439	340	
281	490	438	98	482	105	203	
336	239	485	119	318	277	232	
176	6	226	312	457	241	410	
369	491	18	402	192	300	403	
296	24	482	42	278	434	394	
172	182	331	459	126	117	234	
228	479	57	363	270	240	145	
153	418	58	499	473	198	269	
119	371	269	409	215	208	228	
171	189	9	469	311	238	166	
62	348	192	432	379	5	204	
402	211	101	465	171	470	366	
142	98	188	374	151	484	61	
209	351	376	25	29	10	79	
455	81	139	459	74	311	138	
61	323	276	128	211	208	192	
168	371	7	356	337	111	395	
412	403	72	299	194	382	132	
51	469	269	388	164	106	21	
358	453	241	79	183	432	76	
55	383	246	468	478	324	425	
146	442	210	275	193	414	87	
432	97	350	484	41	440	314	
475	200	378	189	407	307	60	
442	64	407	209	142	260	430	
264	388	307	182	322	444	139	
93	440	96	254	171	331	164	
190	28	414	94	133	152	296	
109	290	6	32	24	93	362	
174	373	303	311	142	113	98	
449	392	484	370	459	32	64	
467	148	474	303	227	233	375	
46	461	429	392	265	69	284	
82	439	327	437	336	36	86	
497	32	136	427	432	226	379	
176	432	80	477	211	399	482	
294	281	258	140	477	377	22	
205	380	248	278	150	60	359	
26	377	202	452	383	136	226	399	
194	157	116	190	115	353	151	494	
55	419	392	187	131	44	449	401	
112	303	279	59	283	169	446	366	
269	203	346	397	33	364	317	76	
279	260	106	460	82	257	374	136	
454	75	255	4	224	490	210	179	
431	192	353	187	15	121	75	478	
7	130	495	71	129	361	161	1	
97	42	467	174	186	253	394	47	
370	138	450	152	260	92	444	69	
54	180	163	492	469	421	239	11	
435	416	224	444	130	445	20	234	
266	96	2	304	346	471	158	393	
247	272	281	489	388	270	99	66	
261	271	167	129	234	47	371	380	
49	77	450	326	4	10	308	462	
427	187	197	340	444	115	306	333	
151	89	171	175	55	115	36	456	
314	46	238	240	176	425	399	270	
390	105	499	4	182	133	366	336	
428	409	183	203	101	414	453	327	
375	416	89	341	75	135	496	295	
175	442	206	413	107	153	104	279	
90	86	96	163	437	355	238	329	
196	252	395	94	438	340	314	300	
475	157	359	188	50	287	17	66	
311	147	123	98	214	308	304	491	
211	246	121	189	202	148	107	278	
486	485	144	257	262	400	264	482	
455	22	11	47	395	16	131	182	
110	218	246	262	387	166	415	119	
275	383	58	458	319	369	169	146	
398	459	409	20	296	289	251	1	
196	17	233	347	21	198	286	291	
0	328	195	436	57	486	214	142	
414	343	281	264	382	310	476	368	
311	403	153	87	328	141	287	400	
194	489	431	255	139	83	185	72	
199	2	418	319	485	370	80	278	
462	233	110	255	355	52	374	146	
113	96	403	167	314	125	423	341	
113	35	18	413	457	401	403	414	
177	236	350	262	447	117	218	110	
376	331	185	483	399	85	143	239	
301	51	262	264	281	463	326	364	
13	193	123	176	44	254	15	308	
186	128	83	8	450	109	9	194	
488	444	493	458	474	151	473	211	
111	241	218	207	2	238	73	93	
439	72	378	382	150	93	372	73	
281	181	22	0	12	25	178	99	
393	473	350	129	321	99	478	30	
299	192	384	51	227	261	138	35	
396	359	299	95	474	430	85	16	
374	464	62	319	262	443	149	219	
196	285	472	320	461	4	222	272	
405	439	242	481	196	46	23	452	
384	336	264	157	440	288	65	49	
1	293	130	468	362	12	27	192	
74	267	451	437	25	54	200	275	
482	358	459	369	177	457	196	388	
428	413	236	74	400	329	161	87	
320	369	346	3	158	391	274	59	
280	493	365	143	25	491	312	210	
43	285	400	31	192	168	335	399	
223	441	150	456	19	233	100	156	
313	287	291	393	23	268	422	360	
128	130	2	389	272	123	192	8	
420	296	101	59	347	249	196	29	
143	111	438	234	262	335	372	41	
411	466	323	99	58	165	63	133	
124	90	392	369	68	450	319	145	
126	392	443	442	80	314	359	85	
182	210	466	147	34	20	310	180	
182	78	283	334	147	343	29	426	
484	246	435	327	493	415	341	54	
109	60	124	78	127	163	473	499	
27	86	463	335	274	278	45	469	
36	331	337	190	279	295	220	272	
40	93	176	294	484	143	9	255	
140	142	24	379	196	208	280	446	
152	38	411	45	106	174	35	304	
152	100	431	414	144	209	0	384	
204	250	391	384	54	154	87	69	
395	115	306	493	309	114	349	42	
386	205	417	333	248	458	172	497	
178	175	387	336	369	213	73	261	
156	63	37	200	308	244	160	329	
374	339	237	147	222	133	320	376	
6	159	17	469	386	85	344	464	
308	285	187	104	205	185	311	410	
423	311	63	397	319	474	326	345	
167	153	264	380	277	496	418	283	
152	140	486	471	311	208	383	222	
102	402	482	452	119	165	485	258	
45	16	292	146	162	261	62	336	
486	435	22	349	178	174	187	320	
267	74	469	364	418	162	435	33	
36	363	309	0	170	453	117	323	
123	471	150	193	275	88	12	117	
263	260	143	106	104	452	249	497	
429	22	227	390	94	290	174	307	
14	179	209	142	336	315	256	72	
325	124	28	398	21	30	248	453	
45	496	487	37	370	405	127	142	
193	299	29	251	82	327	200	434	
305	187	441	417	481	163	188	407	
40	183	114	465	388	100	43	447	
350	72	57	84	174	462	385	325	
336	319	46	130	116	358	103	251	
386	452	7	249	383	73	278	237	
485	145	282	473	174	461	356	320	
34	363	426	346	253	208	281	384	
347	248	370	393	303	380	241	304	
67	88	368	249	41	308	435	464	
467	489	461	150	101	376	74	440	
261	378	393	297	40	65	398	351	
297	356	27	158	197	217	264	475	
92	132	335	76	415	80	164	486	
458	317	155	127	322	414	120	50	
328	423	326	100	282	441	226	184	
307	372	369	252	341	448	309	461	
346	2	129	369	208	53	373	174	
290	172	63	357	451	333	78	99	
392	242	246	217	69	148	397	293	
236	23	399	340	59	366	243	294	
458	210	23	491	136	286	434	356	
427	398	107	321	300	238	351	101	
340	351	280	148	62	457	257	259	
8	166	379	377	375	16	68	49	
163	471	320	325	473	26	304	49	
434	432	102	75	287	69	489	492	
429	226	246	452	345	420	256	48	
265	267	259	481	347	102	167	99	
424	488	60	141	106	315	125	384	
327	491	293	168	166	10	246	108	
195	15	236	467	439	36	209	227	
16	429	308	406	270	349	413	204	
274	220	469	272	111	97	207	406	
455	441	411	361	271	386	177	265	
143	323	483	107	141	288	61	452	
460	40	124	358	491	448	412	41	
80	304	416	316	424	385	34	271	
466	137	95	449	273	82	317	425	
367	183	419	55	241	263	276	454	
38	207	467	489	296	126	286	123	
214	488	264	341	62	30	392	117	
292	334	251	7	34	141	463	361	
101	475	102	337	283	1	174	167	
