24	13	1	
30	47	0	
22	32	36	
44	7	39	
45	31	29	
6	24	15	
33	40	41	
47	32	14	
46	45	3	
44	36	13	
24	2	9	
34	5	35	
25	44	29	
7	38	43	
2	6	40	
30	38	19	
48	35	20	
10	2	44	
10	6	15	
20	13	22	
13	5	0	
35	44	41	
49	47	16	
32	25	40	
17	8	18	
0	13	16	
38	13	4	
15	6	13	
49	4	28	
43	39	5	
34	48	49	
47	45	13	
40	49	28	
15	45	49	
36	15	3	
46	25	37	
12	13	16	
11	47	10	
47	36	29	
18	44	35	
4	14	39	
33	7	18	
2	26	12	
36	43	6	
39	5	40	
11	48	38	
47	2	8	
35	5	12	
43	27	28	
38	42	3	
59	61	97	
99	72	97	
75	91	70	
55	62	71	
97	93	84	
86	57	80	
97	76	68	
85	75	73	
83	66	81	
79	56	74	
56	61	83	
86	74	87	
55	50	88	
67	65	51	
69	70	83	
70	72	75	
99	79	84	
75	54	71	
92	78	52	
86	78	60	
78	80	77	
96	66	65	
67	57	90	
80	70	51	
98	84	68	
83	61	78	
60	54	63	
72	99	85	
52	66	87	
95	66	65	
91	50	61	
92	80	98	
76	74	85	
63	59	96	
76	65	97	
51	57	88	
61	75	72	
99	52	63	
86	63	69	
79	71	61	
74	75	61	
57	60	56	
79	71	89	
52	85	55	
98	81	70	
77	86	71	
81	62	51	
84	71	57	
62	81	50	
83	52	58	
134	118	135	
142	122	125	
112	126	118	
130	111	113	
135	122	100	
106	110	123	
123	128	105	
114	102	110	
147	137	114	
123	126	149	
141	137	130	
142	137	146	
101	129	104	
112	131	100	
133	118	145	
143	108	137	
135	105	144	
149	119	100	
148	121	106	
105	109	126	
129	109	113	
112	141	136	
114	106	100	
127	129	104	
146	135	148	
121	131	129	
128	122	135	
125	133	127	
112	102	110	
135	130	147	
123	129	118	
117	112	100	
139	122	101	
116	125	134	
127	147	129	
119	122	146	
144	138	109	
139	101	135	
119	138	141	
137	139	148	
136	101	100	
136	149	113	
134	140	111	
145	118	127	
101	113	138	
138	140	136	
148	127	134	
102	126	121	
147	134	101	
123	143	107	
174	189	152	
153	192	191	
153	168	199	
167	180	176	
196	152	151	
191	178	171	
191	187	175	
165	177	164	
160	164	176	
166	154	161	
151	162	196	
190	193	192	
162	172	178	
169	175	178	
164	157	154	
160	187	183	
180	151	193	
193	150	158	
150	177	171	
157	179	188	
156	188	191	
186	155	169	
163	151	198	
198	184	194	
186	172	162	
161	173	199	
199	181	151	
176	153	164	
152	169	188	
177	172	183	
188	171	167	
185	168	187	
188	194	187	
155	198	182	
182	155	187	
164	191	177	
159	170	161	
156	186	178	
157	164	172	
156	191	171	
188	181	172	
177	178	161	
180	179	182	
182	192	158	
165	188	194	
152	168	181	
190	168	178	
155	192	179	
187	180	156	
197	166	191	
213	236	244	
207	243	228	
201	210	214	
201	233	206	
219	246	220	
247	231	224	
229	213	208	
211	248	232	
229	202	243	
237	243	211	
223	208	220	
231	241	238	
248	207	219	
200	219	249	
221	207	217	
205	236	247	
229	234	226	
220	239	249	
223	246	242	
202	223	224	
208	209	238	
238	201	227	
230	210	201	
203	210	221	
210	213	229	
212	243	244	
227	226	244	
219	225	244	
216	249	247	
221	241	208	
222	242	217	
229	248	211	
238	215	224	
233	249	221	
243	236	242	
247	229	202	
213	204	229	
217	201	214	
204	234	211	
221	236	226	
202	243	246	
208	234	230	
219	203	227	
236	233	241	
216	218	242	
249	201	245	
215	233	214	
207	206	241	
236	229	248	
220	244	227	
289	270	274	
279	276	292	
278	279	269	
260	265	281	
250	284	253	
280	275	270	
273	256	269	
261	263	256	
285	263	290	
288	280	298	
284	287	277	
258	295	268	
274	250	290	
292	272	270	
259	293	254	
298	266	287	
251	260	265	
253	250	276	
262	287	269	
267	284	253	
256	292	264	
258	255	250	
295	287	254	
282	287	273	
299	276	263	
251	289	250	
288	257	299	
253	290	274	
285	260	261	
265	260	276	
269	254	290	
268	269	265	
279	273	264	
268	279	293	
289	296	259	
289	298	292	
288	259	273	
273	272	282	
279	299	277	
298	256	273	
286	250	295	
268	278	295	
264	298	299	
262	266	263	
283	278	272	
254	253	263	
285	298	288	
253	286	259	
294	291	260	
277	253	276	
346	338	323	
301	316	344	
347	339	308	
321	344	349	
309	314	307	
343	331	321	
321	338	332	
332	301	313	
309	305	333	
311	347	341	
338	334	319	
323	312	305	
349	303	313	
308	327	301	
314	302	303	
340	328	338	
317	319	334	
305	329	306	
332	348	301	
349	330	325	
330	346	302	
340	318	316	
308	314	345	
322	319	330	
314	309	344	
318	320	340	
318	320	338	
349	321	338	
343	304	341	
323	322	336	
301	322	327	
311	344	310	
315	309	320	
317	348	321	
341	310	307	
302	321	330	
300	340	304	
324	348	306	
306	329	328	
315	333	348	
346	312	305	
313	319	304	
344	325	342	
304	343	349	
316	306	324	
308	325	323	
328	327	315	
317	327	325	
325	331	311	
337	335	311	
381	382	367	
360	350	364	
350	362	371	
379	358	374	
379	354	388	
389	355	377	
391	389	387	
369	380	387	
363	376	373	
366	378	387	
370	371	363	
391	358	353	
355	350	371	
399	355	392	
388	375	366	
383	390	389	
386	393	383	
374	356	353	
363	380	360	
364	391	381	
390	392	360	
382	387	376	
373	389	385	
365	385	386	
389	387	373	
386	350	367	
364	369	374	
351	399	356	
367	388	366	
361	351	389	
394	357	366	
395	361	377	
379	381	390	
351	383	369	
399	373	368	
397	350	384	
351	376	360	
371	368	378	
368	387	391	
384	357	376	
361	367	365	
377	385	374	
393	377	369	
372	367	361	
371	387	382	
386	377	369	
370	390	397	
386	392	393	
379	353	351	
391	382	358	
434	442	401	
438	442	401	
428	421	400	
440	409	424	
433	405	404	
449	437	416	
437	431	404	
432	433	414	
428	443	407	
406	432	417	
406	424	401	
420	425	417	
444	424	421	
416	426	403	
426	428	411	
402	436	408	
442	440	400	
403	416	441	
408	423	412	
415	446	431	
412	420	449	
414	408	416	
434	400	417	
412	442	443	
431	405	428	
416	409	424	
416	428	449	
428	447	420	
416	424	422	
415	403	414	
416	401	403	
430	424	421	
411	415	437	
415	437	431	
435	445	427	
445	410	442	
406	443	408	
419	418	433	
416	407	406	
410	431	434	
417	432	449	
408	402	426	
434	408	447	
432	418	425	
411	447	438	
415	417	409	
436	445	429	
419	410	441	
409	442	407	
423	444	443	
487	493	453	
492	463	470	
488	485	486	
450	492	474	
451	475	490	
484	465	472	
486	464	492	
493	499	484	
493	488	476	
464	473	452	
474	491	485	
453	464	482	
462	496	480	
470	463	466	
454	464	467	
478	471	477	
450	497	476	
462	491	452	
466	450	461	
478	479	489	
462	473	487	
457	498	454	
492	497	488	
481	459	471	
470	458	455	
472	455	470	
466	488	451	
476	487	498	
450	499	459	
462	496	477	
478	451	476	
470	496	489	
462	477	481	
490	453	459	
463	462	481	
499	491	464	
496	483	462	
454	485	492	
476	484	490	
451	475	496	
496	457	462	
474	466	496	
474	468	453	
475	484	458	
483	455	498	
495	450	459	
454	464	475	
485	469	452	
485	450	493	
481	455	482	
48	16	45	11	
24	13	15	46	
30	13	49	29	
29	36	9	42	
18	25	45	16	
36	2	42	13	
3	12	1	23	
43	21	39	48	
21	36	46	19	
10	36	47	0	
0	48	1	37	
47	10	18	42	
2	49	20	13	
10	15	9	26	
13	16	14	28	
29	39	41	28	
27	32	10	33	
3	35	43	5	
29	11	14	30	
20	9	5	19	
16	30	4	5	
36	9	3	21	
42	26	20	25	
10	18	49	39	
10	8	26	30	
48	16	8	3	
23	13	20	34	
40	43	21	37	
31	45	15	35	
22	41	12	30	
0	37	6	48	
34	10	27	23	
35	43	7	38	
26	5	12	19	
15	12	2	7	
18	24	36	25	
25	2	3	15	
44	14	13	46	
20	10	41	6	
35	12	24	13	
5	39	45	20	
4	39	15	45	
28	4	30	37	
16	32	27	42	
24	44	18	22	
11	15	38	4	
20	25	4	49	
6	21	49	39	
46	24	3	28	
4	34	33	2	
64	73	81	58	
77	92	73	71	
91	64	81	82	
84	98	80	91	
77	86	90	79	
51	86	83	96	
64	72	63	82	
84	94	85	55	
50	81	68	88	
58	64	84	67	
66	60	85	93	
67	98	74	66	
78	85	72	58	
65	70	50	96	
98	69	64	91	
96	92	57	68	
86	54	57	56	
56	52	62	89	
66	96	61	91	
52	92	54	64	
54	86	68	73	
58	59	89	96	
52	51	66	78	
84	87	52	81	
52	86	83	80	
84	55	85	60	
85	82	65	86	
76	89	81	85	
60	73	77	71	
79	87	59	73	
60	92	52	84	
73	65	96	54	
89	79	92	73	
74	58	70	94	
51	76	87	50	
58	89	77	69	
71	59	84	66	
56	70	76	63	
64	83	92	69	
54	74	57	90	
67	57	99	78	
83	91	66	87	
89	71	50	76	
99	75	77	81	
88	83	96	94	
92	98	69	97	
56	88	68	53	
61	94	52	60	
69	89	64	94	
59	88	97	53	
140	132	114	149	
111	125	135	136	
107	112	117	102	
112	109	135	126	
104	108	120	103	
104	144	122	130	
104	146	128	101	
123	128	115	100	
103	135	117	116	
117	106	108	116	
142	115	113	102	
104	102	138	134	
147	143	110	117	
149	128	142	120	
128	135	106	100	
135	116	125	146	
146	116	121	129	
131	107	140	115	
149	137	128	138	
105	116	140	132	
139	136	120	116	
118	134	132	138	
102	121	104	135	
135	124	106	103	
104	126	102	140	
120	144	138	134	
144	129	122	130	
130	122	140	137	
116	101	120	125	
113	119	100	115	
126	105	114	115	
141	114	107	143	
104	112	122	138	
118	116	137	108	
101	109	107	118	
131	136	107	128	
142	112	124	103	
105	131	107	132	
120	128	138	114	
127	105	136	139	
133	108	101	106	
103	149	116	110	
114	100	109	101	
134	131	129	136	
128	136	122	126	
117	120	125	132	
134	144	140	102	
122	106	108	102	
135	130	105	111	
133	106	132	141	
185	162	153	157	
185	169	192	189	
165	197	173	150	
199	165	158	191	
184	158	163	187	
162	176	164	158	
155	198	151	191	
159	161	194	175	
176	193	177	159	
155	173	150	153	
196	164	170	188	
164	175	167	163	
185	183	189	171	
183	187	177	150	
176	168	153	181	
162	178	197	180	
156	174	192	172	
194	184	163	193	
190	152	167	163	
178	177	186	164	
161	154	173	160	
173	184	177	161	
155	157	153	166	
160	199	154	197	
157	175	166	150	
152	168	175	150	
166	181	183	184	
173	182	151	178	
158	173	171	159	
155	168	192	193	
163	194	157	199	
174	157	150	170	
174	186	184	185	
153	164	167	178	
171	183	162	172	
188	153	192	196	
167	151	189	199	
189	180	188	190	
154	193	156	151	
164	168	180	177	
182	178	195	174	
175	196	161	164	
189	197	195	157	
184	154	181	151	
199	160	159	165	
174	172	183	186	
185	197	177	194	
156	157	198	175	
171	175	196	165	
163	175	168	164	
213	233	232	225	
247	245	249	226	
226	223	203	242	
215	222	212	206	
244	227	221	228	
248	217	206	207	
236	206	211	214	
210	230	218	246	
239	205	224	241	
209	228	246	247	
226	217	222	221	
207	208	212	203	
218	244	205	238	
219	229	224	210	
211	220	223	248	
211	231	248	221	
214	240	232	228	
241	206	232	239	
232	216	222	226	
230	211	227	224	
239	212	207	217	
247	239	209	229	
216	239	241	210	
218	203	231	249	
236	239	217	243	
225	227	238	215	
222	237	206	209	
205	211	204	201	
239	225	216	200	
240	237	226	235	
231	234	226	239	
240	243	226	204	
205	245	203	242	
246	244	236	211	
235	213	203	218	
222	202	206	216	
220	210	208	223	
225	202	240	246	
225	243	204	205	
230	203	246	201	
216	205	220	227	
209	205	225	217	
227	235	240	225	
209	233	229	238	
218	246	241	243	
211	238	203	248	
231	239	214	242	
247	235	233	234	
203	204	242	208	
234	212	202	206	
293	284	255	291	
296	253	266	262	
299	293	257	263	
251	258	287	269	
281	295	270	274	
257	282	274	267	
251	272	283	292	
259	257	290	265	
260	291	268	269	
269	293	272	254	
261	299	264	288	
298	282	274	276	
251	278	260	291	
270	273	287	290	
285	267	270	257	
294	273	291	259	
276	260	284	285	
291	288	252	266	
294	275	281	254	
298	273	263	291	
298	253	252	294	
281	291	297	286	
297	253	260	269	
291	287	253	275	
260	286	297	276	
283	256	278	286	
275	299	276	280	
299	262	264	273	
273	260	276	251	
255	271	294	299	
288	289	254	290	
253	286	273	291	
297	267	268	281	
259	289	256	257	
281	257	263	280	
252	269	270	278	
290	266	279	267	
291	274	283	290	
266	281	255	258	
257	269	299	261	
278	292	255	296	
278	277	290	274	
252	269	283	297	
266	285	292	289	
274	279	294	277	
260	283	269	259	
289	292	257	295	
253	267	292	291	
289	268	258	263	
298	266	270	259	
315	300	317	338	
346	322	309	304	
305	332	330	323	
320	328	330	339	
312	346	311	329	
336	313	317	301	
325	315	321	318	
345	305	349	306	
342	323	329	335	
317	302	340	306	
308	316	326	321	
312	307	313	302	
324	306	309	348	
337	304	325	334	
302	316	321	310	
326	333	349	316	
305	303	349	312	
329	338	331	324	
303	334	312	302	
323	320	331	304	
348	328	330	318	
306	324	339	345	
345	339	321	316	
313	337	327	323	
319	306	310	333	
332	321	328	300	
326	316	333	343	
334	300	340	338	
308	320	326	335	
329	346	302	333	
316	319	310	315	
313	312	326	308	
306	330	329	314	
316	345	341	323	
300	306	305	313	
309	336	329	314	
338	347	348	301	
331	317	307	332	
316	339	338	337	
335	334	349	321	
346	306	335	339	
301	320	311	310	
323	311	342	340	
348	325	339	337	
306	317	343	346	
333	319	307	304	
339	307	313	321	
310	317	307	346	
338	304	339	345	
325	339	334	346	
393	368	351	360	
378	352	373	385	
396	358	376	379	
351	356	389	367	
371	357	395	385	
365	385	369	380	
393	357	380	395	
352	382	364	360	
395	378	356	397	
398	382	380	378	
386	384	394	376	
365	379	355	397	
363	394	372	391	
365	396	356	379	
366	391	386	395	
376	380	352	361	
395	381	376	384	
364	387	351	398	
377	378	360	364	
394	384	390	355	
366	384	380	386	
392	386	351	371	
389	366	356	365	
368	378	391	373	
354	392	369	365	
395	381	380	354	
379	384	388	360	
384	399	383	374	
372	371	370	396	
356	374	373	355	
376	382	383	380	
360	388	359	387	
384	362	386	388	
366	396	377	367	
368	377	369	372	
361	365	359	392	
360	367	361	395	
367	370	395	356	
391	387	389	380	
364	372	389	362	
391	356	395	364	
379	356	361	362	
379	356	354	369	
359	386	350	374	
398	371	374	355	
365	352	380	359	
365	376	375	355	
353	366	393	398	
391	367	353	377	
354	381	353	397	
406	443	448	446	
441	445	417	421	
415	430	441	407	
442	411	421	426	
426	422	433	441	
435	439	410	438	
418	437	405	415	
435	401	441	426	
448	404	414	410	
431	430	433	446	
421	436	404	408	
412	447	434	431	
411	437	449	416	
436	448	449	443	
448	412	403	430	
448	404	403	421	
416	408	435	413	
407	444	421	448	
412	427	420	436	
440	434	401	435	
403	415	433	417	
406	440	424	448	
424	421	449	415	
449	418	442	433	
409	418	449	433	
401	425	416	442	
423	424	420	434	
407	428	423	411	
439	420	443	425	
442	410	427	422	
424	420	422	415	
427	422	435	441	
406	401	417	411	
430	411	446	442	
419	414	437	434	
423	414	417	432	
435	400	442	407	
432	439	413	405	
429	422	426	435	
446	442	435	418	
430	417	429	415	
427	439	404	441	
423	436	447	432	
428	416	443	436	
404	438	433	424	
426	449	422	436	
446	425	408	422	
414	409	445	440	
437	422	400	420	
436	402	406	415	
485	452	494	466	
497	472	463	462	
452	474	487	481	
470	458	455	494	
460	491	497	494	
494	482	472	457	
474	450	480	459	
484	459	466	451	
472	466	495	452	
455	450	475	457	
451	495	470	498	
490	497	451	453	
484	480	466	454	
473	479	490	452	
451	479	477	457	
473	482	470	497	
462	476	471	475	
474	465	467	492	
457	474	484	462	
458	487	499	453	
481	480	483	476	
467	474	466	485	
496	476	471	461	
473	468	460	463	
482	485	458	465	
451	464	455	484	
479	496	493	461	
486	493	450	461	
461	496	454	466	
483	472	474	484	
483	468	496	478	
476	495	485	469	
473	491	499	498	
496	472	457	467	
476	492	468	452	
460	485	495	452	
496	495	453	477	
484	479	457	464	
486	477	489	454	
489	469	454	474	
466	497	492	470	
475	465	461	474	
485	471	474	470	
472	457	453	491	
491	468	494	489	
457	492	454	451	
487	496	450	474	
468	494	493	460	
482	479	467	486	
497	473	470	483	
33	9	22	21	28	
22	45	34	26	27	
2	0	20	5	13	
22	17	8	14	46	
9	26	30	29	37	
36	34	24	20	10	
31	7	0	49	44	
14	12	34	26	2	
24	30	12	48	25	
0	10	37	32	9	
9	22	6	12	13	
40	31	25	13	33	
1	25	24	26	18	
47	23	43	29	12	
22	7	29	10	14	
12	22	5	46	42	
29	16	18	22	39	
4	10	46	32	34	
7	21	44	41	23	
12	39	49	47	44	
26	32	29	47	10	
21	30	45	8	27	
5	40	3	6	36	
40	31	45	9	48	
8	38	21	2	5	
44	38	36	48	41	
4	40	31	44	14	
49	15	29	41	10	
24	7	1	13	8	
6	35	43	24	40	
13	9	34	37	40	
31	18	0	19	9	
16	0	38	25	26	
34	3	35	38	18	
27	3	48	0	32	
25	11	46	6	24	
16	27	6	47	40	
6	23	10	48	25	
33	7	44	47	49	
10	15	48	12	2	
25	40	4	47	13	
5	41	25	11	9	
25	24	27	33	26	
33	43	0	39	49	
46	9	29	1	2	
12	2	28	23	49	
27	12	19	49	1	
44	0	41	35	1	
34	20	40	36	22	
30	10	26	6	22	
57	52	58	77	92	
80	74	53	63	56	
54	69	92	87	77	
92	53	91	58	75	
71	69	75	63	68	
50	60	98	89	85	
70	94	98	88	54	
86	62	77	65	89	
55	51	76	77	57	
73	82	80	66	85	
94	53	77	87	58	
58	64	63	77	81	
71	89	96	54	72	
73	93	63	76	88	
54	75	65	94	99	
91	96	72	79	98	
90	61	86	89	78	
68	82	81	65	92	
91	50	61	88	59	
55	73	88	81	86	
92	59	99	94	72	
85	60	78	95	58	
70	84	72	78	82	
93	79	81	95	76	
99	93	74	51	77	
83	91	62	70	80	
76	87	61	66	85	
59	99	76	60	84	
90	97	79	92	83	
67	87	82	92	57	
51	67	76	89	62	
72	56	62	73	67	
73	96	83	90	65	
67	89	65	62	72	
64	65	53	60	96	
85	59	60	65	84	
93	59	68	64	89	
52	79	85	86	76	
61	60	55	65	67	
54	78	91	57	65	
87	60	51	73	80	
72	88	55	64	61	
69	91	72	86	67	
93	69	70	50	61	
69	77	83	86	61	
55	76	98	95	92	
82	51	71	91	88	
71	79	53	84	58	
86	68	83	87	70	
91	53	60	90	80	
110	114	133	116	107	
146	143	110	116	134	
125	138	116	122	145	
133	130	139	120	143	
110	138	115	127	119	
144	109	133	145	135	
113	130	102	117	126	
131	120	110	106	100	
113	109	121	140	111	
119	100	103	101	148	
134	142	129	139	145	
126	115	141	116	129	
112	121	105	138	123	
139	104	118	146	108	
145	141	148	135	115	
108	103	146	120	112	
145	100	147	129	128	
140	120	110	135	108	
149	109	101	103	146	
114	128	148	135	129	
141	134	136	105	137	
133	140	124	106	134	
137	127	125	111	130	
114	115	105	133	140	
102	111	101	128	133	
119	125	104	128	135	
114	139	133	112	130	
142	137	113	121	131	
113	115	145	122	142	
116	111	118	142	102	
135	138	103	126	130	
148	121	135	114	115	
131	111	100	133	146	
120	138	107	149	141	
129	144	120	106	136	
125	108	134	128	142	
108	117	149	112	128	
101	105	118	134	135	
128	122	131	149	118	
112	127	148	105	104	
128	117	142	112	107	
100	146	124	134	125	
118	124	103	135	149	
113	144	136	126	103	
104	109	101	124	111	
145	112	106	128	111	
144	135	148	142	130	
115	126	102	139	120	
140	149	111	105	123	
120	102	115	103	119	
150	156	174	151	195	
189	164	182	188	184	
186	177	157	179	196	
185	170	187	151	156	
158	196	162	174	156	
191	165	161	189	188	
152	155	157	188	162	
163	160	173	158	198	
165	152	159	186	167	
155	196	169	170	192	
157	184	199	197	153	
152	195	163	157	169	
151	172	152	184	191	
157	191	189	167	182	
162	184	182	164	171	
194	152	158	168	199	
172	192	175	154	178	
156	176	184	167	189	
164	186	156	153	169	
174	154	184	182	195	
150	179	151	157	173	
184	170	185	171	178	
183	186	151	199	194	
157	162	174	186	160	
184	183	159	171	181	
175	172	158	179	183	
165	175	152	174	151	
187	161	163	180	184	
176	199	181	189	157	
196	177	180	152	186	
175	181	193	177	186	
196	167	154	175	158	
174	170	176	177	198	
195	190	184	171	152	
174	163	193	150	176	
199	155	161	165	174	
156	185	168	170	167	
192	177	179	159	186	
166	179	173	196	193	
189	172	196	155	165	
193	157	175	192	164	
173	182	191	174	164	
183	179	187	158	172	
181	196	186	153	160	
191	168	152	171	153	
158	160	164	162	199	
164	157	151	187	182	
174	156	185	177	172	
181	178	152	175	167	
177	176	198	192	155	
214	243	249	215	226	
220	248	208	242	205	
240	218	235	229	243	
245	217	206	224	210	
217	234	207	225	205	
222	231	215	211	225	
241	201	244	208	200	
241	210	234	213	233	
243	212	242	204	220	
206	244	231	219	222	
240	223	242	221	238	
210	248	202	230	216	
210	236	224	216	226	
245	226	235	201	206	
240	216	236	218	239	
237	228	227	249	215	
211	237	212	239	249	
248	217	236	221	226	
221	215	204	232	214	
240	217	207	201	220	
204	210	245	205	236	
222	206	237	223	238	
212	204	206	244	240	
234	220	232	249	246	
208	201	216	217	226	
248	245	215	214	205	
200	240	227	226	248	
220	226	232	210	243	
243	217	202	235	246	
210	240	242	218	202	
202	208	229	232	225	
224	228	206	242	209	
247	201	239	226	238	
209	222	200	221	212	
246	217	223	210	202	
215	212	203	208	245	
238	217	208	212	246	
246	225	208	220	241	
241	227	204	214	238	
236	227	214	209	211	
216	236	247	244	206	
238	228	239	230	214	
247	238	203	239	218	
207	223	213	234	201	
216	214	241	243	212	
231	202	247	220	227	
218	225	203	224	243	
245	202	233	231	218	
221	225	243	215	222	
238	202	229	234	236	
264	296	263	276	260	
278	297	285	250	253	
274	286	280	281	282	
278	258	266	277	265	
285	278	279	256	281	
262	293	273	277	283	
250	271	262	278	268	
272	264	257	261	256	
262	276	296	253	275	
261	295	294	264	278	
266	298	271	255	260	
293	268	273	285	253	
277	290	254	297	251	
274	295	275	293	258	
291	288	285	296	272	
277	296	255	263	262	
290	250	257	260	261	
272	281	293	284	288	
261	270	260	255	256	
251	261	279	252	292	
251	289	273	286	267	
285	299	288	278	261	
277	295	250	252	280	
274	271	294	266	255	
274	282	272	275	281	
257	281	288	298	279	
276	278	298	260	269	
297	251	269	259	263	
254	277	278	274	288	
279	276	275	296	258	
290	262	250	263	288	
257	289	268	260	288	
299	255	285	284	268	
299	251	273	274	254	
283	256	258	287	266	
277	276	253	283	289	
265	288	290	280	298	
260	263	272	288	278	
287	252	293	298	286	
286	282	288	258	263	
280	271	299	296	267	
284	276	263	273	258	
282	263	258	294	278	
299	251	277	259	262	
274	257	295	262	258	
251	269	250	281	265	
250	283	298	259	286	
277	278	287	281	269	
279	281	250	291	272	
270	284	288	275	293	
322	345	305	338	309	
322	312	330	340	311	
324	326	342	325	333	
325	307	310	347	313	
312	311	307	328	331	
348	302	307	336	330	
346	334	336	313	311	
347	348	308	339	326	
323	336	331	307	342	
302	327	344	338	305	
309	306	307	344	337	
338	349	327	319	335	
303	339	317	337	333	
309	321	337	328	346	
327	320	348	316	308	
339	333	326	330	328	
307	328	331	325	348	
305	344	326	347	341	
319	314	336	313	345	
337	338	327	349	300	
347	300	324	337	346	
327	335	346	307	316	
327	335	312	319	326	
340	330	322	327	324	
332	309	340	341	316	
311	339	322	313	335	
310	301	341	330	327	
302	341	349	323	340	
300	349	348	341	312	
349	317	311	321	334	
325	347	313	344	337	
336	345	302	310	325	
300	310	345	301	342	
318	315	323	344	301	
300	329	328	321	305	
332	340	301	312	329	
327	310	337	322	340	
344	308	311	305	320	
335	313	349	327	310	
348	342	300	310	327	
336	315	332	322	316	
300	311	339	325	320	
347	319	340	321	335	
325	321	348	315	308	
308	306	337	329	348	
336	326	320	313	324	
336	346	332	322	325	
343	345	333	331	319	
333	349	301	320	315	
308	347	314	320	315	
383	395	352	393	377	
368	376	393	365	382	
362	358	389	364	398	
379	352	362	374	368	
396	351	365	352	375	
367	392	353	390	355	
354	367	374	368	396	
358	367	399	388	352	
366	363	393	374	383	
373	360	379	381	358	
365	352	370	369	363	
376	395	363	397	382	
398	351	390	384	394	
395	373	388	355	397	
372	381	360	378	385	
375	389	376	361	370	
389	363	392	369	391	
369	392	385	372	366	
373	360	353	392	369	
390	363	353	359	392	
357	370	389	372	386	
368	357	372	374	378	
392	393	356	394	389	
381	365	372	377	386	
380	379	393	382	367	
358	352	365	350	399	
366	353	382	386	398	
395	391	399	387	365	
352	393	390	375	361	
361	383	363	389	394	
370	391	361	372	386	
355	379	398	350	380	
373	397	390	366	370	
350	393	364	363	351	
369	398	384	387	394	
378	380	394	393	373	
364	363	371	390	376	
385	391	368	351	353	
360	393	397	399	370	
375	383	389	397	370	
365	387	398	361	363	
378	382	372	394	366	
374	392	384	350	354	
365	399	369	374	398	
386	382	370	367	384	
396	365	395	375	364	
368	392	397	351	396	
356	396	398	357	375	
371	383	393	359	362	
361	379	371	368	358	
418	423	434	422	446	
419	444	411	400	436	
420	417	426	401	414	
430	418	427	417	421	
410	409	449	435	422	
405	406	415	408	419	
419	413	420	428	410	
441	410	445	405	404	
436	433	446	428	423	
424	408	404	412	426	
425	416	407	436	400	
424	419	444	439	410	
438	434	444	418	428	
447	423	446	432	440	
436	445	422	440	423	
427	449	405	416	426	
407	436	410	420	417	
426	433	404	447	424	
426	417	405	413	432	
418	442	414	404	424	
423	405	447	416	439	
440	415	401	437	432	
413	425	428	411	442	
408	413	423	415	433	
411	421	428	425	417	
435	410	402	431	411	
413	434	415	444	405	
431	407	447	427	437	
423	426	434	441	410	
403	401	422	415	426	
425	410	415	414	406	
425	434	442	414	402	
439	421	416	415	441	
404	428	418	448	429	
439	434	449	419	415	
403	430	435	426	436	
428	411	418	403	429	
433	448	441	427	408	
420	402	433	423	445	
440	430	401	408	411	
407	401	422	412	430	
419	429	418	437	408	
425	412	436	444	409	
445	428	415	426	405	
445	428	448	423	435	
419	446	430	409	441	
446	436	444	427	441	
443	405	403	435	421	
418	444	412	427	439	
409	425	416	443	420	
495	468	497	467	487	
466	456	468	494	473	
465	490	495	486	499	
454	472	470	468	476	
491	451	485	475	452	
482	475	474	496	461	
486	476	463	482	480	
471	483	478	490	469	
454	453	452	483	493	
464	473	485	453	482	
469	451	459	473	498	
454	453	481	495	459	
459	457	496	498	461	
491	469	452	458	498	
473	472	470	480	462	
496	491	472	494	480	
456	475	478	472	496	
464	490	485	483	458	
498	461	487	475	452	
493	452	499	466	471	
476	463	493	454	455	
456	478	497	494	459	
467	455	493	454	463	
499	485	465	453	468	
495	493	467	456	475	
498	469	456	494	476	
496	492	469	459	473	
479	488	450	475	485	
459	499	458	483	450	
462	477	485	484	491	
457	450	468	484	474	
466	482	453	487	459	
461	492	488	451	479	
460	459	453	494	469	
466	479	455	474	468	
478	487	454	468	451	
479	457	475	499	481	
490	466	489	483	471	
488	469	460	467	492	
478	454	467	451	464	
482	466	491	464	454	
486	478	462	490	463	
472	460	456	468	491	
455	478	453	487	459	
463	497	476	458	467	
485	472	497	456	473	
466	460	490	459	452	
498	492	497	465	486	
472	469	465	499	463	
485	496	497	469	491	
182	427	350	88	197	18	
452	358	246	336	64	226	
438	368	66	437	270	412	
427	339	233	461	143	256	
427	215	78	428	417	480	
442	160	166	369	447	96	
145	296	463	369	332	370	
394	11	67	285	26	165	
465	382	469	34	99	476	
132	497	79	318	179	100	
190	181	270	364	14	123	
170	173	425	327	105	480	
439	454	155	453	45	197	
466	117	495	233	320	484	
440	2	410	48	199	417	
417	235	215	172	432	350	
344	14	121	169	15	80	
442	126	273	363	326	121	
106	303	272	374	100	219	
405	164	420	64	284	202	
64	229	34	384	252	137	
164	130	22	104	491	134	
150	4	251	467	41	296	
91	272	71	498	483	338	
168	158	256	79	495	59	
434	48	372	95	111	162	
487	37	47	469	414	403	
378	461	95	89	470	110	
407	175	286	221	95	324	
471	149	98	125	357	79	
178	91	396	361	202	163	
404	474	343	331	451	258	
392	141	491	48	124	446	
447	147	329	424	179	252	
276	486	478	212	387	62	
49	171	373	62	292	231	
411	485	238	218	424	410	
359	434	51	348	350	455	
83	361	376	211	477	384	
318	275	109	8	115	307	
16	424	187	67	185	24	
445	363	81	167	72	225	
319	205	295	90	356	41	
485	237	369	460	260	480	
441	135	18	454	3	208	
286	109	353	247	484	287	
288	24	108	320	276	400	
470	491	305	301	146	119	
171	55	253	107	213	122	
185	260	315	150	161	163	
423	141	87	242	354	52	
478	244	262	228	94	441	
256	293	156	115	92	292	
54	403	431	484	363	476	
331	130	493	90	313	151	
168	388	486	20	481	47	
386	301	53	72	147	170	
67	224	250	332	315	402	
323	271	435	348	391	392	
271	175	428	381	117	152	
302	368	344	90	459	17	
78	486	273	222	104	403	
84	117	306	9	53	401	
225	16	391	370	84	152	
57	247	207	91	426	117	
44	5	104	1	84	46	
451	373	140	122	359	428	
390	41	75	216	167	297	
21	38	459	215	273	45	
471	166	48	440	200	110	
201	490	330	486	276	14	
30	470	91	463	58	220	
52	236	161	267	331	95	
463	396	105	248	345	208	
23	303	362	64	3	10	
495	28	248	8	65	288	
261	306	271	380	141	123	
443	477	292	200	269	84	
468	273	115	446	299	328	
361	430	494	118	267	453	
346	486	478	67	227	421	
367	312	374	252	449	451	
241	69	377	205	302	57	
82	231	424	408	88	327	
168	252	181	405	330	20	
20	110	100	10	397	149	
363	342	329	261	450	288	
243	152	359	315	435	82	
208	135	376	4	8	303	
60	354	121	71	176	267	
164	169	386	179	404	335	
225	236	18	353	293	383	
383	469	248	163	44	312	
293	487	246	96	479	7	
40	289	133	119	485	53	
227	52	362	127	273	310	
428	270	67	207	427	214	
249	209	470	237	253	412	
366	383	52	250	91	203	
207	419	379	270	96	235	
218	217	183	365	88	268	
455	152	208	54	447	387	
205	274	425	297	473	243	
362	23	149	161	242	213	
67	264	63	150	32	302	
477	164	330	39	54	110	
252	291	362	17	165	481	
124	30	75	483	147	262	
61	297	482	324	326	29	
367	46	425	241	459	162	
300	309	499	195	412	456	
146	67	338	461	149	123	
424	352	426	131	454	393	
443	349	32	487	326	409	
221	385	292	85	392	489	
99	210	162	334	160	51	
122	499	163	487	46	394	
40	122	425	407	491	255	
420	339	63	122	455	381	
358	100	157	330	30	297	
83	382	396	150	231	334	
487	357	419	197	44	337	
186	168	91	248	176	348	
435	207	163	244	467	151	
209	339	371	12	350	328	
314	154	453	140	471	30	
205	465	496	371	133	72	
247	266	196	372	62	484	
253	13	88	187	370	28	
216	343	206	228	323	455	
145	48	185	440	269	479	
77	155	263	153	217	236	
38	129	496	357	257	44	
148	25	115	93	432	218	
328	449	99	397	219	473	
399	317	245	381	325	414	
301	25	373	177	278	491	
412	352	351	294	369	406	
308	440	137	99	150	439	
417	493	65	314	419	158	
195	475	394	72	406	118	
133	276	41	443	356	283	
446	194	143	467	460	320	
177	365	118	124	173	145	
249	477	188	98	79	14	
239	283	380	8	467	173	
497	200	405	472	282	264	
200	423	441	226	422	332	
427	497	473	100	13	397	
219	462	487	341	200	187	
421	92	470	373	356	138	
437	44	318	260	380	219	
158	398	436	16	418	60	
311	434	267	409	447	113	
49	17	134	217	232	100	
449	335	147	240	307	445	
2	197	469	126	151	374	
198	243	287	318	225	232	
39	482	73	489	406	257	
458	311	408	480	429	234	
163	82	59	184	185	293	
485	104	464	105	461	304	
165	426	256	270	317	95	
478	129	322	19	373	324	
117	234	411	85	172	331	
442	160	497	116	458	360	
20	251	64	445	157	452	
441	30	351	406	7	76	
243	310	271	70	442	25	
373	17	158	263	368	324	
336	243	211	195	139	198	
65	194	416	129	294	236	
75	449	91	247	384	390	
155	5	8	212	272	11	
312	35	401	237	83	119	
38	382	5	356	194	113	
194	479	381	256	188	404	
148	328	131	490	11	93	
289	321	285	247	100	376	
143	80	165	188	265	202	
375	52	417	86	473	138	
380	115	400	200	396	241	
385	173	323	100	462	302	
84	435	8	255	368	198	
118	98	114	5	79	161	
77	155	300	424	30	401	
96	386	210	8	267	177	
357	221	336	57	426	85	
487	336	243	401	244	480	
318	232	378	25	55	325	
230	247	48	421	72	267	
388	196	302	429	312	476	
251	432	36	481	345	498	
185	39	400	106	396	245	
117	187	342	296	219	200	
320	120	102	276	48	146	
218	182	55	363	452	46	
198	7	400	110	157	83	
432	116	233	323	262	220	
39	416	108	157	355	136	
95	75	424	466	340	161	370	
216	172	131	237	351	81	104	
267	435	354	275	433	115	408	
355	233	89	403	123	339	308	
49	60	20	490	115	368	305	
298	409	151	363	354	184	50	
30	214	67	231	352	98	75	
290	480	124	115	168	348	186	
479	331	339	262	266	396	466	
177	261	300	205	171	115	430	
378	71	492	325	287	312	480	
60	305	388	412	345	383	57	
38	454	237	77	321	11	323	
18	236	114	265	168	327	194	
349	338	495	354	222	185	236	
466	242	193	495	212	314	178	
490	14	105	51	342	234	337	
316	376	286	58	458	396	390	
38	490	154	19	478	340	361	
305	171	19	31	418	158	142	
475	206	149	354	446	454	282	
46	283	481	86	299	151	494	
72	317	417	35	237	381	390	
229	363	384	283	251	414	186	
337	222	371	178	24	390	64	
469	151	28	407	494	145	279	
217	213	291	75	364	251	147	
108	235	383	98	221	435	364	
317	191	494	288	99	219	72	
126	497	308	202	201	372	238	
187	369	356	227	133	403	479	
219	351	443	137	61	477	420	
441	253	375	171	83	452	418	
223	260	387	395	265	194	420	
12	434	185	212	393	127	325	
158	382	242	360	457	10	52	
371	212	300	74	247	246	428	
215	12	478	208	152	316	362	
4	431	314	490	205	251	118	
485	21	350	472	34	189	388	
205	211	361	381	28	162	323	
4	335	139	210	41	243	52	
204	254	292	314	118	66	166	
288	189	367	417	130	426	212	
226	106	282	78	156	14	59	
381	397	213	75	363	295	433	
71	498	159	309	314	67	386	
468	200	349	317	376	475	373	
453	86	360	230	306	226	400	
198	479	364	42	55	192	227	
174	433	366	444	155	248	301	
87	225	77	220	354	163	149	
236	378	76	328	104	473	265	
142	291	411	403	196	402	15	
125	217	81	24	226	348	118	
182	112	408	493	123	293	426	
197	279	107	31	145	46	110	
390	283	195	18	267	157	200	
44	95	492	374	38	225	356	
496	75	262	214	179	435	85	
301	192	20	312	286	490	21	
373	134	414	365	34	331	19	
195	482	308	241	115	215	381	
33	381	79	474	51	312	484	
12	286	203	226	276	317	365	
134	322	211	67	495	464	238	
162	286	405	68	65	423	444	
312	12	245	45	353	46	20	
201	278	186	7	368	455	95	
418	386	439	414	420	53	197	
0	409	443	225	87	490	233	
237	328	37	444	41	395	78	
87	400	141	179	212	242	24	
65	181	484	453	230	487	82	
453	479	50	341	436	270	283	
239	404	389	234	467	325	81	
387	35	491	137	1	30	50	
239	154	119	110	242	473	246	
438	387	74	88	481	182	490	
410	216	214	8	220	483	429	
58	356	153	134	475	86	269	
456	158	244	49	474	307	32	
184	450	341	245	459	4	334	
449	144	467	395	469	487	17	
181	308	393	233	197	305	83	
0	263	334	321	200	404	326	
470	40	408	247	311	249	404	
337	325	291	177	268	324	473	
268	348	220	213	209	161	179	
425	69	118	221	448	25	494	
41	407	330	34	318	176	108	
274	434	380	139	441	283	360	
455	282	170	251	373	399	397	
259	188	230	270	275	296	13	
375	464	216	490	357	465	236	
328	102	61	62	459	409	366	
236	132	314	409	58	469	11	
247	430	200	493	232	31	320	
457	487	289	236	297	170	229	
465	498	211	379	100	268	177	
242	213	391	136	498	174	387	
321	204	394	130	152	271	290	
217	245	275	324	203	100	369	
374	451	481	303	493	140	183	
275	426	256	470	319	197	440	
414	244	456	202	0	482	121	
122	205	479	446	161	398	131	
95	483	414	465	223	182	257	
413	271	309	348	108	318	344	
182	154	140	100	143	187	204	
415	159	108	223	319	272	478	
390	82	304	59	462	432	46	
387	198	434	431	480	355	221	
439	183	358	461	337	357	325	
413	55	309	362	21	214	337	
29	327	159	255	30	201	169	
49	192	21	83	220	52	262	
87	215	323	251	472	470	384	
288	14	392	452	476	20	68	
181	466	64	164	362	384	451	
497	75	27	234	310	395	207	
23	90	443	231	441	38	99	
90	27	486	228	262	258	13	
275	52	148	144	182	333	347	
113	448	434	60	178	244	117	
378	26	321	277	176	236	415	
99	467	358	133	385	384	14	
278	233	377	342	122	467	499	
426	23	206	118	410	19	197	
325	332	219	53	0	167	260	
93	274	256	314	414	386	351	
123	460	473	454	499	178	164	
200	276	321	0	339	225	480	
14	171	465	8	304	386	101	
418	127	3	398	189	41	245	
344	104	121	467	319	222	352	
320	451	448	120	295	72	402	
201	281	487	219	274	250	352	
210	441	485	320	150	235	330	
256	78	52	437	23	488	481	
348	429	11	425	421	160	196	
370	303	174	268	267	185	424	
379	275	362	446	100	436	200	
156	270	316	362	52	416	347	
496	204	334	317	45	6	439	
219	485	388	83	175	84	16	
129	156	155	246	323	489	487	
225	341	293	418	254	191	320	
28	242	283	378	189	178	344	
119	375	97	59	306	95	337	
315	21	437	249	364	252	23	
268	60	173	83	316	38	225	
172	455	164	138	180	51	13	
286	158	422	140	341	11	473	
179	406	438	237	452	454	131	
95	43	4	192	296	135	215	
5	103	394	235	334	418	244	
266	130	429	396	462	432	210	
281	390	32	19	286	53	279	
77	382	407	48	66	290	41	
392	286	108	149	97	16	290	
380	250	60	44	99	363	386	
464	269	232	271	116	357	395	
74	398	333	48	487	460	33	
133	385	465	141	123	175	264	
338	384	284	406	235	444	33	
405	95	27	304	197	10	106	
153	41	388	148	111	143	70	
9	253	473	480	282	470	442	
344	239	30	8	48	67	93	
331	33	187	88	15	221	68	
150	121	311	271	68	384	318	
377	179	95	224	486	412	360	
315	7	409	497	32	188	402	
156	460	268	249	167	245	289	
242	207	239	488	427	364	110	
293	356	29	349	20	363	89	
295	358	230	96	243	201	343	
380	46	65	47	204	274	435	
443	458	221	320	134	391	394	
462	17	368	428	266	154	1	
428	111	489	166	44	369	91	
177	297	189	412	292	17	164	
176	19	346	188	470	271	432	
356	185	179	448	321	146	340	
4	141	476	349	69	457	301	
164	100	481	151	160	439	159	
214	346	0	190	317	399	34	
142	487	456	433	283	5	324	
306	75	497	160	226	299	158	
142	202	283	368	474	97	366	
423	385	297	164	260	181	9	
41	448	271	464	132	66	73	
312	77	446	482	2	145	309	
22	282	400	199	108	383	373	
163	378	430	63	188	100	55	
418	182	469	283	41	5	378	
243	363	382	53	142	404	4	
197	297	305	201	231	268	180	
185	265	335	251	25	216	423	
314	247	483	106	83	412	249	338	
407	182	273	392	300	128	286	485	
288	22	185	75	305	21	78	487	
338	255	198	445	480	68	376	360	
20	75	118	319	485	339	482	76	
290	230	461	248	128	41	349	57	
396	110	41	155	405	320	61	179	
335	481	57	454	399	384	366	31	
121	415	152	176	169	431	154	57	
142	137	253	461	145	189	115	130	
259	137	334	131	153	401	274	233	
72	234	413	49	459	85	379	444	
391	364	67	468	235	289	22	91	
177	94	67	325	273	117	469	21	
481	233	335	45	193	452	492	161	
55	114	307	209	119	278	282	20	
84	391	476	202	294	222	484	348	
53	299	367	469	303	399	50	28	
355	221	496	265	423	305	1	436	
450	440	383	381	66	317	78	422	
193	497	281	118	108	343	410	499	
378	126	151	55	357	351	226	105	
263	303	147	464	175	103	92	86	
77	188	7	368	60	121	191	498	
429	295	104	82	16	337	497	434	
42	301	186	277	251	181	35	298	
346	354	205	498	211	178	3	73	
481	68	177	45	222	335	140	212	
145	355	369	480	3	171	229	467	
116	59	254	171	107	392	498	472	
386	267	147	213	467	100	151	181	
24	203	387	261	385	284	408	370	
347	483	382	334	312	398	156	249	
371	237	23	105	346	123	378	312	
168	387	129	97	51	392	451	153	
397	11	413	331	446	115	143	422	
462	340	483	143	452	117	439	154	
285	7	95	425	33	223	426	32	
20	321	97	417	12	487	337	150	
245	158	324	126	206	196	103	249	
16	308	458	243	412	456	49	280	
287	262	362	62	310	415	495	266	
165	194	491	182	171	359	437	54	
296	288	306	222	200	419	324	485	
40	480	453	1	196	214	153	185	
343	331	344	84	340	445	251	260	
221	346	218	49	102	448	466	214	
158	354	387	0	114	160	61	339	
117	301	77	103	48	332	25	80	
36	156	31	418	125	3	29	162	
56	386	153	26	74	21	214	127	
32	452	385	240	187	487	389	138	
277	150	187	477	458	311	312	113	
111	266	431	478	58	446	26	440	
365	406	173	373	94	119	111	251	
443	458	179	288	201	31	274	309	
369	44	6	364	13	373	149	289	
180	459	482	19	271	114	430	171	
420	163	490	61	184	412	419	344	
274	304	163	210	384	153	301	49	
310	272	388	135	47	449	350	335	
355	331	340	80	99	399	131	353	
328	413	170	393	321	93	197	388	
203	451	454	65	409	234	86	322	
48	224	211	98	102	389	59	394	
161	16	468	75	305	390	151	55	
286	108	177	370	199	16	234	472	
499	228	193	6	310	23	451	420	
436	156	108	188	166	13	274	465	
488	194	178	78	307	295	163	496	
413	395	376	272	233	473	255	420	
463	454	474	471	43	302	69	449	
260	286	92	1	320	177	332	414	
77	480	259	220	167	183	170	250	
427	23	141	315	181	6	481	279	
110	275	327	201	262	155	322	209	
491	373	408	364	160	394	302	223	
92	293	157	467	95	228	396	483	
87	484	485	282	83	268	272	297	
246	416	118	158	45	372	264	208	
141	146	56	92	206	258	111	99	
490	486	239	244	29	41	108	412	
18	126	310	71	324	137	244	409	
314	46	402	228	336	160	109	421	
176	73	468	464	298	89	130	425	
484	230	491	321	6	332	461	471	
227	29	343	131	486	256	387	282	
127	95	31	96	9	10	55	309	
35	170	469	79	0	333	228	460	
200	385	222	277	41	456	497	106	
212	245	205	465	310	432	31	102	
79	55	206	428	74	288	194	26	
288	221	26	60	41	405	157	6	
414	151	58	383	401	360	477	338	
16	497	342	227	174	300	49	214	
125	267	254	399	317	12	280	402	
175	235	492	85	171	244	64	119	
8	410	93	453	32	489	85	494	
464	331	463	249	282	343	460	276	
472	91	478	102	4	485	251	284	
374	139	450	132	68	111	303	104	
93	7	222	433	345	85	96	11	
341	91	237	286	391	107	144	448	
368	302	347	222	270	480	316	440	
314	105	321	106	306	209	393	39	
183	121	38	446	33	212	81	168	
485	290	487	85	66	97	362	195	
423	305	366	81	399	448	307	242	
407	367	370	158	320	121	46	143	
328	227	158	471	37	453	395	47	
37	386	65	235	398	265	85	110	
121	199	351	401	98	35	404	368	
389	446	91	391	469	197	135	406	
127	34	162	468	313	398	258	54	
263	444	413	447	404	400	467	277	
281	17	451	345	210	150	331	340	
466	182	188	14	357	71	194	297	
475	212	7	421	216	339	110	132	
64	136	444	145	490	234	427	13	
113	441	444	498	151	27	115	371	
85	266	356	417	423	164	313	66	
18	259	334	133	153	460	109	345	
266	220	405	149	466	487	356	267	
254	380	177	137	164	426	74	80	
270	359	22	309	444	121	345	382	
289	412	343	94	226	161	371	221	
220	316	461	291	356	118	454	5	
111	399	67	364	397	26	428	72	
225	14	38	453	433	102	320	46	
188	271	10	22	288	97	278	90	
12	406	271	285	291	423	169	372	
278	392	179	447	33	219	39	152	
144	140	333	13	20	241	85	160	
307	483	450	288	10	139	93	60	
175	337	170	389	142	317	301	92	
77	130	33	254	444	13	350	325	
118	254	308	90	374	62	221	486	
420	224	141	191	351	114	200	451	
421	457	72	47	157	77	76	440	
347	476	470	152	439	190	393	356	
185	400	225	112	160	253	144	170	
159	285	387	315	150	110	217	357	
116	349	16	1	75	250	277	251	
210	405	358	85	391	382	97	216	
199	3	129	220	112	428	53	215	
24	92	210	300	275	194	29	181	
267	122	52	489	338	330	259	7	
321	292	312	406	371	370	304	236	
486	135	132	264	261	287	291	130	
56	238	426	35	98	253	423	34	
288	267	152	122	419	76	246	39	
213	347	192	208	367	137	297	480	
390	167	286	364	424	381	274	303	
351	23	1	20	148	83	60	152	
65	226	482	212	30	258	35	398	
381	379	480	23	412	395	402	488	
65	298	13	94	136	36	104	419	
434	461	208	294	205	92	481	479	
493	416	292	494	478	146	108	187	
454	171	167	103	205	368	460	266	
233	71	402	182	417	167	390	88	
440	342	158	21	145	300	116	373	
331	360	182	55	468	357	354	151	
229	455	434	251	418	144	369	320	
404	494	87	55	263	407	171	290	
261	248	320	135	475	213	313	404	
266	160	254	23	447	273	146	276	
339	61	107	101	140	123	261	428	
331	299	141	409	191	321	311	104	
218	33	128	50	147	351	87	429	
141	316	195	307	86	181	434	309	
35	423	121	403	326	228	100	69	
362	445	164	51	291	71	253	333	
320	326	145	58	315	455	157	312	
0	214	305	260	14	441	55	49	
215	445	320	7	260	242	280	94	
185	451	361	320	83	74	318	95	
172	303	78	307	375	128	180	487	
404	462	360	446	302	53	471	34	
46	198	465	355	249	61	205	174	
58	406	361	367	345	109	440	104	
466	337	472	43	238	343	294	114	
288	278	397	334	72	345	322	238	
276	141	407	447	126	160	488	229	
360	475	395	336	119	487	16	373	
414	266	124	465	104	445	111	108	
86	447	418	44	6	282	269	40	
482	277	236	464	155	153	3	334	
152	30	331	230	312	137	269	136	
389	294	127	124	211	170	341	202	
211	202	422	328	279	109	396	88	
442	452	79	48	487	342	343	309	
406	180	463	158	52	188	226	227	
123	454	381	302	467	268	407	27	
373	17	236	228	467	406	274	203	
454	91	111	268	177	334	415	351	
417	39	187	206	193	140	492	413	
441	238	161	82	453	38	297	333	
405	259	387	449	320	181	333	294	
306	280	480	457	442	69	430	435	
