5	45	49	
5	41	29	
43	13	28	
10	43	45	
40	18	32	
21	1	4	
26	30	49	
28	29	2	
42	6	14	
11	30	25	
15	27	3	
46	25	30	
2	23	26	
34	49	13	
41	44	15	
35	9	29	
11	1	32	
16	26	33	
44	20	1	
36	41	1	
13	4	9	
19	15	9	
21	44	9	
29	16	37	
5	39	11	
4	18	47	
17	27	44	
33	6	5	
40	36	41	
23	0	29	
36	13	30	
41	16	5	
20	13	24	
42	7	12	
4	44	8	
16	43	22	
29	26	8	
48	17	49	
41	47	38	
17	22	2	
43	27	13	
26	46	43	
29	27	34	
31	38	1	
27	9	26	
2	33	26	
9	21	29	
43	17	25	
24	20	6	
20	23	21	
69	78	84	
72	74	87	
62	52	94	
78	83	50	
55	93	60	
58	91	57	
70	56	74	
68	71	54	
76	99	95	
84	72	65	
55	96	52	
86	84	51	
66	63	96	
79	83	92	
59	85	96	
91	92	56	
79	52	51	
65	51	50	
93	50	60	
53	84	90	
81	76	53	
68	80	83	
60	86	62	
65	57	59	
76	58	75	
76	67	86	
65	78	56	
50	77	66	
97	95	67	
72	88	66	
80	66	83	
83	81	68	
96	67	60	
55	58	88	
60	73	70	
54	79	52	
90	64	89	
71	96	53	
57	69	70	
77	88	60	
52	69	96	
53	98	54	
57	62	63	
61	73	64	
59	96	81	
96	70	60	
85	65	77	
52	68	91	
57	60	70	
80	92	64	
125	119	143	
141	130	106	
129	136	133	
142	147	149	
110	125	147	
147	111	141	
110	120	139	
120	109	145	
106	127	121	
120	117	148	
116	117	143	
118	129	102	
117	100	132	
149	108	129	
136	111	108	
135	115	123	
114	146	121	
145	140	142	
136	135	100	
135	148	127	
103	111	140	
136	120	145	
135	141	148	
101	133	143	
100	124	132	
116	117	148	
115	143	126	
101	121	105	
134	129	112	
137	104	101	
116	134	104	
148	125	141	
146	114	124	
112	115	116	
127	145	143	
127	136	130	
146	143	145	
107	108	128	
146	145	141	
110	128	141	
114	144	126	
146	149	141	
120	106	103	
128	135	143	
130	131	136	
136	109	122	
144	137	122	
148	124	149	
118	149	141	
139	104	132	
158	190	165	
198	192	162	
197	196	193	
190	199	189	
167	177	156	
167	199	171	
189	154	160	
183	172	192	
176	190	152	
185	156	193	
198	153	171	
160	164	187	
195	183	186	
193	188	189	
186	152	184	
153	156	171	
175	182	157	
187	170	191	
196	165	160	
150	184	170	
193	155	158	
180	165	183	
191	171	181	
152	160	176	
193	170	191	
176	164	172	
195	186	161	
154	151	177	
163	186	191	
161	169	171	
191	174	164	
164	171	183	
155	157	156	
158	173	166	
176	156	183	
160	176	162	
165	180	156	
161	178	164	
177	181	198	
152	160	186	
172	151	165	
173	166	165	
185	176	153	
179	188	164	
189	193	190	
151	162	158	
188	152	168	
168	195	171	
180	170	157	
163	193	171	
230	240	207	
207	222	219	
208	201	216	
233	230	231	
237	202	233	
224	213	206	
249	238	217	
224	215	213	
222	242	209	
230	229	212	
215	246	236	
206	207	217	
242	207	245	
227	205	219	
206	237	242	
222	214	223	
207	244	237	
227	228	226	
229	236	233	
222	241	223	
209	204	236	
248	244	208	
229	204	237	
235	230	231	
234	232	212	
242	216	241	
212	247	246	
232	227	203	
242	240	236	
235	242	206	
213	218	230	
230	225	222	
216	242	224	
236	245	246	
215	236	221	
234	244	243	
209	210	244	
203	211	216	
208	211	214	
207	224	243	
202	204	215	
238	219	218	
205	218	246	
212	203	214	
208	227	228	
220	229	231	
242	248	226	
241	221	217	
212	245	217	
245	242	227	
266	275	294	
261	285	267	
264	281	293	
257	279	288	
255	289	262	
262	256	293	
267	264	286	
260	276	290	
254	253	292	
267	273	254	
268	299	267	
271	288	281	
293	277	283	
263	274	279	
282	288	250	
275	255	250	
282	288	270	
298	294	276	
276	272	277	
266	277	299	
282	291	270	
286	276	266	
283	250	274	
287	264	277	
255	285	288	
298	252	258	
290	293	276	
263	253	284	
260	253	268	
257	265	261	
261	266	256	
283	299	267	
270	284	260	
268	296	281	
260	270	296	
297	287	285	
257	270	251	
277	290	294	
282	251	262	
286	278	295	
283	293	261	
263	254	258	
278	298	288	
268	263	277	
259	251	275	
283	297	284	
259	274	273	
286	260	282	
276	255	274	
285	292	275	
338	319	343	
326	333	338	
318	342	324	
305	334	338	
331	326	329	
320	324	326	
313	337	304	
320	311	345	
308	334	309	
342	324	325	
325	333	342	
328	307	300	
349	343	337	
329	317	334	
329	308	318	
303	320	310	
326	317	321	
338	327	317	
311	332	301	
319	336	305	
321	332	327	
325	316	324	
318	323	304	
321	309	310	
312	336	348	
324	342	332	
311	315	316	
333	321	317	
329	300	337	
310	303	338	
336	319	345	
325	311	328	
306	316	323	
302	346	314	
333	334	311	
316	308	324	
304	309	328	
316	301	325	
348	311	301	
337	312	310	
308	313	329	
314	344	301	
346	324	314	
314	330	324	
339	331	310	
313	325	334	
335	329	303	
348	301	327	
310	321	332	
333	316	318	
380	387	390	
391	390	376	
379	372	350	
354	368	399	
370	358	350	
381	359	369	
383	384	382	
390	394	355	
374	371	350	
373	374	355	
363	383	389	
365	352	369	
398	383	377	
397	398	363	
378	366	362	
395	399	371	
370	373	377	
374	372	375	
370	369	362	
399	397	375	
399	385	373	
350	376	378	
391	360	392	
355	383	372	
386	366	388	
376	368	389	
362	399	394	
367	383	399	
366	375	392	
371	354	357	
355	353	362	
351	364	357	
389	382	372	
377	393	399	
389	363	385	
391	355	364	
382	373	378	
380	399	388	
386	352	359	
362	388	363	
364	372	375	
386	391	355	
367	355	397	
363	364	387	
385	396	364	
361	391	390	
364	369	352	
384	398	366	
394	369	391	
391	371	352	
444	437	436	
401	446	412	
415	418	421	
406	401	429	
403	409	405	
440	402	407	
408	433	438	
428	419	435	
436	430	411	
408	414	435	
428	445	448	
442	401	449	
433	417	439	
443	427	440	
429	428	401	
419	405	417	
415	444	449	
412	432	424	
426	400	439	
402	414	417	
400	412	425	
411	406	431	
447	404	439	
400	412	432	
448	445	429	
433	447	445	
428	413	406	
418	437	409	
441	408	445	
443	416	432	
413	414	419	
406	433	439	
425	442	431	
423	420	418	
436	437	413	
425	406	420	
436	415	400	
427	441	429	
426	414	432	
443	429	412	
444	413	421	
400	420	447	
433	407	446	
415	404	432	
415	407	406	
407	422	411	
427	441	414	
431	404	448	
416	433	412	
411	422	426	
486	483	474	
466	481	454	
489	476	491	
484	455	481	
452	460	492	
489	477	493	
485	479	480	
460	498	464	
475	461	491	
489	475	496	
468	450	454	
469	466	467	
454	461	468	
491	494	490	
486	472	489	
454	453	486	
464	478	485	
468	452	492	
451	474	497	
475	463	492	
464	487	499	
454	468	455	
495	466	480	
457	489	465	
464	482	460	
459	456	488	
478	470	475	
480	467	491	
471	474	456	
495	451	497	
460	486	459	
450	498	468	
477	471	456	
453	489	468	
458	480	472	
456	483	487	
480	473	457	
483	474	460	
497	477	461	
469	480	463	
466	496	461	
493	483	472	
450	491	493	
485	498	450	
487	479	465	
478	491	484	
470	487	473	
456	498	493	
466	479	489	
456	461	495	
21	24	9	13	
32	45	21	42	
32	24	1	20	
13	4	35	20	
47	29	41	23	
25	45	29	13	
41	5	38	24	
14	13	24	3	
40	11	17	44	
38	18	10	42	
19	44	38	13	
10	34	48	11	
39	37	27	32	
36	22	3	23	
49	14	26	18	
40	42	32	25	
14	49	12	47	
33	36	43	19	
13	21	4	28	
9	43	27	17	
4	28	42	25	
22	43	20	33	
17	7	26	13	
40	19	11	17	
13	37	42	8	
20	41	21	8	
5	6	12	22	
4	2	3	27	
36	37	3	48	
20	24	13	38	
19	17	27	47	
14	35	29	39	
10	26	30	34	
7	6	14	28	
4	9	49	46	
25	8	6	16	
32	37	15	33	
33	1	35	34	
10	6	27	28	
32	3	9	35	
30	28	42	40	
44	19	16	24	
46	12	36	32	
21	10	34	19	
30	20	41	42	
43	1	24	18	
21	19	27	7	
44	6	32	7	
36	5	35	0	
46	12	42	41	
72	96	81	79	
79	71	88	53	
75	87	65	74	
75	72	58	98	
54	85	58	86	
55	99	81	61	
58	79	93	87	
94	73	87	89	
87	69	85	67	
55	56	51	81	
59	50	69	56	
63	93	80	59	
85	90	75	55	
84	71	59	67	
95	85	92	98	
99	87	88	97	
63	86	74	70	
84	81	76	62	
58	89	80	93	
67	90	83	51	
66	81	76	70	
79	72	51	82	
97	68	69	99	
78	90	87	97	
80	82	68	81	
81	92	56	68	
67	89	55	72	
94	66	62	75	
63	82	81	65	
75	82	71	96	
62	69	53	97	
73	78	68	54	
66	99	73	68	
82	79	86	87	
65	87	91	81	
68	77	66	76	
70	52	90	81	
57	90	82	52	
77	58	60	64	
87	95	57	72	
71	85	83	80	
68	54	80	59	
56	96	63	68	
83	88	76	54	
85	90	97	82	
75	69	52	72	
52	61	50	89	
68	92	57	77	
59	50	53	74	
73	83	67	51	
124	116	103	137	
118	109	141	106	
139	136	123	143	
147	140	121	101	
133	119	138	126	
114	100	131	145	
118	130	105	117	
123	105	132	138	
122	132	133	101	
149	122	140	100	
146	117	143	132	
117	114	131	149	
100	112	127	118	
144	134	128	103	
147	110	115	126	
114	128	127	106	
110	129	115	138	
112	114	124	148	
118	103	141	127	
102	137	117	111	
105	128	114	136	
120	123	142	122	
147	140	117	124	
135	138	127	124	
142	130	103	134	
133	119	101	142	
149	145	102	144	
142	118	106	107	
123	120	105	111	
149	141	139	134	
100	138	145	148	
101	115	147	143	
110	127	119	109	
139	113	142	125	
122	119	101	128	
108	113	116	139	
142	143	114	148	
142	144	117	141	
111	110	107	120	
148	120	101	104	
131	133	141	103	
137	109	103	114	
125	117	112	147	
147	109	114	148	
132	119	144	149	
120	107	149	140	
141	102	136	147	
117	132	127	147	
123	125	110	144	
116	104	147	120	
163	175	182	186	
166	187	189	162	
168	173	199	198	
155	198	168	160	
187	154	157	194	
185	167	162	171	
196	157	195	164	
154	153	185	165	
194	192	166	175	
155	174	185	199	
195	175	169	183	
172	158	154	151	
198	167	151	168	
174	150	199	177	
196	177	166	189	
156	177	184	190	
186	189	175	158	
158	161	178	190	
168	150	188	173	
188	193	173	172	
157	183	159	165	
159	186	172	188	
196	187	154	195	
169	187	197	190	
161	195	189	169	
187	166	185	164	
191	173	181	192	
170	158	156	159	
182	184	153	197	
156	189	172	185	
151	195	173	152	
162	167	150	165	
194	197	162	171	
185	189	153	158	
195	199	156	198	
165	197	172	192	
170	198	177	162	
197	165	195	150	
197	185	188	173	
187	153	198	175	
172	181	187	168	
195	170	152	193	
164	177	171	190	
194	163	171	173	
157	165	199	177	
190	153	186	177	
178	187	185	169	
159	177	169	181	
162	167	189	165	
185	173	165	159	
224	232	234	237	
219	200	228	230	
214	218	201	203	
238	203	220	245	
222	223	213	205	
234	237	231	210	
241	236	225	211	
238	248	239	236	
202	236	206	244	
200	210	219	234	
213	216	224	226	
244	207	229	248	
215	248	229	201	
226	228	232	209	
225	234	240	224	
233	244	246	245	
226	204	227	217	
232	210	230	205	
240	204	206	226	
229	232	225	227	
223	241	201	230	
228	238	222	212	
206	207	220	244	
210	215	211	203	
246	207	228	215	
209	213	222	211	
235	247	242	241	
223	243	220	203	
240	215	217	210	
228	246	230	242	
227	210	242	224	
235	226	247	238	
222	213	207	224	
210	236	208	249	
225	239	211	207	
211	213	221	227	
228	220	229	213	
237	230	234	227	
239	209	215	214	
220	217	242	232	
202	204	217	203	
230	244	240	222	
227	224	230	202	
244	214	227	243	
228	241	211	238	
233	221	225	248	
208	200	203	245	
231	229	245	212	
228	207	224	204	
242	243	219	210	
283	295	266	254	
252	272	274	296	
283	280	256	288	
285	275	281	283	
298	268	274	288	
274	250	292	288	
282	264	267	269	
291	295	289	250	
279	250	270	266	
286	277	287	271	
291	284	283	281	
281	260	297	288	
274	269	252	275	
284	256	254	272	
267	281	278	294	
269	275	282	284	
266	277	252	255	
257	279	254	252	
268	278	276	265	
281	278	268	295	
264	259	294	272	
281	284	299	272	
272	292	289	275	
283	291	277	293	
282	259	297	264	
288	256	263	254	
279	255	282	266	
284	286	279	296	
253	265	287	251	
297	286	265	259	
272	286	288	285	
279	263	296	266	
290	273	282	255	
256	251	272	297	
264	251	293	292	
272	265	279	280	
255	253	294	264	
295	262	283	282	
289	258	295	285	
284	274	272	253	
273	265	270	291	
295	297	291	271	
254	287	250	279	
289	272	281	259	
270	295	279	255	
280	252	256	265	
254	290	280	272	
280	293	292	283	
252	268	299	261	
278	282	273	271	
333	320	313	338	
312	345	336	307	
329	347	349	303	
300	348	316	326	
321	340	336	348	
335	349	348	323	
330	303	320	323	
348	325	326	338	
317	346	348	347	
313	316	329	317	
317	336	312	341	
312	325	346	302	
339	340	302	301	
310	335	345	331	
330	314	343	339	
340	335	331	300	
347	306	326	303	
328	308	306	314	
329	305	323	313	
310	315	320	346	
310	320	331	308	
347	305	316	343	
313	320	339	319	
309	331	327	342	
324	344	341	327	
348	326	331	300	
321	304	342	323	
346	340	349	322	
312	338	340	303	
303	318	337	347	
335	332	345	348	
319	335	305	330	
322	311	300	314	
322	316	300	304	
323	337	327	329	
317	337	318	311	
316	341	305	301	
315	347	302	317	
313	309	312	343	
300	346	317	337	
301	320	344	330	
320	349	330	345	
309	315	341	343	
327	331	345	306	
300	335	315	304	
320	349	343	306	
311	340	331	349	
341	323	309	322	
330	321	327	333	
324	317	332	312	
389	398	353	358	
355	381	364	372	
379	357	358	370	
380	392	360	395	
391	375	355	356	
384	382	373	389	
362	372	381	353	
382	377	358	364	
354	376	387	381	
351	367	353	397	
373	377	391	356	
358	354	386	380	
375	392	377	379	
377	382	395	356	
386	371	368	367	
380	375	395	392	
393	362	354	369	
383	387	396	378	
361	364	353	386	
352	353	381	380	
355	379	384	364	
368	396	356	394	
384	351	380	381	
397	398	354	382	
361	377	359	371	
392	375	395	352	
368	383	395	350	
381	354	361	373	
391	364	385	350	
379	371	392	364	
370	357	381	369	
353	364	362	389	
378	365	397	385	
373	360	380	362	
396	372	363	373	
367	396	360	371	
379	364	358	350	
368	358	359	387	
396	393	361	366	
363	382	359	374	
399	389	355	368	
350	393	383	391	
384	396	382	370	
375	353	372	388	
392	351	388	368	
391	352	358	353	
362	368	382	388	
399	393	362	379	
364	351	399	375	
374	354	358	376	
441	422	426	423	
444	410	405	438	
434	436	427	428	
410	407	441	447	
441	425	412	423	
425	417	418	421	
400	404	437	410	
426	431	429	430	
438	423	425	412	
449	414	402	412	
449	406	445	414	
424	404	441	446	
446	432	443	422	
423	417	421	422	
448	413	435	410	
402	438	446	436	
409	430	403	429	
444	415	413	424	
410	401	407	434	
400	442	431	445	
419	408	444	410	
428	440	401	432	
434	412	416	427	
424	440	436	420	
430	407	401	432	
425	414	449	408	
433	422	411	447	
404	405	402	441	
411	424	426	418	
404	438	436	442	
415	427	404	420	
438	441	433	402	
418	437	420	422	
426	402	404	432	
448	415	430	410	
436	432	405	401	
417	425	439	429	
412	429	417	420	
427	441	418	433	
443	404	401	441	
412	415	431	420	
427	431	422	430	
421	441	422	446	
446	435	445	424	
420	428	442	416	
435	425	403	409	
423	429	416	404	
416	422	427	410	
421	417	410	442	
448	432	439	427	
480	477	481	475	
489	450	495	485	
452	476	467	488	
480	483	450	456	
461	488	498	485	
461	450	464	490	
495	472	458	496	
488	453	462	463	
452	498	457	464	
491	452	456	492	
489	485	480	454	
481	451	468	465	
490	465	479	458	
454	485	491	478	
469	486	475	463	
491	478	484	459	
461	479	468	470	
458	462	463	493	
488	467	470	463	
484	491	478	461	
490	470	485	455	
450	484	496	478	
458	488	480	485	
471	492	454	488	
495	451	477	466	
475	485	457	483	
499	481	451	470	
498	471	475	461	
482	479	497	494	
496	459	476	488	
453	468	473	478	
481	484	457	458	
484	498	470	485	
484	489	466	465	
482	457	490	484	
456	497	471	489	
463	472	485	496	
468	469	461	496	
493	459	492	498	
487	481	466	489	
490	497	491	484	
463	462	487	450	
477	462	461	489	
476	491	455	466	
451	462	471	486	
486	496	453	467	
451	464	462	460	
473	485	471	467	
493	484	497	471	
458	474	450	482	
9	43	42	4	35	
43	6	48	28	39	
3	32	25	34	16	
19	36	29	46	37	
37	11	0	22	17	
12	43	30	37	24	
27	31	49	35	10	
18	32	38	1	40	
2	3	26	18	11	
38	3	31	37	33	
42	9	44	6	25	
33	14	30	25	35	
41	22	26	30	28	
35	39	16	24	3	
0	10	9	23	17	
34	44	14	15	2	
4	1	2	41	49	
48	28	8	18	14	
0	38	16	19	41	
19	28	13	37	0	
30	6	0	15	21	
16	8	10	4	38	
20	25	10	19	37	
34	19	23	4	43	
38	32	41	29	23	
9	20	19	23	18	
8	36	37	15	43	
8	33	35	0	24	
24	20	35	6	48	
9	28	33	48	17	
23	19	32	44	2	
32	47	16	27	25	
41	49	11	2	45	
20	37	7	30	28	
24	5	1	29	37	
20	14	30	15	41	
32	7	3	33	31	
46	10	17	16	3	
14	30	8	2	43	
12	33	36	31	18	
15	34	42	37	6	
18	42	36	1	13	
22	47	3	32	11	
39	16	20	34	41	
21	13	30	8	47	
35	16	29	13	41	
25	21	48	49	34	
30	43	15	14	2	
33	40	22	31	41	
0	40	28	49	17	
83	73	99	98	80	
81	71	97	98	55	
70	56	53	80	54	
67	88	82	52	92	
81	92	87	65	66	
60	55	51	66	52	
85	90	81	89	66	
81	57	96	74	83	
91	75	53	56	68	
78	84	62	80	69	
61	58	98	85	66	
61	51	74	69	88	
88	75	79	97	78	
76	77	82	94	57	
83	86	93	85	88	
81	91	83	52	78	
77	85	62	78	66	
99	88	72	84	61	
52	81	55	82	85	
71	79	77	51	56	
51	56	73	79	65	
83	66	63	74	81	
92	90	79	69	84	
78	92	76	89	62	
85	95	92	63	62	
59	51	77	64	70	
59	94	83	51	73	
82	58	71	54	97	
81	92	96	63	95	
70	92	63	93	64	
80	56	73	83	81	
85	97	73	62	66	
55	52	98	86	81	
57	78	53	52	75	
70	91	57	93	88	
58	69	86	75	66	
96	67	70	84	72	
84	71	74	85	94	
95	87	75	63	53	
63	53	55	88	50	
92	67	80	50	65	
67	93	52	57	96	
80	86	60	93	90	
57	53	56	74	96	
55	65	73	93	83	
76	71	79	63	72	
81	85	70	50	62	
52	77	54	55	98	
97	80	77	61	96	
95	73	85	90	62	
134	118	107	100	136	
121	110	125	100	134	
135	140	136	120	126	
105	111	149	143	145	
147	133	120	128	111	
149	121	144	128	126	
107	101	122	139	142	
106	116	124	123	129	
120	117	113	119	111	
110	126	104	108	101	
127	108	103	105	121	
110	114	139	108	125	
112	110	122	103	108	
120	124	125	114	139	
115	114	149	103	144	
125	119	146	128	143	
119	114	112	122	102	
105	123	136	140	145	
115	133	127	131	143	
149	104	141	137	142	
138	131	115	109	102	
110	146	124	127	106	
138	149	136	110	137	
142	105	131	100	143	
126	115	112	125	111	
119	102	104	134	133	
127	143	141	125	113	
119	148	143	130	126	
115	109	125	129	127	
122	119	129	127	148	
105	106	100	103	108	
129	136	140	120	130	
100	123	106	118	102	
138	100	114	108	135	
109	112	105	115	107	
135	118	124	105	138	
104	122	117	108	125	
145	148	149	133	100	
105	115	146	133	143	
107	145	118	149	110	
146	106	105	108	127	
120	141	145	130	125	
142	143	105	145	103	
105	145	126	121	137	
122	109	120	139	110	
100	128	145	123	104	
141	103	109	128	100	
109	130	135	141	143	
142	119	101	134	104	
128	147	136	124	127	
152	166	191	153	187	
185	158	192	193	189	
161	168	179	171	151	
152	175	165	191	179	
183	189	194	197	175	
170	161	184	186	174	
174	178	163	190	195	
159	198	178	162	168	
183	187	172	186	151	
177	172	152	181	171	
178	150	170	159	175	
189	157	184	173	169	
180	157	155	172	160	
192	181	164	162	168	
195	190	196	158	187	
170	183	179	168	192	
171	196	199	181	156	
194	150	181	152	175	
160	180	176	167	184	
183	180	160	194	177	
193	177	154	166	195	
158	189	198	194	176	
187	181	182	160	163	
184	178	183	190	172	
198	169	153	173	166	
182	151	152	181	193	
195	191	167	182	150	
188	180	195	159	176	
161	183	194	151	193	
188	181	182	152	159	
187	178	150	197	157	
154	175	160	188	170	
162	158	182	152	189	
175	193	168	191	197	
174	169	186	190	164	
199	159	197	179	185	
170	190	181	198	194	
159	182	160	158	184	
165	195	151	199	184	
153	192	161	162	194	
197	164	194	181	182	
178	169	199	157	184	
158	164	197	176	174	
157	188	169	155	193	
171	188	162	192	193	
156	184	183	165	157	
156	196	172	150	197	
189	192	168	198	158	
151	196	174	191	179	
153	194	166	178	199	
235	210	201	226	202	
246	226	242	200	216	
201	200	248	234	206	
218	209	244	204	240	
222	248	245	226	240	
239	222	230	231	225	
243	200	205	246	211	
226	240	214	243	234	
200	237	216	213	242	
205	224	225	220	202	
210	234	203	246	222	
249	218	231	224	201	
247	244	217	231	200	
206	211	207	218	235	
233	241	237	217	222	
233	211	232	219	230	
200	238	237	204	216	
202	249	246	248	231	
217	241	231	224	244	
242	226	221	209	224	
231	202	215	220	205	
218	229	233	226	239	
228	223	236	230	224	
236	204	233	219	201	
245	228	246	205	238	
219	205	209	247	243	
233	237	246	223	207	
239	228	237	212	233	
221	240	208	241	236	
200	243	210	211	217	
228	222	210	217	214	
236	238	234	239	233	
215	226	210	227	240	
222	209	229	213	245	
214	223	226	207	220	
234	238	209	249	239	
239	224	246	228	240	
212	214	206	239	208	
235	241	236	216	225	
225	243	230	216	234	
240	216	224	212	232	
211	236	246	227	225	
222	212	200	241	240	
231	218	236	243	213	
223	234	227	219	213	
211	216	233	213	208	
238	202	210	228	241	
230	238	241	205	214	
219	230	215	239	226	
248	231	244	219	213	
272	273	263	284	286	
284	269	259	260	274	
270	273	269	298	297	
269	299	264	259	255	
266	281	285	258	289	
261	296	295	251	250	
293	266	282	256	278	
260	288	274	272	273	
286	297	272	296	252	
296	276	252	261	257	
258	281	296	257	256	
279	259	256	283	295	
298	265	287	273	280	
290	264	288	276	286	
272	267	263	295	285	
268	293	284	296	287	
261	297	265	256	263	
298	271	257	288	280	
269	280	292	270	271	
273	285	292	296	281	
293	298	258	264	250	
296	250	260	268	274	
295	282	291	299	253	
256	296	281	299	292	
262	297	293	295	270	
264	294	283	291	287	
258	256	257	270	250	
263	268	262	274	258	
282	293	256	265	267	
273	297	282	261	266	
272	294	255	251	261	
296	294	250	286	262	
292	265	267	264	281	
292	252	259	293	271	
273	294	255	270	278	
284	275	265	292	279	
269	282	264	288	256	
273	272	297	270	260	
250	254	297	294	296	
292	262	265	257	293	
298	250	263	261	296	
272	257	281	265	280	
272	287	258	296	277	
266	294	268	274	277	
259	258	290	283	289	
291	271	259	284	255	
267	295	291	268	258	
250	255	282	291	283	
286	267	299	260	292	
295	259	275	278	287	
304	313	315	312	337	
325	307	311	335	345	
330	329	332	345	339	
303	335	316	346	332	
307	345	337	301	338	
314	328	323	306	322	
340	302	346	307	314	
317	336	314	305	333	
349	348	346	330	347	
323	316	320	322	302	
334	311	325	348	302	
331	344	316	337	319	
309	303	312	305	323	
334	306	301	317	327	
326	300	347	332	316	
316	326	342	343	348	
325	318	348	340	328	
308	327	335	311	317	
349	308	340	341	333	
344	320	302	321	310	
326	316	319	322	317	
328	336	346	321	340	
332	319	341	347	324	
304	327	318	300	340	
340	330	316	348	334	
316	325	337	335	306	
315	319	335	313	318	
315	312	320	330	301	
316	313	340	308	309	
335	317	305	320	310	
341	325	322	339	330	
319	316	305	335	330	
347	330	341	315	312	
314	315	303	302	337	
325	302	341	305	304	
313	314	305	341	325	
316	330	347	308	326	
346	349	311	330	317	
306	347	312	311	318	
317	328	338	311	302	
325	301	311	344	338	
322	328	321	300	325	
332	315	333	303	343	
322	318	321	303	310	
339	349	343	333	319	
345	322	347	330	328	
311	325	302	315	344	
300	311	349	330	337	
323	317	314	334	326	
348	309	301	322	331	
378	399	385	372	361	
396	384	354	365	395	
398	350	361	387	362	
378	368	386	377	384	
350	398	351	363	369	
368	377	364	388	362	
387	367	350	378	380	
392	383	379	359	397	
376	375	358	366	389	
381	360	385	380	367	
385	378	359	350	390	
390	381	368	354	351	
391	392	378	357	394	
364	377	370	357	359	
378	386	398	389	396	
376	397	393	382	386	
360	384	361	366	358	
391	374	385	375	354	
359	385	384	356	354	
399	391	389	351	367	
386	352	394	350	390	
377	362	350	363	392	
371	358	390	364	396	
366	351	382	373	380	
396	352	355	385	372	
374	355	369	359	396	
368	391	394	366	378	
387	392	362	397	385	
354	350	398	397	394	
398	390	385	361	395	
357	384	359	355	353	
351	397	356	377	393	
364	399	372	396	362	
397	383	399	360	391	
364	373	355	391	388	
377	367	382	358	372	
393	373	361	398	383	
398	371	361	368	378	
353	385	354	367	355	
393	399	365	389	376	
398	382	372	352	376	
359	394	399	384	356	
395	382	366	372	369	
378	373	376	356	387	
394	392	373	367	363	
353	380	373	359	370	
370	355	387	397	398	
388	364	374	356	375	
397	373	362	358	351	
377	373	385	383	371	
440	418	441	448	408	
404	423	410	413	440	
442	435	448	431	425	
415	424	433	423	413	
431	446	428	438	401	
413	406	446	448	408	
401	426	434	400	423	
444	404	409	400	426	
421	420	427	432	438	
420	419	418	442	414	
413	426	449	400	416	
400	417	423	422	409	
416	427	410	433	439	
417	420	400	429	403	
448	436	423	437	431	
419	436	441	429	402	
413	447	401	428	419	
400	413	420	441	436	
444	410	408	433	447	
407	411	443	422	420	
418	447	413	407	409	
414	424	419	435	406	
429	419	430	426	424	
427	439	433	413	418	
408	404	435	431	449	
408	441	448	420	416	
418	423	440	436	447	
409	428	448	404	430	
401	416	407	441	411	
440	408	424	417	437	
415	403	447	441	418	
438	411	447	428	406	
434	445	433	421	439	
434	441	430	431	433	
404	449	412	409	448	
420	413	424	402	445	
417	405	428	400	442	
414	418	400	410	404	
422	428	444	443	415	
440	409	448	413	406	
421	414	425	406	428	
408	419	429	448	426	
418	434	440	431	446	
426	432	441	442	407	
417	436	438	429	405	
433	423	420	410	444	
434	431	424	414	409	
449	446	448	405	418	
429	400	406	428	449	
430	411	439	416	447	
469	450	485	493	498	
469	477	466	451	463	
467	458	490	468	498	
461	479	465	499	485	
452	471	472	458	474	
497	457	464	474	496	
486	467	461	487	493	
477	455	452	496	485	
468	452	450	477	485	
494	488	469	459	487	
480	457	479	470	486	
465	485	453	489	497	
453	473	464	495	471	
489	498	496	492	461	
461	455	462	459	475	
475	494	457	481	474	
493	495	480	483	458	
490	486	497	489	491	
467	465	480	457	482	
480	491	474	457	497	
452	459	455	484	488	
494	470	466	459	482	
466	468	467	490	487	
497	455	498	473	470	
472	498	482	499	468	
472	465	474	470	451	
490	492	495	480	451	
487	496	454	471	458	
475	480	486	485	463	
487	453	458	468	456	
471	491	458	486	463	
454	487	498	456	450	
460	488	485	476	464	
477	497	454	458	485	
468	465	476	461	475	
464	487	453	452	458	
466	499	477	480	455	
495	490	468	484	485	
451	492	483	450	484	
455	451	454	496	470	
456	478	472	465	451	
485	452	477	455	484	
496	476	495	455	452	
470	459	487	486	490	
477	494	461	452	488	
479	482	450	457	473	
484	479	472	468	459	
492	455	468	476	453	
467	475	463	460	477	
471	497	469	495	492	
186	408	269	21	191	93	
416	326	175	248	494	195	
115	318	294	65	368	482	
304	162	373	319	474	417	
284	227	54	201	185	398	
16	213	417	170	313	347	
423	460	235	314	336	342	
332	384	176	204	449	307	
138	31	193	69	402	467	
37	172	355	147	348	33	
487	277	56	463	486	445	
148	20	19	408	264	448	
177	405	358	302	205	375	
20	42	421	339	430	181	
473	141	402	236	295	24	
31	429	407	181	431	243	
126	302	472	111	247	148	
90	289	264	29	55	406	
119	147	163	488	126	278	
94	468	69	193	189	331	
58	87	481	253	370	90	
425	112	460	259	242	451	
445	274	246	10	28	484	
303	421	215	269	21	212	
487	214	106	410	195	370	
278	433	450	96	435	19	
282	165	235	221	288	222	
340	432	216	402	452	25	
198	471	183	415	171	247	
432	484	95	36	151	116	
74	155	113	116	494	205	
83	343	272	416	336	290	
466	302	426	4	139	286	
207	325	111	256	487	101	
209	35	181	175	22	84	
285	267	415	274	30	107	
105	221	232	240	282	95	
305	342	83	363	67	240	
419	276	379	131	287	190	
116	359	109	369	300	290	
46	471	61	245	10	119	
450	83	314	469	40	195	
132	416	462	84	404	359	
70	104	102	63	469	164	
241	488	108	163	13	207	
357	477	185	83	2	369	
278	307	445	232	301	195	
419	182	484	50	230	355	
364	422	2	222	197	21	
303	7	420	326	418	301	
366	411	128	295	78	114	
122	233	41	317	311	392	
255	63	307	442	426	93	
278	85	479	277	218	137	
298	68	283	265	104	487	
417	1	209	391	339	214	
417	252	343	103	69	66	
489	20	380	13	126	373	
482	261	181	294	399	38	
202	279	452	146	253	467	
460	470	59	163	154	423	
459	0	166	258	445	470	
424	60	19	280	337	184	
268	376	178	350	122	278	
191	24	490	100	395	289	
232	278	255	418	496	205	
215	20	55	76	201	301	
307	8	18	415	422	187	
396	203	367	325	194	156	
331	62	444	218	221	88	
368	167	236	355	33	100	
431	213	159	46	466	382	
156	90	291	40	173	366	
156	348	185	294	494	332	
292	480	302	224	146	301	
56	161	438	294	456	96	
117	50	74	328	66	102	
325	443	341	247	388	83	
374	52	236	483	133	100	
340	19	396	320	5	139	
492	404	334	286	352	61	
13	441	76	305	304	349	
138	63	35	408	64	376	
340	382	445	28	447	380	
24	379	121	444	248	88	
18	82	61	33	254	260	
477	345	266	48	131	250	
86	317	324	310	318	26	
146	148	298	105	334	111	
221	153	220	330	105	366	
463	14	343	308	223	366	
241	157	487	424	5	17	
388	112	26	441	348	109	
185	235	347	442	164	441	
225	161	230	355	309	206	
221	296	167	149	203	47	
428	107	175	186	216	132	
450	470	479	359	161	12	
152	57	338	262	493	109	
412	195	468	377	45	230	
254	125	397	297	405	438	276	
306	457	260	117	408	348	393	
196	94	56	496	55	78	382	
401	471	435	188	290	472	73	
400	296	444	324	59	305	56	
454	30	427	412	81	200	462	
4	319	129	35	221	107	481	
468	478	384	230	189	172	101	
53	128	297	1	12	76	93	
165	11	245	157	143	133	119	
298	451	479	169	106	36	449	
155	207	227	83	98	8	479	
233	89	41	488	33	136	37	
414	124	21	451	364	225	99	
23	478	6	308	144	459	115	
121	428	369	431	175	491	148	
150	178	257	492	388	234	442	
240	469	61	202	489	411	168	
86	145	154	85	25	105	434	
345	344	200	308	375	483	133	
38	87	296	268	247	332	326	
479	237	430	243	140	218	110	
13	96	103	234	291	269	253	
436	428	403	121	491	342	468	
235	212	482	263	376	73	449	
252	184	362	19	374	294	82	
160	381	61	92	97	469	58	
100	473	279	79	329	428	302	
70	334	245	6	219	289	273	
468	410	456	298	254	102	446	
404	83	365	33	312	403	292	
87	48	397	121	237	498	95	
260	293	480	451	265	360	406	
110	295	276	396	399	497	470	
33	247	37	106	288	104	17	
473	270	308	280	382	451	420	
189	14	287	428	178	163	292	
271	157	168	324	63	242	30	
137	171	365	95	132	328	487	
168	420	290	80	24	382	385	
102	369	248	189	478	59	393	
120	147	105	283	496	264	438	
390	494	354	135	189	220	178	
20	470	355	239	64	283	366	
223	150	73	227	399	303	281	
254	160	273	127	205	413	427	
460	386	218	499	453	135	156	
68	267	143	95	422	227	319	
407	360	85	485	355	296	404	
413	498	215	402	311	346	110	
208	359	488	372	335	470	59	
239	333	340	440	409	479	158	
65	253	135	114	102	28	27	
175	76	91	264	241	240	257	
175	305	481	196	359	238	203	
57	354	366	65	357	302	9	
118	449	124	146	360	220	293	
240	27	350	132	436	453	426	
157	382	135	496	383	266	450	
35	256	95	238	3	92	432	
291	247	368	145	413	360	35	
151	152	271	342	390	208	130	
26	449	40	363	352	127	195	
406	122	334	102	420	205	386	
190	204	377	99	315	452	123	
170	99	171	325	252	420	400	
135	376	235	113	145	454	481	
385	437	455	1	70	185	142	
359	228	183	290	103	203	422	
194	108	142	332	252	82	12	
443	77	390	127	59	415	32	
52	497	329	149	426	230	474	
453	471	322	232	241	365	173	
440	445	412	382	366	485	184	
438	240	426	486	455	288	45	
270	268	269	61	172	202	70	
211	15	147	250	354	254	452	
489	293	239	449	119	254	276	
428	231	238	278	357	493	168	
337	92	485	64	200	334	220	
211	425	252	135	209	128	464	
166	36	25	299	261	372	253	
24	315	147	11	9	133	456	
467	103	337	257	219	221	378	
139	58	222	354	7	255	109	
57	50	467	243	162	317	287	
422	256	159	260	337	162	470	
346	57	436	179	400	137	215	
322	408	390	327	236	239	326	
473	384	256	3	468	66	499	
137	11	344	281	446	143	305	
453	358	192	262	135	424	444	
373	379	21	249	318	305	49	
296	436	143	282	165	295	135	
245	23	26	24	146	240	195	
406	299	89	404	166	338	255	
149	43	239	34	191	201	281	
294	473	128	93	277	35	180	
114	450	382	179	478	175	435	
419	128	21	300	299	378	451	
149	329	290	148	374	368	320	95	
95	33	258	182	54	491	302	126	
214	295	37	304	340	485	144	240	
426	191	29	208	265	210	167	57	
211	113	371	374	316	399	338	259	
87	440	392	404	69	433	132	55	
385	176	306	206	286	489	281	304	
111	414	83	356	203	246	213	430	
168	497	460	292	124	234	498	454	
417	157	162	20	328	244	241	364	
440	341	456	466	350	58	203	74	
243	422	298	57	180	61	497	402	
410	273	475	64	287	166	464	283	
325	112	29	488	367	211	96	390	
467	395	46	233	461	179	243	397	
394	186	39	77	2	162	217	432	
37	401	491	353	129	120	206	293	
426	496	138	428	347	307	101	2	
4	312	66	389	433	226	288	44	
143	278	188	7	276	470	372	110	
417	111	359	331	325	456	361	218	
426	403	424	109	114	219	330	460	
459	115	351	9	431	374	127	30	
59	50	66	451	30	471	142	447	
156	267	272	327	444	384	143	464	
348	75	47	113	26	209	497	278	
218	125	240	116	146	263	310	215	
254	75	76	3	418	369	66	290	
273	448	219	100	333	15	2	330	
95	287	121	476	323	307	103	291	
119	488	163	417	204	444	300	121	
275	330	64	432	57	443	79	222	
52	46	355	499	40	363	347	229	
69	444	337	95	399	36	221	162	
21	183	422	139	386	215	366	309	
192	111	85	96	471	341	53	459	
244	8	121	4	464	130	255	318	
316	62	424	132	80	214	256	304	
125	28	482	453	57	356	343	432	
364	278	493	121	471	234	287	105	
114	321	416	19	266	251	26	100	
155	91	405	387	159	221	161	247	
251	361	276	444	51	328	39	147	
402	269	323	230	206	143	449	93	
281	158	109	186	496	47	428	199	
483	394	261	302	108	454	101	132	
112	115	144	173	72	371	463	114	
69	474	337	303	346	420	304	404	
382	105	226	46	35	340	104	71	
125	171	312	254	9	45	40	258	
300	131	384	340	283	155	141	230	
144	30	343	322	411	191	37	89	
334	255	244	467	432	89	38	466	
470	184	2	295	320	87	412	194	
479	344	339	393	398	37	144	226	
5	229	333	133	446	320	281	167	
428	154	128	456	159	340	124	155	
15	98	429	138	406	96	191	67	
476	348	475	293	45	480	79	103	
305	194	384	274	369	494	43	271	
296	353	147	224	134	325	303	213	
25	212	493	446	380	333	223	83	
54	231	375	463	301	51	35	193	
93	399	205	198	455	90	62	265	
412	112	437	452	353	269	416	293	
19	217	187	427	339	80	323	491	
88	68	373	200	487	19	486	25	
308	232	25	213	86	201	471	408	
156	432	238	114	476	465	163	447	
484	120	35	397	352	485	164	199	
246	27	228	146	242	187	247	325	
262	288	158	178	452	333	332	150	
92	360	359	249	485	186	449	180	
90	97	18	337	130	430	432	193	
98	48	250	286	320	194	161	116	
50	366	249	285	179	304	12	325	
54	153	319	484	156	322	411	384	
153	366	43	308	156	404	254	102	
208	480	9	164	303	315	476	298	
13	76	432	324	444	129	46	244	
311	487	1	293	183	95	256	289	
428	373	498	468	282	24	409	487	
93	148	254	469	218	275	350	442	
170	272	26	190	496	188	334	148	
457	472	108	242	191	98	21	199	
287	47	332	219	20	298	184	446	
23	147	347	77	214	327	243	149	
135	208	90	225	184	122	209	152	
173	61	175	200	62	250	351	192	
116	97	494	205	372	358	34	259	
39	467	494	263	23	395	478	360	
208	53	282	478	498	303	466	337	
47	36	282	317	417	185	391	243	
300	359	166	280	392	157	88	369	
145	305	438	321	312	15	382	209	
93	125	290	137	156	353	98	276	
454	388	16	449	51	139	337	354	
393	387	0	407	47	70	142	265	
365	52	269	470	439	433	369	363	
423	69	221	47	256	129	497	24	
