8	9	40	
1	46	11	
29	33	40	
0	49	33	
36	2	8	
7	47	30	
41	11	1	
11	46	44	
13	9	8	
31	34	2	
12	3	27	
44	0	29	
8	37	13	
41	3	4	
25	49	22	
32	31	12	
1	49	7	
39	29	16	
22	5	26	
31	25	34	
44	12	26	
34	37	38	
40	13	10	
25	41	5	
40	48	5	
8	45	37	
35	23	6	
41	6	9	
46	49	42	
11	18	13	
19	31	22	
0	6	25	
49	41	46	
38	20	18	
13	37	45	
25	3	11	
8	10	24	
25	20	9	
22	16	9	
11	21	12	
49	18	31	
12	15	43	
45	1	3	
22	29	47	
9	40	26	
7	34	11	
27	22	36	
21	3	42	
26	34	31	
35	10	31	
81	88	74	
85	96	80	
67	69	52	
92	70	67	
98	81	50	
52	90	86	
59	53	72	
85	79	94	
79	66	88	
86	50	62	
67	99	85	
88	65	89	
81	99	84	
93	69	97	
81	76	63	
93	51	85	
75	85	51	
93	89	68	
53	56	52	
61	85	77	
86	60	87	
52	50	83	
86	95	92	
91	54	53	
80	65	56	
83	82	60	
93	66	98	
70	85	94	
86	51	83	
58	50	86	
59	77	70	
50	85	80	
60	58	55	
52	60	91	
84	87	79	
64	98	66	
71	50	85	
86	82	59	
50	83	58	
88	94	83	
67	57	85	
54	66	76	
88	89	59	
67	50	89	
65	89	59	
66	81	51	
57	69	71	
86	57	70	
64	65	61	
75	60	85	
138	145	112	
140	110	108	
115	145	121	
105	123	120	
119	103	128	
148	149	135	
134	102	103	
132	135	127	
126	136	127	
136	100	119	
122	132	128	
117	122	131	
134	102	128	
110	121	122	
101	129	123	
126	149	147	
135	128	109	
147	122	108	
136	142	115	
139	117	146	
125	145	109	
126	100	146	
129	115	111	
141	144	137	
106	117	107	
117	147	121	
119	117	100	
106	102	119	
103	128	132	
128	121	145	
112	143	136	
128	102	126	
145	138	147	
136	113	114	
107	140	125	
116	113	147	
120	138	134	
103	118	116	
134	149	106	
144	138	118	
141	132	124	
107	111	121	
130	149	113	
129	118	101	
131	103	146	
132	109	147	
142	121	122	
131	114	108	
107	111	117	
103	130	113	
168	185	158	
196	172	191	
174	152	151	
182	151	174	
153	156	176	
188	176	167	
163	159	187	
166	177	158	
151	168	164	
198	175	151	
180	192	182	
187	150	152	
196	198	192	
177	194	164	
167	181	195	
173	157	189	
165	195	194	
157	156	169	
158	187	192	
183	176	154	
174	176	189	
162	184	192	
163	153	152	
186	192	182	
158	179	199	
152	183	164	
157	192	156	
186	189	198	
170	198	199	
196	198	165	
156	164	160	
153	162	193	
171	190	174	
183	164	159	
197	182	181	
187	167	170	
192	190	160	
172	161	163	
184	199	182	
174	173	159	
167	173	185	
188	158	170	
167	162	193	
166	183	153	
174	182	181	
157	177	172	
174	179	175	
193	192	187	
199	153	186	
195	159	169	
214	200	207	
243	217	235	
237	231	227	
234	221	242	
226	204	212	
200	224	222	
239	245	231	
243	242	210	
231	219	237	
205	228	237	
246	203	205	
238	206	223	
240	243	210	
214	228	207	
225	231	238	
220	232	208	
247	234	228	
201	209	246	
208	209	234	
237	219	240	
202	216	249	
239	228	206	
235	232	216	
212	200	201	
233	244	200	
239	232	217	
224	202	226	
241	232	242	
220	214	236	
201	230	228	
231	201	215	
215	222	245	
218	214	209	
249	203	210	
221	240	244	
240	248	209	
206	243	215	
211	228	218	
226	208	236	
219	240	245	
227	230	228	
223	238	227	
221	217	210	
242	233	227	
210	232	239	
242	226	217	
214	204	213	
200	226	242	
220	243	226	
235	230	239	
269	297	268	
261	295	258	
276	263	265	
271	253	280	
283	257	255	
292	282	285	
262	292	268	
290	258	286	
254	274	262	
291	296	260	
294	269	254	
273	279	270	
252	287	274	
279	269	261	
278	264	282	
262	296	282	
253	275	267	
254	270	255	
279	287	275	
264	283	261	
253	268	251	
255	275	272	
260	281	256	
259	294	292	
292	296	287	
278	290	271	
281	289	267	
258	280	288	
262	290	255	
292	283	299	
256	280	265	
264	287	259	
264	272	291	
285	274	297	
265	277	290	
289	275	298	
272	271	292	
255	264	292	
285	264	296	
287	256	279	
292	261	252	
278	291	271	
254	263	282	
279	287	278	
267	272	283	
268	256	295	
261	289	296	
258	288	254	
288	268	254	
253	278	283	
315	322	305	
343	308	336	
327	337	310	
325	321	319	
330	329	305	
338	334	348	
324	330	341	
336	319	322	
321	309	304	
303	344	330	
312	335	309	
301	343	344	
313	318	344	
315	339	336	
332	320	331	
328	331	321	
341	332	328	
321	318	305	
331	347	307	
320	304	324	
348	327	313	
328	331	330	
339	338	330	
311	305	324	
316	318	324	
313	339	302	
314	323	340	
341	325	330	
334	319	314	
318	323	325	
342	321	331	
348	331	338	
319	336	309	
315	303	345	
320	310	342	
307	343	310	
340	301	343	
325	333	305	
322	312	349	
334	326	307	
311	337	313	
308	336	310	
305	332	343	
315	306	336	
327	305	332	
321	344	342	
340	343	320	
342	316	304	
327	326	347	
307	349	317	
377	359	378	
389	350	379	
390	391	394	
353	355	366	
360	363	391	
391	376	384	
362	367	361	
375	394	382	
377	374	387	
391	389	366	
355	383	388	
359	373	380	
386	376	351	
379	358	386	
385	362	374	
392	383	376	
376	364	360	
382	361	374	
389	362	352	
367	386	393	
383	390	389	
378	398	370	
373	355	388	
379	381	375	
379	352	357	
385	383	395	
360	359	390	
351	369	379	
386	385	360	
390	362	389	
380	387	374	
360	398	390	
354	382	368	
381	382	356	
395	358	389	
368	380	358	
397	354	363	
373	393	378	
367	384	391	
389	364	377	
355	368	398	
352	354	371	
386	350	380	
389	352	374	
357	385	359	
355	380	366	
355	362	363	
353	359	351	
383	362	384	
389	392	394	
422	430	441	
411	438	405	
404	445	436	
424	409	440	
444	406	414	
412	416	413	
449	402	431	
405	441	439	
425	406	449	
448	401	441	
423	441	429	
407	402	447	
445	443	435	
433	434	400	
414	440	423	
415	417	406	
410	434	442	
448	441	425	
447	410	430	
443	420	411	
406	426	412	
426	432	403	
426	420	446	
432	404	448	
418	436	438	
429	426	441	
408	400	434	
411	443	445	
441	412	434	
410	437	445	
422	439	437	
433	432	443	
419	420	442	
444	410	416	
445	425	416	
447	406	431	
444	438	421	
427	428	439	
414	413	439	
411	428	437	
427	440	411	
449	429	438	
437	426	411	
400	426	448	
442	402	415	
428	406	426	
404	410	403	
400	431	426	
445	426	406	
437	410	449	
457	495	452	
488	454	468	
463	478	490	
474	496	499	
483	453	460	
475	491	490	
497	485	468	
488	467	477	
478	473	482	
487	473	478	
469	450	475	
479	487	484	
489	456	493	
466	487	468	
465	459	476	
483	476	452	
474	463	464	
458	461	478	
487	486	451	
453	473	483	
482	450	465	
486	462	468	
475	478	492	
458	491	466	
455	481	457	
480	479	461	
485	473	459	
464	469	462	
490	470	469	
492	482	488	
468	450	482	
485	490	495	
484	488	485	
488	493	484	
454	474	479	
458	479	478	
477	486	485	
468	455	470	
498	465	476	
460	489	484	
485	464	470	
499	463	498	
476	481	453	
470	455	464	
460	464	456	
460	457	491	
470	488	464	
491	468	481	
461	481	490	
453	467	495	
46	44	11	17	
46	28	27	9	
0	3	13	17	
9	25	31	7	
14	48	42	45	
19	18	20	29	
26	30	14	4	
19	18	28	0	
1	26	49	7	
6	32	27	35	
23	46	44	0	
47	23	16	29	
1	2	24	6	
9	39	23	26	
21	8	28	1	
33	1	35	13	
28	38	41	24	
25	26	38	14	
41	38	10	44	
45	39	4	1	
28	9	46	18	
41	9	34	18	
7	14	46	27	
28	15	40	2	
4	16	2	5	
8	25	44	3	
31	43	4	22	
14	26	12	23	
49	23	42	48	
36	44	33	6	
46	34	4	10	
41	33	25	46	
22	25	28	14	
8	19	12	5	
21	4	49	17	
0	12	17	13	
19	46	43	25	
43	23	18	8	
1	46	11	43	
42	3	22	36	
1	7	11	12	
3	31	15	48	
29	15	5	26	
19	36	28	42	
0	21	9	24	
6	14	41	47	
19	26	20	45	
24	27	36	35	
40	10	13	31	
40	18	41	13	
75	67	59	98	
64	57	81	50	
64	70	69	76	
50	53	89	93	
92	89	53	70	
91	66	57	63	
86	65	78	79	
66	85	77	75	
99	91	71	88	
54	66	84	81	
87	59	74	57	
61	75	70	51	
55	94	57	74	
51	90	83	68	
92	55	84	95	
56	59	57	73	
77	84	66	89	
66	84	83	82	
88	85	83	53	
87	74	51	65	
66	88	58	51	
63	82	99	92	
97	51	76	68	
57	71	60	66	
73	57	60	94	
67	71	89	63	
52	91	99	57	
71	50	58	63	
54	78	86	62	
91	62	93	85	
75	64	96	59	
70	75	54	64	
97	77	75	53	
78	87	93	94	
74	67	95	92	
77	90	82	55	
61	65	52	56	
95	61	82	50	
96	93	88	80	
91	56	50	93	
50	89	93	56	
99	80	72	79	
99	95	90	57	
68	52	67	80	
87	88	93	96	
70	61	50	94	
63	77	80	65	
57	95	79	89	
85	63	62	59	
76	72	87	75	
107	118	143	101	
108	125	129	112	
116	145	132	140	
132	119	131	121	
126	105	130	141	
120	117	114	136	
120	145	107	112	
137	130	126	106	
130	144	109	111	
109	131	121	102	
107	122	135	101	
132	120	103	146	
107	114	134	115	
120	113	142	105	
112	114	140	119	
148	145	142	121	
136	130	140	137	
125	116	103	139	
118	147	117	138	
107	134	122	142	
134	107	132	124	
106	144	129	105	
110	123	144	120	
122	100	108	124	
139	124	142	127	
149	122	103	100	
107	124	118	104	
140	114	115	117	
115	104	112	100	
102	135	118	109	
134	143	135	115	
124	141	101	131	
126	111	148	133	
123	134	137	141	
125	146	117	124	
110	124	135	109	
107	105	123	112	
133	140	102	107	
120	139	144	141	
104	116	113	128	
138	143	129	104	
118	110	132	115	
106	148	135	147	
115	125	108	145	
143	109	136	107	
144	101	112	145	
132	113	125	109	
122	106	141	108	
134	136	133	144	
148	107	140	111	
192	185	159	156	
177	151	192	179	
183	185	155	187	
157	199	196	155	
184	195	182	190	
151	198	197	182	
199	153	194	186	
197	156	166	181	
169	152	174	197	
156	171	150	167	
191	165	178	172	
165	157	174	181	
152	199	170	171	
186	151	190	169	
165	150	156	169	
162	157	193	167	
187	199	175	155	
152	154	161	168	
172	195	194	184	
165	191	199	157	
195	151	198	180	
189	164	195	151	
187	173	174	196	
192	153	172	169	
165	196	180	160	
185	186	150	170	
181	163	173	170	
187	155	156	152	
154	162	197	156	
164	192	153	172	
164	150	178	153	
173	178	167	157	
177	191	198	169	
188	178	151	170	
182	167	155	192	
166	165	178	182	
174	186	160	162	
157	171	191	168	
184	150	190	175	
191	169	192	165	
193	190	192	195	
162	182	155	152	
198	194	185	171	
168	178	181	163	
182	184	194	193	
182	196	194	189	
153	173	181	172	
152	185	169	197	
152	198	184	177	
180	157	186	169	
224	220	203	234	
233	201	228	239	
205	214	215	213	
206	249	243	219	
226	246	241	248	
209	223	220	240	
243	203	241	242	
215	240	220	241	
236	219	245	208	
206	210	208	235	
242	203	241	233	
221	228	243	211	
232	228	238	201	
218	223	249	213	
216	241	229	242	
236	247	202	206	
215	200	234	206	
212	232	234	218	
224	219	238	201	
239	223	205	216	
230	218	232	212	
230	228	224	209	
240	237	230	239	
214	213	233	218	
211	220	243	208	
216	220	238	225	
207	226	239	231	
245	214	219	210	
238	215	222	216	
230	217	233	248	
222	249	206	221	
232	211	236	228	
218	214	215	200	
241	213	245	234	
204	228	217	212	
203	226	239	235	
203	219	232	220	
206	202	237	216	
230	244	233	228	
215	219	244	242	
205	214	212	209	
206	216	203	204	
244	246	237	208	
243	226	244	210	
238	219	229	233	
202	234	240	222	
207	219	228	247	
247	244	203	218	
246	205	228	239	
201	216	249	245	
259	286	283	263	
262	255	297	284	
281	298	254	293	
271	283	252	266	
290	268	296	252	
292	290	257	281	
293	281	267	269	
250	296	286	262	
261	258	279	287	
281	298	274	284	
274	295	298	255	
268	293	255	287	
272	258	280	292	
265	262	294	290	
254	286	264	271	
286	265	278	273	
264	268	285	289	
252	262	282	266	
294	260	251	287	
285	265	286	290	
296	264	265	290	
259	288	283	252	
284	265	272	298	
293	286	250	267	
285	281	275	290	
255	267	265	262	
294	278	253	272	
268	297	293	251	
263	251	296	278	
282	290	262	263	
281	292	284	250	
285	273	299	298	
292	276	268	285	
286	278	297	275	
288	273	251	292	
297	271	276	277	
297	250	260	296	
250	296	280	274	
292	280	279	274	
257	287	255	285	
275	279	285	283	
266	298	281	277	
287	252	293	256	
273	285	251	289	
260	252	281	290	
250	289	252	298	
286	290	282	281	
293	250	262	256	
285	263	286	253	
277	290	296	256	
331	324	317	302	
330	325	310	336	
301	333	325	332	
316	345	331	307	
349	340	319	302	
342	305	321	333	
318	336	304	313	
336	334	305	332	
333	336	343	345	
344	347	323	330	
312	328	343	308	
341	310	328	312	
302	347	336	315	
324	340	303	314	
340	312	313	311	
305	309	315	343	
307	339	320	337	
347	332	305	313	
344	326	334	311	
320	317	304	347	
335	341	324	307	
315	348	314	321	
327	305	310	319	
348	326	337	328	
340	344	337	343	
345	314	303	323	
332	312	309	310	
321	301	306	335	
307	324	323	309	
325	306	341	331	
310	317	301	333	
302	327	304	349	
343	320	346	300	
328	344	319	301	
310	347	320	314	
304	336	305	324	
320	322	348	331	
326	304	310	323	
310	311	302	316	
329	342	311	312	
329	324	323	319	
320	316	345	311	
335	313	339	302	
344	306	345	311	
342	308	339	316	
318	327	326	300	
335	319	305	346	
344	318	310	325	
341	314	303	301	
300	342	349	345	
380	372	358	396	
398	390	375	361	
388	354	397	398	
352	389	398	392	
390	395	382	360	
369	351	354	383	
368	350	374	393	
357	390	391	365	
395	371	355	362	
368	369	394	381	
398	377	389	363	
388	384	365	367	
390	372	391	361	
392	384	366	362	
360	350	374	391	
385	350	369	386	
385	360	370	384	
390	366	358	362	
369	394	379	365	
394	372	374	395	
383	368	376	367	
358	397	370	376	
360	387	394	364	
378	394	399	358	
380	364	388	373	
373	352	358	382	
375	356	354	361	
394	363	364	351	
383	375	388	370	
384	377	370	378	
366	373	379	367	
382	355	372	377	
392	372	370	352	
362	383	384	382	
388	352	393	384	
389	381	378	376	
391	358	370	395	
373	383	360	386	
369	371	373	378	
359	365	350	376	
395	376	370	371	
382	360	383	368	
366	374	388	367	
391	375	370	374	
383	367	370	394	
379	363	360	382	
373	371	382	399	
363	354	383	395	
382	383	360	359	
355	369	391	371	
435	439	438	413	
440	407	412	408	
429	446	423	406	
427	409	434	429	
400	424	429	423	
437	400	408	432	
439	422	401	449	
444	447	413	418	
439	446	411	408	
401	403	439	411	
413	432	433	427	
420	428	435	444	
423	439	443	431	
441	433	439	419	
420	422	426	408	
422	430	431	445	
414	416	421	447	
441	426	412	418	
413	435	442	429	
403	409	425	401	
446	440	425	426	
449	441	428	417	
422	425	404	446	
430	421	427	413	
448	407	422	449	
440	446	414	444	
408	439	432	433	
440	430	415	432	
426	423	434	410	
408	445	421	413	
436	400	408	439	
432	405	409	431	
442	444	409	443	
417	429	444	432	
413	429	444	422	
400	410	422	405	
446	408	449	442	
447	425	403	445	
407	410	436	421	
404	403	449	442	
409	413	442	421	
448	434	400	418	
440	407	433	421	
448	414	422	411	
441	442	427	431	
429	441	431	442	
417	401	437	444	
400	446	425	439	
427	417	404	441	
416	411	410	404	
462	465	475	455	
488	483	466	457	
470	474	476	459	
494	475	489	468	
499	466	491	471	
451	489	458	494	
490	476	468	493	
474	487	482	475	
450	498	481	483	
452	474	459	486	
480	487	461	464	
485	477	452	497	
477	457	474	475	
472	452	481	475	
454	462	490	471	
452	460	475	466	
464	494	490	497	
463	466	469	479	
467	457	473	478	
452	491	459	450	
455	478	493	484	
492	456	466	478	
490	491	481	483	
458	466	498	473	
454	475	492	450	
469	481	464	484	
487	457	497	459	
475	467	466	482	
480	470	497	499	
455	491	467	468	
462	460	494	468	
474	467	454	496	
490	460	494	453	
460	466	477	481	
450	481	478	488	
481	473	450	466	
491	489	452	474	
458	497	485	491	
490	451	492	450	
473	466	450	496	
495	482	469	481	
464	452	457	479	
495	497	453	490	
497	454	488	470	
470	472	485	495	
452	495	467	463	
460	477	474	490	
465	470	473	492	
466	451	497	467	
457	458	480	464	
19	27	48	41	16	
2	12	9	16	24	
30	22	36	20	10	
12	10	25	42	28	
17	43	15	35	12	
2	34	25	42	31	
44	26	27	35	20	
26	3	44	24	16	
26	12	3	30	22	
49	22	46	38	19	
24	32	40	45	41	
24	25	46	29	43	
3	38	20	31	16	
22	48	23	14	17	
44	37	27	22	12	
8	29	22	32	11	
38	22	18	33	24	
49	10	12	21	1	
24	9	28	7	3	
14	29	42	0	12	
22	8	28	18	9	
21	46	16	13	37	
32	49	7	42	14	
9	14	37	38	4	
31	13	18	40	3	
48	45	44	9	43	
20	2	35	0	22	
46	8	32	40	29	
27	24	39	0	6	
26	21	6	40	43	
19	28	2	13	45	
16	22	14	46	23	
40	17	3	6	33	
15	32	24	41	29	
11	21	30	43	18	
35	46	15	8	1	
6	9	11	36	2	
48	16	25	32	26	
25	40	26	23	24	
49	39	44	26	29	
22	42	9	47	27	
6	23	42	7	41	
32	23	44	16	8	
32	44	26	38	18	
10	38	1	24	11	
0	44	4	34	1	
6	44	2	31	15	
36	41	47	19	39	
48	2	23	25	37	
0	49	42	37	33	
52	80	70	63	61	
80	76	60	64	65	
77	92	56	96	80	
98	80	89	52	60	
50	85	72	84	55	
83	69	99	60	53	
69	59	88	50	95	
64	71	91	50	68	
85	83	59	80	63	
57	69	50	91	58	
78	97	95	96	88	
71	50	53	56	97	
90	79	50	57	94	
78	97	55	83	91	
92	67	61	55	69	
67	65	76	62	94	
63	65	64	75	67	
81	64	58	55	86	
79	56	53	65	61	
78	94	64	75	82	
65	60	86	58	80	
92	76	67	64	90	
59	74	66	63	98	
73	88	75	63	58	
66	67	54	61	60	
78	64	67	84	52	
67	75	96	52	86	
80	65	63	70	57	
58	92	78	97	98	
99	91	63	51	71	
60	82	86	88	61	
55	62	77	88	76	
89	82	96	80	72	
74	53	72	50	78	
68	88	60	70	59	
76	52	86	81	70	
97	50	70	75	90	
67	72	64	82	73	
53	58	55	69	79	
56	72	87	96	61	
64	74	51	58	68	
92	54	57	77	84	
50	56	66	89	52	
65	96	92	93	58	
57	99	60	72	82	
96	90	60	84	73	
99	63	66	97	86	
93	53	64	95	56	
52	54	84	82	50	
86	99	85	89	69	
149	108	133	118	107	
116	108	110	121	149	
127	126	124	139	135	
100	144	101	119	117	
145	114	105	137	121	
115	118	144	111	100	
103	123	110	136	126	
103	110	102	118	126	
122	132	131	124	134	
129	140	131	115	125	
102	131	106	143	104	
148	144	114	104	118	
128	112	135	104	148	
120	111	117	137	103	
135	144	124	120	102	
138	140	110	113	131	
134	118	117	130	136	
115	126	134	146	141	
135	125	136	148	144	
115	146	144	138	119	
128	141	132	147	121	
139	144	105	125	138	
139	106	114	113	120	
123	100	145	139	143	
135	102	142	111	149	
120	135	108	118	121	
110	129	148	108	136	
142	107	112	145	108	
103	112	119	118	126	
146	134	108	121	141	
131	129	113	100	139	
145	144	136	104	116	
126	121	115	147	118	
112	143	131	101	113	
120	113	142	130	103	
127	109	118	149	126	
123	111	144	125	133	
147	148	102	127	125	
139	101	147	118	138	
130	108	101	136	114	
116	112	145	126	120	
130	143	106	149	115	
139	125	132	128	100	
118	108	141	127	101	
111	107	121	113	112	
115	108	125	113	117	
128	135	148	129	145	
101	130	115	133	135	
121	118	138	100	104	
103	117	101	127	105	
187	164	186	153	185	
186	156	174	158	197	
193	171	195	170	190	
152	174	183	195	157	
195	197	153	175	163	
175	177	199	180	198	
196	183	168	172	169	
150	188	194	193	161	
161	184	150	192	174	
160	179	192	159	158	
169	154	185	195	184	
173	190	158	195	152	
156	189	158	197	180	
172	171	196	174	159	
169	175	156	181	177	
184	158	178	154	179	
196	199	153	163	178	
193	173	157	192	160	
159	157	189	179	172	
174	181	152	173	169	
196	180	151	177	178	
154	176	162	170	155	
175	177	181	161	176	
161	165	190	184	159	
151	191	177	178	194	
196	170	175	194	176	
151	169	164	189	182	
164	154	166	177	198	
161	153	176	163	185	
188	159	184	187	180	
187	185	195	153	159	
178	165	156	153	169	
181	196	176	194	173	
197	185	156	153	199	
180	185	188	153	192	
172	177	171	162	187	
173	193	190	196	180	
159	165	195	189	196	
196	161	168	175	191	
177	180	162	183	193	
165	173	157	178	179	
194	198	183	188	199	
178	191	151	189	183	
193	166	165	150	191	
182	163	170	175	156	
158	176	165	177	169	
188	178	190	192	176	
186	199	160	174	175	
153	189	193	155	174	
191	179	155	158	163	
242	216	202	229	235	
240	203	207	204	205	
249	235	245	246	209	
230	207	246	221	212	
235	212	233	228	237	
201	244	202	238	219	
246	203	223	236	207	
233	209	231	223	200	
200	231	214	215	226	
245	220	230	227	218	
219	240	226	245	232	
219	215	209	249	225	
246	209	229	226	238	
203	220	232	204	228	
206	240	227	202	243	
213	203	239	201	211	
227	229	218	225	214	
217	245	206	243	209	
245	205	208	202	227	
204	234	205	235	209	
221	211	238	247	242	
222	207	248	212	246	
240	228	239	238	203	
204	202	206	229	225	
225	231	226	208	249	
207	206	232	248	209	
233	204	203	222	200	
229	244	223	235	241	
238	223	230	203	204	
221	208	236	232	245	
225	200	228	240	221	
249	224	231	226	242	
210	239	237	225	231	
217	212	236	246	208	
238	202	209	230	222	
243	234	238	218	216	
221	230	228	204	225	
213	244	246	212	210	
234	241	248	201	208	
230	242	210	232	204	
247	246	232	204	209	
215	218	214	227	211	
221	234	248	220	247	
243	220	222	248	242	
222	245	231	217	244	
237	212	200	202	226	
202	222	209	200	210	
218	222	234	211	242	
200	206	203	219	212	
223	209	202	213	237	
263	286	273	269	258	
280	281	267	271	275	
287	289	266	269	286	
283	281	291	278	285	
274	279	271	287	252	
285	262	295	281	254	
259	288	267	258	274	
291	255	260	287	276	
281	296	268	270	293	
270	266	278	297	289	
279	270	296	268	266	
286	250	274	256	289	
299	290	259	282	253	
250	261	256	275	296	
278	255	274	296	250	
299	283	251	256	265	
287	276	268	290	255	
251	257	290	256	283	
280	272	279	267	291	
287	286	254	261	292	
264	257	280	263	290	
275	281	283	257	277	
268	261	271	254	273	
287	264	253	261	281	
267	266	286	256	293	
286	283	278	266	263	
283	290	275	286	259	
274	261	264	260	281	
290	263	296	291	288	
260	292	297	273	272	
259	272	287	273	291	
280	260	288	296	299	
261	296	287	295	254	
264	283	291	256	259	
297	275	280	271	261	
250	261	273	257	271	
295	297	256	254	278	
258	257	279	281	273	
296	295	290	278	253	
269	255	253	287	294	
265	292	275	272	254	
274	269	266	299	278	
275	291	251	294	269	
253	291	299	281	280	
272	257	288	282	276	
256	273	272	286	295	
267	275	254	278	293	
256	278	287	268	250	
259	271	292	295	284	
265	285	287	258	261	
304	338	307	345	320	
319	304	333	309	310	
317	308	322	326	334	
328	301	327	334	343	
347	306	342	314	308	
328	302	323	312	347	
309	302	315	318	304	
326	300	329	309	319	
345	307	341	320	329	
348	303	347	302	325	
305	322	310	339	316	
320	335	305	333	331	
332	348	349	329	308	
304	302	334	347	336	
315	329	327	316	341	
310	315	305	313	323	
339	344	335	313	325	
343	312	319	333	328	
335	309	344	305	304	
312	340	324	333	304	
314	303	349	343	335	
317	307	335	313	327	
342	314	313	310	305	
321	339	316	303	335	
324	343	306	302	321	
307	344	334	315	346	
337	328	332	343	324	
337	319	332	329	333	
328	313	343	329	337	
310	328	311	343	334	
330	349	322	321	316	
342	309	333	320	346	
318	325	342	314	338	
339	333	322	300	342	
310	319	331	349	342	
344	336	325	319	316	
325	330	316	314	341	
311	327	315	313	319	
320	343	334	303	346	
343	307	310	324	312	
342	305	327	336	311	
345	304	342	309	347	
300	318	334	347	330	
340	311	314	322	333	
325	318	347	345	301	
312	345	332	309	301	
334	325	328	322	304	
346	301	341	344	311	
340	327	318	332	328	
314	331	318	336	345	
366	389	378	379	383	
352	397	350	391	351	
354	374	357	392	364	
377	374	368	381	396	
359	350	374	351	380	
399	379	363	398	359	
385	355	363	354	388	
374	389	378	392	362	
376	356	396	365	392	
398	386	364	394	368	
397	372	362	376	375	
362	368	396	394	387	
359	384	371	356	361	
383	351	367	391	378	
379	385	383	393	384	
375	356	368	354	364	
354	375	358	356	371	
379	397	364	354	374	
364	389	361	393	385	
371	352	394	367	382	
355	352	373	383	357	
365	367	353	394	383	
373	367	396	359	383	
362	365	369	394	393	
365	357	368	383	399	
366	373	388	352	390	
396	383	369	353	367	
372	384	389	371	399	
371	352	380	365	386	
360	389	395	354	359	
387	395	399	360	379	
399	390	388	366	351	
352	378	374	357	393	
392	383	366	352	361	
365	375	374	388	369	
372	355	391	390	383	
365	367	354	369	378	
363	355	391	376	383	
382	381	394	398	375	
396	361	387	388	373	
368	398	393	385	399	
391	373	372	356	399	
379	399	395	385	368	
392	372	374	365	359	
395	358	374	375	389	
365	372	394	383	384	
353	372	397	367	389	
365	393	356	387	390	
393	355	363	367	382	
388	390	396	379	366	
406	409	440	422	413	
419	407	422	410	409	
428	439	423	440	420	
423	435	429	438	409	
418	426	427	412	419	
444	431	404	401	436	
421	436	400	445	429	
420	448	424	411	404	
410	443	414	446	404	
402	417	437	425	438	
413	432	449	421	433	
407	416	438	422	411	
441	445	447	404	417	
401	440	429	404	406	
406	425	447	424	416	
431	401	447	440	415	
419	415	420	449	424	
412	416	418	421	433	
428	437	405	410	422	
425	409	412	418	430	
420	418	439	402	408	
401	424	429	408	411	
402	436	448	410	401	
415	403	402	416	441	
400	414	443	427	407	
416	437	403	430	448	
435	436	412	439	440	
445	425	402	407	434	
448	423	420	424	415	
443	419	409	432	446	
431	414	427	443	421	
424	435	425	427	401	
425	412	400	401	409	
448	425	423	408	429	
423	441	403	414	430	
419	434	412	448	443	
411	413	426	408	407	
443	420	407	436	402	
427	409	410	422	413	
401	445	403	427	444	
421	405	400	440	418	
445	425	427	443	414	
421	408	438	423	400	
434	442	408	449	422	
446	410	433	416	403	
422	430	403	441	435	
425	449	437	435	420	
424	425	416	422	403	
448	441	442	436	417	
400	420	439	434	414	
450	484	490	466	489	
452	481	485	457	476	
496	494	451	454	480	
487	475	453	482	460	
450	497	451	470	477	
475	498	477	491	484	
475	464	479	489	466	
483	470	496	463	460	
465	499	486	463	482	
470	476	473	469	462	
456	455	468	457	469	
452	473	467	462	482	
486	477	460	492	475	
459	464	483	499	479	
475	488	454	450	484	
487	468	472	463	466	
481	461	469	474	486	
469	489	484	485	455	
496	487	455	475	480	
458	471	497	472	459	
493	467	480	484	462	
450	498	455	483	476	
482	456	461	465	474	
468	480	499	482	493	
486	485	497	475	498	
493	472	452	491	454	
484	480	455	498	485	
492	471	467	497	458	
451	477	466	498	457	
496	489	469	495	466	
480	492	459	493	487	
460	450	453	490	491	
474	469	477	459	490	
459	453	497	466	476	
456	486	468	481	494	
461	480	495	485	470	
459	466	488	490	498	
497	470	455	475	491	
486	465	451	490	475	
452	478	474	455	457	
486	482	459	485	479	
485	461	460	456	453	
479	494	490	495	476	
478	489	485	466	472	
485	479	464	494	462	
498	485	457	496	462	
456	497	464	478	493	
460	495	499	476	487	
474	482	459	499	479	
452	472	469	466	459	
