24	41	35	
24	41	45	
6	42	2	
37	45	18	
23	7	36	
37	23	43	
40	12	17	
34	24	12	
14	38	9	
19	44	22	
24	48	4	
0	21	16	
48	14	21	
35	27	20	
14	28	39	
41	36	27	
33	14	30	
14	1	33	
43	35	23	
26	17	45	
23	31	32	
41	14	49	
10	48	46	
36	5	16	
49	41	38	
42	48	49	
22	44	29	
39	38	24	
2	48	0	
48	46	45	
7	41	17	
13	25	21	
43	47	18	
47	49	18	
14	40	43	
17	26	4	
4	7	35	
7	39	40	
1	19	10	
42	10	2	
2	8	22	
18	47	16	
30	2	0	
46	11	47	
4	6	43	
31	24	41	
33	39	31	
27	21	8	
11	26	42	
12	37	20	
69	67	65	
97	98	78	
56	70	57	
69	97	84	
92	85	68	
90	80	95	
81	74	58	
68	77	66	
55	78	53	
79	67	94	
91	87	61	
62	94	96	
89	87	91	
50	99	85	
83	56	61	
97	93	78	
86	81	57	
93	79	85	
90	61	63	
62	86	58	
83	63	70	
93	76	92	
99	58	52	
68	74	77	
64	81	76	
51	74	92	
98	55	54	
58	51	52	
59	82	94	
61	57	77	
84	78	50	
82	55	79	
75	96	85	
50	93	63	
59	82	94	
72	93	62	
99	58	81	
88	51	73	
90	76	96	
69	99	97	
89	50	68	
66	94	67	
73	84	57	
94	51	56	
62	50	86	
81	85	91	
59	93	79	
65	83	79	
81	56	77	
91	61	99	
126	109	106	
109	115	130	
104	111	113	
129	110	130	
121	120	145	
140	121	102	
134	127	109	
119	129	140	
141	114	140	
131	146	103	
138	130	148	
149	126	145	
125	111	141	
121	137	124	
144	101	143	
100	106	134	
149	107	111	
130	127	101	
117	133	132	
101	135	132	
108	120	140	
108	142	131	
100	148	106	
134	113	108	
137	146	113	
120	108	141	
147	129	100	
148	139	149	
117	135	118	
107	123	109	
135	133	122	
125	135	120	
120	142	144	
145	133	120	
122	133	143	
104	103	105	
112	129	125	
126	142	100	
132	104	123	
108	130	134	
109	124	114	
100	127	139	
118	123	113	
116	119	143	
124	118	149	
134	116	129	
102	136	134	
128	104	120	
148	104	146	
141	134	123	
199	169	176	
152	188	175	
157	158	190	
195	191	162	
182	180	190	
162	180	150	
182	190	155	
177	166	173	
193	166	181	
153	185	151	
168	174	197	
159	161	187	
153	152	199	
161	194	186	
181	178	183	
160	161	185	
157	177	182	
174	156	165	
176	175	195	
176	159	154	
162	152	155	
155	167	187	
181	171	199	
166	160	179	
158	172	197	
162	189	176	
197	160	184	
172	183	189	
193	168	184	
161	151	190	
172	160	170	
182	189	188	
155	180	152	
153	152	168	
175	194	182	
166	176	197	
160	172	181	
184	152	189	
170	189	153	
193	197	163	
189	163	173	
168	155	198	
192	193	154	
156	181	184	
164	163	184	
155	166	184	
169	197	151	
171	181	199	
171	186	197	
171	196	154	
206	209	245	
218	205	213	
210	209	221	
216	218	224	
202	231	233	
226	213	231	
242	216	241	
206	216	205	
208	207	234	
242	210	228	
218	244	234	
228	217	211	
219	214	209	
232	217	201	
203	235	201	
207	217	214	
201	236	239	
246	234	227	
205	241	212	
216	226	217	
234	235	238	
245	220	237	
226	228	220	
215	225	245	
234	200	211	
211	218	210	
214	201	211	
212	211	235	
239	216	248	
240	228	223	
205	233	221	
249	202	245	
243	200	220	
236	223	242	
218	232	210	
249	215	244	
224	231	200	
209	211	237	
241	243	247	
243	231	200	
215	243	242	
244	247	228	
248	204	246	
227	206	210	
207	234	230	
220	210	233	
241	239	209	
236	231	242	
230	208	211	
225	203	235	
299	276	277	
297	284	258	
254	297	279	
279	260	286	
250	295	253	
265	299	280	
271	260	296	
270	271	257	
279	258	296	
272	280	251	
266	268	274	
288	286	279	
261	265	298	
271	288	255	
279	256	268	
263	277	255	
275	272	286	
282	263	298	
290	274	277	
286	264	289	
265	273	274	
295	276	254	
251	264	255	
254	297	257	
274	284	279	
280	281	263	
257	296	286	
272	255	269	
275	299	253	
270	250	299	
259	280	294	
284	276	295	
280	282	255	
259	283	267	
292	271	275	
255	290	276	
290	285	284	
287	276	253	
290	278	285	
290	285	291	
256	288	266	
294	287	261	
274	298	263	
280	269	262	
276	286	297	
281	293	271	
256	266	250	
289	278	261	
293	276	281	
288	265	285	
313	312	324	
316	322	341	
338	334	335	
346	303	315	
315	348	335	
340	323	347	
341	336	316	
344	343	337	
339	337	346	
318	339	324	
327	315	331	
319	345	303	
309	325	314	
307	314	333	
318	332	345	
325	339	315	
322	336	306	
335	321	313	
301	318	321	
316	301	342	
307	328	339	
300	340	324	
334	315	314	
335	340	310	
335	321	310	
330	303	331	
313	327	337	
301	317	334	
323	339	317	
328	312	340	
335	340	318	
301	334	319	
307	349	323	
330	302	320	
301	316	325	
333	340	346	
340	311	329	
309	302	328	
323	320	347	
303	345	335	
309	307	343	
345	310	332	
310	319	329	
302	325	328	
300	314	335	
318	322	306	
346	314	336	
332	317	328	
342	326	301	
334	306	348	
352	395	378	
358	373	352	
364	376	381	
382	361	391	
351	365	363	
369	394	378	
367	350	365	
389	391	356	
354	355	373	
362	394	370	
368	359	354	
364	356	385	
362	369	351	
368	375	378	
394	365	393	
354	385	358	
366	390	385	
392	362	378	
379	382	394	
372	351	385	
388	382	364	
397	377	376	
386	351	399	
353	388	376	
354	398	353	
389	350	372	
393	351	396	
390	380	395	
356	382	383	
388	369	389	
391	395	390	
355	369	353	
357	380	388	
373	369	351	
363	390	356	
367	387	394	
380	354	383	
356	371	375	
365	361	356	
362	361	375	
388	385	363	
392	375	385	
356	361	374	
394	359	383	
394	357	397	
391	354	398	
363	364	350	
368	369	366	
397	364	351	
350	367	382	
400	449	418	
446	443	438	
411	445	421	
412	440	449	
426	435	410	
441	429	413	
403	431	404	
435	438	401	
437	406	400	
433	422	417	
424	425	428	
434	423	427	
427	423	442	
417	433	403	
428	436	422	
415	436	421	
423	422	433	
413	407	431	
428	444	435	
446	411	427	
432	410	444	
409	402	425	
416	400	422	
426	423	443	
406	421	444	
444	427	402	
427	443	413	
449	416	444	
406	436	424	
427	432	404	
406	433	427	
432	440	436	
403	438	404	
445	426	420	
428	423	419	
435	421	406	
406	412	437	
435	401	406	
424	410	443	
411	408	414	
448	447	404	
435	448	420	
421	423	401	
423	434	436	
414	408	416	
432	425	400	
430	413	410	
418	401	437	
420	441	434	
422	434	426	
488	482	457	
487	463	484	
495	480	489	
490	466	474	
485	459	484	
489	451	484	
477	467	452	
452	491	483	
492	488	451	
487	467	470	
462	495	497	
491	455	494	
497	486	457	
463	485	496	
466	452	458	
488	463	481	
475	483	450	
460	478	498	
485	458	455	
494	476	454	
464	456	487	
470	494	483	
482	487	458	
477	450	474	
451	478	472	
470	491	452	
460	490	499	
458	478	461	
472	488	452	
472	460	459	
477	496	493	
498	490	455	
451	469	463	
482	450	456	
472	478	474	
491	457	495	
482	476	458	
498	490	451	
453	477	451	
484	490	457	
474	477	459	
462	478	492	
478	451	479	
481	492	496	
456	463	483	
493	469	491	
488	485	474	
477	487	499	
494	487	453	
493	480	455	
14	43	2	5	
1	26	36	6	
14	8	39	10	
31	39	35	37	
6	39	28	17	
44	43	4	0	
31	5	45	39	
30	18	15	23	
47	41	35	12	
11	36	43	3	
18	41	37	13	
11	29	31	40	
35	25	39	37	
39	7	48	45	
16	39	30	34	
31	9	10	44	
4	40	47	49	
5	36	47	12	
22	43	32	19	
41	48	45	1	
33	29	8	3	
34	42	17	1	
12	15	38	48	
11	1	42	23	
27	42	16	31	
37	2	19	8	
30	19	0	23	
24	16	37	14	
6	44	29	8	
23	11	47	19	
27	15	46	16	
31	9	18	12	
3	28	31	26	
20	25	5	34	
2	28	12	45	
26	10	33	3	
9	43	19	3	
23	43	13	34	
42	20	40	12	
31	11	33	37	
20	19	4	34	
48	16	28	20	
2	10	36	41	
23	28	1	43	
17	12	33	11	
23	15	36	29	
38	2	40	3	
30	29	11	48	
30	8	0	7	
1	17	48	29	
96	81	67	75	
92	84	89	65	
89	64	52	71	
69	58	92	60	
80	97	70	81	
76	68	60	78	
64	71	63	52	
92	61	70	96	
87	54	69	66	
76	81	72	91	
81	50	56	71	
67	81	66	51	
91	54	73	93	
50	56	73	89	
95	53	55	82	
67	76	77	80	
71	85	65	52	
78	51	69	52	
79	83	61	54	
74	94	92	51	
93	98	63	51	
76	55	53	69	
57	53	83	99	
50	78	84	99	
76	64	74	71	
62	59	67	85	
80	88	92	66	
78	83	75	92	
50	67	53	90	
75	62	56	82	
50	78	60	77	
57	78	63	77	
74	69	75	68	
97	55	96	64	
54	96	64	89	
88	61	94	79	
83	93	52	57	
96	63	95	82	
73	76	61	67	
53	60	81	73	
90	64	89	68	
51	90	68	77	
55	78	86	89	
98	68	61	71	
81	84	57	69	
77	66	96	60	
52	85	75	57	
59	61	57	83	
78	83	64	89	
53	59	71	62	
101	138	104	111	
129	121	143	123	
138	131	104	122	
146	113	139	135	
136	118	139	107	
138	105	122	126	
145	124	103	104	
115	112	109	131	
111	105	118	137	
118	122	111	115	
100	129	142	124	
129	126	149	140	
107	145	135	102	
113	133	134	147	
124	126	113	130	
139	146	110	149	
122	109	131	100	
119	128	139	127	
102	146	103	148	
129	106	147	109	
123	142	136	114	
131	123	148	141	
136	116	147	144	
144	127	107	148	
141	128	126	135	
139	128	106	135	
132	101	122	131	
127	130	146	102	
117	137	121	126	
142	116	146	111	
146	103	115	141	
124	125	101	143	
136	143	104	107	
141	101	102	119	
113	149	121	112	
133	141	136	132	
138	102	145	143	
130	108	134	142	
138	116	106	136	
138	146	104	142	
120	104	122	137	
149	113	138	121	
126	106	132	146	
116	109	122	137	
113	108	137	149	
149	117	147	148	
139	125	101	149	
132	141	122	146	
124	139	120	148	
103	144	140	110	
156	189	181	174	
195	153	158	192	
190	151	175	189	
190	174	197	175	
177	169	189	191	
161	182	183	188	
159	154	168	185	
152	168	190	160	
188	162	171	163	
195	191	194	155	
188	164	168	190	
196	174	186	181	
171	197	187	168	
174	155	183	199	
177	156	176	153	
166	162	167	180	
180	186	164	181	
170	155	156	184	
193	160	175	191	
167	182	190	168	
155	199	198	189	
197	184	193	179	
163	195	192	187	
173	178	187	151	
191	161	183	169	
193	186	169	153	
156	188	186	155	
184	181	192	195	
163	190	150	192	
195	171	162	150	
159	154	161	162	
157	150	198	162	
156	175	159	171	
164	167	198	184	
186	157	174	181	
165	190	183	176	
195	164	180	168	
188	199	157	191	
196	198	158	197	
175	162	186	176	
174	162	168	167	
170	195	196	192	
194	155	166	183	
151	158	192	170	
188	150	164	167	
152	179	182	158	
161	193	199	174	
152	191	172	150	
169	173	158	175	
187	199	191	150	
238	240	205	234	
230	231	217	239	
243	234	215	222	
214	242	233	235	
219	238	216	247	
210	241	233	223	
209	215	249	211	
201	218	220	221	
242	209	225	203	
230	202	206	223	
223	202	232	244	
216	236	217	240	
237	230	201	204	
241	236	215	225	
238	210	241	211	
237	201	226	228	
221	219	223	232	
247	225	231	213	
210	216	206	218	
229	211	212	217	
211	216	207	213	
212	216	215	202	
222	208	213	229	
235	206	209	210	
247	228	202	201	
241	246	242	222	
213	203	201	225	
249	214	201	246	
233	236	246	211	
202	211	228	247	
240	230	211	231	
233	212	204	216	
234	214	213	218	
219	244	243	215	
235	236	220	240	
206	203	237	234	
207	202	241	232	
243	248	238	219	
202	207	236	233	
211	217	241	239	
205	208	240	242	
218	221	209	238	
232	213	201	237	
206	200	246	232	
235	211	237	239	
241	246	244	216	
246	227	221	207	
230	234	202	213	
221	204	236	208	
209	249	205	212	
269	250	262	287	
273	252	269	271	
259	274	284	264	
280	275	281	276	
261	266	264	293	
299	297	280	269	
293	285	298	278	
268	265	291	251	
289	267	297	261	
267	281	269	291	
269	292	254	295	
264	273	256	295	
297	273	286	261	
255	278	259	276	
270	272	256	274	
257	298	263	294	
268	273	287	250	
283	272	251	280	
284	294	286	251	
263	286	282	261	
266	262	260	268	
252	263	270	294	
281	283	257	267	
262	251	261	287	
273	299	295	252	
284	299	262	274	
253	263	260	275	
263	284	270	286	
283	280	289	288	
275	258	256	269	
293	278	296	276	
252	266	276	296	
254	260	264	271	
274	291	265	298	
292	291	285	296	
299	287	253	283	
267	292	294	275	
281	268	282	261	
282	258	271	261	
284	262	265	279	
267	259	272	255	
286	276	285	259	
256	297	293	281	
265	254	259	297	
290	270	253	265	
275	274	286	288	
251	279	276	281	
284	250	298	283	
280	254	267	298	
272	258	285	281	
324	337	312	331	
340	310	315	321	
346	313	341	321	
322	307	309	320	
347	303	310	311	
305	314	346	323	
311	310	335	304	
325	309	339	333	
327	306	334	317	
343	331	300	338	
304	342	302	300	
343	306	329	315	
309	332	312	318	
323	327	349	329	
337	302	339	306	
308	343	329	316	
337	320	331	307	
333	326	341	325	
339	344	341	330	
314	334	349	326	
324	331	310	307	
301	326	315	348	
302	301	318	316	
310	337	313	341	
301	302	312	341	
306	333	304	316	
334	305	329	347	
315	300	311	343	
322	340	332	330	
324	328	323	343	
309	341	332	322	
333	348	326	312	
332	322	348	329	
334	313	315	346	
304	324	334	346	
348	321	308	347	
332	303	329	327	
326	307	342	306	
306	330	337	336	
336	341	316	312	
303	315	327	329	
341	331	319	320	
304	328	303	333	
335	330	344	347	
336	341	328	318	
324	305	317	321	
324	332	310	328	
330	345	316	319	
310	304	342	324	
347	309	303	341	
368	398	381	364	
385	367	394	382	
363	385	388	368	
373	362	396	361	
375	358	376	399	
372	359	394	369	
387	381	356	376	
396	368	360	371	
358	363	359	351	
350	356	386	352	
351	387	374	377	
372	355	371	377	
383	356	358	351	
369	376	381	368	
352	372	390	399	
382	375	369	376	
357	384	381	392	
383	377	380	354	
390	395	374	368	
358	399	365	388	
385	397	369	354	
354	368	353	393	
382	391	389	351	
358	361	378	391	
351	363	392	389	
383	369	373	351	
390	387	388	379	
363	371	367	392	
396	382	387	359	
392	399	388	376	
384	351	394	381	
380	373	385	397	
354	361	351	370	
352	362	368	394	
390	356	360	363	
380	361	358	386	
374	370	394	354	
378	374	387	371	
369	389	375	379	
363	381	397	387	
376	390	351	370	
391	384	351	397	
359	384	383	382	
350	376	398	368	
365	367	369	386	
370	357	354	363	
361	380	368	385	
375	383	385	358	
388	352	373	353	
383	367	382	389	
427	444	403	441	
400	404	412	403	
425	418	447	421	
437	434	403	435	
440	425	414	436	
439	411	416	407	
449	403	447	404	
442	400	427	418	
435	433	426	431	
439	411	444	445	
422	435	425	405	
443	403	417	436	
400	421	408	449	
422	430	446	444	
403	431	402	420	
449	406	409	415	
445	400	443	437	
445	410	434	428	
426	418	432	447	
414	439	421	415	
425	428	403	445	
427	439	418	409	
414	419	441	402	
446	442	424	408	
423	409	441	431	
424	415	419	417	
428	405	424	414	
439	422	402	440	
440	435	434	442	
422	400	447	418	
421	408	444	424	
446	408	434	428	
421	410	423	443	
421	403	416	446	
432	416	428	447	
442	408	426	438	
429	442	417	414	
447	418	434	423	
429	406	435	417	
423	432	440	419	
444	405	442	403	
441	420	403	428	
444	428	407	414	
432	426	417	448	
431	406	433	424	
433	405	409	447	
404	419	424	445	
421	448	442	411	
443	411	413	414	
438	426	436	400	
474	496	494	472	
482	456	498	452	
460	480	490	469	
474	471	492	472	
492	453	462	488	
494	469	464	460	
481	494	490	454	
464	453	454	483	
451	461	471	496	
498	493	457	491	
457	477	486	497	
460	454	485	457	
483	476	484	456	
461	498	485	495	
483	490	485	461	
478	483	467	489	
483	455	461	485	
461	497	482	496	
499	470	458	483	
463	464	488	451	
466	472	488	497	
494	496	453	467	
471	473	465	451	
484	455	461	475	
498	479	463	470	
492	462	474	479	
470	494	472	498	
476	473	485	462	
457	473	456	452	
493	452	469	474	
484	493	450	497	
469	462	490	456	
451	490	455	481	
477	492	454	460	
473	466	489	494	
498	479	456	463	
461	468	459	470	
467	456	455	458	
484	458	498	472	
493	474	487	458	
451	475	473	466	
492	483	463	476	
476	490	483	471	
497	494	463	464	
463	457	454	484	
486	469	470	452	
453	462	463	464	
482	492	472	458	
482	461	474	495	
463	451	470	475	
31	27	15	32	21	
4	5	41	42	18	
5	29	20	11	12	
37	21	2	45	48	
28	30	2	27	18	
30	33	46	9	39	
48	33	23	41	7	
31	36	17	21	27	
1	23	24	35	33	
14	43	8	21	4	
42	41	0	17	45	
7	48	24	14	36	
0	25	36	27	1	
4	5	16	14	22	
15	14	36	28	42	
28	40	37	8	10	
3	39	15	22	43	
24	30	15	39	7	
40	1	2	3	7	
15	38	14	2	42	
5	36	10	44	18	
28	6	27	10	21	
5	0	47	19	46	
7	36	3	19	33	
10	2	30	7	24	
32	29	1	14	3	
26	4	8	18	5	
36	39	15	26	48	
42	4	1	9	35	
38	9	46	13	21	
40	29	27	25	20	
14	27	13	12	24	
4	31	11	5	34	
33	0	38	16	15	
26	14	7	49	45	
5	23	29	22	10	
11	45	1	5	43	
12	7	3	26	48	
7	1	6	34	49	
30	4	21	41	35	
46	22	7	0	2	
49	31	22	4	20	
28	33	6	43	42	
34	49	37	2	48	
45	9	16	32	42	
24	47	27	36	23	
46	38	22	4	45	
16	25	28	39	19	
10	8	31	37	32	
42	14	45	24	0	
64	87	83	85	95	
83	89	74	64	56	
79	74	77	91	82	
91	60	72	64	90	
52	80	98	91	61	
55	56	93	84	75	
84	99	53	57	93	
88	58	78	62	93	
72	77	61	98	92	
84	72	83	97	91	
65	82	86	76	72	
57	74	88	84	56	
70	69	92	75	55	
54	72	85	69	83	
96	86	64	77	72	
54	58	56	94	69	
91	92	80	65	83	
85	91	59	53	83	
75	54	90	50	84	
51	62	81	66	64	
65	73	95	54	83	
73	81	87	71	79	
85	72	91	83	67	
73	51	85	52	98	
50	82	69	78	94	
60	74	91	93	57	
50	73	70	84	76	
81	73	76	51	67	
64	69	50	87	80	
98	61	72	77	68	
68	89	90	76	91	
66	61	75	86	83	
67	75	97	66	95	
74	70	75	97	89	
81	59	66	89	55	
74	88	81	65	99	
66	50	89	59	57	
80	76	75	70	61	
90	67	70	85	95	
95	91	71	57	56	
59	65	69	75	97	
90	53	98	86	75	
61	56	76	60	83	
69	68	64	86	88	
92	93	83	55	81	
93	55	91	90	58	
52	74	65	68	92	
98	92	66	75	64	
79	51	78	72	86	
91	65	74	59	94	
106	133	111	113	139	
104	108	139	105	148	
145	102	139	109	118	
145	132	133	112	148	
132	109	140	108	105	
146	108	134	104	131	
119	142	111	146	122	
141	147	137	111	112	
141	136	131	105	147	
143	125	123	139	124	
101	142	123	127	148	
124	115	104	135	118	
106	147	131	105	146	
113	143	139	133	128	
149	111	105	100	106	
138	117	106	127	134	
136	124	126	114	116	
105	118	126	139	102	
120	139	113	101	149	
100	105	102	115	135	
116	120	137	113	141	
141	123	129	120	107	
105	138	139	104	128	
134	101	129	125	114	
133	137	113	117	110	
137	147	133	110	105	
145	102	109	125	113	
146	125	105	132	103	
140	121	130	122	103	
145	133	103	102	107	
114	134	130	119	103	
136	130	101	139	114	
110	102	137	124	142	
145	111	143	124	122	
125	137	131	100	149	
115	107	108	126	125	
116	128	109	114	118	
100	114	123	127	107	
123	139	128	132	105	
148	140	143	137	144	
142	141	132	139	115	
112	145	122	130	126	
144	105	114	133	146	
126	121	127	147	100	
147	108	106	118	145	
142	144	120	118	109	
101	110	105	131	125	
142	145	128	108	125	
120	127	100	149	106	
131	124	133	110	101	
178	182	151	152	180	
166	171	156	188	190	
160	184	163	161	154	
190	185	173	183	167	
174	196	198	176	187	
159	167	185	158	164	
190	156	170	177	167	
174	163	187	158	151	
182	184	194	162	158	
167	179	165	197	196	
154	199	196	157	183	
185	161	158	169	176	
188	191	163	190	180	
189	151	176	154	179	
161	181	150	164	183	
152	167	156	175	198	
157	186	163	183	169	
174	153	173	192	183	
195	193	192	157	163	
151	175	170	161	155	
179	180	151	198	165	
155	190	154	183	193	
193	165	198	150	170	
176	181	163	193	158	
179	155	159	191	169	
152	196	168	181	150	
160	186	170	176	164	
170	150	198	172	196	
155	164	174	158	169	
189	176	157	160	173	
176	178	157	154	189	
182	195	187	198	178	
164	170	155	150	192	
155	180	188	167	156	
170	167	182	192	172	
152	167	199	190	177	
166	196	173	171	153	
188	195	155	194	181	
164	192	188	165	189	
192	181	170	185	163	
181	180	171	191	159	
171	189	184	188	167	
171	160	153	185	189	
172	198	183	199	195	
151	169	179	192	194	
173	155	195	190	157	
195	188	173	166	161	
162	188	185	198	191	
169	164	165	153	166	
197	186	171	193	153	
225	210	238	245	218	
200	217	213	236	203	
231	204	212	247	203	
211	225	200	239	228	
228	241	209	220	232	
205	249	235	240	239	
223	227	204	234	203	
204	224	202	248	230	
211	231	210	216	222	
242	212	226	232	213	
240	204	222	216	244	
237	215	220	219	244	
226	224	203	212	242	
211	215	245	205	203	
247	248	225	240	222	
248	226	209	236	232	
201	205	227	203	228	
229	207	226	223	224	
223	236	207	211	248	
228	243	203	223	244	
212	221	202	238	245	
229	218	211	234	217	
206	210	227	233	234	
245	248	238	246	208	
228	227	211	203	234	
223	217	203	243	214	
243	239	200	245	229	
239	247	217	242	241	
206	217	238	244	216	
249	221	205	219	206	
230	208	239	209	235	
246	243	247	240	203	
227	232	205	234	222	
230	247	202	248	245	
209	242	202	238	233	
238	213	233	212	234	
211	219	236	218	227	
205	230	212	227	226	
226	207	241	239	221	
233	227	222	249	209	
200	241	233	227	234	
220	225	217	208	236	
248	233	222	228	200	
207	234	239	237	249	
242	249	232	245	213	
225	230	249	201	228	
241	200	244	217	226	
228	222	217	227	240	
239	202	225	231	238	
235	241	234	204	240	
264	286	250	267	275	
250	257	283	291	264	
269	264	281	254	287	
250	267	254	281	256	
283	292	268	296	270	
291	266	274	269	278	
296	276	280	250	268	
256	273	260	265	251	
260	288	276	263	281	
280	254	289	298	285	
267	279	286	276	292	
267	258	266	271	269	
292	298	290	266	254	
259	295	271	285	255	
294	277	253	250	298	
283	279	251	293	270	
285	280	250	279	284	
256	273	287	265	276	
250	290	293	264	277	
284	276	250	253	283	
272	251	292	259	250	
296	258	282	262	263	
251	298	291	270	259	
291	252	279	275	274	
258	252	262	288	250	
294	282	277	262	251	
275	298	254	296	294	
291	278	267	263	294	
266	293	292	283	274	
268	292	265	280	290	
295	294	275	264	276	
264	274	258	298	275	
258	284	271	272	256	
264	299	282	262	254	
286	272	289	276	291	
295	281	291	264	256	
277	272	280	292	259	
250	271	264	263	289	
290	271	296	267	277	
286	283	276	290	273	
259	266	267	252	292	
270	259	250	276	291	
288	258	255	276	263	
290	271	297	285	279	
264	257	281	285	292	
270	258	251	261	259	
264	285	283	254	291	
279	260	287	273	296	
255	286	266	281	277	
299	297	260	265	266	
300	313	346	341	322	
328	325	342	340	335	
327	346	329	334	345	
344	342	339	331	316	
339	310	313	311	309	
313	349	302	320	303	
302	300	345	349	321	
301	332	319	346	343	
301	320	318	334	346	
324	315	305	336	310	
307	304	337	309	301	
306	322	314	319	328	
341	319	339	342	323	
328	314	331	313	337	
306	332	304	329	319	
325	326	343	347	346	
323	333	322	301	300	
324	333	306	312	321	
305	334	328	339	341	
319	327	315	312	318	
306	341	337	301	325	
320	334	308	345	341	
318	304	336	341	347	
316	314	301	341	326	
326	338	311	301	332	
304	336	330	347	315	
320	335	339	336	306	
343	323	315	304	329	
312	308	323	303	314	
304	306	341	342	323	
348	318	314	328	315	
301	311	300	347	316	
330	335	341	302	321	
317	336	313	346	307	
322	315	339	327	345	
346	309	317	338	337	
330	340	339	347	342	
303	343	341	315	344	
333	307	303	344	336	
324	321	343	315	333	
340	348	334	303	318	
348	309	325	315	342	
330	348	325	301	320	
337	319	333	346	329	
344	308	349	322	321	
304	344	347	319	341	
302	305	303	336	307	
327	304	322	334	303	
335	347	334	304	330	
341	316	331	328	305	
387	399	372	396	393	
389	364	392	373	354	
377	395	371	387	381	
381	351	379	371	395	
369	373	379	382	398	
352	362	364	383	353	
399	361	369	377	353	
397	357	395	353	385	
376	373	360	363	367	
368	375	392	361	382	
350	376	351	364	380	
384	383	365	376	375	
393	384	386	374	350	
378	372	397	362	356	
350	371	395	397	373	
374	366	361	375	394	
357	373	398	390	384	
360	363	365	352	371	
354	371	396	368	350	
353	387	368	384	399	
373	395	368	356	372	
377	382	364	354	387	
358	359	357	370	353	
362	357	371	396	351	
380	361	384	351	392	
378	393	374	367	389	
367	375	376	397	386	
369	390	370	364	378	
391	393	378	369	389	
388	399	352	393	381	
370	396	399	386	391	
392	373	364	351	353	
379	361	395	362	396	
370	385	361	389	360	
381	353	382	363	388	
362	357	354	396	358	
366	369	360	371	373	
378	390	365	360	361	
356	364	388	391	380	
389	386	394	383	373	
382	377	372	379	388	
367	361	379	357	375	
382	381	373	355	384	
361	387	398	372	380	
373	379	359	375	357	
398	353	381	386	395	
379	388	370	357	395	
355	383	394	371	367	
396	370	383	355	391	
372	390	396	356	374	
418	412	428	427	419	
449	445	444	401	408	
427	436	431	421	447	
407	425	416	431	408	
446	409	401	420	406	
403	445	424	400	405	
444	445	419	433	400	
440	432	412	427	404	
408	434	442	425	424	
416	431	439	446	406	
449	446	419	427	436	
417	424	403	443	434	
441	427	413	430	414	
417	410	416	429	433	
443	403	415	447	423	
439	432	404	418	411	
413	403	426	428	447	
421	434	403	430	438	
409	442	402	437	421	
436	440	410	449	447	
435	411	409	421	434	
419	429	405	431	400	
412	421	425	414	409	
425	434	417	421	402	
407	402	417	424	410	
412	437	426	423	446	
424	426	406	415	443	
437	407	423	422	440	
448	410	445	437	434	
440	443	433	421	446	
404	422	430	441	439	
401	425	440	449	423	
409	417	427	421	431	
412	403	413	401	436	
449	440	402	404	406	
409	447	424	427	428	
426	437	433	400	429	
446	429	411	412	420	
431	411	424	441	434	
436	407	412	431	423	
420	426	425	435	449	
403	411	448	420	410	
422	434	430	418	409	
431	447	445	436	426	
411	435	415	423	416	
434	414	436	426	448	
445	420	447	407	444	
429	419	416	414	425	
400	446	415	422	439	
447	434	425	421	430	
463	469	467	484	476	
451	475	477	474	498	
497	499	492	465	456	
499	488	492	451	450	
478	485	457	458	488	
453	487	466	484	460	
499	460	451	483	493	
469	472	452	485	487	
481	485	493	471	492	
473	483	496	485	492	
465	484	495	459	498	
468	479	487	469	471	
464	470	490	477	487	
457	493	471	492	476	
463	475	474	465	496	
454	469	487	471	482	
490	464	474	499	472	
455	494	464	488	487	
482	461	472	467	459	
464	450	463	470	497	
455	483	476	473	485	
487	459	478	497	468	
481	493	494	483	462	
467	453	462	458	459	
477	474	485	475	473	
455	471	495	452	459	
460	456	477	468	474	
489	454	488	475	479	
492	459	487	468	464	
468	453	463	498	486	
498	478	482	488	493	
486	471	498	455	477	
485	473	462	459	492	
479	477	458	470	463	
460	467	499	485	456	
450	468	489	474	498	
463	489	469	451	457	
463	475	496	478	469	
460	496	486	456	453	
450	456	469	471	464	
499	483	486	452	481	
492	476	462	461	459	
463	489	453	454	472	
453	476	465	456	493	
465	474	475	485	458	
478	483	451	480	482	
452	470	458	499	495	
454	458	491	490	482	
459	466	492	476	489	
451	467	484	454	474	
52	249	18	58	311	65	
223	448	196	56	384	276	
309	416	412	433	350	205	
26	264	311	79	366	108	
71	33	35	277	115	144	
429	186	232	116	53	74	
387	234	348	73	101	307	
184	338	231	20	384	56	
338	251	336	3	404	326	
304	17	50	53	185	240	
157	45	257	149	485	407	
235	67	138	245	55	329	
466	131	34	269	74	303	
253	108	143	338	191	455	
130	483	246	469	117	241	
406	395	145	306	17	319	
195	440	442	321	318	22	
334	185	463	140	305	378	
273	111	467	340	68	26	
410	46	55	406	38	455	
294	426	432	93	382	269	
168	430	198	135	287	373	
189	216	94	419	56	276	
225	201	158	171	192	187	
44	345	4	415	218	414	
334	19	341	225	119	98	
112	135	267	494	240	194	
414	282	445	41	121	223	
270	438	266	171	47	341	
481	20	312	200	445	415	
154	365	352	484	38	150	
386	149	424	167	355	184	
496	277	141	123	361	447	
367	252	387	141	341	401	
97	488	89	223	414	408	
83	451	415	308	33	30	
209	211	278	307	477	189	
117	30	415	438	392	483	
254	67	145	183	301	85	
212	352	354	119	88	29	
126	129	400	468	232	145	
493	4	39	397	226	307	
243	470	465	400	409	316	
16	455	465	242	103	345	
416	164	396	116	70	80	
221	369	2	99	356	1	
70	413	44	417	94	461	
104	40	358	194	30	195	
300	440	384	460	466	397	
428	76	489	127	236	459	
459	242	347	489	211	69	
11	4	145	332	185	62	
442	236	393	253	388	498	
103	109	491	304	430	374	
213	312	151	47	145	196	
216	199	426	381	458	191	
453	225	476	1	109	454	
357	174	424	410	102	493	
449	312	498	175	300	296	
241	82	494	373	238	45	
395	125	303	308	386	169	
67	463	462	447	38	464	
305	286	52	131	25	163	
164	24	368	130	480	425	
442	258	336	460	186	287	
307	213	103	214	315	209	
220	291	135	474	476	175	
132	396	293	141	82	435	
91	496	39	355	38	282	
288	158	279	298	17	194	
315	340	327	437	272	391	
209	335	428	135	478	26	
315	399	332	91	377	205	
382	66	240	453	281	169	
42	63	184	181	119	385	
135	243	363	463	323	141	
407	59	189	329	418	9	
111	107	150	496	388	278	
95	73	292	99	279	446	
207	342	478	285	1	280	
335	266	307	401	430	355	
211	270	117	411	494	223	
257	321	383	271	397	322	
179	238	56	84	297	105	
47	354	384	248	441	73	
216	119	212	206	17	361	
270	2	221	15	304	226	
484	400	24	205	173	194	
48	355	208	258	205	117	
168	186	351	304	253	201	
122	297	204	407	301	360	
390	314	256	26	255	377	
227	281	15	207	65	239	
476	28	98	396	371	116	
213	432	295	108	378	95	
167	236	390	129	185	388	
62	128	403	170	126	121	
456	384	243	402	398	45	
181	410	123	382	94	455	
100	172	24	143	428	64	
86	453	85	169	361	243	
331	153	338	27	262	286	
267	186	146	61	149	209	
403	454	373	70	483	111	
413	243	325	3	153	56	
397	207	18	239	465	47	
370	437	474	65	310	33	
330	1	184	57	78	241	
394	17	41	234	46	104	
497	478	97	107	349	176	
296	28	421	71	226	244	
425	209	27	135	257	21	
190	40	316	350	312	332	
467	191	94	106	462	496	
224	97	375	30	424	294	
420	298	493	358	160	287	
360	51	99	452	174	416	
153	391	383	149	463	107	
430	344	468	5	152	378	
458	77	178	228	68	278	
456	68	65	144	142	294	
155	290	28	285	328	168	
139	350	192	374	260	182	
421	426	360	335	214	281	
253	268	65	242	405	483	
6	455	64	24	275	490	
465	49	292	7	224	79	
484	224	174	276	352	131	
480	384	303	238	184	438	
135	200	155	461	241	168	
154	162	463	423	286	327	
107	487	304	48	15	189	
290	41	114	289	198	15	
184	45	211	9	408	331	
139	204	455	122	192	407	
108	72	136	467	496	310	
137	154	340	160	375	126	
423	283	190	263	342	59	
407	142	279	21	276	283	
214	81	165	304	486	41	
341	437	327	274	338	187	
395	83	453	71	99	179	
116	162	65	330	390	301	
319	73	195	201	196	38	
243	270	70	438	4	79	
348	289	94	187	228	117	
490	291	66	488	414	318	
489	49	404	475	50	81	
249	135	462	86	27	279	
401	54	77	65	167	86	
10	320	245	294	20	386	
450	369	196	173	84	73	
149	259	461	253	124	152	
68	489	252	435	258	176	
153	222	137	397	313	344	
330	457	57	452	73	168	
454	64	159	467	147	217	
281	79	158	266	191	230	
433	124	486	248	311	304	
377	167	362	235	316	351	
482	62	159	406	267	31	
420	54	444	27	247	279	
61	44	469	50	174	209	
380	28	430	159	9	281	
458	56	28	58	339	426	
207	457	8	371	432	190	
209	255	40	474	105	441	
169	397	36	98	485	348	
87	84	91	139	318	265	
128	220	457	307	211	207	
66	331	311	330	114	485	
97	258	7	497	246	151	
55	280	35	85	4	253	
151	333	309	296	49	154	
388	343	244	353	280	347	
268	287	23	47	253	75	
345	226	3	380	251	55	
224	443	151	90	87	120	
368	345	50	441	416	459	
94	41	274	492	50	413	
470	252	44	301	185	324	
123	143	71	333	167	246	
340	390	463	474	131	294	
92	94	367	422	68	338	
63	131	179	139	88	176	
323	49	45	115	83	301	
132	408	121	448	152	17	
18	299	21	476	15	407	
86	10	199	440	156	101	
159	397	349	445	264	286	
188	65	237	85	111	61	
325	324	135	143	425	242	
41	220	3	248	7	498	
422	206	363	164	76	278	
373	409	286	488	420	262	
351	304	265	102	155	78	
221	404	109	482	167	489	
186	86	465	162	208	249	
221	177	27	486	341	258	
74	66	35	88	317	386	
331	300	308	217	461	90	128	
47	242	307	220	74	72	262	
63	407	357	60	290	187	382	
323	55	468	224	155	141	408	
330	62	212	70	378	458	132	
199	1	389	326	42	331	388	
159	242	235	251	204	184	476	
155	74	498	373	234	202	212	
61	342	336	335	131	344	400	
31	76	260	148	125	77	433	
42	459	476	239	98	416	432	
309	73	88	57	147	261	277	
301	225	68	120	170	148	335	
354	342	169	191	139	188	317	
250	413	3	444	321	459	414	
125	69	81	222	408	485	116	
352	334	339	435	368	324	55	
64	138	442	61	460	476	22	
401	491	58	5	62	107	406	
448	407	150	212	499	414	209	
61	81	3	64	356	38	15	
11	144	295	65	300	219	48	
488	158	366	407	47	388	126	
315	72	201	380	5	293	168	
253	232	413	434	288	466	353	
157	362	498	72	113	495	16	
449	134	381	38	1	459	264	
499	406	468	385	443	377	177	
52	385	176	109	148	408	436	
294	66	287	351	443	362	10	
180	359	211	223	395	263	291	
133	371	82	345	442	162	81	
313	50	118	297	316	112	334	
281	278	147	493	157	162	81	
52	248	156	109	307	24	134	
59	247	427	348	137	154	370	
358	486	61	301	91	73	480	
24	374	498	222	279	245	50	
479	311	287	155	62	441	485	
402	69	137	345	411	176	412	
451	255	432	12	392	359	281	
233	272	431	349	240	87	158	
277	0	347	368	18	73	312	
28	181	167	175	367	159	168	
327	150	36	430	258	483	173	
19	184	51	80	394	340	403	
26	174	349	45	73	4	294	
363	14	376	299	93	360	280	
108	381	43	11	186	51	100	
356	18	359	339	464	449	52	
28	230	192	318	405	129	358	
295	333	432	226	475	259	177	
64	78	268	283	395	376	189	
158	473	302	290	120	205	389	
395	51	384	66	336	331	168	
238	234	361	40	28	414	453	
426	370	194	106	282	347	86	
85	484	365	370	436	316	31	
417	151	108	238	499	397	156	
377	63	106	258	387	97	410	
277	357	59	266	44	85	83	
360	165	240	243	321	120	150	
175	460	303	140	105	51	39	
220	460	22	191	272	213	162	
140	91	385	347	373	173	3	
480	164	155	387	12	166	103	
306	434	156	392	127	70	124	
478	10	263	250	77	124	7	
311	127	25	223	366	195	350	
111	407	334	149	327	297	65	
74	478	471	488	438	89	361	
62	224	208	223	290	361	470	
51	403	346	98	262	190	239	
273	254	265	430	466	470	373	
243	206	108	66	385	152	490	
352	401	239	24	158	14	430	
375	337	274	2	89	334	314	
312	338	288	299	431	173	340	
43	330	162	35	102	448	355	
443	289	162	282	33	171	433	
331	101	73	159	309	278	195	
466	210	287	87	197	275	119	
21	63	279	384	150	46	232	
297	220	200	58	342	23	256	
382	44	64	430	55	179	168	
299	231	128	25	486	460	32	
181	235	422	311	132	467	328	
269	381	122	351	43	174	11	
78	106	107	207	279	249	167	
170	346	466	208	408	19	76	
217	38	254	138	51	272	146	
326	468	118	398	287	46	16	
287	281	157	40	270	367	327	
44	453	383	83	84	353	314	
291	237	198	138	170	352	241	
157	404	163	384	249	53	459	
340	419	379	203	221	306	345	
15	231	64	301	40	192	247	
165	353	338	434	181	177	325	
162	194	165	231	189	39	9	
98	416	355	99	348	494	230	
196	150	383	312	230	436	131	
89	381	8	404	272	276	361	
311	26	175	300	106	304	429	
27	364	6	39	444	260	255	
316	156	221	414	97	171	386	
458	58	238	16	214	496	34	
370	325	455	99	475	72	389	
2	76	50	262	370	59	393	
21	29	285	445	449	249	262	
189	321	278	60	196	176	353	
498	406	46	375	330	1	254	
387	143	130	307	42	312	345	
230	315	58	53	386	406	391	
104	213	315	32	317	97	45	
409	192	22	36	228	152	175	
359	432	38	113	188	355	100	
459	294	221	40	262	108	103	
196	397	392	91	309	118	145	
95	427	377	186	263	437	380	
268	104	234	360	494	238	273	
63	253	73	399	389	154	176	
50	471	185	357	220	265	280	
489	8	362	43	445	413	156	
131	478	197	396	451	153	498	
53	190	50	491	289	239	179	
174	280	108	136	361	287	62	
299	145	317	322	55	109	431	
82	78	394	196	116	156	409	
74	429	311	162	71	435	189	
132	184	99	84	70	38	493	
233	125	303	175	408	273	40	
156	196	475	34	95	348	71	
413	98	365	423	16	425	117	
47	9	173	210	33	23	137	
153	246	59	497	199	104	14	
222	313	153	454	207	134	379	
156	185	316	309	432	117	182	
360	153	377	242	444	417	171	
243	431	396	63	220	288	461	
280	83	210	104	28	27	264	
453	146	306	363	78	56	12	
75	456	479	346	473	277	333	
478	43	169	127	212	222	472	
151	104	196	163	213	458	273	
448	263	435	403	37	406	469	
447	146	368	356	176	482	413	
450	30	363	397	424	13	140	
7	123	321	281	9	372	453	
476	277	243	313	184	388	164	
54	211	492	35	15	340	241	
318	303	394	468	323	65	452	
326	91	367	273	458	371	8	
318	67	313	442	377	247	289	
382	80	189	373	40	285	192	
115	308	132	181	177	463	226	
149	303	199	56	282	488	0	
223	272	198	71	64	352	342	
429	155	205	456	391	495	52	
167	428	415	333	30	140	355	
135	192	27	77	146	238	485	
321	257	267	287	243	417	285	
427	469	74	191	162	463	455	
125	379	131	235	148	123	220	
367	335	111	262	205	189	267	
368	470	57	124	59	392	152	
137	148	376	75	249	71	306	
228	215	435	342	356	53	449	
49	341	182	107	439	150	114	
103	466	435	281	292	479	257	
390	173	136	47	343	455	436	
38	27	259	232	55	334	37	
433	247	443	297	201	78	133	
266	388	368	188	258	376	26	
377	13	327	79	464	4	436	
185	215	378	469	112	54	479	
291	456	412	467	349	200	280	
102	169	436	5	492	8	264	
307	107	270	400	242	160	264	
321	347	192	465	265	129	43	
285	166	249	351	55	156	189	
168	435	457	426	216	421	153	
281	416	124	440	13	370	41	
231	458	2	256	155	158	54	
323	49	406	275	450	149	486	
449	426	376	238	374	185	85	
107	88	328	143	358	122	448	
486	220	362	112	23	280	160	
310	259	415	97	218	377	182	
139	455	264	327	404	408	277	
27	331	212	191	460	201	336	
456	117	350	452	192	215	422	
483	383	454	22	336	394	175	
92	459	53	263	387	265	359	
30	307	416	319	197	430	347	
323	372	358	425	328	3	167	
199	471	357	159	240	338	112	
54	217	38	298	117	338	207	
434	151	39	159	413	465	15	
158	495	66	313	253	214	278	
426	282	350	473	392	336	293	240	
141	248	297	77	184	257	2	160	
127	24	409	75	196	121	102	438	
211	468	97	190	112	93	337	321	
186	171	397	208	69	133	2	396	
209	492	9	147	239	432	138	438	
355	211	150	283	164	382	58	71	
231	62	450	78	122	249	360	70	
205	428	209	291	450	472	147	101	
273	441	79	474	375	157	138	431	
445	47	73	339	59	71	372	201	
177	493	225	386	399	289	485	74	
170	48	347	364	154	206	441	476	
333	161	226	471	325	100	82	30	
1	233	431	278	77	23	156	120	
272	491	418	240	255	379	153	46	
145	331	72	148	70	153	270	27	
442	210	254	289	347	68	138	443	
356	4	318	267	111	381	41	313	
281	250	57	309	48	107	41	485	
206	39	493	155	108	112	248	485	
338	410	49	62	47	8	50	23	
177	296	223	374	201	131	91	37	
255	232	405	149	28	495	64	276	
248	298	81	53	145	261	353	40	
241	409	391	401	404	143	434	247	
17	398	210	153	397	188	214	483	
342	140	264	470	106	107	302	52	
270	173	21	163	11	253	168	369	
275	479	174	273	363	264	446	19	
70	187	469	382	198	142	371	456	
92	146	451	171	480	395	59	104	
484	488	245	115	263	466	154	205	
136	69	17	443	179	297	194	177	
58	480	173	266	223	442	195	418	
112	158	37	458	136	311	447	454	
246	133	415	348	334	261	303	180	
370	353	335	268	267	265	155	492	
50	496	17	252	10	469	42	399	
143	238	322	425	110	304	459	290	
368	416	41	143	490	0	349	366	
229	376	408	325	21	317	224	239	
458	141	475	491	21	396	444	340	
244	418	166	222	109	425	427	378	
293	231	211	310	243	56	253	442	
36	87	492	329	356	464	223	390	
62	254	140	41	308	402	104	108	
394	205	287	356	49	411	313	93	
208	328	188	249	132	370	384	398	
210	311	134	365	15	49	188	496	
151	416	54	189	272	367	149	341	
152	344	474	90	166	368	184	129	
429	395	328	485	203	479	163	115	
354	451	321	165	357	393	269	217	
375	114	104	347	157	294	215	498	
46	328	239	186	370	245	419	420	
183	303	424	177	234	489	27	391	
5	191	306	272	478	227	237	40	
39	91	106	217	210	442	195	273	
299	186	321	476	422	15	181	283	
183	224	463	27	197	172	50	447	
351	110	283	419	214	305	304	265	
283	79	116	173	120	143	3	83	
416	320	403	247	226	315	319	434	
220	371	324	229	351	17	476	96	
306	415	423	39	260	73	2	308	
149	11	408	176	83	2	234	174	
80	261	205	331	135	187	164	91	
325	193	406	378	223	39	243	414	
70	132	206	186	419	5	373	434	
322	156	361	468	133	312	327	220	
313	1	335	249	419	380	83	262	
100	152	212	180	304	102	367	295	
236	379	19	387	264	121	216	82	
0	476	10	285	174	186	220	121	
72	65	312	490	398	377	426	159	
215	402	253	457	464	152	236	314	
83	127	138	100	130	170	314	429	
377	191	395	228	386	274	406	135	
397	499	478	328	47	421	408	474	
423	279	217	89	347	485	337	351	
432	461	266	316	124	273	399	248	
203	98	19	197	476	76	108	325	
471	35	119	395	415	110	128	204	
268	387	360	14	198	145	34	248	
45	65	488	34	57	103	254	367	
366	120	499	61	403	10	243	344	
265	87	183	490	470	497	411	48	
195	303	270	165	40	331	351	377	
187	183	261	178	324	209	410	292	
383	364	435	392	75	323	176	23	
19	13	292	218	62	237	411	423	
392	196	359	163	474	213	472	471	
264	132	382	427	379	17	227	148	
9	20	85	6	259	256	470	382	
360	170	79	23	292	168	475	19	
78	105	11	386	67	151	473	227	
442	163	20	124	94	97	102	361	
108	473	85	129	319	452	165	482	
329	327	84	208	422	296	60	249	
437	70	426	48	7	468	177	98	
414	258	383	268	286	417	132	43	
320	416	445	463	167	453	452	34	
316	340	59	83	250	266	178	312	
196	184	259	13	328	413	15	51	
5	79	303	43	488	280	452	239	
7	417	291	198	221	224	274	244	
225	223	165	490	201	101	261	144	
466	93	305	201	461	269	343	72	
434	10	304	237	43	22	164	240	
385	427	299	178	56	326	380	464	
348	395	107	291	495	171	23	472	
98	460	121	214	130	265	46	371	
126	169	390	93	43	225	219	484	
89	156	220	232	100	0	180	445	
46	18	54	148	443	19	272	367	
300	128	213	8	148	188	377	481	
165	125	289	423	293	19	114	49	
251	153	177	250	264	401	144	360	
487	102	97	339	129	160	173	172	
29	238	113	70	77	161	440	263	
32	436	497	306	415	207	416	38	
80	105	289	430	418	163	426	481	
230	243	190	477	394	13	475	138	
399	31	368	196	167	304	12	126	
235	135	7	446	200	199	469	425	
355	105	399	257	86	77	247	18	
343	161	383	145	215	14	400	135	
396	109	132	279	463	365	458	134	
417	174	440	38	63	266	102	5	
17	294	46	432	355	358	241	20	
477	358	115	493	51	116	494	498	
46	110	267	50	479	102	244	19	
145	55	245	489	117	484	425	373	
21	428	371	333	313	325	139	34	
323	468	392	288	485	53	130	478	
106	424	486	51	317	141	388	350	
220	218	409	269	169	216	274	135	
142	145	495	66	149	321	27	34	
263	431	430	411	160	334	276	478	
87	182	65	203	256	397	315	261	
137	358	403	128	104	353	140	23	
103	215	246	44	271	165	212	322	
488	349	425	303	209	428	93	361	
116	360	155	195	402	191	406	206	
6	16	81	350	338	415	21	82	
350	57	416	367	150	52	172	205	
292	67	198	183	460	482	91	52	
359	255	103	110	205	135	459	387	
367	128	34	138	67	189	175	384	
332	449	118	181	114	179	398	170	
28	143	228	200	404	428	273	51	
162	287	317	389	101	494	440	29	
394	223	267	361	289	362	103	486	
343	312	115	80	442	325	394	498	
146	467	347	162	92	314	309	148	
376	268	450	488	325	221	184	261	
307	273	230	12	271	203	419	243	
352	224	375	412	216	294	104	288	
260	316	245	498	202	134	9	44	
443	105	463	170	6	37	222	282	
309	424	408	322	39	86	15	203	
51	159	261	145	317	361	360	168	
367	479	358	449	342	369	2	433	
10	7	80	79	224	5	458	139	
109	177	216	413	31	469	46	478	
326	318	82	122	278	146	363	90	
126	466	154	457	372	106	37	58	
482	284	270	167	67	101	180	87	
132	275	406	469	175	265	347	44	
408	428	357	349	304	7	401	298	
245	127	0	149	142	146	77	164	
446	150	249	406	286	128	230	135	
209	245	319	377	185	115	24	1	
91	222	477	18	27	484	452	340	
88	195	72	137	309	257	497	213	
439	326	202	185	459	118	292	380	
54	426	394	11	488	418	260	242	
487	371	144	4	456	404	145	182	
114	296	221	394	399	140	32	175	
278	153	71	453	387	389	120	214	
6	409	496	98	462	88	86	54	
242	394	341	104	202	409	353	407	
345	32	134	52	487	486	492	88	
41	320	63	378	44	388	241	372	
364	77	294	346	217	138	157	215	
385	454	367	480	254	179	436	33	
208	299	91	3	250	34	415	87	
74	417	293	443	1	212	292	385	
284	294	397	384	415	487	472	133	
232	196	499	316	345	84	424	158	
485	234	154	284	346	360	240	103	
298	297	280	39	247	271	130	354	
363	304	141	41	394	334	238	320	
477	449	193	0	364	234	93	181	
414	439	258	426	479	55	93	471	
264	414	413	155	394	257	143	85	
301	76	407	34	0	205	442	365	
215	115	194	200	295	188	137	153	
446	79	313	298	38	214	110	394	
