6	34	1	
14	20	33	
10	49	30	
27	41	43	
42	17	0	
39	30	33	
36	38	48	
0	9	42	
14	23	25	
43	31	17	
33	6	7	
18	37	34	
2	15	29	
3	16	44	
43	24	39	
46	40	1	
46	18	37	
4	30	6	
13	16	15	
4	44	46	
0	10	13	
24	5	20	
38	29	15	
4	36	40	
1	34	4	
12	30	19	
38	39	41	
32	38	47	
24	14	29	
33	41	24	
42	34	41	
0	6	39	
29	39	32	
22	21	17	
25	43	5	
6	35	30	
40	10	48	
14	41	27	
34	38	48	
13	5	11	
3	47	27	
14	13	38	
33	39	29	
45	30	10	
28	46	31	
36	37	27	
29	25	37	
11	28	30	
12	34	18	
19	34	6	
73	58	50	
91	58	51	
51	81	59	
50	66	99	
82	80	88	
71	84	61	
76	95	96	
53	81	70	
90	60	77	
94	58	69	
63	67	89	
92	83	72	
65	87	69	
57	55	80	
73	51	61	
73	58	88	
82	68	90	
89	70	97	
80	92	61	
90	75	69	
79	71	67	
87	55	86	
65	68	53	
59	88	82	
98	87	67	
83	93	64	
52	96	63	
86	87	61	
81	68	76	
81	80	76	
88	92	55	
80	62	57	
84	58	66	
62	67	60	
99	77	69	
54	67	92	
66	50	53	
94	61	69	
90	62	85	
83	54	78	
69	95	86	
62	72	90	
77	63	87	
95	67	79	
93	62	86	
89	56	81	
60	84	58	
70	61	77	
56	86	58	
78	52	63	
116	128	112	
149	123	126	
105	147	140	
141	116	114	
149	116	128	
115	105	147	
133	120	101	
102	106	111	
103	101	146	
110	117	118	
137	116	141	
109	123	140	
144	149	126	
147	143	137	
149	143	125	
118	112	120	
127	136	121	
122	101	120	
110	138	147	
136	134	108	
105	136	116	
113	141	134	
138	143	119	
120	106	130	
124	126	132	
127	123	136	
115	132	110	
142	144	114	
119	120	135	
126	131	115	
129	138	116	
136	135	108	
132	116	140	
147	141	117	
130	143	105	
102	145	111	
126	140	124	
107	109	112	
113	109	138	
102	140	134	
128	136	143	
147	138	112	
148	147	126	
137	120	119	
111	134	145	
131	139	149	
107	101	108	
101	134	117	
127	148	113	
126	112	130	
150	169	175	
160	175	179	
150	171	174	
170	157	165	
155	171	183	
159	197	198	
155	168	171	
194	199	171	
179	151	165	
171	177	179	
193	169	163	
194	198	160	
164	156	188	
176	168	169	
173	163	169	
182	187	188	
157	179	195	
168	154	159	
162	156	169	
153	152	183	
158	154	183	
164	155	159	
162	153	183	
175	185	179	
199	181	152	
198	192	151	
153	171	199	
153	151	156	
166	177	169	
177	151	181	
195	194	158	
177	184	179	
177	182	172	
180	193	181	
175	167	191	
177	159	153	
160	174	167	
198	150	182	
182	152	150	
186	159	154	
150	175	192	
151	160	186	
157	165	170	
170	151	178	
164	171	152	
186	192	159	
164	156	177	
192	188	181	
192	184	157	
166	154	189	
228	204	218	
220	229	236	
228	232	225	
219	215	212	
210	222	218	
241	229	206	
229	222	217	
241	208	211	
240	223	248	
205	203	245	
200	210	237	
246	226	235	
216	200	233	
219	238	209	
214	229	227	
245	223	210	
205	239	245	
217	228	234	
244	223	208	
219	245	206	
223	236	220	
235	231	221	
203	207	211	
233	235	209	
222	215	230	
223	243	233	
247	229	241	
228	220	249	
243	235	203	
209	235	214	
226	224	207	
238	213	227	
228	220	247	
204	219	212	
204	236	211	
201	200	233	
208	203	244	
237	248	238	
228	222	208	
227	231	234	
221	236	205	
205	214	212	
208	238	220	
210	245	212	
201	249	230	
241	219	246	
211	243	244	
209	217	227	
236	243	244	
236	242	238	
259	255	279	
275	268	253	
261	271	257	
291	262	269	
279	268	294	
251	270	257	
275	250	276	
297	282	271	
261	290	253	
294	275	273	
276	298	293	
250	275	271	
253	258	271	
262	274	284	
281	263	287	
287	257	288	
256	270	254	
266	294	282	
276	298	259	
290	296	253	
262	296	252	
256	267	273	
253	276	264	
266	293	287	
275	284	276	
284	283	296	
276	274	253	
294	266	257	
283	289	275	
290	283	259	
293	286	288	
273	252	283	
256	253	296	
296	289	265	
251	297	270	
293	277	288	
281	253	283	
297	261	273	
287	291	255	
251	250	295	
293	287	277	
252	291	297	
262	288	252	
279	258	280	
276	280	277	
261	273	279	
259	278	298	
280	287	271	
276	298	262	
278	280	295	
305	308	317	
322	329	347	
345	332	303	
321	341	324	
326	320	311	
309	336	347	
302	317	314	
300	315	332	
341	327	324	
338	308	344	
347	339	345	
314	334	348	
332	348	338	
300	327	306	
332	300	306	
321	306	307	
320	300	303	
307	301	323	
304	311	344	
311	331	325	
331	343	336	
348	346	338	
325	306	339	
303	320	309	
337	318	313	
312	324	320	
340	320	323	
344	301	333	
308	337	343	
308	331	332	
309	341	345	
318	341	310	
342	340	323	
323	307	313	
325	342	323	
302	320	345	
330	308	335	
320	310	321	
313	305	344	
328	347	321	
321	328	317	
344	319	332	
341	313	342	
349	342	316	
347	326	341	
340	348	306	
324	306	317	
337	331	317	
337	313	344	
322	342	336	
364	351	368	
352	396	358	
379	388	351	
393	375	390	
378	396	397	
358	378	395	
381	364	394	
379	375	371	
398	386	390	
370	368	398	
361	376	388	
376	369	357	
382	375	394	
393	369	396	
371	377	359	
361	366	364	
362	368	377	
382	377	359	
392	383	391	
362	393	353	
386	380	370	
355	388	395	
359	374	350	
376	363	384	
369	389	393	
361	352	365	
394	377	374	
398	385	366	
389	365	364	
359	353	360	
367	385	359	
379	397	361	
351	365	386	
372	394	374	
360	363	387	
376	353	357	
382	395	383	
366	374	354	
381	395	375	
362	396	394	
384	382	392	
386	371	351	
370	381	390	
361	378	354	
375	374	369	
363	393	374	
382	396	355	
362	367	378	
380	364	376	
390	399	374	
439	431	401	
401	416	402	
430	433	402	
426	442	425	
400	447	427	
400	401	446	
439	409	440	
407	410	433	
402	441	424	
441	430	409	
407	402	408	
415	403	441	
425	449	409	
415	414	404	
439	428	427	
421	442	407	
425	421	433	
429	418	401	
443	444	420	
429	439	443	
411	438	426	
443	413	444	
443	435	445	
428	433	447	
436	428	406	
447	413	445	
437	404	449	
412	434	402	
448	429	434	
439	411	419	
418	443	431	
417	447	436	
406	433	443	
416	409	400	
427	429	449	
419	405	440	
449	414	406	
440	424	426	
435	401	418	
446	422	404	
409	421	402	
420	400	410	
417	445	403	
411	409	435	
408	423	428	
413	422	424	
437	442	436	
429	434	408	
443	405	404	
411	419	405	
496	492	461	
466	486	468	
494	475	481	
458	454	481	
471	456	493	
463	480	499	
467	491	478	
479	454	485	
473	486	453	
456	457	477	
452	479	465	
494	461	484	
453	497	450	
494	474	473	
477	469	459	
486	453	451	
481	482	467	
460	482	465	
498	465	494	
456	471	463	
492	491	476	
479	497	459	
495	498	460	
480	454	497	
458	497	491	
475	490	499	
454	497	466	
484	489	487	
479	457	490	
487	493	468	
474	473	466	
487	476	488	
492	493	480	
494	470	452	
480	490	491	
484	473	497	
464	473	495	
460	465	487	
484	476	475	
498	486	489	
471	488	483	
494	459	462	
470	487	481	
488	473	457	
487	462	473	
456	488	497	
477	495	459	
470	472	468	
477	498	465	
470	480	471	
20	17	38	24	
8	27	0	37	
17	20	46	11	
32	39	25	42	
36	46	12	19	
35	23	45	26	
7	17	0	5	
32	44	1	8	
18	2	35	44	
23	34	0	47	
19	9	7	41	
34	36	18	25	
4	35	5	16	
4	36	26	8	
8	39	7	28	
35	34	42	30	
47	10	19	45	
0	12	4	16	
5	23	21	24	
44	12	28	30	
48	38	23	40	
41	39	25	28	
49	34	44	12	
2	49	3	35	
27	36	23	17	
1	28	27	32	
46	6	47	17	
2	7	1	13	
20	18	5	4	
11	2	5	48	
7	14	20	18	
3	34	47	18	
2	10	47	23	
31	0	25	28	
45	12	0	46	
28	2	27	49	
35	48	21	10	
27	15	43	16	
47	23	14	2	
6	7	26	13	
31	39	23	6	
8	28	22	49	
31	34	42	25	
25	1	8	10	
14	3	17	32	
0	39	26	17	
17	5	15	45	
49	21	29	27	
5	9	47	20	
4	11	28	40	
54	53	52	61	
92	75	76	58	
53	89	95	90	
67	77	76	60	
86	95	64	66	
79	85	76	77	
65	79	91	57	
65	57	97	98	
78	67	81	70	
95	98	81	97	
85	89	74	54	
82	91	96	58	
90	61	54	72	
89	97	82	73	
82	66	99	95	
63	97	87	53	
71	79	65	94	
60	63	87	90	
78	98	82	92	
95	56	72	58	
85	86	61	70	
69	88	76	56	
87	80	56	72	
52	91	96	59	
57	73	91	69	
70	80	96	55	
91	74	57	84	
99	51	93	98	
77	54	69	86	
60	74	50	72	
67	74	94	88	
61	50	56	53	
55	76	82	90	
57	95	76	92	
75	59	85	76	
88	66	63	52	
80	72	93	63	
83	86	62	72	
93	70	50	91	
66	73	80	59	
59	78	71	88	
83	50	53	60	
66	80	50	94	
57	87	77	65	
53	89	52	73	
91	64	87	94	
85	73	70	96	
84	71	56	73	
58	81	60	69	
59	66	86	61	
104	103	134	114	
145	121	127	142	
100	133	102	138	
113	129	131	119	
108	114	123	138	
143	141	101	111	
146	138	142	127	
147	133	104	126	
130	117	101	115	
125	128	131	130	
146	121	101	133	
122	107	112	127	
114	143	134	149	
119	117	111	110	
127	109	142	124	
121	115	134	123	
104	119	146	101	
115	107	126	130	
130	135	100	102	
133	127	132	129	
147	133	111	138	
148	113	129	130	
107	111	127	113	
138	140	144	133	
138	106	147	103	
128	137	136	138	
105	138	149	126	
108	117	122	139	
117	104	107	135	
105	144	102	130	
114	137	111	106	
107	115	130	148	
147	116	135	126	
143	115	119	116	
105	132	112	146	
138	131	103	124	
149	108	100	113	
118	126	109	130	
101	131	112	119	
148	137	146	102	
103	113	144	100	
148	100	106	126	
108	134	144	148	
131	121	118	116	
133	139	128	123	
130	100	120	141	
143	116	139	109	
108	134	138	130	
123	120	115	110	
111	149	122	115	
161	159	186	170	
165	192	176	158	
165	194	185	170	
156	168	171	160	
189	178	196	175	
177	197	183	151	
159	165	161	160	
182	188	198	184	
198	182	167	172	
183	173	169	189	
176	196	164	175	
151	175	160	169	
161	182	187	173	
156	180	188	166	
193	158	197	187	
167	155	187	183	
178	191	169	187	
162	179	161	194	
187	184	199	173	
160	170	168	196	
169	191	171	150	
170	153	187	152	
181	182	153	186	
166	155	152	172	
169	188	199	154	
157	165	158	166	
181	161	151	183	
152	155	176	183	
193	186	192	181	
187	193	194	165	
190	188	193	183	
184	189	165	157	
160	194	173	186	
183	176	184	165	
188	159	166	158	
183	166	185	180	
173	150	182	161	
199	191	171	158	
197	156	175	168	
197	196	167	152	
197	195	152	175	
181	155	167	188	
171	185	161	186	
190	164	155	179	
182	175	199	195	
169	189	161	155	
190	163	156	181	
182	196	174	188	
161	180	176	168	
177	174	199	182	
223	208	242	234	
222	249	210	211	
206	218	224	247	
222	242	238	223	
238	210	244	220	
230	206	226	220	
228	223	234	226	
233	245	213	205	
202	212	226	203	
238	203	242	220	
225	207	221	204	
229	242	211	217	
236	218	235	240	
240	206	232	235	
240	214	233	242	
238	230	233	243	
233	202	222	220	
215	236	223	217	
237	202	235	217	
244	238	242	201	
233	204	239	213	
205	207	241	219	
236	220	208	216	
246	217	212	210	
235	239	243	229	
244	230	235	234	
229	212	211	200	
221	220	239	214	
231	246	248	219	
211	246	207	244	
216	248	214	220	
220	248	238	227	
211	246	227	218	
228	243	223	200	
220	208	240	235	
208	248	229	213	
235	231	240	225	
233	213	220	227	
209	238	213	242	
216	211	244	230	
213	229	210	237	
249	209	240	231	
218	203	217	240	
222	247	207	244	
209	241	205	212	
221	211	230	233	
200	226	246	221	
212	211	234	204	
247	226	211	232	
209	242	208	245	
270	266	262	284	
283	251	290	266	
282	283	296	284	
258	295	266	257	
294	276	293	268	
267	271	297	269	
263	251	298	259	
265	275	290	264	
278	277	299	258	
280	265	267	258	
293	294	295	259	
271	262	264	282	
297	277	274	294	
290	292	296	262	
259	276	280	266	
294	256	297	291	
257	252	274	255	
274	251	277	289	
287	279	280	264	
265	285	278	282	
282	257	263	255	
290	280	283	272	
255	270	265	253	
272	286	282	299	
287	254	251	258	
287	278	262	267	
251	286	282	269	
267	258	273	280	
265	296	267	279	
256	258	285	279	
286	259	275	268	
260	285	256	284	
281	270	259	282	
258	260	275	288	
254	281	286	256	
252	258	280	283	
259	277	256	285	
275	293	257	266	
297	278	283	296	
289	274	298	250	
287	289	281	259	
274	286	263	298	
253	272	258	293	
285	296	290	269	
256	284	254	299	
258	271	291	279	
251	295	256	260	
282	297	263	292	
297	283	253	284	
287	260	290	274	
318	301	319	300	
321	346	320	304	
319	305	314	307	
325	302	334	312	
330	309	344	322	
344	300	336	337	
301	339	349	341	
341	303	349	318	
342	333	317	321	
315	324	345	346	
346	344	336	308	
335	324	345	344	
332	303	301	309	
338	315	310	349	
315	331	334	347	
344	329	307	304	
317	319	320	340	
338	320	331	330	
332	349	329	334	
315	308	312	303	
317	316	300	308	
330	304	335	321	
346	308	302	343	
333	330	328	312	
305	317	342	348	
305	325	307	318	
307	309	305	311	
327	308	342	310	
343	312	342	338	
322	320	328	319	
331	338	335	326	
341	345	326	339	
326	341	302	337	
306	333	337	305	
302	324	344	339	
327	349	324	307	
322	321	306	329	
325	347	336	348	
308	328	322	318	
300	339	329	340	
341	327	346	318	
319	334	336	300	
334	346	307	313	
345	305	312	322	
325	327	345	314	
339	335	325	327	
345	315	344	329	
316	349	308	337	
339	323	330	306	
316	322	348	326	
390	397	375	367	
366	399	372	363	
384	357	383	381	
392	356	364	378	
397	369	361	382	
395	397	391	387	
372	394	375	385	
380	353	369	359	
356	387	360	376	
359	378	390	354	
360	350	371	393	
380	361	399	382	
382	388	392	378	
392	352	375	380	
355	379	388	351	
398	353	369	381	
387	383	373	363	
386	357	395	373	
377	355	372	381	
359	353	355	370	
362	392	364	395	
365	382	361	352	
350	363	375	384	
350	368	395	378	
391	351	398	399	
390	393	356	383	
358	364	385	365	
396	361	389	354	
378	397	390	358	
388	393	396	365	
358	367	366	385	
392	372	369	390	
396	386	366	397	
356	361	369	358	
362	397	381	392	
388	351	370	364	
368	356	397	391	
389	353	363	399	
376	361	380	387	
390	375	394	357	
382	381	389	371	
362	369	383	368	
357	368	359	393	
375	359	354	396	
388	397	353	352	
352	370	366	374	
386	369	366	381	
368	382	364	386	
362	353	354	361	
350	358	396	364	
411	445	418	449	
415	435	433	423	
409	400	401	416	
434	433	405	446	
422	410	400	407	
424	419	444	425	
430	413	428	411	
438	413	449	405	
432	401	404	437	
423	438	419	417	
413	403	406	448	
428	440	424	411	
430	433	435	408	
446	420	429	406	
423	418	405	424	
447	414	443	445	
443	420	436	410	
433	437	442	431	
442	449	423	441	
447	403	410	446	
410	426	445	411	
429	435	428	414	
425	430	400	410	
431	428	437	426	
417	424	418	411	
436	424	410	444	
400	435	427	416	
441	403	413	422	
404	403	428	430	
404	421	415	416	
431	442	443	413	
421	440	438	439	
434	439	421	448	
449	415	441	420	
440	402	449	427	
419	448	428	423	
425	420	407	401	
414	417	431	442	
421	406	408	449	
400	442	410	412	
428	419	442	422	
434	402	413	417	
407	429	430	413	
444	401	413	405	
403	422	440	433	
404	440	434	438	
447	439	430	416	
447	427	419	429	
414	442	417	447	
438	404	446	427	
494	462	471	489	
499	468	497	450	
452	475	487	490	
469	458	482	459	
458	470	466	475	
464	452	462	476	
483	451	499	454	
475	455	469	460	
471	477	490	491	
467	497	498	496	
451	474	478	459	
461	457	465	460	
498	451	497	484	
493	463	498	490	
450	496	453	454	
495	451	497	484	
481	495	490	494	
457	465	475	455	
487	481	473	455	
481	472	480	468	
488	470	496	493	
477	483	461	450	
495	472	451	494	
497	492	456	473	
485	479	472	461	
499	495	475	470	
478	491	480	468	
481	492	456	485	
451	489	469	480	
459	488	483	455	
462	486	455	452	
479	489	469	468	
462	490	461	467	
478	481	484	458	
468	467	459	479	
451	492	482	464	
492	493	483	497	
476	456	450	480	
484	455	458	495	
475	450	461	486	
459	454	477	457	
490	477	493	451	
453	495	464	451	
469	484	462	460	
482	464	459	463	
495	488	474	477	
465	452	458	482	
476	498	482	478	
464	457	496	452	
476	457	477	460	
28	0	2	5	16	
16	38	45	47	9	
21	5	33	41	27	
9	25	8	1	37	
2	23	41	14	28	
25	15	3	16	6	
44	0	5	42	36	
24	45	31	2	29	
14	42	2	36	33	
18	8	30	11	5	
7	4	14	48	2	
10	22	38	42	21	
34	29	6	8	9	
7	35	30	8	9	
37	23	31	11	24	
39	48	23	32	25	
46	2	42	41	8	
42	36	17	37	25	
15	1	39	18	38	
18	39	49	3	22	
43	34	20	47	42	
49	26	5	46	32	
6	45	44	46	29	
23	31	37	11	39	
31	15	34	6	12	
20	18	12	25	41	
2	30	45	16	36	
46	19	37	5	42	
4	3	21	30	29	
39	4	30	37	31	
28	24	29	48	6	
37	3	18	42	30	
45	40	10	18	16	
33	25	30	37	46	
30	27	48	45	28	
48	10	1	34	36	
33	49	5	38	24	
4	15	22	48	0	
11	32	18	19	35	
19	17	34	27	44	
38	17	21	48	36	
25	6	41	33	14	
25	33	8	39	16	
33	48	14	42	34	
15	47	40	28	4	
10	30	32	34	11	
13	26	9	24	12	
12	28	43	34	9	
28	45	0	47	26	
44	28	18	40	39	
71	58	69	91	76	
67	88	71	64	77	
66	54	53	76	81	
78	88	92	70	73	
90	75	58	70	73	
67	55	87	84	75	
79	94	91	53	86	
52	63	98	60	67	
72	85	71	75	66	
76	91	89	96	90	
67	61	91	93	58	
72	93	82	70	59	
65	64	94	68	82	
61	60	73	97	58	
69	56	89	72	58	
66	55	93	98	99	
91	63	90	76	78	
91	82	64	83	80	
88	85	52	90	73	
66	85	52	69	80	
74	99	84	79	71	
80	55	82	62	90	
77	89	86	52	70	
54	63	87	64	55	
86	90	91	95	72	
52	76	53	54	73	
92	80	73	87	76	
66	76	91	61	87	
56	91	54	71	97	
52	81	99	98	65	
56	77	62	85	92	
68	66	77	57	89	
94	72	64	60	95	
77	61	99	54	83	
55	95	90	73	58	
92	71	89	73	62	
90	92	59	91	72	
56	53	69	78	63	
60	54	73	83	92	
94	72	66	97	53	
89	69	81	50	88	
95	68	69	78	86	
61	53	95	52	60	
63	81	62	57	89	
64	97	56	73	86	
91	79	68	51	92	
71	56	90	81	87	
52	57	81	50	95	
69	59	71	74	93	
81	59	50	97	77	
119	114	127	133	137	
104	148	103	106	116	
122	104	119	123	112	
144	134	120	117	135	
121	112	123	148	117	
136	148	111	126	134	
128	136	126	146	107	
122	136	120	132	140	
106	139	117	102	124	
128	140	115	114	110	
123	101	148	132	128	
145	141	105	139	106	
108	130	125	147	114	
121	138	145	120	118	
108	130	142	148	143	
146	118	102	106	141	
123	110	132	116	130	
139	100	140	129	135	
104	137	120	147	119	
107	131	102	118	126	
134	130	128	122	123	
144	148	126	138	133	
104	119	109	107	123	
100	105	107	143	136	
128	129	118	136	131	
106	149	102	114	139	
137	112	136	107	143	
132	114	146	124	128	
141	145	103	100	134	
134	135	102	101	140	
142	124	106	101	130	
137	149	100	138	129	
131	143	116	138	149	
102	132	128	117	101	
125	144	100	122	112	
107	137	112	106	110	
130	120	144	131	138	
145	141	140	115	106	
110	109	123	124	116	
119	147	124	140	123	
108	127	143	120	109	
131	140	142	127	113	
103	116	110	127	108	
129	106	110	140	122	
117	132	126	137	108	
102	118	108	143	113	
121	120	133	103	107	
134	124	120	121	133	
131	108	117	142	104	
101	125	123	121	114	
191	164	167	179	153	
174	169	164	176	152	
167	171	194	166	168	
174	188	179	154	150	
188	184	155	172	190	
187	161	190	156	175	
168	197	183	177	190	
162	194	154	178	170	
174	180	153	151	167	
156	162	183	158	186	
191	151	152	181	174	
194	173	175	174	193	
174	164	172	170	171	
167	156	179	161	178	
156	182	191	195	184	
167	151	174	182	150	
152	174	161	196	172	
161	180	177	181	187	
159	161	179	178	155	
195	154	181	197	179	
190	165	178	198	175	
194	186	157	190	167	
186	196	194	157	199	
188	160	163	171	193	
177	167	151	168	161	
183	170	178	154	195	
197	190	192	185	160	
156	162	180	155	159	
183	157	197	156	186	
155	187	164	161	188	
180	156	185	199	151	
172	190	187	184	162	
178	160	196	165	154	
183	175	156	179	152	
159	157	153	152	182	
196	158	175	193	156	
193	192	170	167	196	
162	158	187	191	172	
160	162	193	197	158	
166	165	178	192	181	
183	178	152	155	175	
157	154	181	170	175	
188	195	176	189	164	
173	177	159	199	192	
188	197	156	160	168	
159	171	187	192	188	
183	182	190	176	158	
165	158	174	164	199	
161	162	171	173	151	
166	174	191	182	157	
239	221	235	225	236	
206	220	205	227	246	
241	212	229	205	234	
247	236	237	238	231	
209	231	235	213	217	
226	207	217	246	214	
230	214	210	226	245	
227	201	221	242	209	
225	247	223	244	230	
208	228	230	202	205	
228	208	206	212	249	
203	212	225	243	232	
201	246	210	235	226	
212	235	232	214	227	
233	212	215	225	220	
218	214	201	231	206	
235	202	230	233	218	
247	237	216	215	205	
216	227	237	235	201	
232	208	248	235	211	
239	219	207	218	235	
244	249	224	230	234	
236	221	203	220	228	
241	232	207	228	247	
210	244	233	247	234	
222	200	245	214	226	
205	206	230	214	223	
205	233	222	216	223	
209	245	242	203	210	
242	215	207	218	244	
248	243	220	202	222	
203	208	249	240	205	
225	231	234	244	227	
235	233	201	223	238	
233	206	216	244	225	
231	221	237	215	230	
219	224	242	216	238	
237	240	236	245	247	
201	212	222	239	218	
241	240	216	226	203	
224	233	219	203	206	
249	238	228	204	216	
244	237	206	229	235	
226	224	201	212	208	
225	226	232	211	246	
200	230	228	217	215	
215	206	238	234	218	
213	230	203	232	206	
206	229	237	249	240	
221	227	234	215	211	
281	286	272	258	270	
276	255	257	252	287	
251	285	266	265	263	
276	284	263	261	253	
256	282	284	258	279	
262	291	289	270	290	
253	250	289	266	255	
256	299	289	276	297	
256	284	266	268	258	
259	279	250	267	254	
251	271	259	295	278	
287	290	261	263	259	
299	264	284	269	252	
252	279	286	255	282	
278	251	254	294	250	
283	266	277	250	276	
269	250	291	258	252	
272	275	267	287	284	
251	252	280	265	274	
257	264	291	292	250	
299	270	286	276	262	
258	287	299	275	264	
273	268	269	293	262	
269	279	284	270	290	
262	284	296	251	287	
272	250	298	261	266	
279	288	255	267	259	
298	257	273	287	260	
280	295	270	299	286	
255	268	265	283	257	
297	250	278	260	299	
272	265	269	268	277	
286	250	282	295	288	
295	263	287	293	253	
295	294	292	286	260	
290	278	254	296	252	
252	257	258	290	282	
295	252	280	267	264	
270	256	291	290	286	
259	296	298	285	267	
275	282	258	290	263	
278	276	259	271	261	
271	266	284	254	251	
273	295	274	280	252	
258	254	252	289	287	
298	257	256	253	281	
274	299	258	287	282	
265	267	253	251	285	
260	284	295	290	296	
250	282	293	251	296	
334	342	325	349	330	
347	336	323	324	345	
321	334	346	341	306	
331	325	347	326	342	
313	328	330	346	315	
344	341	313	314	301	
300	344	346	324	315	
312	341	340	346	306	
323	305	320	316	341	
319	307	338	325	306	
320	339	314	305	304	
316	321	336	326	349	
312	334	338	327	324	
323	335	346	309	300	
302	338	339	303	315	
303	342	323	348	307	
332	328	308	327	334	
329	327	325	303	324	
333	343	337	301	319	
306	330	303	340	300	
331	333	326	318	303	
341	344	316	327	320	
344	305	335	310	332	
319	318	325	332	303	
323	348	329	314	345	
315	329	317	336	321	
348	307	327	305	311	
303	332	321	326	338	
328	319	314	304	317	
346	327	323	307	331	
342	309	312	348	343	
340	303	300	305	334	
301	319	338	304	340	
340	343	311	348	339	
323	306	321	312	344	
303	328	311	306	312	
332	307	344	310	305	
330	316	307	305	302	
344	347	304	335	312	
316	312	330	343	318	
304	339	308	311	340	
344	323	301	316	310	
333	304	345	334	310	
319	316	305	306	336	
338	308	319	301	312	
336	313	342	300	346	
323	333	332	319	345	
343	310	314	331	348	
345	315	309	306	319	
347	313	332	304	338	
379	398	355	362	365	
361	367	392	360	350	
381	358	398	375	372	
397	356	366	376	369	
380	351	365	385	372	
383	358	396	397	357	
379	385	371	358	350	
389	387	375	386	367	
368	363	355	385	384	
383	366	361	392	364	
397	386	371	368	383	
397	354	369	395	361	
353	363	389	372	378	
374	362	358	386	371	
364	363	388	387	357	
397	377	356	354	393	
361	396	370	389	360	
389	366	393	375	356	
351	383	365	355	379	
375	376	378	391	393	
354	356	399	369	357	
378	351	368	369	357	
384	371	391	373	385	
387	364	353	384	392	
389	350	365	353	367	
369	351	370	381	355	
367	392	351	383	391	
393	350	399	374	384	
386	389	391	376	397	
363	399	381	386	366	
382	397	369	356	396	
373	362	381	350	352	
355	364	382	398	367	
389	394	361	397	391	
369	384	356	360	380	
350	354	382	366	368	
362	366	354	377	384	
363	371	378	383	379	
391	395	366	370	350	
351	386	396	367	376	
392	369	388	386	366	
381	366	359	367	352	
367	362	394	376	386	
353	362	388	375	380	
355	391	377	356	376	
386	393	365	387	364	
362	358	380	379	370	
371	376	354	359	398	
375	356	357	366	384	
364	373	351	355	368	
410	446	436	430	423	
448	425	411	443	426	
440	414	428	437	423	
435	448	425	412	415	
429	400	419	409	430	
407	426	435	418	417	
428	443	404	437	448	
445	433	439	434	415	
445	410	405	413	446	
408	415	443	403	411	
432	448	418	441	444	
447	428	435	429	405	
435	415	425	443	431	
444	425	431	410	428	
435	443	411	429	448	
407	436	447	414	422	
410	444	420	403	408	
431	412	404	422	444	
443	419	408	422	433	
429	420	436	441	426	
429	445	417	412	435	
403	409	432	406	431	
402	421	404	437	407	
417	421	433	447	422	
420	410	422	415	413	
444	435	433	427	402	
438	418	404	447	430	
403	429	419	442	410	
432	401	413	414	411	
423	445	421	409	429	
434	416	445	423	430	
415	422	427	435	441	
431	409	438	446	439	
424	418	436	423	416	
428	430	425	434	427	
412	417	437	432	421	
408	445	439	400	407	
432	425	409	414	416	
439	435	423	429	403	
444	414	441	408	412	
441	444	428	417	434	
435	447	441	428	433	
444	410	443	422	429	
425	414	423	432	409	
418	428	425	413	430	
435	405	428	418	413	
421	427	400	442	420	
403	426	428	424	446	
415	433	408	407	411	
441	418	424	430	435	
472	461	498	475	452	
467	457	497	483	484	
498	456	463	479	487	
467	472	470	469	494	
485	473	455	458	470	
453	455	481	484	492	
465	494	463	467	482	
495	482	491	458	456	
471	467	498	485	459	
480	456	479	470	463	
466	471	455	476	481	
459	472	453	465	488	
481	476	473	450	457	
485	463	457	454	471	
478	469	466	486	468	
476	478	495	455	488	
496	460	499	471	478	
480	469	457	483	465	
493	475	455	451	453	
458	456	486	481	461	
451	470	456	474	487	
466	468	486	480	458	
460	468	472	469	473	
456	489	457	480	468	
454	485	477	474	458	
483	487	490	477	451	
466	462	476	498	454	
479	462	469	487	470	
452	479	450	457	491	
473	469	475	464	452	
477	471	459	455	495	
497	496	459	468	454	
494	464	450	471	470	
456	484	494	479	454	
487	462	474	480	454	
456	476	470	494	477	
488	475	491	472	461	
464	456	474	459	480	
465	455	485	486	454	
493	479	495	458	468	
459	496	460	451	462	
468	486	495	473	478	
465	479	457	462	487	
494	495	450	458	455	
488	487	467	476	494	
486	460	455	474	457	
466	452	491	458	492	
463	483	468	456	469	
457	484	498	456	488	
466	462	476	467	456	
