10	8	6	
19	38	25	
41	17	15	
29	12	13	
16	11	27	
22	29	4	
1	24	15	
42	38	37	
5	46	17	
22	19	17	
19	38	25	
22	8	49	
36	8	40	
29	24	9	
20	40	9	
35	12	23	
35	18	4	
40	36	37	
19	44	17	
7	12	0	
40	44	12	
48	18	1	
11	3	21	
17	12	46	
17	45	19	
2	19	10	
49	45	5	
26	2	38	
29	47	27	
21	15	0	
28	1	13	
45	26	35	
4	6	27	
47	43	12	
43	36	16	
35	16	38	
2	17	24	
45	28	33	
17	42	31	
14	32	28	
46	32	30	
6	15	34	
25	49	11	
31	16	38	
1	35	3	
26	2	21	
29	7	17	
37	49	2	
48	19	34	
22	41	19	
60	68	57	
76	68	88	
89	87	71	
96	71	79	
64	59	60	
64	83	91	
78	50	75	
91	95	61	
77	70	68	
54	83	82	
88	96	72	
79	65	89	
63	67	57	
69	72	75	
58	56	72	
77	68	99	
76	93	83	
95	52	88	
89	74	65	
99	72	70	
70	90	95	
89	81	82	
79	89	72	
85	68	53	
52	71	73	
61	66	82	
76	78	95	
89	86	95	
97	81	55	
84	82	60	
92	69	51	
96	66	79	
85	95	55	
53	67	75	
70	69	82	
74	71	51	
86	51	80	
79	82	51	
92	70	83	
84	97	96	
83	93	66	
98	78	74	
91	66	95	
73	80	77	
84	61	60	
81	94	98	
92	82	62	
91	53	77	
93	64	67	
59	85	86	
122	147	120	
112	148	124	
123	102	144	
130	104	111	
138	143	112	
123	146	136	
121	117	137	
129	141	128	
123	105	107	
130	107	129	
120	125	148	
115	136	148	
138	122	120	
139	146	118	
101	135	139	
116	129	141	
109	125	119	
130	143	100	
106	129	126	
140	146	118	
108	139	115	
112	144	122	
124	101	131	
101	146	111	
142	106	115	
115	118	124	
121	138	143	
121	147	117	
102	127	132	
117	109	116	
112	126	135	
140	141	102	
101	109	130	
109	122	116	
141	108	131	
129	116	136	
129	148	145	
117	136	131	
104	134	120	
128	148	147	
137	104	134	
149	111	108	
127	126	141	
117	124	106	
116	133	119	
125	137	105	
100	139	115	
121	119	149	
121	118	143	
113	134	115	
158	166	196	
194	163	191	
170	150	191	
151	150	186	
182	195	199	
189	166	162	
179	165	169	
191	173	181	
153	182	161	
165	162	157	
194	171	160	
188	192	175	
171	152	169	
183	155	178	
187	172	193	
174	158	160	
168	151	166	
189	152	162	
193	153	183	
187	156	159	
160	158	154	
167	192	161	
195	155	198	
170	161	191	
186	180	178	
164	176	177	
181	152	172	
178	159	152	
175	150	160	
155	162	197	
158	195	162	
192	158	165	
176	180	198	
184	160	155	
187	169	186	
175	153	172	
179	180	167	
191	156	175	
198	190	153	
174	193	194	
194	154	164	
184	175	187	
178	198	154	
173	198	195	
165	166	164	
199	186	158	
194	198	155	
159	155	153	
157	176	164	
152	189	178	
209	222	224	
236	206	226	
229	245	240	
229	202	238	
209	238	234	
226	210	246	
230	204	223	
238	214	245	
201	200	225	
221	207	249	
237	209	215	
214	208	234	
204	249	239	
237	201	231	
205	235	212	
235	231	219	
247	210	243	
213	224	245	
217	240	229	
229	222	241	
216	236	235	
209	245	212	
208	200	226	
210	235	220	
229	247	218	
208	225	222	
200	204	231	
226	221	210	
212	221	206	
216	249	244	
221	211	205	
215	249	245	
207	221	229	
207	230	228	
232	248	238	
239	233	204	
207	236	205	
211	206	200	
224	237	213	
224	205	241	
230	220	218	
233	205	203	
241	209	220	
228	229	205	
242	236	226	
231	210	248	
245	210	247	
242	245	210	
215	232	200	
238	245	233	
265	257	262	
255	251	279	
259	273	288	
284	259	261	
299	281	254	
288	273	276	
289	292	276	
273	276	293	
259	270	262	
299	256	261	
261	250	285	
296	278	289	
255	282	269	
281	288	252	
295	275	253	
250	283	253	
262	294	274	
294	283	280	
294	293	275	
256	290	269	
278	275	291	
250	284	276	
278	262	291	
267	252	291	
263	254	272	
255	269	260	
297	261	265	
265	264	287	
258	270	282	
281	252	276	
296	288	261	
262	257	299	
266	267	283	
286	263	290	
260	284	279	
285	259	264	
266	280	267	
271	299	285	
276	297	282	
287	293	291	
299	253	285	
257	292	297	
251	272	269	
252	279	297	
290	251	268	
296	252	272	
272	269	290	
292	285	272	
255	281	253	
287	273	267	
329	347	310	
309	300	303	
310	331	300	
310	313	331	
315	339	310	
305	329	311	
308	313	342	
306	343	319	
302	306	329	
343	331	325	
338	328	320	
312	306	335	
342	309	315	
311	332	318	
333	302	345	
317	327	349	
329	323	339	
310	305	331	
304	341	306	
348	345	333	
321	348	320	
316	344	314	
344	318	310	
313	345	316	
300	314	333	
301	345	313	
323	302	344	
310	311	322	
301	327	333	
338	334	312	
331	306	312	
336	315	316	
321	348	325	
330	305	317	
315	303	339	
328	305	316	
318	309	333	
330	332	343	
316	332	342	
340	323	320	
316	304	343	
320	346	316	
303	338	324	
304	336	307	
321	347	349	
324	335	314	
309	326	332	
316	330	347	
304	327	331	
302	334	337	
354	391	390	
369	378	365	
382	377	355	
353	363	377	
397	350	358	
359	353	388	
393	388	397	
388	391	363	
363	362	381	
366	351	376	
362	372	374	
389	381	379	
356	357	376	
377	369	367	
393	385	376	
396	391	381	
359	387	383	
383	375	356	
367	382	380	
367	357	376	
374	381	398	
384	358	353	
359	379	357	
396	371	375	
366	361	387	
350	351	384	
389	350	385	
359	390	357	
359	375	368	
353	350	375	
393	370	381	
388	376	396	
358	387	383	
369	389	388	
381	396	384	
356	385	388	
380	395	372	
383	390	370	
357	399	383	
380	358	350	
382	366	398	
379	377	371	
370	350	378	
377	380	381	
390	387	374	
386	380	384	
396	382	358	
366	389	399	
395	382	392	
350	356	353	
434	404	420	
404	435	449	
409	420	403	
419	417	449	
402	447	432	
412	407	434	
412	440	413	
420	425	419	
410	408	421	
408	441	403	
440	404	422	
414	413	446	
427	447	428	
420	413	406	
434	432	436	
405	446	429	
443	408	421	
436	409	415	
449	411	425	
425	435	440	
415	408	435	
429	419	441	
416	439	400	
427	428	448	
419	414	405	
426	441	418	
416	441	449	
406	400	427	
410	403	414	
422	444	409	
447	434	419	
437	401	433	
413	428	427	
411	400	405	
425	418	410	
404	414	445	
405	443	425	
404	441	412	
404	441	419	
418	403	423	
442	423	431	
402	440	404	
419	414	442	
437	431	400	
432	420	412	
437	411	400	
416	408	445	
422	423	442	
412	401	403	
435	424	404	
465	481	457	
476	465	496	
483	471	459	
452	464	494	
494	452	491	
477	464	450	
454	489	470	
498	491	497	
470	484	495	
463	462	477	
464	482	484	
475	483	471	
489	487	476	
480	469	497	
484	472	467	
481	473	452	
458	495	497	
486	494	466	
470	493	457	
454	494	479	
492	468	465	
478	472	471	
498	471	462	
499	473	450	
461	495	472	
474	481	457	
468	475	476	
499	497	483	
460	459	462	
455	464	452	
491	472	467	
452	480	478	
499	495	472	
497	488	454	
457	484	460	
454	459	465	
461	464	466	
483	460	478	
487	480	455	
465	455	461	
471	466	499	
475	478	454	
457	495	473	
491	484	458	
480	495	499	
450	455	478	
480	460	490	
466	470	474	
456	455	471	
490	470	474	
25	28	49	4	
39	18	16	33	
1	40	49	32	
46	43	14	9	
7	10	23	32	
49	6	18	5	
4	32	5	29	
11	5	13	6	
4	39	35	27	
37	41	36	15	
29	24	2	28	
37	45	16	28	
41	14	48	44	
49	6	37	43	
14	11	33	17	
3	14	0	8	
46	3	21	42	
14	30	40	12	
38	42	19	36	
22	7	48	33	
19	26	13	45	
44	35	24	2	
18	7	22	2	
3	44	5	17	
43	23	49	41	
11	9	45	17	
42	15	34	16	
17	45	34	15	
10	19	37	48	
16	32	4	33	
16	40	26	38	
12	17	9	22	
43	37	23	2	
22	34	30	9	
19	37	23	14	
24	12	45	25	
34	15	6	11	
20	34	11	3	
16	26	38	27	
41	30	33	7	
19	17	13	1	
15	49	1	33	
29	41	1	0	
11	44	42	28	
30	26	11	23	
21	22	24	0	
21	24	46	0	
42	18	45	5	
49	26	31	2	
25	40	41	30	
71	99	73	88	
81	80	59	73	
93	86	59	92	
53	93	75	73	
95	93	69	98	
63	64	51	92	
62	64	82	52	
94	79	66	74	
92	82	97	61	
52	91	77	54	
78	82	88	99	
54	95	58	65	
85	52	53	58	
81	74	85	51	
55	75	73	51	
53	57	59	89	
53	82	94	86	
67	54	74	77	
60	86	82	62	
87	55	76	60	
91	86	52	71	
75	51	63	58	
87	92	81	71	
74	68	50	55	
83	97	78	51	
93	76	71	79	
80	76	81	99	
81	92	62	75	
67	60	82	71	
88	55	60	64	
81	59	84	99	
53	87	92	83	
67	70	64	84	
72	97	93	83	
88	65	56	62	
86	65	59	80	
82	92	58	53	
87	81	99	75	
93	58	91	98	
60	83	76	51	
61	60	64	98	
80	84	83	98	
96	97	53	89	
86	66	76	69	
91	85	78	80	
90	89	55	97	
51	80	64	85	
99	72	71	73	
79	50	59	66	
83	60	63	80	
129	105	146	113	
100	126	118	139	
116	142	128	108	
144	134	110	140	
137	110	117	125	
113	104	126	141	
122	134	145	139	
134	146	103	102	
109	136	106	148	
105	129	106	123	
129	106	109	128	
141	147	101	113	
129	140	132	110	
144	100	105	122	
104	148	144	119	
122	133	103	100	
112	129	114	105	
143	147	102	135	
144	123	118	149	
130	140	144	117	
140	118	131	109	
126	147	134	104	
119	142	117	112	
136	118	120	137	
134	136	107	135	
143	121	148	133	
101	125	114	127	
100	118	132	146	
127	103	106	134	
122	119	147	100	
104	112	122	140	
131	135	102	139	
102	121	149	138	
104	142	107	135	
118	120	113	103	
111	102	109	132	
108	129	130	146	
133	117	123	131	
105	106	123	101	
139	136	115	100	
124	143	101	137	
132	114	145	129	
107	103	106	131	
121	109	144	140	
110	123	131	149	
104	102	137	115	
139	140	103	105	
148	110	134	128	
101	112	109	110	
148	101	144	132	
172	187	152	156	
190	196	161	185	
173	176	190	181	
186	170	187	197	
175	184	168	165	
165	150	156	161	
193	167	182	179	
183	190	177	199	
155	179	168	171	
181	190	167	161	
192	195	155	158	
185	195	171	169	
172	150	160	161	
180	167	190	196	
191	182	164	161	
161	180	176	189	
185	167	191	173	
196	185	178	169	
185	153	163	190	
155	154	186	166	
161	181	150	172	
169	163	178	183	
196	151	184	156	
178	155	170	186	
163	187	197	179	
196	168	154	158	
183	154	191	189	
155	173	184	172	
158	163	171	183	
187	199	188	184	
177	174	163	152	
185	168	192	165	
196	157	165	186	
165	163	178	183	
199	170	185	196	
161	151	198	192	
196	150	162	154	
189	158	191	175	
178	199	165	195	
179	176	178	168	
185	150	187	162	
194	171	179	195	
181	154	151	158	
195	172	178	170	
167	194	159	175	
165	178	167	177	
157	158	194	180	
194	172	193	170	
174	156	186	162	
186	154	185	173	
240	243	210	221	
225	237	227	246	
225	213	215	224	
204	206	228	229	
228	225	248	205	
231	232	249	222	
203	208	213	220	
208	218	220	214	
214	202	231	249	
233	214	236	244	
242	234	245	200	
210	206	202	236	
229	204	216	233	
238	203	229	216	
221	238	228	219	
240	234	242	203	
210	241	213	202	
211	202	225	229	
207	204	215	220	
203	236	215	201	
216	238	223	242	
223	236	208	210	
221	201	213	248	
210	245	223	214	
224	249	241	212	
245	223	205	229	
225	217	245	216	
240	238	215	235	
237	224	236	214	
222	210	228	225	
236	216	232	229	
235	200	248	225	
209	238	214	228	
226	219	242	238	
207	217	247	219	
213	239	207	226	
223	225	214	217	
214	249	226	225	
230	248	202	222	
202	243	217	210	
214	222	247	244	
227	214	239	223	
223	225	232	219	
218	249	235	220	
210	248	217	240	
213	205	238	209	
232	248	249	226	
242	230	216	218	
214	249	225	228	
232	249	201	204	
286	262	284	293	
261	270	287	268	
250	290	297	254	
293	250	279	263	
264	257	262	295	
252	275	292	281	
297	279	278	260	
254	279	252	273	
259	289	251	291	
290	282	261	298	
295	277	269	297	
284	288	291	290	
299	296	259	252	
260	270	261	253	
286	254	290	277	
299	296	269	284	
286	281	295	285	
287	251	277	267	
263	292	267	271	
261	291	268	289	
279	265	266	281	
264	277	269	265	
259	260	274	272	
256	254	280	287	
283	275	290	264	
260	296	262	267	
298	282	276	280	
271	260	256	293	
268	284	256	287	
282	273	263	257	
265	275	272	285	
254	268	264	274	
264	291	299	288	
291	293	256	251	
257	261	262	270	
277	264	254	250	
286	280	251	298	
271	267	258	255	
257	276	251	279	
283	284	285	293	
257	277	272	295	
262	279	268	253	
261	279	268	275	
298	266	294	277	
271	283	267	289	
262	251	269	273	
285	271	286	269	
289	272	295	263	
283	275	267	251	
263	290	260	254	
316	347	302	311	
348	305	312	332	
344	306	301	319	
344	332	304	335	
328	310	346	342	
330	333	347	304	
332	313	325	301	
322	330	302	337	
313	325	300	347	
339	307	344	322	
312	335	348	343	
349	348	308	324	
338	334	341	315	
326	309	304	324	
345	325	348	315	
337	327	336	348	
318	316	309	325	
316	308	348	330	
345	342	323	327	
341	312	311	333	
305	342	304	335	
301	331	338	320	
331	340	324	310	
349	345	321	327	
323	310	344	312	
344	315	334	319	
314	312	336	345	
346	308	336	319	
331	326	332	321	
313	300	316	318	
303	325	329	345	
306	321	308	332	
313	348	300	341	
347	332	340	312	
348	306	300	320	
317	326	321	312	
316	322	327	347	
300	332	338	327	
335	330	319	341	
314	300	316	313	
315	335	308	306	
318	307	305	320	
319	314	321	305	
321	322	332	345	
319	305	333	321	
339	336	324	312	
329	341	308	333	
348	330	347	332	
327	342	316	303	
323	321	313	304	
386	383	364	398	
360	398	369	399	
360	355	395	375	
389	377	369	380	
358	372	391	357	
363	350	393	398	
350	396	358	355	
350	381	377	355	
391	375	355	376	
353	352	364	398	
360	350	368	365	
386	359	395	370	
388	396	387	364	
377	369	399	376	
388	390	368	385	
383	362	381	385	
398	385	371	351	
387	389	356	374	
369	365	392	367	
378	374	385	361	
371	372	366	383	
393	373	372	358	
387	354	385	389	
355	358	385	386	
381	385	362	374	
358	355	356	364	
372	367	381	395	
374	377	364	368	
379	375	360	399	
371	369	395	376	
397	391	362	360	
350	363	386	395	
399	377	363	360	
397	360	387	359	
372	371	357	395	
384	375	367	378	
383	372	375	357	
365	352	384	356	
360	357	375	369	
373	397	353	377	
359	365	354	392	
399	379	371	368	
380	388	370	366	
375	384	399	365	
359	389	378	379	
371	377	392	378	
368	378	366	369	
396	386	363	366	
358	350	380	363	
392	380	378	359	
425	435	424	417	
415	404	412	405	
419	412	404	440	
414	415	448	416	
411	422	430	419	
410	431	434	423	
433	440	412	437	
419	422	412	444	
404	446	444	405	
401	434	414	410	
409	432	439	405	
429	444	427	417	
409	427	420	412	
414	434	408	407	
421	402	435	415	
405	448	431	426	
428	430	407	420	
422	432	446	423	
433	439	401	442	
409	423	416	428	
419	418	403	410	
443	417	438	440	
405	428	434	444	
401	408	430	425	
404	412	439	428	
411	448	403	412	
448	439	409	402	
428	420	441	440	
426	443	417	412	
415	408	423	442	
419	417	427	433	
419	447	431	438	
401	411	421	435	
444	446	435	402	
447	410	414	423	
410	419	403	427	
401	417	433	418	
409	428	438	421	
447	416	400	427	
432	440	425	448	
440	423	434	410	
424	444	415	416	
445	440	443	408	
414	425	431	427	
412	415	416	403	
433	406	409	435	
428	447	417	438	
418	422	442	427	
446	441	413	403	
419	433	418	426	
492	463	478	456	
495	475	457	480	
460	456	473	495	
484	469	475	491	
462	451	483	492	
461	493	498	466	
489	487	467	488	
480	489	496	485	
455	476	472	453	
466	464	453	473	
463	461	494	488	
487	453	458	484	
494	475	499	469	
461	482	492	453	
471	485	474	454	
474	465	472	498	
473	491	493	483	
470	483	460	490	
463	484	472	488	
472	461	499	474	
486	471	489	453	
487	463	466	470	
452	458	457	451	
497	458	491	492	
485	484	460	463	
484	469	459	475	
469	479	468	474	
483	470	461	453	
453	452	463	457	
454	469	480	470	
498	486	459	454	
459	496	498	467	
488	477	497	456	
480	451	494	470	
470	488	489	469	
476	459	497	469	
493	454	490	472	
477	494	483	484	
497	478	469	455	
492	460	482	472	
457	485	489	472	
477	486	453	473	
465	478	481	483	
471	472	475	460	
479	451	499	455	
499	486	484	490	
453	484	483	467	
476	480	455	477	
480	477	467	473	
482	450	499	451	
1	19	22	29	23	
8	20	15	4	32	
34	12	21	19	6	
43	36	4	26	0	
42	11	13	39	32	
46	25	0	24	44	
8	33	2	39	46	
32	33	47	38	16	
3	15	28	49	45	
7	8	44	26	36	
12	13	42	20	23	
8	43	18	21	12	
21	26	11	29	18	
44	28	19	39	49	
13	39	12	37	10	
39	9	31	18	2	
25	42	43	7	10	
12	6	21	48	11	
18	2	29	43	3	
30	18	8	12	47	
9	4	0	7	37	
4	27	13	47	48	
35	17	49	26	7	
41	44	8	13	15	
2	10	39	30	25	
35	29	8	6	1	
39	35	9	29	22	
3	30	2	16	28	
19	42	7	39	3	
43	16	39	46	26	
39	14	25	4	15	
7	24	6	47	40	
41	12	32	20	24	
35	0	14	49	34	
30	42	18	2	9	
39	9	36	18	8	
15	9	25	7	21	
13	20	19	44	8	
30	16	21	39	20	
20	18	27	23	8	
5	35	11	12	23	
8	0	23	2	31	
14	1	6	17	2	
10	12	14	42	32	
45	38	4	23	0	
19	10	8	15	43	
28	36	47	34	9	
47	38	33	15	45	
40	17	49	43	18	
5	22	27	1	41	
76	67	95	51	94	
61	80	86	82	78	
59	80	93	70	69	
85	56	91	53	75	
94	56	67	87	95	
99	62	58	75	56	
70	84	54	65	69	
75	83	85	74	68	
78	74	96	68	88	
60	69	79	50	97	
74	60	61	66	65	
95	57	70	58	51	
69	83	62	58	98	
65	63	66	62	75	
78	63	60	91	53	
94	98	74	73	82	
75	54	64	53	55	
82	95	99	52	61	
54	85	86	97	98	
75	64	78	67	87	
69	88	57	58	80	
88	72	83	53	67	
67	91	85	57	70	
90	95	61	82	83	
56	93	77	62	59	
92	50	88	60	73	
98	85	67	82	68	
51	52	63	69	73	
89	80	90	65	55	
52	65	84	89	92	
75	66	91	60	65	
99	97	54	61	52	
53	52	64	91	95	
63	82	75	56	68	
93	71	81	98	73	
95	68	78	60	88	
52	54	61	60	93	
82	77	66	62	60	
83	74	96	75	53	
62	84	90	89	95	
67	95	53	65	73	
72	96	94	95	70	
58	85	56	84	96	
51	92	99	79	57	
98	68	81	64	70	
76	91	64	86	74	
78	77	74	86	93	
86	71	72	67	73	
99	93	51	57	95	
51	55	90	68	77	
110	146	141	122	113	
148	137	112	105	121	
137	114	100	103	134	
102	146	127	117	126	
131	110	113	120	123	
113	127	104	120	140	
108	134	131	112	135	
143	101	102	135	110	
123	103	144	100	137	
123	134	122	131	130	
105	137	142	106	138	
147	113	102	146	134	
141	100	142	101	117	
146	143	115	108	131	
125	101	135	103	145	
133	144	121	114	100	
102	128	144	113	143	
146	120	118	134	123	
104	149	107	109	148	
133	120	119	144	100	
115	110	123	134	148	
129	124	108	131	128	
116	129	144	111	120	
112	134	127	103	139	
104	122	112	110	133	
101	147	127	146	123	
146	109	104	147	140	
119	144	121	111	134	
134	100	111	125	145	
121	124	135	132	148	
147	105	118	107	104	
120	131	109	147	144	
100	141	133	119	122	
110	135	119	129	114	
117	111	128	141	107	
138	133	100	128	148	
129	130	142	134	146	
144	126	109	123	143	
109	121	106	123	140	
130	111	143	119	105	
137	119	107	133	132	
109	121	117	124	100	
135	114	100	115	118	
122	108	127	109	113	
102	111	124	105	122	
138	129	131	146	106	
104	108	116	130	133	
143	125	112	129	104	
110	113	127	126	107	
117	105	120	141	147	
189	193	182	185	198	
189	177	154	168	150	
166	175	161	177	173	
196	199	186	193	170	
190	177	182	150	192	
151	176	169	188	191	
164	168	160	170	174	
168	189	199	196	172	
177	198	166	183	162	
151	167	164	198	157	
197	174	193	194	196	
179	160	193	198	183	
152	162	191	174	167	
186	193	177	181	174	
174	150	169	159	179	
179	151	186	188	174	
166	187	178	167	165	
193	180	163	197	154	
166	176	197	196	156	
163	165	182	186	150	
162	184	156	171	186	
195	165	171	182	187	
192	166	171	159	180	
196	158	188	198	164	
162	163	166	157	172	
160	166	174	178	157	
168	190	153	162	157	
157	190	189	199	182	
174	195	159	178	194	
195	150	173	176	164	
192	196	195	154	152	
184	187	174	180	183	
198	178	180	185	167	
183	199	175	164	181	
170	185	196	177	161	
172	173	161	179	150	
163	171	173	151	185	
179	157	176	180	182	
165	159	161	187	188	
181	155	163	169	187	
165	166	168	184	193	
187	198	183	185	186	
175	157	194	186	181	
185	182	176	184	165	
181	159	190	197	189	
186	163	150	196	161	
177	156	198	184	158	
179	193	157	167	175	
179	166	172	183	152	
198	150	177	172	160	
200	219	205	218	240	
217	214	244	211	238	
222	238	210	241	239	
237	213	221	203	248	
245	215	203	244	236	
231	214	201	216	207	
244	249	233	240	204	
243	213	248	242	249	
233	214	217	232	213	
243	245	249	210	206	
230	233	223	231	232	
236	211	202	239	220	
204	234	214	222	225	
247	222	245	228	221	
210	220	237	221	212	
217	218	205	219	233	
243	207	240	203	246	
228	233	226	229	217	
229	210	241	220	231	
248	231	202	217	223	
217	205	228	234	216	
220	208	204	241	206	
202	225	200	217	229	
216	204	238	213	214	
211	219	225	245	205	
217	221	245	223	201	
232	210	200	222	214	
221	226	213	224	210	
205	246	241	215	233	
216	231	235	230	241	
242	213	215	248	241	
204	200	205	236	227	
247	228	223	206	234	
247	204	215	212	235	
240	243	245	215	226	
202	211	218	200	229	
201	218	220	246	209	
211	201	219	204	231	
223	224	206	208	216	
207	211	223	230	234	
208	211	228	209	212	
249	222	205	218	241	
247	235	232	207	211	
220	238	249	239	226	
248	240	208	232	205	
209	241	230	211	201	
249	215	208	236	211	
248	249	216	236	243	
219	209	220	205	207	
205	242	200	232	245	
291	269	272	256	259	
256	262	257	269	291	
286	265	278	270	274	
262	255	264	272	291	
298	257	262	252	289	
253	261	292	265	273	
274	285	255	261	256	
281	271	292	293	279	
265	291	268	275	292	
283	273	257	263	264	
281	286	265	263	253	
278	280	289	267	271	
270	285	277	274	296	
266	275	273	264	257	
277	290	297	273	292	
252	281	293	288	257	
278	292	261	288	271	
252	298	290	271	291	
299	251	296	264	273	
278	293	250	291	299	
282	267	257	266	276	
274	293	280	261	279	
299	266	257	276	254	
270	297	287	260	293	
266	250	294	268	277	
287	260	250	279	274	
291	278	281	289	290	
299	289	285	252	294	
250	259	289	253	275	
285	283	263	255	251	
272	264	273	274	285	
296	295	259	251	281	
281	295	289	291	250	
265	252	254	264	258	
250	275	282	258	290	
283	261	269	299	280	
267	255	282	252	271	
278	267	272	280	258	
299	257	250	258	297	
262	252	258	289	291	
271	283	291	272	275	
261	266	291	288	281	
261	292	277	280	297	
260	262	251	269	297	
284	258	265	252	253	
271	260	264	274	269	
278	268	274	281	280	
265	280	258	288	261	
279	288	251	281	276	
263	285	277	253	258	
334	325	304	347	308	
339	310	329	320	306	
325	309	326	337	304	
344	329	300	330	314	
309	306	319	340	300	
330	327	303	317	342	
314	335	338	322	328	
312	325	301	340	314	
333	325	305	300	329	
313	330	310	302	341	
304	348	339	349	306	
330	310	340	333	326	
327	345	347	304	323	
303	349	348	331	338	
348	320	341	327	309	
338	342	305	336	347	
317	334	342	346	330	
315	331	347	343	348	
333	349	342	313	300	
309	320	345	312	314	
304	306	329	316	343	
304	331	322	302	338	
340	342	336	338	339	
342	335	315	310	324	
307	323	335	347	336	
316	346	309	347	304	
345	301	344	332	309	
332	348	338	318	302	
345	337	315	333	308	
302	342	301	305	300	
335	346	337	308	314	
329	343	348	300	335	
319	301	331	326	349	
333	346	312	335	320	
332	327	333	316	304	
349	300	304	347	325	
345	341	349	348	311	
328	329	344	346	331	
322	344	327	338	317	
347	324	346	307	330	
309	349	334	323	328	
324	312	318	339	347	
322	342	329	306	325	
349	300	316	341	346	
330	349	317	304	339	
306	320	328	341	348	
313	348	324	304	315	
312	305	318	306	307	
324	332	317	341	345	
346	343	302	318	326	
386	365	387	394	398	
391	383	387	367	368	
362	398	392	378	365	
373	352	398	377	384	
390	359	368	366	388	
390	366	384	395	386	
372	364	365	395	354	
382	392	360	387	395	
388	394	390	355	367	
351	386	373	360	399	
358	357	397	370	385	
398	399	380	356	367	
356	389	370	365	359	
394	356	383	388	370	
353	359	363	388	365	
393	367	380	388	372	
391	352	370	386	383	
374	369	356	353	351	
389	356	360	355	385	
367	383	394	377	350	
392	377	385	386	379	
356	352	374	361	373	
392	351	360	398	359	
368	381	370	351	384	
368	388	374	397	370	
360	399	395	398	379	
399	377	355	356	394	
392	351	368	378	380	
381	362	380	397	350	
371	353	361	369	381	
381	391	362	364	398	
384	357	359	358	368	
393	351	373	372	353	
354	358	368	382	377	
366	377	397	386	362	
376	363	373	377	392	
397	391	371	368	350	
379	391	367	390	353	
395	397	386	369	359	
384	356	363	361	364	
354	381	397	375	350	
391	378	364	361	392	
373	397	394	385	355	
374	356	350	381	398	
353	354	385	365	359	
386	385	354	369	389	
363	392	372	352	388	
351	364	370	354	387	
358	362	381	374	356	
367	356	396	358	391	
406	413	436	428	415	
418	436	427	406	411	
407	430	417	439	428	
416	413	431	433	429	
414	401	402	412	437	
417	437	412	413	447	
415	445	428	432	446	
438	403	407	400	441	
420	445	441	431	434	
425	448	407	401	402	
412	404	411	414	419	
427	441	407	419	408	
429	430	428	422	449	
444	403	415	443	436	
429	423	417	448	446	
437	436	445	439	434	
401	433	420	436	412	
402	438	404	443	449	
414	407	412	411	441	
446	443	409	402	412	
437	405	439	404	416	
422	435	405	415	420	
416	419	448	406	400	
404	449	403	428	421	
410	432	441	439	423	
414	445	426	442	423	
404	403	402	415	447	
421	423	435	428	425	
434	433	410	412	447	
447	448	434	444	433	
410	439	435	400	443	
404	447	439	402	415	
407	404	438	445	431	
430	437	424	446	426	
416	447	438	412	402	
407	409	435	423	403	
404	438	421	424	431	
423	428	407	412	446	
406	416	443	431	438	
408	443	414	436	411	
435	411	430	434	418	
417	415	407	435	405	
402	445	422	437	428	
442	427	426	416	409	
428	426	419	448	444	
422	440	421	407	414	
421	426	418	444	446	
415	434	446	412	418	
449	427	432	436	423	
410	442	418	427	404	
483	474	464	495	488	
481	468	469	458	488	
497	484	472	462	481	
471	490	477	476	459	
453	451	472	462	450	
461	493	495	490	457	
472	462	460	450	493	
476	481	472	483	462	
451	454	458	472	460	
480	491	470	476	457	
479	462	463	469	451	
469	492	477	489	460	
469	465	472	499	459	
452	496	473	493	479	
484	462	450	497	473	
492	499	472	487	489	
497	462	476	499	474	
498	480	463	452	486	
458	459	466	451	490	
476	456	499	457	484	
468	477	473	485	492	
475	476	496	487	498	
497	478	498	491	466	
480	499	465	485	477	
478	477	498	462	451	
477	468	474	473	482	
494	487	458	452	451	
455	485	474	466	450	
486	489	456	476	465	
483	477	464	453	494	
495	476	480	475	472	
498	493	455	466	472	
467	489	452	477	484	
484	476	452	486	457	
466	452	464	485	467	
458	469	488	491	498	
483	487	493	491	452	
452	451	496	458	473	
498	496	468	486	464	
454	493	466	468	483	
496	461	499	476	482	
465	486	492	495	497	
491	463	492	453	455	
490	470	465	469	494	
487	479	476	473	478	
463	455	478	456	469	
487	495	464	496	472	
493	483	497	451	462	
485	490	477	463	465	
477	496	464	452	479	
383	288	460	402	377	72	
400	99	349	484	119	292	
450	360	97	305	434	119	
243	179	191	121	334	217	
163	97	378	397	89	485	
172	165	86	330	198	287	
22	70	456	4	422	99	
69	303	203	64	148	41	
479	284	182	367	469	224	
485	186	168	300	2	296	
232	421	461	279	336	226	
26	291	52	109	267	278	
51	153	137	112	332	4	
124	437	61	62	117	388	
307	93	353	207	259	352	
45	373	311	30	59	146	
386	39	160	269	435	321	
23	280	265	48	271	180	
174	26	182	27	164	222	
293	261	349	497	499	70	
409	335	458	308	427	72	
352	308	454	355	445	173	
286	23	215	478	331	288	
498	342	164	295	77	50	
284	12	37	417	66	181	
440	204	379	362	138	124	
363	231	114	422	387	438	
388	8	428	260	131	90	
421	86	159	216	482	185	
468	196	197	306	138	117	
101	390	406	33	126	466	
470	46	221	408	131	285	
191	309	158	174	109	436	
442	257	254	417	320	71	
493	138	14	116	22	303	
42	310	214	132	420	26	
315	430	329	279	134	395	
410	154	463	7	381	216	
157	74	356	61	349	164	
389	322	497	430	378	399	
177	476	6	384	198	377	
79	460	378	35	450	323	
310	89	400	98	223	327	
381	492	186	462	210	285	
217	24	164	30	429	324	
44	256	307	497	90	280	
443	193	47	278	16	491	
311	413	16	44	496	480	
66	418	489	319	246	330	
235	472	277	408	464	347	
415	9	225	34	207	233	
59	138	176	86	98	185	
38	361	365	482	193	270	
234	328	464	182	94	485	
323	460	128	164	444	75	
230	211	410	360	75	307	
318	35	96	229	360	221	
199	219	148	168	299	108	
83	479	318	95	10	18	
191	249	491	33	372	381	
0	68	113	27	9	464	
302	497	35	273	284	117	
440	426	224	422	354	59	
144	233	487	42	55	266	
243	330	214	285	349	474	
329	429	242	34	189	4	
370	325	386	49	285	287	
480	276	246	299	105	182	
252	224	44	487	111	402	
46	92	241	450	36	59	
460	284	119	234	152	448	
250	342	246	352	445	487	
490	108	422	426	392	27	
210	144	311	421	21	344	
408	8	247	433	79	192	
11	99	398	141	282	359	
133	153	207	286	307	274	
97	142	44	358	255	299	
130	193	51	410	240	331	
76	384	151	386	274	117	
445	90	7	385	209	294	
20	139	369	320	237	250	
211	286	224	416	492	130	
81	26	241	360	198	434	
296	96	194	221	133	21	
115	31	445	377	496	292	
50	71	158	367	170	364	
380	78	402	450	220	248	
94	334	22	267	491	58	
47	190	84	236	447	292	
288	36	240	175	94	476	
485	432	194	146	483	426	
28	342	393	198	355	25	
407	219	431	487	31	302	
105	13	327	235	251	148	
289	56	8	280	100	144	
437	20	261	175	378	272	
438	44	201	236	12	305	
387	312	365	129	288	306	
184	128	265	75	101	307	
271	474	441	379	370	284	19	
136	5	335	152	422	20	351	
469	314	468	225	472	137	33	
375	435	143	318	373	352	488	
397	110	488	71	444	294	216	
229	41	233	423	195	243	67	
20	90	54	453	204	162	300	
80	489	231	117	391	158	318	
251	332	399	199	426	319	137	
314	30	217	493	146	483	44	
484	230	489	193	129	195	486	
497	266	440	441	13	106	134	
274	192	241	349	26	357	184	
197	326	280	62	385	304	296	
140	122	91	433	263	208	142	
278	110	100	438	47	37	57	
401	462	125	295	69	324	448	
482	486	86	95	34	422	163	
105	288	203	192	476	39	292	
241	29	480	201	58	342	80	
431	151	87	450	482	187	72	
211	35	162	20	390	327	157	
325	479	426	80	108	350	486	
465	143	471	331	357	82	137	
195	129	482	177	128	111	271	
323	62	93	167	151	410	190	
36	19	455	401	483	308	430	
20	446	328	187	188	321	133	
47	377	141	288	146	274	231	
383	9	196	359	278	395	141	
141	45	52	251	424	311	378	
383	5	365	370	149	456	451	
214	106	427	146	189	249	363	
102	355	3	428	142	72	21	
394	302	24	128	473	352	207	
170	485	19	345	184	264	357	
282	481	377	458	339	14	264	
194	50	256	146	28	44	482	
38	25	247	488	495	416	41	
434	392	422	149	71	133	467	
55	39	3	207	58	330	101	
226	140	116	146	413	327	276	
78	448	34	89	443	283	139	
479	419	436	7	5	91	191	
33	278	188	430	66	185	342	
119	179	442	429	143	386	258	
210	72	176	425	55	304	376	
438	35	255	427	294	90	434	
127	211	482	321	384	8	91	
306	94	45	275	380	341	177	
31	464	426	137	425	320	117	
389	135	328	475	258	490	276	
73	107	206	187	447	229	75	
242	326	333	491	233	342	22	
324	198	13	146	450	435	358	
423	478	122	492	94	253	494	
400	107	166	149	175	216	334	
257	152	68	473	85	112	397	
109	426	96	41	344	468	324	
63	12	185	317	475	54	208	
199	24	79	32	245	115	188	
113	426	468	188	281	35	145	
463	156	247	20	484	352	13	
181	435	43	256	23	239	109	
289	99	336	480	327	136	494	
408	413	259	416	249	46	399	
113	322	425	165	495	49	14	
16	411	22	171	60	367	98	
93	161	399	20	290	152	496	
413	482	54	305	16	449	481	
206	488	349	137	379	294	426	
270	117	261	198	96	200	321	
413	88	437	62	257	405	45	
147	62	45	195	114	424	385	
144	50	324	371	74	43	436	
298	377	149	151	341	409	252	
436	13	326	331	249	399	243	
27	457	64	445	346	97	200	
385	225	32	273	405	14	250	
434	240	69	111	11	134	306	
281	297	469	150	270	231	405	
16	79	164	268	244	435	147	
263	395	309	323	235	365	418	
85	158	444	154	457	330	216	
430	237	15	495	234	327	37	
374	122	442	222	171	76	175	
84	42	345	213	376	175	223	
371	2	301	375	261	305	139	
304	49	214	346	381	35	162	
483	140	107	13	196	36	158	
6	201	228	151	235	297	250	
391	279	414	207	357	112	317	
254	99	261	11	284	442	44	
241	307	439	222	168	242	447	
207	281	36	31	336	148	379	
324	15	373	353	220	36	198	
363	493	326	463	92	148	64	
260	171	174	42	307	60	31	
23	370	450	330	320	290	371	
167	460	349	311	140	270	11	
218	482	145	314	418	313	59	107	
470	375	234	154	241	414	342	202	
436	382	51	218	431	103	110	330	
147	276	303	218	294	359	250	102	
462	308	440	138	463	185	148	292	
329	352	436	314	198	160	119	169	
428	175	313	121	327	379	55	352	
187	437	214	23	328	162	248	329	
169	25	330	177	62	115	110	206	
86	161	100	154	270	82	292	332	
199	223	176	437	252	194	460	298	
341	13	404	306	274	407	254	56	
395	130	85	50	346	87	41	379	
432	130	426	269	372	453	306	167	
421	287	121	365	159	322	54	227	
456	232	126	376	316	320	444	441	
315	347	283	101	391	467	177	225	
333	460	111	491	382	192	330	309	
153	231	90	72	182	498	84	55	
171	47	443	458	166	148	422	165	
18	307	78	43	245	210	274	404	
385	243	201	90	236	224	100	338	
129	477	33	136	337	443	487	485	
264	57	121	120	317	358	423	92	
262	415	89	342	153	63	189	52	
97	499	313	19	160	464	219	366	
359	410	238	409	423	478	149	337	
233	141	497	301	370	40	264	160	
406	286	304	210	164	444	363	476	
474	449	225	259	256	178	471	143	
258	436	455	206	443	119	332	418	
467	190	241	478	381	268	116	253	
182	92	34	419	427	323	418	252	
165	289	431	87	443	255	244	349	
74	246	69	162	158	452	435	102	
181	310	262	16	43	374	191	340	
394	272	245	344	242	95	332	388	
258	103	342	359	317	280	255	169	
322	475	31	425	204	263	17	297	
481	297	153	189	172	144	70	198	
200	373	325	65	90	365	336	497	
11	417	483	29	442	149	226	131	
102	222	404	230	396	321	138	176	
158	281	100	357	481	231	26	467	
299	111	195	428	5	145	438	87	
290	212	327	449	8	359	60	399	
157	328	153	240	50	215	237	418	
384	176	199	444	266	233	103	367	
224	321	52	130	391	354	220	243	
446	20	212	48	390	218	237	1	
356	8	258	261	157	197	465	464	
83	312	160	379	264	481	222	227	
494	284	389	103	290	456	259	65	
360	301	442	453	309	58	347	133	
242	15	447	235	6	330	69	234	
382	150	136	156	231	448	319	70	
287	321	470	318	449	187	337	197	
496	432	452	388	383	77	450	154	
240	31	10	114	469	366	289	171	
212	184	276	194	435	397	328	418	
262	395	393	383	499	131	88	212	
177	323	366	350	56	383	169	455	
490	259	45	417	255	41	488	378	
193	470	252	317	445	35	60	11	
116	398	200	56	387	344	401	341	
139	294	428	193	466	89	389	78	
350	495	405	411	448	136	437	35	
247	388	194	67	313	61	216	257	
35	409	357	483	316	310	7	54	
253	311	149	499	245	335	296	174	
196	80	125	277	341	218	382	75	
115	361	213	7	47	258	463	212	
247	10	489	392	274	189	364	450	
382	337	3	260	398	25	125	64	
307	113	449	496	83	303	66	140	
388	461	51	116	97	413	212	199	
309	150	475	46	400	209	226	178	
368	266	148	204	230	44	72	241	
473	304	469	29	249	19	336	66	
369	411	377	170	340	240	326	379	
122	461	100	352	177	432	223	199	
378	459	383	325	395	23	462	232	
9	117	490	355	311	199	283	213	
340	57	163	499	89	130	7	101	
203	432	5	452	44	150	174	61	
471	64	325	3	82	479	436	348	
296	355	420	161	444	455	197	328	
17	449	350	297	470	464	360	434	
325	230	412	377	393	363	198	274	
162	438	5	265	193	325	277	57	
255	302	157	105	354	405	16	256	
452	360	277	449	372	133	121	348	
217	318	282	260	267	59	140	451	
111	40	228	273	454	195	282	300	
455	452	88	68	50	192	394	251	
102	248	328	362	253	423	392	147	
142	233	420	330	425	372	98	90	
448	239	370	311	394	160	145	166	
160	250	156	210	422	495	45	286	
198	223	396	50	35	267	136	295	
