0	3	25	
34	12	32	
1	45	22	
19	14	24	
24	40	23	
24	10	34	
6	8	42	
26	45	33	
42	49	36	
8	34	3	
20	16	25	
38	6	5	
28	36	25	
22	31	39	
8	7	36	
34	16	21	
37	19	11	
45	41	24	
33	1	18	
3	22	11	
16	44	10	
23	16	28	
11	6	23	
30	33	34	
3	12	44	
16	12	36	
27	13	15	
41	44	27	
17	45	29	
44	23	7	
32	20	1	
37	1	44	
36	26	48	
33	47	12	
42	46	38	
41	35	12	
35	21	1	
30	11	6	
3	2	38	
38	19	18	
14	26	4	
12	35	3	
11	45	24	
13	0	9	
6	44	48	
42	43	38	
3	20	21	
46	17	33	
7	9	28	
36	35	45	
73	56	62	
73	63	65	
88	85	76	
55	87	95	
64	56	91	
70	67	92	
62	76	60	
88	79	63	
53	56	95	
87	67	90	
51	94	55	
52	78	57	
98	82	68	
61	91	62	
53	77	94	
93	73	66	
70	55	60	
50	69	60	
62	99	69	
51	69	84	
89	96	55	
71	68	97	
73	77	78	
71	59	57	
81	72	80	
50	68	90	
94	71	91	
68	77	58	
62	52	54	
91	96	66	
63	68	65	
51	89	82	
95	92	86	
50	69	73	
52	82	97	
53	60	96	
87	86	50	
66	52	63	
66	54	90	
98	66	67	
57	67	76	
72	60	67	
57	94	58	
53	88	91	
67	81	72	
85	76	73	
54	74	52	
81	77	72	
71	70	66	
68	50	62	
134	112	104	
102	105	142	
102	139	110	
117	104	136	
135	123	112	
131	132	118	
135	113	129	
117	129	132	
137	122	110	
104	139	112	
110	107	118	
103	144	129	
119	147	113	
101	111	131	
121	131	125	
137	117	101	
105	103	124	
149	120	109	
135	136	119	
107	144	106	
144	102	132	
133	149	120	
146	115	145	
132	116	111	
135	142	128	
110	108	111	
121	133	115	
111	101	134	
113	132	136	
140	100	136	
141	142	132	
126	102	112	
120	128	114	
103	125	121	
139	124	112	
114	111	123	
148	144	102	
115	133	117	
110	126	114	
102	106	131	
113	132	121	
122	107	131	
122	115	147	
125	127	131	
111	146	139	
107	111	100	
102	112	117	
146	112	137	
114	145	100	
149	109	140	
176	161	166	
198	151	161	
168	190	185	
153	191	176	
184	167	168	
177	176	194	
192	195	171	
194	176	197	
199	183	190	
163	188	152	
185	157	165	
155	168	192	
195	188	182	
160	197	192	
151	185	166	
162	152	172	
167	191	168	
169	187	164	
173	168	194	
180	198	194	
168	164	187	
168	189	154	
158	175	181	
182	156	155	
158	183	173	
196	163	160	
152	175	156	
195	185	168	
157	184	188	
155	184	177	
165	160	150	
180	190	187	
167	151	195	
180	162	193	
179	175	182	
150	198	195	
173	162	183	
199	155	159	
155	196	153	
189	197	155	
151	159	160	
183	197	153	
159	194	190	
193	159	164	
171	156	197	
165	194	185	
170	196	163	
183	171	161	
192	156	168	
163	159	155	
207	218	236	
233	207	238	
225	249	238	
244	223	213	
232	234	241	
239	217	223	
247	243	235	
227	200	240	
219	227	242	
224	205	200	
206	232	224	
218	229	215	
221	213	201	
202	210	221	
209	201	246	
222	236	213	
221	203	206	
212	245	247	
227	232	200	
207	242	208	
219	229	221	
220	237	206	
221	217	224	
228	227	218	
200	237	221	
225	246	218	
246	228	205	
206	230	236	
222	217	239	
232	205	239	
241	243	202	
246	235	234	
202	212	211	
218	236	217	
219	208	202	
221	220	233	
202	224	239	
202	217	234	
238	248	230	
232	206	204	
208	237	221	
208	218	233	
220	229	240	
206	213	249	
211	203	215	
227	219	217	
221	247	224	
202	218	232	
225	203	217	
208	216	234	
262	295	292	
288	266	252	
280	257	250	
294	295	269	
268	284	265	
274	267	279	
293	291	297	
259	256	283	
291	282	281	
260	289	283	
261	260	263	
289	294	252	
273	279	251	
267	293	266	
272	262	253	
256	261	268	
260	294	274	
259	298	265	
286	289	293	
265	280	277	
293	270	283	
280	289	281	
289	275	268	
274	269	297	
251	297	287	
268	297	278	
253	276	293	
280	279	294	
252	297	295	
259	273	286	
264	251	283	
274	254	275	
256	252	258	
265	279	272	
299	296	292	
295	270	261	
273	277	291	
264	289	286	
281	273	285	
295	275	299	
250	291	278	
267	298	266	
272	282	296	
292	251	295	
294	271	258	
290	274	291	
260	293	295	
255	294	281	
282	285	284	
287	292	262	
309	301	324	
308	329	320	
313	300	327	
336	339	303	
305	333	336	
330	348	333	
334	346	317	
338	309	312	
315	342	310	
328	348	325	
329	311	301	
338	339	325	
337	347	301	
342	311	339	
313	346	343	
309	310	330	
348	315	339	
305	300	343	
332	317	300	
302	343	309	
340	325	301	
348	315	319	
347	304	303	
336	323	343	
328	335	300	
333	315	311	
301	308	326	
312	331	326	
334	311	348	
330	308	349	
343	306	332	
343	341	327	
317	341	304	
329	334	332	
336	316	304	
325	308	321	
309	324	308	
344	329	345	
301	333	338	
341	311	318	
348	303	301	
334	310	315	
333	312	318	
306	309	300	
329	315	328	
331	349	313	
329	322	318	
330	325	334	
323	332	333	
343	340	348	
373	366	380	
372	364	358	
359	352	394	
358	362	386	
362	354	351	
384	363	355	
357	386	370	
374	377	371	
365	357	380	
393	360	354	
350	371	383	
387	352	357	
375	351	374	
386	363	372	
374	377	362	
384	373	364	
396	376	399	
363	357	391	
370	373	375	
354	362	388	
375	386	355	
354	356	396	
376	352	378	
358	367	374	
352	361	376	
393	353	375	
354	362	393	
368	392	367	
358	367	393	
358	392	395	
363	361	369	
393	386	377	
350	354	363	
389	364	350	
389	398	373	
360	395	366	
398	353	379	
396	380	393	
366	353	370	
378	350	373	
378	384	357	
353	390	362	
390	366	378	
372	393	358	
376	356	357	
350	370	378	
356	350	381	
367	386	398	
370	372	382	
353	393	391	
400	415	431	
414	442	406	
409	407	404	
439	422	426	
441	409	425	
419	432	404	
432	403	421	
439	428	427	
431	402	413	
438	449	400	
422	444	404	
412	430	416	
447	448	404	
405	431	412	
422	441	403	
420	446	430	
420	406	449	
417	407	434	
406	449	433	
431	412	433	
431	416	440	
441	427	446	
416	413	437	
436	404	439	
416	405	446	
428	433	437	
423	404	428	
411	403	447	
420	408	428	
429	445	449	
445	433	424	
417	403	429	
446	439	408	
449	423	426	
439	447	423	
438	420	440	
440	443	442	
436	411	431	
445	426	437	
437	401	421	
434	446	416	
449	434	427	
404	425	421	
436	421	426	
414	436	410	
414	422	420	
447	422	434	
439	400	447	
440	442	413	
406	429	442	
498	462	468	
471	494	483	
482	481	464	
469	468	489	
492	451	483	
475	471	458	
481	484	468	
480	459	478	
484	455	478	
452	462	464	
479	465	498	
494	472	484	
497	463	475	
478	472	476	
485	471	465	
471	450	484	
462	455	459	
464	482	473	
481	491	478	
474	494	455	
488	476	452	
455	481	472	
471	463	479	
483	458	496	
469	459	481	
463	462	475	
473	474	478	
454	465	460	
453	469	494	
451	453	458	
492	499	473	
493	464	474	
466	484	481	
490	480	465	
457	473	455	
470	475	495	
463	470	491	
489	497	470	
451	476	470	
467	485	498	
478	497	454	
451	478	493	
459	484	470	
469	472	467	
459	455	476	
458	469	479	
493	475	497	
453	492	475	
452	482	458	
483	474	464	
29	42	30	9	
26	15	33	35	
18	35	43	17	
6	39	0	33	
25	12	5	49	
18	20	49	29	
47	20	45	18	
26	36	19	18	
27	13	11	20	
14	4	46	48	
36	10	12	29	
46	2	7	19	
43	11	18	42	
28	29	11	43	
47	18	15	29	
21	19	42	36	
28	35	14	19	
26	49	30	15	
23	45	39	8	
36	32	40	4	
10	4	22	49	
41	7	14	16	
24	6	9	27	
33	27	38	20	
25	18	10	21	
25	48	41	42	
22	24	19	27	
30	10	3	16	
33	0	6	49	
0	37	26	15	
38	15	4	18	
13	5	0	40	
13	9	5	2	
15	29	33	18	
23	24	40	14	
1	3	0	9	
17	24	4	14	
30	27	31	11	
31	28	38	23	
20	28	30	3	
32	27	12	42	
22	45	29	43	
4	21	25	27	
12	38	13	23	
39	8	32	43	
47	5	3	20	
26	0	17	22	
14	5	46	42	
25	44	40	42	
10	1	14	2	
99	76	87	59	
75	53	54	94	
66	63	57	62	
65	81	61	56	
64	52	51	71	
81	73	92	69	
95	66	80	56	
80	96	77	91	
92	55	90	58	
81	90	91	80	
59	64	79	93	
87	74	55	62	
54	95	55	61	
61	56	91	50	
86	64	57	56	
61	97	80	52	
86	77	69	53	
58	74	82	98	
83	94	66	71	
79	91	82	71	
69	57	52	96	
63	64	80	93	
59	54	96	52	
55	68	95	58	
76	50	61	56	
82	91	56	67	
95	57	71	89	
59	97	74	70	
93	66	68	91	
96	82	56	66	
55	99	77	58	
77	66	73	86	
76	86	82	55	
76	56	67	84	
98	95	85	94	
59	51	64	52	
93	67	76	78	
60	56	78	94	
57	52	86	96	
81	73	72	74	
52	73	98	95	
71	83	61	97	
82	65	52	92	
65	56	57	96	
86	51	82	69	
64	99	95	87	
69	70	99	59	
72	50	53	82	
50	89	65	54	
82	81	77	66	
140	117	128	132	
122	148	115	121	
100	110	143	144	
116	107	115	118	
110	105	147	148	
132	147	135	127	
117	148	125	124	
113	144	100	128	
134	117	109	130	
122	136	145	126	
123	134	112	102	
107	129	130	148	
145	124	121	128	
109	107	139	137	
141	113	127	133	
128	108	122	136	
105	149	124	104	
130	149	137	110	
109	122	102	138	
125	109	122	143	
116	123	146	138	
119	118	112	120	
104	111	146	121	
121	128	101	109	
123	139	101	125	
133	101	140	115	
140	103	149	123	
117	137	125	128	
144	120	132	105	
110	108	112	100	
133	144	124	123	
137	126	139	131	
118	130	145	101	
136	102	131	107	
117	128	137	116	
118	139	131	109	
125	141	117	132	
109	102	122	108	
142	131	145	148	
117	146	123	140	
101	129	130	127	
135	148	109	100	
103	120	132	137	
141	126	140	114	
101	115	147	102	
144	145	127	121	
143	110	140	128	
146	118	106	125	
125	116	136	100	
119	108	143	113	
156	195	152	172	
176	153	182	164	
195	165	163	167	
181	173	197	179	
189	150	182	195	
178	198	161	196	
170	180	188	193	
193	173	155	175	
158	185	151	186	
171	190	160	187	
165	150	152	161	
191	182	183	165	
161	192	186	153	
175	198	161	194	
176	170	187	157	
187	198	170	194	
163	175	167	199	
161	179	159	164	
173	185	193	170	
156	199	190	191	
151	191	163	155	
199	195	152	188	
166	179	155	190	
194	156	160	153	
160	176	162	155	
194	170	172	173	
187	159	170	180	
180	199	176	156	
190	155	177	172	
158	151	179	160	
159	170	197	190	
192	193	177	185	
193	157	170	175	
156	188	160	197	
196	151	155	194	
153	193	173	181	
196	172	197	153	
188	192	156	159	
175	191	165	152	
176	162	190	153	
178	170	167	160	
156	160	184	180	
155	159	185	166	
181	150	196	155	
189	195	196	166	
151	187	171	154	
160	169	190	185	
150	183	155	179	
168	182	155	178	
189	185	161	160	
203	244	206	200	
224	242	248	240	
214	216	220	224	
232	219	207	228	
222	236	205	243	
228	222	213	214	
246	228	249	248	
218	217	214	241	
236	238	212	203	
229	204	236	206	
211	228	234	242	
241	212	231	233	
213	233	234	202	
209	232	202	246	
214	205	246	231	
239	218	205	241	
245	218	230	205	
210	220	248	237	
245	229	216	205	
240	238	229	213	
242	241	200	226	
239	234	207	218	
244	213	221	247	
208	237	211	239	
200	202	247	248	
215	245	230	238	
232	217	246	218	
202	230	248	208	
206	238	242	221	
240	211	239	246	
215	208	206	218	
217	241	223	203	
231	235	213	243	
226	214	220	246	
213	240	216	206	
227	224	222	215	
204	228	240	235	
203	205	214	236	
236	207	203	233	
206	227	240	224	
243	245	229	221	
214	210	238	226	
235	215	228	247	
241	236	210	240	
247	236	214	222	
246	248	211	203	
247	200	226	224	
243	247	242	206	
245	238	239	215	
227	231	208	243	
273	271	267	298	
256	272	278	261	
262	264	295	280	
259	282	298	263	
250	269	260	268	
274	297	298	282	
268	265	299	270	
273	264	285	276	
257	261	275	251	
261	270	257	289	
280	273	298	271	
278	254	298	287	
269	298	254	274	
284	282	280	289	
291	266	297	276	
295	282	261	265	
255	251	252	279	
251	271	262	296	
298	253	263	283	
286	272	255	283	
281	297	270	276	
268	299	259	272	
297	276	284	273	
258	261	264	289	
264	260	269	273	
268	285	269	277	
294	256	292	274	
280	259	275	265	
290	278	275	291	
293	279	289	254	
272	267	277	291	
251	285	259	296	
293	263	260	261	
284	269	275	287	
278	265	284	274	
294	292	268	283	
256	252	298	270	
291	253	261	267	
299	258	295	254	
250	299	257	290	
281	285	282	276	
278	292	290	258	
284	252	294	295	
272	269	280	267	
262	277	287	253	
279	276	258	281	
270	286	298	295	
295	266	272	277	
283	274	277	265	
251	267	260	255	
321	300	336	306	
310	327	300	303	
322	343	337	306	
302	336	332	310	
317	311	304	309	
314	348	304	345	
338	308	320	326	
348	344	303	327	
307	303	302	332	
337	311	327	322	
322	312	332	303	
310	319	321	308	
326	318	313	343	
303	341	334	340	
342	315	320	334	
329	348	316	305	
330	349	303	322	
347	312	322	348	
304	308	335	303	
318	340	324	326	
302	322	346	337	
333	332	312	329	
307	335	304	305	
328	318	322	334	
331	329	302	301	
311	333	348	330	
339	328	342	327	
305	340	306	310	
346	335	314	316	
334	336	338	313	
327	328	318	331	
320	348	310	329	
329	317	336	305	
314	317	322	337	
331	313	349	310	
329	336	300	342	
334	339	322	312	
349	316	347	345	
341	346	347	314	
340	344	302	310	
334	333	328	349	
305	307	327	342	
343	333	307	336	
302	334	339	348	
328	340	311	313	
340	309	345	313	
334	306	319	300	
327	322	321	320	
332	326	318	307	
342	343	321	316	
386	355	394	365	
358	369	383	382	
395	379	389	365	
381	360	375	374	
389	377	394	355	
371	358	389	373	
368	385	375	381	
359	360	368	394	
365	360	385	372	
362	353	378	364	
367	366	364	372	
376	365	372	379	
380	359	358	366	
354	364	396	358	
354	383	398	360	
394	396	375	364	
374	361	383	350	
367	373	379	358	
396	394	369	350	
387	362	374	359	
399	355	381	384	
371	362	370	357	
371	353	367	378	
393	370	352	373	
363	379	373	377	
387	377	380	351	
390	387	355	395	
353	363	358	362	
378	390	364	375	
358	352	364	362	
369	395	363	385	
390	361	357	396	
358	372	360	350	
386	354	395	376	
386	387	396	353	
392	355	381	393	
388	377	390	358	
391	389	359	376	
395	373	352	358	
355	367	381	378	
359	394	365	377	
369	353	388	386	
387	367	392	383	
374	360	386	363	
399	398	358	371	
378	365	355	374	
356	365	383	388	
396	382	371	350	
396	352	397	383	
397	367	398	384	
408	439	419	402	
436	410	434	406	
415	437	441	421	
407	411	406	433	
400	432	404	445	
420	448	438	434	
444	442	403	412	
437	400	445	414	
435	416	425	441	
449	419	444	435	
431	424	447	446	
412	418	427	411	
430	448	422	445	
418	448	421	412	
436	422	438	446	
405	440	426	447	
413	432	434	431	
433	413	435	402	
434	433	412	411	
427	406	447	435	
427	444	445	443	
434	432	445	427	
415	423	414	448	
437	408	424	415	
449	448	444	434	
445	428	401	409	
443	424	410	411	
446	426	444	418	
411	408	440	444	
429	418	431	449	
431	430	422	417	
448	411	437	403	
437	430	406	432	
412	425	410	435	
406	419	420	441	
429	400	413	444	
439	436	431	401	
444	401	424	446	
430	429	405	438	
431	444	433	402	
449	416	446	425	
434	425	448	404	
443	412	400	441	
412	431	445	423	
427	420	447	412	
434	429	449	426	
436	424	419	417	
433	440	402	405	
429	448	437	442	
448	440	426	410	
465	489	469	491	
473	458	467	463	
482	475	459	462	
486	489	495	482	
476	460	486	456	
476	499	470	485	
484	464	463	495	
467	481	451	496	
496	481	482	473	
459	494	475	478	
467	499	462	465	
465	492	494	463	
473	482	451	466	
495	471	455	451	
461	459	477	491	
460	468	450	492	
458	495	484	467	
458	493	459	467	
491	461	483	494	
478	486	485	467	
461	478	482	493	
482	461	456	467	
486	499	480	487	
481	457	476	497	
492	466	473	462	
463	462	465	477	
469	470	454	487	
474	476	459	492	
482	468	498	456	
492	475	485	461	
488	481	467	470	
478	499	491	486	
487	484	492	472	
481	487	454	491	
454	469	460	457	
489	474	494	495	
459	473	478	485	
465	488	499	474	
464	459	492	474	
479	461	481	450	
497	474	450	481	
456	468	498	480	
493	499	471	477	
471	460	480	458	
468	469	478	494	
485	469	489	454	
492	478	473	489	
461	471	453	469	
451	468	470	488	
452	485	481	460	
29	5	28	16	1	
34	29	8	36	13	
20	47	30	3	35	
41	8	44	21	42	
11	27	45	14	29	
34	19	18	27	33	
33	32	47	24	19	
10	35	7	19	38	
20	0	29	49	4	
22	12	30	1	39	
7	5	27	36	29	
7	33	1	3	38	
24	38	8	49	4	
13	14	9	0	39	
4	8	6	46	18	
0	38	23	17	42	
15	11	39	20	47	
17	19	3	18	28	
35	39	29	9	20	
26	14	47	42	15	
20	44	38	49	7	
6	29	43	12	23	
22	18	33	37	42	
48	21	37	47	2	
48	19	40	49	36	
46	5	17	8	24	
48	37	42	20	38	
28	31	19	5	4	
47	13	6	5	22	
44	38	46	36	9	
22	36	35	39	13	
9	13	7	32	29	
48	14	3	17	4	
12	20	3	1	25	
16	49	5	32	33	
38	24	7	19	5	
6	42	27	9	28	
2	34	28	16	3	
47	31	2	5	21	
29	46	1	33	14	
13	30	42	16	34	
22	9	3	32	35	
19	30	6	23	26	
37	4	25	27	43	
30	35	17	1	15	
25	5	28	48	0	
12	49	34	11	42	
34	17	27	3	45	
35	23	20	19	31	
41	13	49	1	15	
85	98	99	67	59	
76	63	78	52	58	
84	85	58	90	96	
94	52	62	88	93	
94	91	99	59	52	
67	73	93	52	57	
71	88	99	64	51	
98	87	53	78	67	
58	71	88	92	89	
93	75	69	57	52	
57	75	85	95	68	
77	57	83	78	87	
74	77	56	85	69	
54	74	97	69	81	
71	87	84	57	94	
70	89	55	84	73	
91	86	50	85	82	
51	93	79	80	63	
66	51	84	87	60	
90	52	76	67	57	
94	66	53	96	50	
57	70	51	76	95	
51	60	59	58	56	
75	55	70	52	93	
80	61	71	54	63	
77	52	70	84	53	
65	84	83	70	53	
60	86	98	67	97	
66	84	53	79	59	
87	95	99	91	68	
52	66	51	62	65	
74	66	69	63	93	
59	80	62	89	90	
81	87	83	68	90	
54	69	93	83	81	
63	58	74	52	73	
87	54	88	52	58	
99	76	57	97	54	
63	91	82	79	85	
69	84	75	70	82	
78	60	64	79	98	
85	78	81	71	55	
64	56	79	93	80	
97	54	60	74	64	
76	82	56	80	51	
69	98	75	62	73	
60	64	80	83	59	
52	50	56	84	55	
71	69	98	97	59	
55	51	73	99	91	
106	142	148	140	103	
107	139	126	148	110	
129	135	104	123	100	
114	110	117	122	137	
135	128	131	109	138	
123	141	149	146	104	
118	110	146	101	142	
145	139	149	105	104	
121	129	135	133	104	
102	115	113	127	124	
145	137	108	118	138	
104	135	132	140	119	
106	134	131	127	100	
118	146	139	124	136	
123	140	145	134	113	
140	123	107	136	144	
140	142	129	134	139	
105	127	107	119	109	
135	111	114	136	128	
144	105	109	137	104	
147	142	124	128	145	
116	113	114	135	103	
132	102	134	144	143	
139	143	141	115	124	
105	138	123	111	113	
119	148	142	147	127	
111	145	141	136	114	
131	125	105	117	136	
133	115	108	146	111	
145	100	128	102	112	
123	118	102	138	114	
119	105	127	130	112	
130	133	143	108	121	
113	141	100	119	126	
145	140	146	104	134	
108	145	135	142	122	
143	104	114	103	142	
116	119	134	135	112	
143	121	147	111	133	
106	132	116	122	137	
103	135	122	108	119	
117	147	138	119	124	
128	100	106	109	113	
137	131	108	125	139	
109	134	119	123	128	
114	136	146	112	108	
107	131	145	102	114	
143	106	145	122	114	
146	117	134	123	122	
121	101	119	122	148	
190	151	186	182	188	
190	150	182	166	172	
193	179	168	196	195	
166	196	174	186	187	
150	168	188	162	165	
161	154	194	181	175	
187	199	157	163	171	
154	167	164	185	189	
189	182	166	173	195	
185	154	155	168	188	
189	196	194	172	198	
156	175	185	169	194	
152	176	166	182	153	
179	163	180	182	199	
193	195	174	183	163	
157	194	159	164	169	
181	180	165	163	186	
162	189	181	178	195	
162	197	182	191	185	
184	192	181	196	156	
184	179	194	196	187	
196	158	182	154	173	
192	150	172	182	197	
178	189	174	184	164	
169	156	155	165	177	
193	159	176	158	168	
174	181	189	171	154	
184	161	175	180	159	
181	166	167	171	158	
157	156	173	167	172	
155	189	199	152	182	
163	162	152	150	154	
193	160	162	176	198	
159	162	196	171	180	
196	166	194	179	158	
165	181	158	193	161	
158	175	169	193	168	
163	150	192	174	151	
166	173	190	195	167	
159	199	183	176	181	
187	178	188	189	163	
182	174	177	164	173	
177	159	178	152	155	
173	156	192	198	150	
199	190	198	182	152	
177	192	158	161	163	
168	184	150	159	185	
173	158	188	169	170	
178	199	164	166	155	
188	190	152	185	194	
213	209	234	249	226	
210	222	238	224	214	
210	241	218	231	225	
223	244	220	203	234	
226	228	224	229	214	
228	217	212	204	244	
207	223	227	221	211	
216	206	224	214	226	
239	201	204	212	235	
243	237	233	207	224	
236	242	230	220	211	
225	232	244	200	218	
239	242	231	233	223	
223	211	212	227	248	
223	218	247	240	209	
235	222	238	206	237	
235	244	226	236	240	
226	220	248	242	244	
213	246	239	214	205	
225	201	208	200	211	
220	209	229	211	240	
231	223	244	226	218	
208	206	234	201	220	
214	217	248	240	222	
235	244	239	226	224	
240	242	224	202	236	
223	219	241	233	237	
248	211	216	206	246	
244	245	239	210	240	
206	235	218	228	249	
239	243	240	234	237	
249	236	221	219	248	
234	220	200	229	214	
217	216	201	215	229	
237	249	215	208	245	
222	211	234	238	235	
219	225	245	247	226	
220	223	236	210	249	
228	205	249	222	208	
225	240	246	226	223	
202	240	226	219	220	
210	228	208	236	229	
235	222	241	217	226	
226	233	244	246	207	
214	204	213	243	245	
236	244	224	214	205	
249	246	209	237	239	
205	242	247	241	209	
224	205	231	249	247	
208	205	219	244	245	
280	287	292	288	282	
253	272	282	267	269	
251	296	276	278	290	
287	275	276	298	297	
275	263	272	277	284	
252	258	294	295	274	
279	281	269	264	288	
294	272	260	268	262	
280	259	283	250	254	
292	298	288	259	274	
282	269	283	286	292	
263	268	283	286	277	
259	268	262	276	269	
298	285	250	267	297	
257	295	299	262	273	
287	269	289	267	261	
285	281	297	261	254	
262	268	281	250	298	
266	292	297	278	254	
271	285	252	260	294	
271	290	270	255	258	
289	292	261	277	297	
261	252	262	284	274	
297	287	275	278	250	
276	278	254	292	255	
275	295	297	257	262	
286	263	278	251	274	
283	264	258	273	257	
297	293	280	278	258	
287	289	281	280	261	
269	276	299	282	255	
250	274	292	263	289	
294	264	278	267	253	
269	286	255	292	279	
276	281	268	271	295	
278	288	261	284	253	
253	274	286	255	283	
256	295	269	264	270	
293	287	286	265	266	
286	267	294	279	260	
286	293	255	274	266	
270	257	258	285	275	
267	268	261	266	294	
284	250	277	269	297	
274	296	255	259	293	
280	258	292	273	296	
267	298	257	281	254	
250	289	299	282	263	
264	272	291	277	263	
292	265	272	252	277	
300	348	310	346	331	
308	340	300	347	314	
330	313	342	312	337	
335	339	321	329	322	
338	345	327	333	314	
333	304	342	302	309	
344	301	312	345	335	
316	332	335	331	334	
327	305	328	332	320	
340	314	332	328	301	
330	334	331	308	344	
302	317	328	330	316	
332	317	323	314	340	
325	327	335	328	337	
319	340	318	300	305	
321	347	330	324	304	
341	336	305	330	329	
305	348	311	301	330	
341	317	323	301	310	
318	329	319	303	321	
340	307	328	342	325	
303	318	324	325	343	
321	348	322	311	329	
315	320	316	335	345	
300	322	325	330	310	
300	320	323	317	338	
327	340	317	300	337	
342	307	333	346	313	
317	343	300	308	326	
318	349	344	338	300	
319	320	308	344	304	
318	314	325	327	340	
320	347	324	321	326	
312	324	321	329	332	
340	326	344	327	312	
339	321	331	347	317	
337	349	310	324	315	
316	328	343	329	327	
342	320	326	324	319	
323	335	306	341	314	
344	303	304	305	343	
327	316	311	335	325	
337	326	341	327	344	
317	306	318	337	309	
341	316	338	318	348	
323	300	316	307	303	
343	305	321	312	318	
330	331	317	341	321	
347	336	339	349	317	
326	308	322	303	344	
351	380	367	398	363	
388	355	368	371	353	
363	383	381	365	357	
352	382	370	392	364	
360	363	368	367	397	
357	350	372	365	360	
398	352	358	360	355	
398	358	395	374	384	
398	389	393	382	394	
379	385	351	381	397	
377	366	373	384	381	
365	370	397	399	363	
351	352	396	366	368	
389	362	376	353	375	
364	380	387	376	396	
367	371	361	357	379	
352	376	389	355	371	
390	397	387	391	357	
360	384	385	380	392	
369	387	367	397	381	
360	362	353	364	397	
391	360	351	375	363	
374	359	393	353	352	
358	362	365	385	380	
378	355	376	364	368	
387	353	364	373	369	
390	391	384	359	351	
350	390	394	384	397	
390	358	396	387	384	
394	391	392	362	379	
395	391	394	385	367	
391	373	351	357	376	
386	364	393	369	375	
367	379	375	387	350	
351	366	390	371	383	
374	352	372	362	397	
359	397	385	392	361	
356	353	391	380	352	
399	371	370	393	385	
357	368	355	364	362	
391	393	354	382	376	
378	374	362	351	352	
350	368	351	362	387	
352	353	382	371	380	
374	351	365	378	388	
397	384	390	394	393	
385	395	386	354	365	
394	376	398	374	370	
361	375	367	366	384	
374	386	382	370	352	
449	435	421	405	446	
430	433	408	419	409	
429	441	412	410	438	
411	440	424	415	443	
436	421	408	445	425	
416	438	435	434	427	
401	405	411	416	433	
411	424	449	414	408	
441	409	420	410	444	
420	431	404	439	400	
435	420	402	442	411	
407	447	415	426	420	
415	438	423	412	429	
424	448	417	404	432	
438	435	415	417	426	
418	447	411	429	427	
406	431	416	422	428	
443	431	405	403	434	
409	436	402	403	417	
436	412	431	447	410	
429	425	445	447	436	
400	414	417	410	416	
410	424	429	414	427	
424	411	407	414	434	
421	406	424	402	416	
449	439	441	408	427	
447	417	408	449	419	
409	439	408	407	404	
426	402	414	447	404	
424	418	421	439	413	
442	418	438	405	414	
405	413	422	421	441	
425	408	440	447	402	
400	401	428	444	425	
427	423	407	400	405	
402	408	400	439	420	
437	443	447	408	417	
436	416	411	449	408	
420	437	434	433	425	
435	412	427	419	405	
414	447	408	420	428	
432	402	413	445	436	
410	434	433	403	406	
430	416	403	443	409	
437	423	445	434	430	
416	445	418	442	431	
425	421	435	402	411	
407	406	436	449	438	
446	434	425	418	449	
411	438	425	406	415	
457	492	465	499	462	
481	496	450	490	451	
466	489	499	478	479	
455	493	460	482	488	
479	493	457	461	494	
483	468	472	477	487	
486	466	469	491	475	
462	463	459	493	461	
478	494	458	462	461	
467	472	492	466	493	
455	475	490	482	454	
494	455	467	484	477	
465	491	467	461	450	
458	487	495	454	463	
469	456	488	486	470	
480	471	469	490	456	
453	463	476	464	486	
460	474	494	484	473	
458	463	486	490	497	
464	480	489	466	498	
460	472	486	479	452	
470	461	455	475	472	
473	470	498	478	495	
493	458	451	467	477	
483	492	464	468	470	
453	495	460	482	479	
495	498	453	460	454	
476	468	463	456	490	
460	471	479	459	489	
455	491	453	482	468	
452	495	491	478	499	
498	468	451	491	487	
473	476	457	451	462	
466	456	478	457	486	
472	490	478	471	475	
469	474	451	492	480	
483	479	474	490	457	
460	470	462	475	479	
496	492	495	490	482	
458	499	460	490	474	
490	455	499	457	466	
495	498	477	476	467	
487	462	480	496	471	
450	472	462	459	493	
477	482	453	493	487	
491	462	493	484	482	
494	453	491	455	458	
476	492	475	477	472	
460	458	464	485	495	
468	488	459	498	496	
251	100	495	226	316	250	
74	310	184	427	338	359	
273	348	126	23	122	32	
25	39	316	45	343	450	
61	122	481	424	34	422	
242	474	78	118	332	432	
246	306	313	214	210	488	
423	291	90	422	324	186	
440	187	395	401	468	33	
481	388	242	494	369	290	
27	380	143	269	467	280	
272	344	495	146	279	384	
243	75	128	181	84	190	
419	325	341	320	345	225	
73	188	46	224	476	460	
82	154	245	168	396	238	
33	130	143	392	38	193	
315	40	39	420	90	105	
456	258	60	162	17	397	
298	139	245	236	419	26	
379	10	249	376	202	37	
105	27	165	196	486	328	
400	308	176	163	64	6	
1	235	133	287	206	99	
237	84	295	347	9	462	
24	289	408	291	311	332	
338	433	187	350	282	67	
248	11	144	310	73	298	
441	154	451	155	375	388	
74	93	154	326	373	404	
294	157	108	174	25	292	
64	266	27	469	144	160	
30	386	77	448	293	327	
180	40	373	453	361	10	
152	314	53	322	73	7	
165	86	497	362	43	159	
209	161	185	247	211	168	
119	375	227	379	359	1	
327	16	133	347	68	109	
356	347	435	260	19	124	
25	428	138	353	215	382	
246	400	310	132	47	301	
160	374	376	81	297	35	
478	295	5	324	235	205	
410	346	338	127	384	489	
34	341	416	292	302	300	
204	263	485	101	345	412	
177	221	104	433	447	319	
264	182	196	449	382	170	
260	42	103	35	9	194	
128	375	202	118	417	442	113	
222	338	274	428	124	146	372	
42	230	397	70	137	288	247	
95	389	459	180	304	296	144	
264	75	327	245	118	142	165	
447	45	283	404	260	144	25	
117	455	197	286	359	6	329	
432	42	57	307	299	34	66	
36	56	271	78	374	415	40	
445	246	379	253	85	188	166	
438	172	99	366	75	9	42	
429	93	439	413	341	4	216	
496	493	446	64	128	217	151	
443	233	102	433	445	264	279	
173	351	488	210	168	288	73	
278	57	87	455	223	283	499	
481	74	159	244	119	166	291	
21	62	325	278	349	356	379	
58	31	92	52	39	412	111	
129	198	307	98	428	160	208	
55	274	412	154	395	15	170	
37	465	335	242	278	119	270	
51	402	495	431	2	173	345	
76	210	11	263	340	224	370	
472	372	323	446	256	153	38	
238	199	410	325	424	8	337	
152	175	497	443	30	0	3	
310	330	188	283	31	107	332	
438	53	128	221	319	108	264	
345	25	443	483	153	89	249	
190	434	158	71	112	227	88	
475	113	405	89	385	276	415	
253	230	310	438	81	271	456	
176	21	63	196	306	318	164	
377	101	442	122	302	232	173	
390	54	453	69	405	333	279	
124	492	82	165	482	309	356	
185	15	54	288	489	400	16	
210	471	199	360	291	39	29	
486	56	32	313	71	94	186	
249	275	470	428	387	235	133	
355	392	400	218	341	225	486	
155	285	160	234	138	253	449	
444	263	7	400	155	214	244	
227	198	233	158	351	387	274	
67	47	7	184	0	271	127	
390	24	121	335	200	128	60	
317	48	474	346	181	314	395	
148	172	469	399	312	461	369	
36	319	154	62	80	219	457	
124	304	244	436	194	118	313	57	
187	136	389	328	153	336	436	118	
404	440	129	85	351	204	486	473	
23	296	234	188	399	466	364	259	
460	30	415	194	440	84	430	108	
456	461	387	66	254	234	68	139	
191	76	417	14	187	345	256	258	
274	495	193	98	245	77	267	410	
177	483	428	68	7	84	138	126	
94	67	51	292	48	41	30	457	
171	170	85	112	331	341	147	423	
415	386	358	302	239	314	93	131	
25	153	463	252	301	201	330	63	
418	499	235	26	158	408	183	457	
242	420	425	456	407	433	275	262	
21	413	298	228	190	321	40	482	
9	474	402	276	344	241	6	186	
213	300	313	33	265	40	47	62	
138	422	340	420	362	156	256	174	
8	434	342	24	223	105	210	254	
489	58	312	177	359	3	396	433	
226	220	465	36	321	169	282	346	
308	406	184	114	131	352	291	427	
214	62	444	279	479	461	288	125	
11	315	138	407	216	450	334	89	
8	167	13	4	329	247	6	394	
328	414	172	169	431	287	72	152	
258	243	44	58	404	308	0	180	
65	35	159	236	390	463	432	489	
497	399	432	56	394	21	436	67	
200	234	250	403	235	344	400	68	
204	271	63	221	438	420	359	167	
38	153	321	28	139	248	454	218	
211	243	487	59	464	218	230	240	
65	53	73	476	303	142	333	101	
294	276	183	347	394	46	191	418	
151	278	463	140	89	300	154	199	
270	403	204	231	461	11	135	447	
421	379	460	192	499	255	281	485	
414	198	275	63	288	64	28	147	
475	15	363	105	329	130	51	235	
36	446	306	364	187	279	271	301	
128	409	109	234	186	415	202	386	
5	419	55	20	396	80	258	171	
185	209	407	451	7	164	124	441	
395	416	433	401	467	203	397	180	
334	98	335	422	480	461	118	296	
6	474	279	41	287	476	81	294	
153	75	227	429	234	22	470	410	
132	411	41	168	55	393	484	127	
