0
1
2
8
9
2	10
7
9
2
4
2
2
0	1	5
8	10	14
3	6
2
7
5
5	7
2
0
4	11
3
14
3
2
10
3
0
3
5
9
8
8
12
12
8
3
2
2
13
4
1
12
8
2
6
12
10
2
3	9
7
3
4	7	11	13
6
6
9
3
3
0
9
9
11
12
3
9
3
2
0	1	6
0
6
9
3
8
9
2
9	12
2
9
7
2
2
4	13
3
2	11
6
0	1	6
2
3
3
13
12
10
3
3
0
3
12
9
2
3
3
8	10	14
3
6
2
5
7	13
12
6
2
13
10	14
2
13
6
3
9
6
2	11
4	13
0
3
11
8
5
11
12
6
2
2
11
3
3
12
12
3
2
2
0
9
6
6
2
2
3	6
2
8
2
0	2	3	5	6	7	8	9	10	11	12	13
14
1	5	7
2
12
9
4
6
9
2
0
3
3
9
10
9
3
1
12
2
2
3
3
2
5
3
0
1
10
9
1
13
13
3
6
3
3
3
3
14
6
3
8
3
9
6
3	9
2
10
12
9
