10
4
13
8
18
11	14
16
18
12	13
16
5
12	13
4
14
0	17
12
16
7
7	16
11
10
1	16
17
14
17
12
14
17
10
18
7
18
8
8
9
9
8
17
13
11
16
16
4
9
8
12
15
6
14
12
17	18
16
17
16
15
15
18
18
18
10
18
18
1
9
18
18
17
13
2	10	15
10
15
18
18
8
18
13
9	18
3
18
16
11
3	5	11	12
16
17
13
2
2	4	10	15
12
18
17
16
9
14
17
18
10
17
9
18
3
17
17
8	14
17
2
3	5	11	12
7
16
6
15
11
16
14
3
16
15
17
18
0	15
13
16
10
17
1
8
7
1	13
6
15
12
11
13
17
17
9
6
17
11
11
10
18
15
15
13
12
0	17
5
8
11
1	5	6	7	8	9	13	14	16	17	18
14
7
12
6	9
18
16
0	15
18
13
10
17
18
18
14
18
18
4
9
13
11
17
17
5
7
17
10
4
14
18
4
16
16
17
2
17
17
17
18
14
15
17
8
17
18
0
18
5
14
6
18
