7.799493131484639186e+00
8.717135382093003315e+00
7.955423312170169403e+00
8.313094905349110775e+00
8.419919144095157293e+00
5.509863081158490772e+00
8.923027827810168233e+00
7.927499481062419306e+00
7.068300381736296600e+00
8.479435813494351493e+00
6.785319422052726424e+00
5.904506967893264680e+00
6.322213781625793949e+00
5.778944451271629035e+00
4.686683721234397026e+00
6.574470310935232042e+00
8.407286983041762696e+00
8.876055962916503006e+00
7.244593718164009211e+00
8.200915707234512908e+00
7.416322465224356897e+00
6.386748010236938278e+00
8.121671192441423770e+00
8.373730023885988416e+00
7.040171385192229181e+00
8.048163961141199252e+00
8.505800022815861894e+00
6.788545178317660245e+00
8.876077442301808063e+00
7.581642477012963788e+00
8.513364576060476807e+00
8.784619021342940925e+00
6.915412411482598110e+00
8.554902884222503445e+00
7.998398815662590700e+00
8.959261362957031238e+00
8.799653144950786654e+00
8.741502454543615741e+00
8.497764707032683162e+00
8.581717552436053609e+00
8.473211758386186787e+00
8.005634891659774155e+00
8.629785325832914467e+00
8.008741317720042829e+00
7.609932276660160255e+00
7.231567042235112375e+00
8.371403123146075487e+00
7.644010258038743011e+00
8.701747751183811275e+00
8.147572986524368233e+00
3.699283366150563523e+00
7.824857028482141708e+00
8.678749616236766329e+00
5.639425231796547422e+00
7.466811184671807489e+00
8.045157831226459777e+00
8.967443316016302290e+00
8.687413632327711355e+00
5.798281292866739101e+00
8.317832624212963211e+00
5.399009013310600125e+00
8.557693484351753810e+00
7.338781617732652585e+00
7.831479324991057922e+00
6.826977157434656718e+00
8.756378324536449043e+00
8.911388310095427201e+00
8.626093867179006835e+00
4.917068247534992054e+00
8.905730626640137260e+00
7.312872923238282752e+00
7.081414754619408392e+00
8.625021449797452888e+00
7.689396958323970743e+00
8.373433278375932431e+00
8.784886963195553733e+00
7.499615825877088859e+00
7.477733384237535752e+00
8.304939013252919722e+00
8.250515222208942845e+00
8.271496426973206084e+00
5.048605959773030172e+00
7.244038906815002399e+00
8.865516513061967530e+00
6.738832139535509747e+00
8.066706135711283920e+00
4.638405425003584881e+00
8.830215322839265468e+00
7.907754308777016128e+00
8.680967959759628982e+00
8.847981179790394890e+00
8.893825714046501574e+00
8.812459462096233764e+00
8.962300612682001955e+00
8.708889074315759871e+00
8.487840583167498565e+00
8.233628769543761550e+00
7.212936808702036018e+00
8.786585723071464571e+00
7.293936366682520323e+00
8.157016002422613710e+00
6.897842497635622294e+00
5.184453566494884313e+00
8.132399170801217991e+00
8.090017911703718312e+00
4.535346917114164711e+00
8.494421542650711032e+00
6.642326922115963761e+00
7.823427417024855224e+00
6.988740975606749117e+00
8.702942634828559676e+00
8.211826829408041206e+00
7.528953759943713742e+00
8.499702139417731672e+00
8.597490449793415479e+00
8.660077020800454051e+00
7.749917206765661426e+00
8.983185246845550864e+00
8.153508118696709772e+00
7.305586224658512151e+00
7.189458694189641896e+00
6.291554950190076489e+00
8.555006923759084003e+00
7.816410837748493101e+00
8.378858986082573068e+00
7.822647139385801474e+00
7.407416480444308782e+00
8.698005613058942487e+00
7.804120480806486349e+00
7.170534563501996139e+00
8.674675603614211639e+00
8.843265648592534944e+00
6.851397431550140915e+00
8.796523603780377343e+00
7.593543494717339470e+00
7.628022176672961230e+00
8.657660892059258373e+00
8.065581548584630056e+00
8.788294167661087286e+00
7.007471759605152783e+00
8.387541312206279187e+00
9.001834217758171164e+00
8.048112008382586779e+00
8.782809106563048474e+00
8.167567940932363157e+00
5.722923594148416448e+00
8.589534509870981438e+00
8.433024710085186726e+00
6.517209403593251515e+00
1.795635224002698926e+00
8.587518874881649111e+00
6.710226489343740219e+00
8.849537893535318389e+00
7.267188297831427946e+00
8.959469923664032720e+00
8.664804794752177131e+00
5.500374221572694289e+00
8.091441721114462027e+00
8.679423926137312506e+00
8.751804927131358269e+00
8.179494501919563731e+00
8.097085414365267297e+00
8.490450634353269521e+00
7.289895864051556984e+00
6.237220480908166387e+00
7.475673070837830281e+00
8.724839279120041979e+00
8.506050648661464209e+00
8.747067852672266497e+00
7.028870748705903893e+00
6.018876542326335510e+00
7.795570627583307655e+00
8.955438190853723057e+00
8.190312211670942588e+00
8.323262420159457164e+00
9.000781310181583450e+00
8.336009336469638598e+00
8.480290167690883507e+00
7.656521423955530814e+00
8.126914388886055107e+00
8.789979802792379004e+00
8.992075314511147610e+00
7.697872600843967739e+00
7.895012459873085753e+00
8.287928824043856224e+00
7.025608944986161397e+00
8.160194611706865331e+00
8.752910137375236488e+00
8.506366608113452799e+00
8.504775865427264492e+00
8.765536009085916902e+00
8.411160649813149703e+00
8.605016263752787609e+00
6.289560444529811889e+00
8.237250467411350030e+00
4.180820995447478872e+00
7.453058007414403718e+00
7.833799033207678342e+00
7.812374787078898208e+00
8.187397929646625272e+00
