29	9	2	21	1	39	
38	47	11	42	2	22	
10	21	24	41	3	47	
11	2	24	45	28	32	
38	35	40	0	49	17	
46	10	23	26	29	15	
47	18	48	1	41	46	
33	8	3	29	32	19	
3	43	21	35	24	16	
0	26	6	15	17	21	
42	40	15	49	33	17	
35	36	43	1	32	3	
10	29	0	41	43	37	
11	40	5	39	7	36	
5	26	28	33	11	23	
48	13	40	30	10	36	
12	26	10	6	1	47	
13	44	4	46	24	30	
21	36	18	23	22	29	
30	28	22	31	20	13	
23	45	24	33	34	27	
30	4	6	21	34	47	
3	32	10	40	43	23	
19	3	4	14	34	16	
36	11	3	6	31	13	
3	32	44	28	47	15	
46	21	31	9	3	37	
39	34	15	35	48	41	
16	29	32	33	41	39	
36	39	11	45	40	21	
49	48	6	1	41	5	
37	33	21	39	7	24	
6	20	35	26	29	12	
27	5	38	7	12	41	
43	4	9	14	12	8	
3	4	0	19	48	12	
30	21	20	40	12	18	
4	13	28	48	0	47	
1	2	40	32	33	0	
23	19	42	35	39	36	
37	9	45	17	21	30	
13	41	29	17	25	48	
46	34	2	23	13	40	
37	38	40	9	1	44	
10	22	40	14	6	33	
5	27	38	41	25	26	
21	17	15	49	48	9	
10	19	46	30	36	25	
2	39	18	46	23	9	
3	42	5	37	15	31	
70	84	61	86	58	98	
78	90	84	95	56	87	
77	56	95	70	58	89	
77	53	82	51	50	91	
91	56	75	73	87	89	
54	70	89	76	67	69	
95	62	55	76	87	57	
55	79	83	57	87	86	
87	65	73	67	97	69	
73	56	99	80	93	65	
61	64	76	58	80	50	
75	63	87	82	78	58	
93	76	53	75	59	54	
85	59	62	67	99	75	
63	81	99	55	67	92	
55	63	84	60	97	85	
86	68	98	90	82	51	
77	92	72	87	52	76	
92	53	88	97	59	85	
67	54	62	65	81	53	
89	96	57	77	61	52	
94	93	64	90	51	69	
95	94	81	65	97	79	
51	78	92	94	62	63	
91	68	77	88	81	69	
88	72	75	95	96	60	
94	65	80	79	51	89	
80	89	91	76	74	51	
85	94	89	99	83	64	
60	92	81	86	79	64	
81	73	91	58	62	71	
95	50	51	58	63	73	
89	64	72	87	98	66	
82	75	96	66	92	81	
57	83	69	70	59	56	
62	63	50	60	93	55	
52	55	62	73	61	77	
61	70	73	85	60	64	
52	53	95	50	82	66	
86	65	57	52	69	68	
79	55	56	64	89	74	
72	73	63	99	54	81	
55	66	80	54	63	64	
65	64	67	82	53	99	
71	96	79	80	54	98	
58	89	50	95	74	97	
95	75	79	51	61	83	
83	89	59	90	87	77	
97	79	52	78	62	88	
95	87	69	81	70	89	
103	146	137	122	116	105	
120	135	132	131	102	139	
143	130	107	103	149	118	
105	115	135	147	106	140	
149	103	107	128	112	139	
129	146	148	142	104	103	
108	134	140	123	101	116	
147	115	149	138	112	133	
110	111	149	114	106	109	
130	135	112	136	115	125	
138	116	145	132	108	121	
141	137	122	101	133	126	
101	140	148	146	120	114	
122	123	145	132	124	134	
112	101	114	126	148	149	
108	148	130	102	141	114	
145	132	124	123	101	135	
136	148	116	134	111	120	
149	138	130	119	147	129	
105	119	129	135	113	123	
121	104	130	138	142	100	
105	100	108	113	140	134	
149	115	129	122	118	130	
140	107	108	130	112	146	
144	130	131	146	147	113	
130	138	135	112	131	102	
120	147	115	111	108	137	
112	145	137	135	116	122	
119	140	148	127	108	118	
104	149	128	147	129	106	
125	131	149	102	109	121	
149	147	128	112	142	100	
142	102	105	123	120	111	
109	116	113	144	107	143	
113	110	135	137	134	139	
103	146	109	122	115	119	
113	136	109	116	145	107	
100	135	109	119	131	145	
119	120	131	128	132	115	
134	101	124	100	103	108	
131	141	120	115	132	103	
115	122	111	119	116	101	
146	144	119	118	136	100	
121	143	138	107	142	134	
104	115	125	108	140	135	
127	101	107	118	121	114	
100	136	116	109	107	132	
148	116	146	140	142	135	
102	133	118	122	147	100	
142	133	111	144	120	116	
196	185	193	163	174	182	
180	152	191	167	184	192	
169	183	193	162	188	158	
154	165	156	175	187	174	
193	165	159	199	150	176	
198	171	151	164	165	167	
185	183	174	178	163	188	
182	199	172	151	152	195	
180	185	166	197	196	193	
178	191	183	188	155	180	
155	178	157	188	168	161	
163	161	159	186	189	183	
170	196	197	161	163	175	
184	188	158	199	157	154	
152	165	160	198	169	162	
181	184	152	196	174	175	
153	181	188	191	185	178	
179	153	168	180	173	159	
165	192	153	191	164	167	
160	159	186	175	157	192	
154	188	186	198	197	196	
152	188	185	162	157	186	
170	175	167	191	156	199	
154	197	172	162	185	189	
150	154	188	166	185	155	
170	165	158	171	187	197	
171	162	172	158	156	153	
199	164	153	163	193	189	
174	175	195	172	155	153	
188	196	198	177	170	175	
156	171	170	193	157	186	
170	186	199	166	165	171	
174	179	198	193	191	168	
155	153	179	178	196	191	
176	173	193	196	171	164	
182	152	177	184	186	162	
198	175	165	184	158	156	
162	151	161	150	171	158	
183	153	189	196	150	186	
170	168	194	151	186	169	
196	170	166	193	197	165	
175	162	190	165	196	199	
183	186	179	177	185	159	
162	184	176	164	158	165	
192	161	182	175	184	183	
190	171	150	172	196	159	
160	174	192	154	196	187	
196	182	194	152	160	180	
152	160	178	162	181	193	
197	179	178	189	193	155	
240	238	204	201	212	232	
200	242	232	228	205	235	
208	211	221	243	203	247	
209	205	223	204	247	230	
213	200	231	219	220	221	
225	229	248	238	203	213	
229	227	201	215	232	209	
235	224	201	213	214	225	
201	240	209	212	243	228	
235	238	225	218	230	206	
229	218	233	204	249	215	
237	226	247	246	201	208	
212	205	236	241	204	227	
210	237	249	244	215	224	
202	213	208	218	222	246	
236	219	222	247	230	223	
249	243	220	228	214	231	
214	237	232	216	207	218	
246	242	232	215	222	227	
238	249	222	217	214	229	
239	232	200	227	211	249	
232	223	237	245	227	208	
210	211	229	209	232	238	
238	226	245	219	213	206	
209	248	234	232	222	202	
233	243	215	224	248	204	
203	243	237	205	212	210	
248	211	224	237	238	228	
241	226	220	201	214	229	
215	240	201	244	223	231	
220	248	221	229	206	235	
212	231	216	243	204	240	
220	208	211	248	249	205	
239	206	207	213	211	226	
243	211	214	244	225	218	
202	215	249	225	246	236	
206	245	236	201	225	239	
224	233	240	229	210	213	
230	212	226	245	210	233	
225	242	241	202	219	204	
232	228	234	248	224	238	
226	211	235	246	219	245	
202	206	235	204	215	248	
232	212	229	214	215	240	
228	222	223	224	233	232	
214	222	236	230	248	217	
248	231	228	247	249	243	
202	227	214	223	237	211	
239	216	210	200	213	205	
217	212	213	238	232	245	
269	295	255	294	265	267	
252	253	265	262	250	270	
296	280	285	295	286	260	
290	287	296	286	274	269	
297	264	265	271	266	251	
294	296	266	269	278	299	
279	280	252	265	257	254	
268	288	253	258	273	286	
299	272	298	292	286	253	
289	286	279	261	263	298	
273	290	259	263	278	296	
267	284	292	272	258	265	
260	259	267	297	278	254	
251	261	276	264	270	252	
262	292	285	288	279	289	
263	287	275	266	267	273	
252	283	271	250	255	261	
277	270	250	253	286	279	
254	258	267	284	268	279	
251	274	298	282	263	250	
262	285	255	270	264	263	
268	282	283	264	291	257	
286	269	297	268	263	270	
274	260	259	253	283	257	
273	262	294	280	293	263	
271	269	261	273	298	263	
286	283	266	263	287	271	
282	268	258	281	251	299	
292	289	257	252	250	269	
276	273	254	294	267	270	
293	255	287	279	291	296	
295	274	275	293	251	284	
281	271	260	263	267	278	
281	251	299	283	252	263	
293	255	277	290	274	280	
289	265	258	292	250	277	
259	283	279	260	288	277	
298	259	284	279	277	251	
293	288	253	275	289	273	
291	271	256	279	260	253	
259	279	293	283	267	251	
284	285	298	269	264	255	
280	284	264	259	289	257	
269	265	251	292	280	287	
267	278	295	252	273	284	
250	298	277	267	263	278	
256	252	266	278	291	281	
261	257	272	285	253	254	
272	274	256	273	289	262	
283	274	260	276	285	294	
321	339	327	319	307	342	
318	320	340	319	312	331	
301	330	306	323	302	344	
330	322	323	314	331	348	
341	324	342	311	339	349	
328	348	323	304	325	333	
343	331	318	300	348	336	
303	306	334	305	314	312	
302	339	349	317	321	306	
340	334	331	310	348	308	
303	304	340	332	345	336	
337	333	311	324	306	332	
338	326	300	341	347	332	
336	305	343	316	330	346	
329	347	318	341	343	325	
308	305	330	302	335	309	
348	322	324	330	320	343	
320	342	307	316	341	348	
346	332	309	303	337	348	
333	318	316	304	307	310	
332	348	321	345	344	302	
343	327	304	309	308	339	
316	313	306	330	343	342	
342	308	322	309	337	325	
316	335	338	300	337	326	
339	326	347	314	330	348	
314	344	300	327	317	341	
304	340	325	326	327	321	
311	340	309	333	304	336	
338	343	313	322	349	307	
321	327	333	310	337	346	
310	302	346	317	333	318	
338	321	301	340	326	341	
314	336	311	307	318	333	
342	323	321	328	346	307	
320	325	341	314	339	347	
305	345	329	319	344	327	
344	334	313	330	317	349	
300	313	302	301	306	315	
300	349	327	339	313	305	
346	334	338	313	303	335	
342	318	319	332	338	323	
327	311	348	301	349	333	
339	328	311	315	346	323	
332	301	307	316	335	306	
301	317	341	345	309	310	
317	314	305	345	332	325	
332	331	322	319	308	346	
333	349	320	318	332	340	
334	306	304	347	318	335	
363	353	397	380	351	395	
395	391	351	353	360	390	
363	369	375	383	358	355	
373	385	354	357	361	367	
389	381	356	373	361	383	
355	353	396	399	363	357	
381	369	382	376	379	372	
361	353	357	373	392	390	
365	358	384	382	390	395	
387	361	365	360	396	354	
382	368	377	387	383	358	
385	376	362	360	388	350	
391	394	359	371	351	370	
351	382	393	365	374	362	
391	368	379	357	385	371	
362	366	391	360	368	392	
377	357	386	376	391	389	
398	391	376	382	392	399	
386	387	380	354	390	379	
362	378	385	379	368	369	
395	371	368	388	361	377	
381	394	387	370	374	397	
388	359	364	361	354	375	
365	388	377	392	379	363	
350	397	381	390	360	364	
382	350	397	358	366	388	
398	378	390	363	366	392	
385	362	378	394	384	363	
372	360	355	376	386	380	
386	356	396	390	380	353	
393	385	370	366	364	369	
399	354	378	363	391	368	
354	384	388	367	379	360	
364	388	370	350	351	357	
359	376	375	396	389	378	
395	396	384	373	355	399	
384	374	395	356	360	368	
361	399	363	385	392	386	
372	384	364	353	375	391	
369	393	388	394	396	360	
367	393	381	361	356	360	
358	383	395	380	371	375	
390	381	378	380	366	353	
369	353	368	374	360	383	
390	359	399	395	374	364	
384	369	350	376	382	383	
371	365	356	354	366	378	
351	380	379	385	386	393	
372	366	379	353	395	380	
372	373	391	384	375	382	
440	422	448	435	446	432	
429	419	441	401	420	411	
440	434	426	400	438	405	
414	421	443	441	428	415	
439	427	432	426	425	423	
410	415	411	401	440	430	
401	429	432	433	434	428	
437	429	424	430	413	417	
407	419	424	438	429	411	
429	432	444	417	420	408	
445	443	447	433	424	426	
429	414	439	443	425	434	
408	400	409	410	444	427	
432	436	402	440	446	406	
419	414	408	448	410	420	
406	421	432	403	446	401	
403	402	412	414	416	431	
434	436	432	448	440	413	
410	447	434	409	403	426	
408	444	419	437	401	400	
444	443	441	431	433	414	
445	405	444	425	422	432	
406	444	447	443	435	405	
421	411	405	439	446	448	
423	446	405	408	415	444	
421	410	403	438	439	424	
410	438	430	420	439	401	
447	415	419	422	443	449	
431	421	440	444	432	426	
411	407	418	432	427	424	
409	410	426	402	437	429	
438	437	416	433	439	441	
414	405	419	408	422	409	
409	439	406	424	442	427	
407	409	433	416	442	430	
409	422	432	427	448	411	
443	401	425	432	424	407	
421	403	414	435	400	401	
420	441	448	428	412	423	
428	418	422	437	407	411	
419	421	445	446	428	427	
448	439	449	425	400	422	
409	406	428	411	429	418	
426	408	433	434	445	419	
404	442	421	431	406	401	
403	406	439	419	433	425	
429	418	400	425	437	446	
441	437	449	414	430	416	
412	433	426	425	445	420	
443	425	439	409	431	430	
460	458	473	451	450	493	
477	470	469	482	450	467	
467	496	458	463	489	464	
468	453	474	485	471	454	
466	480	465	484	479	483	
477	453	498	486	491	488	
479	496	490	465	455	464	
475	460	485	468	494	467	
485	492	486	471	470	499	
470	488	457	473	493	455	
478	466	484	499	486	497	
488	479	450	477	460	474	
487	463	452	454	455	488	
459	493	451	461	497	476	
490	485	499	472	489	469	
468	487	498	450	499	459	
450	452	471	462	473	463	
472	480	475	492	473	493	
481	464	454	457	499	465	
494	468	484	474	464	467	
479	456	488	486	471	472	
452	480	470	464	462	476	
487	477	464	471	479	458	
488	469	497	487	496	491	
489	492	482	470	477	465	
494	460	454	456	461	463	
465	473	478	467	450	468	
496	497	454	461	459	452	
484	476	456	465	468	496	
454	477	463	458	483	494	
462	487	456	491	494	482	
492	486	457	497	466	473	
456	466	465	498	485	494	
489	463	474	453	486	456	
480	452	475	489	485	464	
489	461	470	473	466	472	
487	464	494	492	496	460	
463	489	467	470	490	477	
481	473	497	452	495	459	
468	451	488	484	481	476	
459	492	480	467	461	471	
479	464	482	466	461	458	
478	479	462	463	474	470	
492	453	457	467	459	461	
485	470	453	482	463	466	
494	492	493	491	486	495	
484	491	490	471	473	467	
452	485	494	463	486	468	
463	471	495	452	469	477	
483	461	477	489	452	495	
22	6	29	8	10	42	19	
1	37	20	49	21	13	36	
29	18	25	9	17	23	10	
16	21	45	43	6	30	24	
27	29	38	44	8	32	25	
49	11	18	47	34	2	7	
25	48	24	17	13	37	44	
8	37	26	35	21	7	47	
48	45	4	39	22	25	24	
39	10	36	8	46	11	9	
29	31	23	21	5	36	22	
29	19	13	34	14	16	46	
21	39	15	31	24	40	12	
9	33	18	8	22	17	15	
10	5	23	37	9	31	44	
35	31	14	23	17	26	41	
47	21	45	3	36	4	40	
40	36	22	9	0	18	27	
28	27	40	15	17	31	45	
37	43	49	25	7	31	5	
25	22	23	36	47	37	33	
22	49	25	42	26	40	11	
10	0	17	30	45	9	28	
7	37	31	2	36	12	23	
22	23	24	14	48	49	45	
2	11	33	7	39	14	35	
12	33	49	7	43	26	32	
37	1	38	39	18	45	32	
46	26	34	17	39	27	36	
17	22	48	13	37	25	40	
23	11	44	42	16	36	49	
20	9	17	46	42	7	6	
31	24	26	13	42	20	10	
20	27	7	45	11	42	48	
12	24	2	4	8	36	30	
48	7	8	14	37	46	43	
15	18	49	48	5	29	22	
10	16	1	6	9	34	36	
12	14	38	24	31	28	32	
17	27	43	47	30	14	10	
6	33	21	41	45	42	29	
10	28	45	22	6	49	31	
26	28	27	7	29	17	0	
33	2	3	18	17	9	7	
21	42	14	4	36	37	45	
18	34	15	7	12	19	9	
29	49	36	31	23	4	24	
11	4	16	31	3	23	46	
21	15	7	16	43	14	22	
39	15	2	20	27	17	22	
75	65	96	94	60	80	53	
59	71	76	87	94	56	88	
98	97	81	86	54	84	65	
56	51	75	59	66	84	54	
53	63	87	52	98	73	86	
79	72	54	76	83	85	50	
77	86	51	58	84	87	74	
52	51	87	66	60	92	93	
63	59	52	62	71	55	81	
79	68	81	70	75	89	90	
72	77	50	57	87	79	63	
87	67	82	59	90	76	62	
92	76	69	70	60	79	88	
63	95	68	78	57	90	54	
71	50	86	55	57	66	72	
96	86	62	53	76	93	82	
86	88	87	96	97	74	89	
89	54	62	90	85	80	53	
95	71	52	80	96	63	98	
62	74	50	51	87	54	53	
80	81	84	67	58	76	99	
53	93	91	99	55	84	71	
66	56	55	63	89	81	60	
82	54	60	77	89	51	79	
80	83	87	99	69	58	54	
76	91	60	63	50	66	58	
97	83	89	80	50	90	77	
85	62	53	51	61	63	95	
64	56	65	75	63	58	88	
85	55	79	94	68	50	64	
75	54	93	79	89	98	92	
87	76	61	68	52	60	74	
71	66	85	94	51	76	98	
74	91	83	94	63	77	84	
87	81	61	56	73	71	89	
54	63	69	77	59	90	83	
55	86	69	58	84	53	70	
85	96	93	52	95	64	90	
56	58	63	53	89	60	50	
52	75	72	89	59	69	73	
96	86	87	94	66	58	76	
70	93	76	99	63	59	64	
70	58	93	99	51	73	91	
77	55	65	57	59	61	67	
67	74	85	91	89	71	50	
73	65	77	64	72	62	94	
97	72	70	83	53	55	52	
82	57	78	56	98	81	74	
66	95	94	54	79	85	80	
80	75	97	88	58	93	60	
137	147	139	101	117	104	146	
149	129	109	140	131	117	102	
142	133	119	129	125	106	140	
129	110	149	118	108	112	122	
101	148	118	111	115	139	134	
124	133	136	130	134	143	148	
138	128	117	148	108	113	149	
147	122	126	103	107	109	110	
117	109	112	134	144	105	110	
105	143	145	132	128	138	135	
108	102	101	124	127	118	114	
129	142	126	140	139	119	105	
146	112	149	125	141	115	130	
119	106	130	118	120	110	133	
147	145	102	118	124	148	139	
130	147	118	123	126	120	136	
143	111	114	139	112	100	121	
112	111	107	102	126	105	115	
139	141	119	116	121	120	138	
144	130	102	117	136	125	113	
100	114	131	121	116	110	125	
142	114	116	148	136	101	115	
135	102	149	120	126	146	128	
144	135	119	140	141	137	108	
138	104	114	100	122	111	107	
103	136	138	130	102	135	129	
130	142	140	139	127	148	134	
133	139	108	131	130	112	142	
125	129	137	107	108	122	141	
148	140	113	111	131	132	138	
119	130	128	116	125	126	100	
108	136	139	149	144	141	125	
140	135	102	127	133	108	129	
132	122	125	120	113	124	141	
130	125	106	144	113	114	104	
117	124	125	140	100	139	116	
125	119	122	149	133	117	134	
147	143	115	139	136	113	111	
120	124	104	132	138	123	143	
126	122	136	144	143	135	120	
137	124	148	126	105	113	122	
124	125	134	128	108	104	135	
115	109	139	126	127	123	110	
120	104	148	101	109	106	133	
128	105	115	127	137	102	130	
146	142	123	127	114	138	148	
139	149	129	130	102	142	112	
111	105	112	103	142	110	101	
134	142	131	121	129	127	133	
147	107	120	127	106	110	116	
169	187	153	150	171	196	193	
198	162	192	177	194	156	189	
191	195	150	198	170	187	152	
179	157	159	198	190	172	165	
192	189	174	152	150	188	199	
192	183	156	186	198	172	184	
152	184	165	151	153	169	198	
162	155	151	181	194	192	182	
182	183	150	161	178	154	181	
190	168	159	196	170	192	153	
160	172	177	169	188	165	158	
171	175	172	166	198	192	155	
192	170	171	198	155	194	160	
187	157	179	155	166	188	191	
161	178	171	168	189	177	184	
151	186	183	174	161	190	155	
150	196	166	171	187	162	172	
190	198	151	160	167	182	161	
153	156	193	189	198	162	168	
184	163	162	186	177	164	187	
191	174	197	179	151	165	180	
181	186	189	184	182	171	177	
191	161	173	197	151	194	176	
195	158	167	187	189	181	162	
162	153	165	181	194	170	151	
193	187	171	172	178	156	184	
188	178	158	193	164	189	190	
172	161	163	162	159	179	167	
169	193	181	177	156	152	175	
196	160	191	165	180	187	153	
169	172	170	185	188	189	159	
166	153	193	192	170	196	168	
185	167	163	192	175	195	197	
166	188	198	187	169	163	181	
153	159	150	163	173	162	185	
189	192	177	180	163	184	193	
169	193	196	154	164	192	161	
160	178	191	198	156	186	193	
154	187	176	170	179	188	160	
157	189	190	169	167	155	166	
154	174	153	191	168	161	177	
158	150	193	184	169	154	189	
172	174	157	158	185	184	151	
156	195	176	196	189	160	191	
175	192	154	165	171	163	159	
189	170	191	198	152	161	183	
190	152	179	184	194	189	196	
199	179	150	161	174	170	178	
190	196	167	184	187	185	178	
184	195	154	159	166	181	152	
224	235	234	243	207	209	241	
215	232	227	228	200	223	224	
239	211	231	234	244	229	202	
246	203	248	239	235	219	205	
246	244	218	209	230	211	241	
225	203	237	213	241	204	208	
214	226	212	211	242	244	215	
227	237	204	241	200	215	238	
212	218	239	221	235	231	236	
224	221	207	235	238	218	213	
248	231	244	238	224	243	229	
243	210	241	224	240	220	245	
227	205	223	214	238	226	224	
231	245	244	200	235	208	216	
230	231	204	223	207	238	203	
211	248	228	242	216	245	217	
231	219	230	221	207	232	220	
221	222	211	203	216	227	240	
222	214	226	204	202	209	211	
227	243	224	212	240	248	235	
218	237	208	245	201	239	210	
206	222	234	211	249	243	237	
217	212	245	214	219	209	242	
221	224	234	207	219	240	216	
232	249	215	241	243	214	220	
207	233	236	212	203	224	229	
213	226	225	237	206	246	227	
246	217	221	247	237	214	211	
217	218	241	215	204	238	224	
229	235	202	242	216	207	206	
237	247	204	211	236	221	231	
221	238	234	212	242	245	209	
211	244	240	235	238	225	218	
207	215	220	224	238	234	230	
238	211	225	212	240	214	243	
215	233	213	243	242	211	202	
240	209	219	221	223	228	224	
220	213	201	233	202	237	229	
247	233	210	213	246	219	209	
205	243	239	236	218	247	220	
216	245	222	230	227	248	208	
215	242	249	219	204	236	224	
234	239	213	226	237	224	233	
213	246	206	217	210	201	249	
216	231	224	218	206	200	202	
239	232	203	243	218	223	222	
215	239	235	217	219	245	203	
211	225	201	231	242	230	248	
216	222	206	202	240	249	235	
246	210	225	221	224	222	239	
269	257	281	277	286	287	262	
268	254	260	296	271	294	288	
299	283	265	279	254	264	293	
284	275	266	274	287	299	256	
294	278	277	271	292	256	265	
271	267	259	287	285	275	290	
250	279	293	252	267	298	290	
296	270	255	253	256	288	257	
268	254	298	277	259	289	294	
282	289	293	290	269	250	272	
271	265	293	289	285	291	268	
265	283	267	279	287	268	252	
289	296	269	267	266	298	254	
277	260	252	274	283	268	276	
298	270	252	286	295	257	272	
290	270	275	256	280	293	281	
285	294	255	281	286	291	268	
268	253	260	262	266	257	273	
264	266	258	255	287	259	297	
268	259	279	292	299	297	285	
263	250	261	265	272	259	277	
291	277	284	264	290	263	250	
264	283	277	289	272	284	280	
282	256	261	296	265	273	274	
258	290	264	293	252	261	270	
294	291	253	267	299	293	258	
264	269	266	252	265	296	258	
279	256	270	268	289	265	257	
256	265	298	288	295	294	273	
286	292	267	262	294	272	275	
298	282	265	256	277	278	275	
256	299	286	265	281	255	251	
296	270	289	294	254	251	282	
265	262	284	297	295	271	263	
294	279	287	260	267	283	265	
278	297	294	263	285	255	298	
290	284	271	288	289	297	299	
274	278	296	252	261	289	275	
272	269	281	279	265	287	280	
270	289	282	280	294	251	287	
285	292	280	258	281	287	269	
287	283	291	255	273	250	276	
293	272	278	283	279	266	297	
277	285	271	266	270	253	292	
268	264	254	261	287	265	267	
283	255	281	261	286	272	280	
261	270	268	280	288	255	259	
254	261	285	266	286	263	262	
289	290	254	286	255	292	259	
255	264	265	294	299	251	258	
318	315	327	326	335	343	310	
307	341	300	305	312	342	310	
332	320	316	323	329	345	321	
303	309	347	313	315	323	330	
313	306	349	311	301	327	320	
341	347	316	329	334	304	349	
306	316	345	338	302	312	344	
316	345	318	349	309	331	304	
336	311	344	309	337	312	325	
310	303	317	346	315	319	336	
314	324	344	336	333	341	343	
348	324	332	327	301	338	346	
302	343	331	321	339	307	301	
302	339	312	316	345	330	325	
319	347	341	301	330	326	338	
314	334	309	307	347	329	342	
321	328	337	319	347	339	333	
302	323	317	342	337	311	340	
321	310	314	309	331	316	313	
326	324	333	344	322	328	335	
308	325	305	307	315	348	324	
302	315	338	348	306	309	333	
328	349	313	325	340	334	332	
334	301	330	306	337	336	329	
313	348	347	302	336	346	344	
309	346	314	344	326	343	345	
338	312	331	324	347	349	336	
305	303	347	331	302	319	318	
339	322	320	324	303	328	340	
318	323	300	312	310	306	311	
333	347	335	304	344	306	346	
304	333	314	345	328	300	307	
314	311	315	312	300	333	338	
306	302	328	312	300	345	317	
302	341	301	323	306	305	314	
335	347	345	329	316	307	320	
317	328	349	316	329	347	305	
306	327	301	312	316	335	326	
334	315	340	322	301	311	338	
331	341	329	346	327	343	348	
311	328	316	319	326	334	300	
307	334	317	345	348	326	316	
330	317	334	339	345	327	321	
330	318	326	305	339	303	343	
323	303	338	321	311	335	349	
348	310	314	344	302	330	304	
325	346	304	323	349	341	329	
347	344	310	320	345	349	316	
310	318	338	339	341	332	325	
335	329	341	305	328	320	323	
390	379	371	393	359	357	356	
360	357	366	375	379	363	389	
391	362	350	371	396	387	357	
377	357	378	372	365	351	368	
377	362	368	383	356	384	366	
375	380	350	391	359	367	381	
389	374	398	356	367	354	396	
369	399	374	389	387	377	394	
386	393	357	397	352	354	368	
353	385	369	372	373	399	391	
384	390	389	387	356	352	381	
353	358	374	370	360	386	378	
387	392	386	363	373	377	368	
380	387	367	390	359	371	392	
394	395	381	370	396	382	397	
395	387	365	388	399	379	357	
388	373	366	386	395	352	372	
350	367	362	384	373	359	358	
363	370	352	378	388	359	361	
360	367	351	369	389	355	353	
384	395	369	360	372	391	387	
386	369	352	360	395	389	391	
378	356	354	369	390	370	352	
366	390	382	375	384	385	398	
362	354	390	375	394	376	393	
366	353	376	381	368	385	388	
351	398	364	392	383	393	358	
387	350	389	393	356	384	398	
393	353	394	355	357	367	364	
373	398	370	382	368	378	389	
356	383	372	396	358	385	392	
365	384	361	399	359	378	356	
381	380	391	387	360	378	372	
368	358	398	386	397	387	370	
385	376	378	355	394	377	399	
365	392	362	371	358	355	367	
354	397	370	367	366	392	368	
364	381	378	350	391	369	392	
383	371	384	360	380	352	377	
381	373	360	392	353	384	386	
396	393	391	380	395	359	358	
387	363	373	365	386	378	385	
393	372	351	358	386	391	378	
381	396	399	360	362	375	398	
350	369	351	356	392	374	357	
353	373	388	382	386	395	370	
357	366	352	364	385	360	372	
352	386	366	390	355	353	357	
395	397	354	356	370	357	359	
372	392	399	357	378	350	388	
400	406	423	436	404	449	402	
418	446	445	402	448	439	424	
439	422	403	435	438	420	406	
449	428	433	420	407	418	446	
412	402	419	427	444	425	421	
411	442	436	410	429	434	402	
429	447	441	402	444	410	405	
400	430	449	444	421	435	401	
427	410	443	448	435	439	405	
444	423	449	431	412	430	425	
445	436	439	427	420	449	432	
435	433	403	415	418	428	430	
426	432	441	443	442	437	424	
449	419	444	402	415	412	405	
429	400	403	431	420	442	405	
400	412	435	440	404	402	418	
401	432	412	416	431	441	404	
406	403	435	442	424	449	430	
403	402	447	438	442	422	406	
436	434	421	449	441	407	416	
405	445	420	413	410	415	409	
405	425	436	433	411	440	428	
449	419	435	408	443	433	446	
446	418	419	404	442	423	427	
447	443	434	407	414	429	402	
442	424	416	420	407	431	436	
404	421	441	427	438	443	400	
449	446	435	433	443	434	402	
421	407	417	425	424	418	403	
439	405	416	435	421	425	440	
440	420	432	400	412	435	445	
435	433	409	444	410	413	414	
441	416	431	442	410	427	422	
412	442	432	433	422	441	445	
400	437	420	435	426	431	441	
429	447	435	430	425	426	438	
443	420	435	431	448	403	409	
437	422	412	405	411	406	425	
420	441	449	432	404	414	440	
448	404	407	433	442	440	443	
404	449	446	427	405	410	414	
447	418	400	409	446	411	442	
426	406	418	440	422	411	443	
448	440	437	429	409	421	413	
425	445	407	434	428	430	442	
402	405	413	433	404	439	409	
404	436	441	419	418	448	403	
447	406	435	411	415	424	403	
402	439	419	449	432	424	436	
403	410	408	444	438	407	440	
481	497	493	466	499	462	480	
454	455	498	466	494	468	478	
478	487	492	489	488	457	470	
461	462	455	486	477	484	460	
499	487	453	476	450	459	468	
469	456	483	475	470	459	488	
490	496	474	461	468	478	480	
462	466	457	485	478	468	470	
470	450	466	489	494	484	471	
481	473	496	497	499	459	453	
479	476	482	475	468	498	478	
458	480	455	457	456	499	464	
478	497	483	489	498	466	470	
474	496	454	475	472	468	463	
467	496	483	481	499	477	474	
473	463	461	460	452	456	485	
474	492	487	479	471	461	472	
468	483	485	495	459	471	494	
465	491	453	481	454	460	450	
468	451	471	498	496	482	499	
479	454	465	494	467	488	486	
469	470	487	481	479	490	486	
482	468	474	476	464	452	451	
470	469	486	473	481	495	460	
470	484	499	490	450	488	480	
486	480	467	461	450	473	478	
469	460	484	485	477	491	481	
467	469	457	492	484	494	482	
484	490	457	486	463	461	478	
492	479	460	472	497	496	488	
494	485	455	488	475	490	497	
490	462	497	471	465	495	466	
486	452	466	487	465	478	450	
475	498	454	476	486	496	473	
454	481	461	464	463	480	465	
456	472	488	461	474	469	475	
489	498	459	455	483	468	467	
451	458	491	464	490	460	498	
473	483	450	469	492	498	451	
467	465	469	493	477	450	486	
473	459	486	478	474	475	480	
459	491	477	462	474	481	453	
487	467	490	473	468	461	454	
474	494	456	495	498	478	468	
473	491	471	465	463	488	482	
496	487	451	476	497	454	463	
473	483	486	464	476	465	471	
485	453	473	450	452	477	499	
475	452	458	470	493	486	461	
499	497	451	459	477	462	494	
33	22	46	18	45	5	38	8	
34	45	22	35	0	23	33	28	
10	9	23	46	33	26	34	47	
21	2	23	5	33	6	27	34	
1	10	27	17	21	6	38	45	
49	19	8	11	12	10	15	14	
43	20	39	40	19	34	29	18	
33	7	10	4	5	17	2	19	
1	27	18	28	34	48	38	26	
40	28	4	31	45	3	44	9	
5	34	29	24	25	45	7	37	
3	40	27	13	38	4	42	12	
41	23	36	33	31	4	21	38	
31	14	38	39	5	25	43	37	
43	11	18	20	6	9	15	3	
41	12	38	11	5	22	34	23	
24	12	31	17	30	9	19	23	
37	40	45	35	29	7	11	31	
10	35	17	19	31	47	26	42	
15	8	14	13	12	43	29	46	
46	26	1	6	44	33	48	47	
10	4	34	22	43	20	19	26	
6	41	1	35	24	15	40	18	
29	48	18	2	11	49	40	9	
7	24	8	5	15	20	17	43	
46	36	19	48	8	29	40	7	
36	9	40	45	17	33	19	39	
0	10	4	17	26	15	36	18	
10	7	21	0	37	3	49	22	
22	9	4	41	38	35	34	7	
38	18	48	36	7	9	3	34	
36	10	2	27	37	4	33	17	
17	19	44	10	43	4	27	26	
47	30	33	41	25	36	11	49	
4	12	27	48	25	45	35	17	
12	47	21	31	46	49	9	28	
13	27	41	9	44	14	37	32	
47	49	25	0	43	20	18	29	
46	8	7	10	44	41	2	21	
7	11	5	22	37	45	4	49	
26	20	10	29	0	9	47	31	
0	17	44	32	38	27	24	14	
8	9	29	0	4	28	31	43	
22	48	18	23	2	7	34	6	
40	14	38	15	13	36	21	33	
15	49	21	2	13	6	34	31	
31	21	5	24	37	16	9	48	
26	32	42	13	41	12	19	33	
33	13	27	18	41	34	26	20	
46	6	47	2	13	10	16	40	
68	57	80	84	50	59	55	72	
50	81	70	66	87	68	83	98	
50	70	82	54	59	60	51	66	
81	67	82	83	60	57	87	80	
91	78	55	76	54	75	50	95	
86	50	78	94	97	89	55	96	
54	58	81	57	80	88	78	69	
77	84	78	97	86	63	90	79	
83	77	88	98	92	97	78	94	
98	52	87	96	69	75	89	91	
80	99	93	64	59	71	76	70	
82	62	74	94	71	93	61	68	
70	63	53	90	84	64	58	81	
50	98	80	64	66	73	94	97	
78	52	83	90	86	51	50	54	
60	51	78	72	54	58	85	83	
83	55	52	86	93	53	84	90	
68	61	96	85	84	88	93	72	
92	94	59	65	58	56	98	54	
68	71	55	85	65	60	93	92	
50	53	87	82	97	62	65	51	
91	83	74	58	96	65	81	77	
54	96	61	69	89	78	67	85	
73	64	70	66	63	61	69	92	
86	69	78	53	62	90	83	84	
52	53	96	79	61	92	58	86	
92	78	63	90	96	55	76	87	
92	67	66	80	60	81	51	86	
68	99	70	69	61	63	71	65	
55	58	60	86	90	54	65	97	
82	59	51	76	55	90	56	70	
80	88	92	77	89	98	69	59	
76	95	84	54	72	63	79	90	
61	95	92	98	90	56	77	96	
54	67	87	66	52	55	91	97	
96	95	55	98	50	53	71	78	
64	65	69	87	71	98	53	81	
68	69	76	72	92	74	87	99	
56	63	69	54	50	71	73	87	
68	71	82	97	90	59	62	73	
61	99	92	76	59	98	63	97	
79	97	87	53	50	52	73	74	
65	63	54	73	80	66	97	94	
56	97	76	80	55	62	75	51	
87	55	50	99	54	63	92	67	
90	99	76	64	79	80	73	97	
66	86	60	72	71	90	53	82	
98	68	87	59	55	94	76	56	
96	58	53	91	95	84	78	69	
60	79	78	51	90	50	75	84	
117	101	148	136	135	121	102	125	
127	120	112	128	138	134	137	121	
119	105	121	144	101	136	130	133	
148	122	113	141	106	115	110	107	
117	103	112	102	106	110	134	129	
120	139	130	108	125	134	147	142	
125	123	108	137	100	107	110	148	
138	106	147	102	127	103	126	133	
112	102	133	106	140	109	129	148	
137	139	111	125	106	144	141	134	
134	108	147	114	136	144	131	116	
106	130	143	105	102	126	104	131	
135	141	100	142	121	132	108	130	
101	108	107	122	116	110	129	132	
113	141	118	130	105	100	138	112	
127	135	106	111	147	117	148	100	
146	106	132	115	131	144	130	142	
144	113	119	107	110	148	138	112	
125	129	149	131	133	127	138	102	
108	120	146	149	133	131	110	109	
145	143	131	147	123	107	100	125	
100	141	137	124	118	105	109	106	
126	106	107	125	105	108	117	123	
137	123	148	132	139	122	114	134	
105	123	110	128	107	129	103	118	
148	104	146	125	110	116	134	141	
128	105	118	115	121	101	110	146	
120	136	101	129	110	135	141	125	
132	125	123	138	148	124	130	107	
130	147	120	132	124	118	123	109	
109	101	119	135	110	134	136	126	
106	126	117	141	128	101	104	103	
114	100	130	132	136	112	102	124	
132	118	138	119	112	128	101	137	
138	124	106	114	103	111	121	135	
145	143	120	127	122	124	138	105	
128	130	148	141	127	126	119	116	
131	128	125	122	117	126	112	114	
101	145	111	141	135	142	144	130	
131	117	119	113	127	125	124	116	
126	108	129	140	149	105	102	131	
105	116	104	137	107	129	124	103	
146	140	147	117	144	128	107	122	
139	122	137	132	121	129	116	145	
117	110	138	101	120	140	141	119	
117	134	133	108	147	102	101	111	
133	143	129	118	116	113	114	123	
100	114	140	119	136	105	115	137	
132	131	138	106	113	112	142	110	
105	146	124	138	142	143	122	119	
183	189	197	191	156	157	190	185	
194	159	178	186	154	173	170	187	
179	187	157	156	195	176	167	162	
184	175	187	176	179	159	193	198	
173	155	183	158	195	169	178	185	
187	180	171	167	186	182	188	190	
191	187	173	193	155	168	192	169	
183	169	170	180	159	162	150	161	
173	181	191	151	152	176	187	196	
191	170	184	169	152	157	190	161	
167	179	165	164	185	189	168	157	
198	181	155	185	168	153	188	175	
167	172	178	169	194	155	181	199	
176	181	173	188	157	192	187	179	
153	175	197	192	188	150	193	169	
173	190	157	199	197	158	174	171	
152	191	175	165	192	197	180	156	
166	187	156	199	165	188	168	194	
192	174	150	170	185	173	151	159	
190	199	180	181	158	179	166	153	
196	199	194	197	182	157	177	189	
178	189	164	173	159	181	162	184	
189	196	199	168	159	152	169	191	
166	189	155	182	157	163	191	186	
167	198	165	184	181	156	194	163	
182	171	180	179	198	186	190	191	
172	199	196	164	182	181	170	186	
196	164	167	178	162	172	166	150	
154	196	183	152	156	188	185	155	
188	174	167	182	194	177	159	192	
155	178	171	199	187	177	181	156	
164	167	160	180	185	174	152	166	
186	191	165	153	154	163	197	195	
167	152	157	183	174	198	184	179	
174	170	190	199	161	186	176	171	
170	159	189	172	169	150	174	155	
177	171	176	150	179	167	162	196	
167	196	188	183	170	177	169	192	
167	160	175	169	159	178	182	181	
170	173	197	177	160	167	189	165	
171	162	153	199	177	182	161	189	
175	174	160	171	192	176	150	193	
187	193	155	159	197	151	182	199	
153	174	151	179	168	186	188	164	
182	197	172	193	157	156	174	191	
188	182	183	164	152	176	181	180	
165	193	171	181	178	160	189	184	
192	164	172	173	186	153	163	151	
187	168	164	157	173	171	198	172	
182	183	188	198	187	152	171	190	
208	203	249	235	220	215	238	240	
232	237	225	234	210	218	215	239	
218	238	236	213	222	205	204	227	
233	211	200	207	206	220	216	218	
214	247	241	208	213	224	229	239	
217	209	221	200	233	244	216	249	
229	235	214	234	249	200	245	202	
239	209	229	245	208	204	238	202	
247	242	223	205	244	210	237	234	
211	233	224	236	230	214	201	244	
211	220	245	238	206	242	221	215	
236	240	228	208	216	243	217	231	
219	200	202	231	241	243	240	229	
222	236	229	234	205	238	243	224	
204	218	217	237	206	243	205	238	
235	218	203	214	211	239	240	238	
232	229	213	206	241	217	234	220	
222	239	241	200	227	234	238	221	
242	211	200	214	246	220	248	237	
218	206	241	236	238	240	202	220	
227	221	201	228	240	229	237	241	
211	244	248	217	237	206	225	228	
249	240	218	242	207	231	234	227	
208	230	231	210	242	239	220	228	
240	212	201	200	219	236	242	213	
233	240	220	239	229	216	224	242	
211	249	212	232	205	245	230	236	
228	204	238	232	235	249	241	244	
206	202	215	233	216	235	242	200	
225	240	224	217	221	214	231	233	
241	239	229	210	223	227	205	235	
243	222	228	236	240	246	244	205	
247	204	244	234	229	218	224	235	
241	225	202	231	235	229	216	228	
244	219	224	206	210	207	242	212	
205	215	228	234	204	232	208	230	
235	216	221	203	209	237	213	236	
229	243	222	221	205	237	249	216	
243	215	209	216	241	212	232	238	
201	215	217	231	214	208	227	243	
245	230	213	207	201	247	236	231	
237	234	201	244	222	212	238	231	
221	234	239	228	240	217	248	218	
223	235	200	203	224	229	233	216	
230	211	228	213	237	239	212	221	
202	240	233	235	248	232	205	227	
205	206	234	213	245	233	200	246	
224	225	209	214	231	222	216	241	
207	245	229	211	240	220	202	244	
200	220	223	227	221	231	236	240	
271	272	270	254	264	252	256	273	
286	276	292	277	271	278	259	275	
263	265	279	290	284	298	271	257	
251	287	292	264	278	261	299	267	
282	287	264	269	251	268	293	253	
282	265	259	251	271	257	266	260	
250	253	266	294	291	268	270	258	
261	291	278	255	283	269	296	275	
280	252	289	251	268	281	266	299	
288	274	258	289	279	271	277	292	
278	251	297	295	277	296	294	250	
259	270	274	265	278	299	285	283	
257	293	254	263	252	280	253	292	
287	257	277	285	260	299	275	290	
282	265	251	289	281	255	261	263	
291	287	266	263	252	253	255	273	
268	290	294	262	280	293	274	271	
285	287	250	298	271	268	297	272	
299	265	281	280	288	274	285	270	
298	261	268	258	290	283	266	294	
279	250	267	281	271	276	297	272	
262	290	271	297	280	285	261	288	
264	290	279	266	291	252	284	263	
259	253	296	291	299	277	267	298	
269	250	260	283	296	265	290	263	
286	288	251	296	253	262	278	252	
268	297	263	265	293	256	257	291	
277	296	254	278	299	253	292	297	
265	275	284	255	285	281	257	277	
277	258	285	286	299	262	253	281	
257	253	261	277	280	298	265	272	
279	278	297	253	282	261	294	274	
257	278	250	297	276	273	283	288	
252	255	277	278	270	299	283	250	
257	274	254	289	268	278	283	256	
279	261	292	294	267	282	252	278	
287	276	290	282	270	294	298	252	
286	256	297	289	288	281	287	252	
253	282	255	281	264	268	289	286	
277	284	259	270	272	292	290	261	
292	268	273	279	265	293	271	262	
256	266	269	285	268	257	261	289	
269	270	276	252	274	257	265	291	
291	268	259	294	274	260	271	272	
264	285	269	263	254	280	275	266	
291	294	272	281	270	285	283	268	
271	295	253	294	266	270	257	276	
299	258	251	268	291	286	269	275	
277	282	266	262	251	290	278	291	
289	296	274	267	264	270	297	259	
305	346	314	330	309	316	329	325	
346	335	325	315	306	318	309	342	
329	320	343	328	326	305	302	309	
348	342	302	339	338	329	308	317	
307	315	316	341	349	311	336	317	
345	314	307	329	342	316	308	341	
340	343	306	317	337	341	313	331	
307	314	320	334	348	338	300	317	
347	341	314	332	323	336	312	300	
312	334	331	309	328	339	344	349	
324	327	333	334	348	336	347	303	
336	319	318	311	328	310	302	323	
310	331	308	316	338	348	344	325	
302	346	315	339	303	349	310	340	
319	313	333	300	349	324	309	337	
305	320	315	333	319	328	310	313	
343	326	315	345	333	306	300	305	
300	349	302	323	324	310	343	340	
337	345	324	300	303	338	348	310	
324	349	310	328	329	345	315	320	
345	313	316	326	307	327	304	340	
335	309	313	341	305	319	336	327	
329	348	349	330	341	309	307	331	
343	345	331	348	325	337	346	312	
323	311	330	303	344	326	314	342	
325	335	311	340	300	304	317	322	
323	333	332	346	338	322	316	309	
328	347	303	337	332	341	338	315	
334	301	325	341	346	333	339	336	
344	306	317	330	338	322	343	348	
325	326	320	321	318	333	324	346	
334	317	341	345	303	323	306	321	
337	331	327	303	316	348	317	301	
342	328	337	313	323	340	324	308	
313	324	346	332	326	318	302	315	
306	334	311	339	337	300	305	345	
312	334	329	317	343	331	306	324	
335	328	311	345	309	302	318	326	
302	319	330	327	306	335	346	304	
344	300	305	337	310	308	328	326	
332	342	347	310	330	348	320	315	
334	313	308	304	318	316	306	315	
306	314	318	308	304	302	342	343	
340	310	308	336	317	342	332	321	
335	318	300	313	342	307	344	315	
310	309	333	303	347	341	312	340	
312	344	330	332	301	310	314	323	
329	344	322	342	318	345	330	320	
336	326	324	323	342	313	328	325	
348	327	307	305	316	304	309	337	
350	359	378	393	389	396	373	388	
392	398	359	370	386	373	374	354	
362	378	381	374	377	361	363	350	
350	370	364	353	383	355	386	351	
366	381	362	383	375	386	376	353	
385	366	358	354	384	356	351	390	
377	382	398	353	368	352	364	389	
353	358	355	368	367	357	388	363	
394	362	351	369	386	372	357	375	
358	369	368	374	372	351	367	376	
357	363	391	377	365	352	350	380	
386	367	392	358	368	361	366	369	
378	388	397	352	369	353	362	381	
369	352	380	377	390	370	367	373	
372	360	354	369	385	392	375	355	
381	368	397	370	353	365	352	392	
388	360	352	396	385	398	394	371	
355	384	371	352	379	392	378	350	
361	382	380	357	350	358	379	363	
355	360	370	358	359	375	350	395	
367	350	392	353	388	378	398	386	
378	374	353	366	380	358	357	391	
395	399	352	354	385	360	362	366	
366	397	372	399	388	358	355	352	
355	395	377	375	365	350	380	394	
365	378	386	350	364	360	375	372	
350	371	370	398	359	384	372	381	
371	359	382	384	355	364	399	350	
367	389	364	350	363	379	359	355	
374	352	371	383	392	351	388	365	
378	369	381	362	380	354	393	375	
351	368	387	374	386	371	394	396	
397	382	352	398	399	388	357	374	
373	357	391	355	384	372	367	364	
378	362	376	374	365	390	377	398	
380	399	381	359	356	384	373	352	
374	380	371	365	386	366	379	378	
385	352	375	367	377	379	396	359	
399	383	371	392	359	396	350	376	
399	389	377	367	374	357	379	361	
368	357	356	398	354	353	393	363	
360	375	388	393	394	396	384	386	
369	383	364	365	354	361	391	388	
375	367	353	381	351	365	362	371	
357	353	391	354	381	399	356	395	
398	389	397	391	378	353	360	359	
386	373	388	391	350	355	358	366	
388	399	395	353	398	371	365	382	
391	360	375	389	355	396	361	399	
372	396	356	354	365	359	350	353	
438	402	440	442	449	425	427	429	
405	440	445	436	448	430	433	403	
435	407	426	439	419	417	412	444	
401	413	436	431	443	404	430	403	
401	407	439	404	410	436	449	403	
410	449	448	409	439	404	432	438	
415	416	414	447	406	413	409	442	
414	443	448	449	425	419	421	409	
405	403	415	425	418	410	442	420	
406	428	449	427	445	409	425	404	
434	420	421	426	415	445	448	431	
405	425	444	441	428	423	401	443	
410	448	447	434	411	445	433	402	
411	438	433	444	447	439	436	421	
437	436	427	434	443	414	426	402	
421	445	423	420	433	436	425	437	
446	414	442	435	421	431	430	408	
434	417	408	436	435	429	431	418	
407	400	432	401	428	441	434	424	
415	413	447	408	435	438	406	423	
407	431	421	424	413	415	448	419	
434	423	444	422	406	417	416	441	
446	420	422	432	449	418	410	437	
433	400	404	410	448	424	402	432	
419	430	409	424	445	423	440	403	
414	433	421	435	412	422	427	430	
446	439	422	431	417	425	408	428	
431	442	406	410	449	439	421	417	
406	418	442	400	428	449	416	433	
434	437	403	415	423	429	428	413	
414	433	424	422	400	416	445	406	
445	437	406	430	420	400	408	427	
440	438	424	416	432	403	446	447	
419	436	433	420	423	440	400	449	
406	430	444	404	442	403	443	407	
445	437	435	416	400	418	428	406	
408	424	416	440	425	434	413	422	
439	422	403	423	428	424	432	419	
440	422	448	416	426	442	449	419	
404	440	445	421	407	411	406	401	
440	405	413	429	436	437	407	406	
429	439	415	442	444	404	424	410	
434	430	416	439	400	405	409	449	
412	431	406	408	422	423	414	405	
422	404	433	408	444	413	419	438	
418	444	402	427	412	430	415	439	
403	406	404	423	410	449	408	416	
413	446	411	414	416	424	423	432	
441	432	431	425	429	403	428	413	
404	410	440	446	425	420	406	431	
461	493	483	464	488	481	454	467	
470	457	466	454	477	481	475	453	
493	496	452	476	464	481	468	475	
478	487	459	471	498	483	474	484	
478	465	476	466	473	498	464	472	
470	471	497	466	489	491	483	478	
496	469	456	478	459	494	468	458	
476	464	495	458	493	497	470	456	
485	499	496	459	482	454	498	477	
491	495	477	451	498	483	496	456	
465	489	485	451	488	491	473	450	
463	450	453	474	460	499	471	456	
490	463	482	458	495	450	453	488	
497	486	454	495	479	472	470	457	
454	483	484	491	477	476	469	497	
456	462	470	471	455	475	476	461	
466	462	481	475	483	478	459	463	
455	496	475	450	461	493	491	489	
486	458	490	487	459	471	467	479	
472	464	484	453	460	498	466	477	
460	461	493	481	497	466	467	463	
489	469	475	452	484	483	488	479	
492	499	457	496	485	480	497	470	
493	451	489	471	460	484	452	469	
474	483	469	489	487	476	472	496	
460	457	455	487	489	469	462	497	
485	464	470	468	455	486	498	466	
496	498	464	458	459	462	468	473	
458	488	498	473	492	482	461	470	
486	491	489	463	471	458	450	456	
485	474	480	468	498	475	472	467	
499	486	451	465	450	490	495	497	
470	456	474	489	496	480	481	453	
456	489	491	474	458	453	498	457	
450	457	461	495	466	496	456	477	
484	468	499	491	486	498	483	492	
457	495	468	486	488	460	467	456	
495	459	499	469	461	478	481	464	
486	478	450	473	485	463	498	499	
483	460	468	484	490	496	477	467	
481	475	464	494	490	495	469	477	
464	481	458	480	450	492	459	468	
472	482	473	492	480	456	479	463	
476	488	463	462	459	475	469	466	
486	478	493	462	461	499	491	471	
480	452	470	461	483	458	465	490	
466	471	470	479	499	465	476	498	
458	477	468	498	490	453	471	488	
469	492	482	461	471	457	489	487	
467	484	460	486	471	472	452	461	
