12	2	21	33	39	49	
27	28	48	37	4	30	
30	29	11	22	8	6	
1	28	19	12	0	49	
41	48	9	5	30	43	
47	45	12	42	46	2	
7	33	38	11	3	27	
25	7	10	21	17	40	
45	17	0	5	42	9	
11	39	7	21	46	38	
24	31	2	44	28	17	
13	7	22	29	3	49	
30	47	22	21	2	46	
37	30	2	49	17	7	
45	19	24	32	17	0	
6	37	8	17	39	3	
2	45	4	7	18	47	
28	45	27	44	10	9	
13	4	0	31	12	46	
3	21	11	48	10	19	
7	3	45	35	43	22	
21	4	2	22	30	29	
31	13	24	39	7	14	
9	45	15	7	38	6	
7	13	34	21	17	38	
9	16	3	46	38	14	
45	18	21	27	11	10	
34	9	29	1	6	22	
33	10	5	42	44	1	
48	20	1	17	18	14	
15	11	45	38	49	37	
27	49	47	28	35	29	
8	15	49	25	24	36	
27	25	36	32	13	42	
27	3	29	8	10	24	
30	40	41	23	33	31	
14	32	33	34	37	22	
38	5	24	12	17	42	
2	19	38	24	28	33	
20	49	5	19	16	48	
32	35	28	29	23	14	
49	28	4	25	16	21	
9	0	16	23	24	21	
27	42	29	13	49	4	
39	2	22	3	11	24	
5	8	15	19	37	10	
5	35	19	42	32	43	
44	45	8	10	37	32	
44	29	48	40	6	20	
33	4	34	16	21	43	
58	73	71	95	75	98	
85	96	60	64	70	77	
57	85	84	64	96	95	
85	98	72	97	96	62	
57	78	87	92	90	71	
81	60	80	65	74	64	
61	75	50	95	52	83	
63	99	96	76	50	68	
86	95	54	64	98	69	
84	72	51	68	94	96	
70	65	62	60	96	69	
89	79	64	57	78	55	
69	62	83	75	86	98	
85	81	98	55	59	69	
57	92	80	87	75	54	
91	90	51	96	58	61	
57	60	91	55	85	65	
52	54	51	59	93	88	
88	86	89	63	66	76	
72	92	63	51	79	67	
87	64	73	68	98	50	
55	84	52	85	78	65	
62	52	59	98	75	69	
92	70	55	64	85	99	
69	52	87	89	78	61	
59	92	72	87	66	95	
96	66	81	80	68	93	
95	81	63	94	87	88	
67	62	94	95	74	69	
68	58	92	75	98	80	
81	92	60	91	82	69	
88	81	65	82	73	76	
70	71	77	90	61	72	
85	57	53	71	92	84	
61	97	65	53	83	74	
79	68	87	76	88	92	
85	84	52	87	60	75	
55	72	50	64	76	93	
79	71	75	96	93	54	
67	69	65	78	75	59	
67	50	91	61	56	99	
71	57	63	79	58	95	
53	61	99	79	94	87	
77	68	57	81	64	78	
55	78	63	71	61	91	
78	92	87	95	72	64	
53	63	90	56	64	60	
98	95	57	58	82	73	
91	80	70	58	72	76	
72	56	81	79	87	91	
103	113	118	146	108	141	
134	146	131	149	109	145	
137	120	106	143	146	130	
119	117	123	121	144	115	
117	115	123	110	104	148	
110	103	112	144	102	134	
115	137	105	124	127	148	
110	104	143	140	102	125	
134	149	114	139	135	140	
131	138	121	125	120	137	
130	134	127	101	136	149	
137	114	136	146	145	143	
126	147	148	122	130	125	
104	108	141	133	145	138	
142	116	123	120	111	145	
126	111	138	108	117	115	
106	131	143	112	103	146	
140	142	149	143	148	121	
107	105	146	143	106	128	
136	140	127	137	109	121	
132	101	137	131	149	125	
149	115	102	116	136	130	
139	114	137	120	101	116	
130	141	131	149	119	123	
112	116	143	122	136	126	
147	101	123	108	146	121	
132	105	121	143	116	126	
128	135	143	120	101	112	
115	138	126	120	139	132	
101	144	124	138	112	121	
116	141	149	119	115	105	
104	120	132	110	148	111	
109	130	106	128	105	138	
118	139	121	147	144	135	
139	132	124	101	130	118	
143	125	107	146	136	133	
147	138	103	117	118	101	
134	107	112	117	121	118	
128	123	125	139	106	126	
111	135	104	144	145	112	
107	102	121	126	131	122	
117	138	120	125	109	110	
124	127	123	108	103	121	
143	128	112	118	134	141	
126	128	134	104	144	106	
121	138	126	133	130	131	
138	124	148	131	135	137	
109	106	133	140	115	144	
137	114	130	140	100	105	
103	130	124	141	127	144	
196	182	159	175	150	188	
182	175	198	180	160	165	
192	174	186	195	157	156	
179	172	159	198	176	164	
166	177	150	188	164	184	
199	163	156	184	182	168	
155	161	198	153	197	175	
153	168	175	193	182	188	
176	182	157	199	188	189	
174	186	176	181	183	156	
160	152	188	168	172	185	
175	157	193	161	172	182	
188	196	183	153	152	171	
195	191	190	172	178	160	
163	173	188	175	186	150	
169	165	180	188	167	197	
193	189	151	180	187	171	
175	168	158	151	157	162	
173	190	194	151	197	180	
158	184	159	198	162	189	
198	152	169	182	159	177	
159	171	150	198	180	189	
199	179	184	191	157	196	
195	184	165	167	183	193	
155	164	162	167	195	197	
173	152	179	188	162	166	
170	188	197	198	158	195	
154	184	193	159	181	162	
157	150	198	159	185	183	
185	178	161	176	182	158	
195	165	154	176	197	196	
187	158	153	169	159	152	
182	181	171	166	192	158	
190	186	158	163	195	176	
197	180	192	199	163	169	
175	167	183	192	170	159	
175	173	154	198	181	186	
151	159	191	187	185	153	
191	159	181	199	194	188	
185	199	150	160	172	182	
197	187	168	198	192	165	
157	197	194	175	193	171	
154	151	155	167	177	169	
199	195	171	181	160	187	
172	182	167	187	166	150	
155	159	190	176	163	173	
190	161	192	181	176	157	
173	153	164	158	166	184	
186	185	193	160	184	158	
196	170	150	151	159	191	
247	234	224	203	242	233	
219	207	233	203	236	202	
227	212	232	244	247	204	
228	230	242	238	224	249	
209	221	227	222	234	205	
235	206	238	221	207	241	
230	238	242	237	224	209	
212	245	235	204	244	249	
208	242	226	215	240	213	
203	219	248	227	226	216	
245	233	242	223	230	243	
233	208	205	213	200	214	
246	223	219	200	243	201	
212	208	240	223	222	210	
213	207	230	221	217	247	
204	246	244	217	201	202	
219	243	232	212	211	249	
234	206	202	200	203	248	
232	243	226	245	205	244	
245	226	236	209	220	223	
226	208	246	247	230	238	
248	233	237	225	219	223	
207	224	229	225	202	214	
246	238	213	244	220	242	
243	212	208	201	203	246	
245	249	215	227	205	206	
205	208	224	217	248	234	
244	242	202	205	243	224	
221	248	236	208	249	228	
242	222	247	212	208	207	
201	211	235	227	220	203	
213	249	202	231	218	201	
238	211	239	220	225	219	
213	224	248	241	234	243	
249	244	224	209	210	201	
245	215	205	213	209	238	
241	237	208	230	209	231	
237	218	246	201	202	214	
234	240	204	246	220	245	
210	208	240	200	236	229	
235	230	237	203	210	212	
206	241	212	204	202	219	
216	203	222	228	244	247	
204	226	239	237	207	219	
244	213	201	248	239	243	
245	242	208	243	223	222	
238	217	220	209	247	210	
243	236	200	208	224	244	
218	229	231	236	225	224	
221	230	225	213	215	238	
277	269	294	286	284	252	
295	254	263	298	279	283	
254	256	266	265	273	293	
295	299	292	278	275	266	
257	262	298	286	278	269	
284	296	253	287	264	271	
294	279	289	286	278	281	
281	259	261	252	258	279	
285	251	264	269	261	268	
299	252	263	298	280	260	
290	270	254	265	253	289	
268	271	266	257	267	276	
260	293	258	268	259	286	
261	270	253	292	265	288	
261	252	269	294	268	279	
257	253	274	293	285	263	
267	273	285	252	289	298	
267	276	259	287	298	295	
270	254	255	250	266	283	
283	289	272	263	286	294	
274	283	272	256	251	264	
259	268	284	258	279	265	
281	274	262	278	296	276	
274	256	263	253	297	288	
260	271	287	277	257	266	
263	251	278	294	288	267	
294	259	254	282	268	258	
290	289	294	286	284	255	
273	295	292	251	291	257	
295	283	287	267	252	253	
292	264	267	275	273	276	
266	255	251	250	267	253	
257	292	272	287	265	271	
260	283	285	263	269	278	
292	273	253	275	294	260	
278	266	277	269	262	250	
288	258	284	273	253	281	
268	285	260	274	269	250	
250	257	259	252	274	269	
271	250	269	296	290	268	
299	277	269	276	274	255	
288	270	250	264	260	278	
293	266	279	255	294	295	
267	260	294	295	261	262	
274	252	297	270	266	254	
256	292	273	296	284	274	
292	266	285	272	283	276	
277	283	294	290	279	252	
276	296	265	256	294	264	
255	294	289	250	287	293	
320	341	313	331	332	318	
313	335	321	306	302	315	
323	334	328	339	309	337	
302	306	339	345	300	301	
326	348	301	347	303	308	
332	308	335	333	325	340	
347	331	337	340	317	333	
314	349	311	342	304	313	
305	312	301	343	303	339	
316	320	323	318	310	317	
318	305	348	330	327	344	
329	312	305	300	311	342	
314	315	344	305	341	320	
325	339	310	314	333	311	
329	303	323	318	349	321	
331	333	349	327	324	325	
348	346	301	339	323	330	
340	306	305	332	341	330	
333	302	308	312	324	300	
305	300	313	319	326	346	
330	305	309	345	342	349	
336	310	348	309	300	301	
340	313	338	311	348	323	
302	331	318	343	314	310	
345	327	319	314	347	313	
301	319	302	310	329	335	
346	348	311	302	318	307	
315	330	324	320	345	301	
343	348	338	317	301	327	
303	340	342	333	316	328	
349	346	306	316	330	324	
339	304	325	312	313	343	
312	340	345	318	320	305	
337	329	310	349	328	327	
337	336	318	308	316	324	
346	307	330	312	345	311	
327	325	301	340	337	304	
300	323	326	325	301	333	
347	338	329	318	333	310	
342	300	304	310	327	321	
313	346	330	339	309	324	
302	346	349	329	310	327	
318	313	325	333	349	305	
342	327	333	300	325	313	
312	333	307	313	336	340	
340	338	305	347	334	315	
318	305	324	344	330	303	
314	321	302	346	326	311	
343	338	325	324	347	308	
330	318	338	332	344	326	
362	372	376	379	391	384	
382	352	364	379	365	355	
379	372	368	376	370	356	
384	356	391	393	367	352	
393	388	361	373	364	376	
382	350	365	396	390	399	
377	350	395	374	383	352	
360	396	369	394	364	381	
361	354	352	396	353	364	
354	351	368	367	399	352	
365	364	371	353	366	379	
392	398	370	369	355	396	
365	353	372	376	351	360	
362	369	370	352	350	357	
382	385	390	399	350	378	
392	371	379	378	374	359	
370	398	367	369	377	359	
395	376	375	399	368	385	
386	353	382	368	366	392	
366	359	371	392	378	393	
376	368	398	389	361	399	
392	388	379	352	356	372	
377	352	390	376	351	368	
375	361	360	397	359	394	
352	373	351	395	357	382	
380	381	383	355	361	354	
370	388	386	392	399	395	
371	365	384	395	364	366	
375	371	376	358	379	399	
366	367	375	376	399	368	
381	397	376	393	378	366	
379	369	357	388	356	389	
370	350	376	387	354	390	
361	379	350	353	363	375	
359	369	399	366	389	377	
364	385	372	378	371	392	
359	376	391	371	353	378	
380	379	395	367	376	388	
365	379	364	392	372	361	
382	381	395	375	377	359	
386	378	381	365	356	363	
386	397	359	378	372	364	
389	377	368	384	386	399	
360	363	372	353	377	358	
392	399	394	380	351	354	
377	392	376	355	362	395	
358	390	387	357	373	391	
387	397	365	394	380	370	
368	373	384	396	391	350	
353	379	397	395	399	384	
408	441	414	403	423	404	
409	440	417	420	406	425	
442	439	409	414	447	435	
419	426	417	404	433	435	
432	425	420	422	416	439	
415	403	426	425	412	448	
409	410	431	404	414	440	
437	440	445	416	449	404	
423	422	417	403	431	432	
415	432	434	443	424	448	
412	411	421	443	449	407	
417	446	412	426	436	420	
421	402	415	414	444	408	
420	439	444	416	415	411	
429	440	422	404	438	425	
444	433	437	439	434	445	
401	411	409	415	414	446	
423	439	420	403	442	406	
405	445	443	411	432	415	
407	427	429	424	443	414	
426	434	447	440	417	403	
446	424	437	409	419	444	
405	442	426	425	404	418	
430	438	428	431	408	440	
428	400	447	420	433	419	
424	432	439	409	418	428	
434	404	422	425	420	429	
425	404	413	405	422	410	
401	446	434	415	443	414	
443	430	413	428	405	429	
415	411	445	440	447	416	
408	420	401	407	436	403	
400	406	423	448	401	410	
417	410	438	448	411	427	
402	405	437	425	426	414	
400	436	426	442	421	424	
418	427	409	416	445	425	
417	401	403	449	444	418	
422	444	445	409	417	407	
422	430	444	416	402	423	
440	433	405	447	449	439	
424	441	439	423	444	401	
407	405	446	418	401	409	
440	425	418	421	400	413	
420	400	423	431	441	404	
436	447	411	423	415	404	
434	424	436	431	435	443	
425	449	409	413	405	435	
408	402	448	438	449	439	
422	432	431	412	434	420	
496	494	481	490	469	478	
478	487	467	480	489	493	
493	461	463	485	468	499	
499	476	479	462	461	495	
481	455	467	487	472	450	
454	489	482	457	472	474	
451	497	471	491	498	496	
473	470	481	456	480	476	
490	485	481	452	454	483	
464	487	484	468	496	485	
498	491	453	467	476	451	
490	461	489	486	460	495	
456	457	492	476	467	496	
477	476	484	478	457	451	
459	465	472	456	481	452	
499	489	464	482	466	471	
489	494	461	490	479	460	
495	493	481	494	487	453	
465	463	475	474	490	468	
466	474	451	480	477	464	
482	470	494	473	488	483	
461	451	485	469	456	498	
491	482	485	467	464	469	
475	467	468	483	487	462	
485	467	471	454	484	493	
463	496	484	478	466	497	
498	487	475	473	460	476	
471	476	465	473	468	466	
472	453	483	498	473	454	
458	473	469	465	459	483	
483	477	487	468	484	456	
486	475	490	457	488	480	
466	454	485	490	486	468	
480	451	462	483	459	471	
489	483	488	469	493	476	
476	492	457	468	455	467	
481	496	486	494	473	452	
496	485	464	480	491	451	
473	462	474	454	461	464	
492	460	451	465	494	457	
475	480	470	497	487	494	
475	485	465	453	469	459	
497	460	452	491	483	473	
462	450	496	483	497	495	
491	482	460	463	479	473	
461	463	499	465	480	457	
455	474	496	459	469	478	
493	466	486	482	481	469	
493	454	464	482	491	498	
451	492	493	454	453	495	
39	27	44	10	35	23	9	
14	3	41	38	34	28	6	
38	3	49	42	1	18	36	
23	37	39	48	13	11	21	
48	17	2	16	21	44	13	
29	46	22	8	39	30	15	
48	25	45	44	34	19	1	
43	38	29	49	39	8	47	
21	22	24	0	45	35	40	
0	49	25	45	8	38	13	
22	34	13	45	39	29	8	
20	21	32	27	25	42	17	
45	11	28	37	48	9	8	
24	36	25	5	9	2	30	
30	48	18	47	19	31	8	
3	22	26	18	2	34	38	
22	9	46	45	8	21	15	
5	14	46	31	2	29	48	
13	32	6	16	8	37	18	
30	11	0	20	2	22	8	
45	25	18	1	28	16	49	
48	32	18	5	26	17	15	
19	29	34	36	26	3	30	
25	32	2	6	20	16	3	
47	26	4	22	48	13	41	
15	40	37	5	14	16	30	
16	8	20	13	18	9	24	
27	4	26	34	17	31	28	
9	5	31	0	14	25	12	
46	26	10	20	8	15	23	
7	2	45	18	37	41	3	
49	41	12	25	4	19	47	
45	5	22	48	20	42	27	
46	19	13	31	30	24	12	
19	30	31	27	49	14	18	
46	5	3	23	21	24	4	
24	22	19	40	29	8	46	
36	6	46	33	5	0	3	
42	9	10	24	7	43	14	
37	9	30	40	5	4	44	
39	24	20	32	8	14	6	
6	12	45	44	16	33	22	
25	33	38	43	3	40	30	
48	5	42	39	4	33	34	
23	9	27	2	6	21	22	
27	2	49	34	45	37	28	
16	45	15	39	41	7	14	
45	37	34	15	48	7	28	
45	35	20	18	14	2	17	
5	1	43	15	8	31	23	
71	97	64	94	96	75	90	
96	70	93	97	52	73	58	
74	97	95	57	88	51	66	
58	88	79	98	65	53	64	
86	51	89	87	99	92	56	
92	75	56	93	99	51	54	
72	53	51	94	73	50	63	
72	70	52	57	93	83	71	
59	81	83	97	56	70	92	
93	98	59	61	97	71	74	
66	62	99	95	75	97	59	
83	53	73	98	93	59	82	
72	54	58	83	53	55	74	
98	96	88	92	85	74	64	
76	75	86	96	68	52	67	
56	75	83	78	80	81	95	
55	69	50	97	88	58	90	
69	73	58	67	74	68	90	
65	59	99	51	68	55	64	
53	77	58	75	74	76	73	
60	91	82	76	90	96	70	
51	87	90	61	75	72	68	
86	71	51	55	57	52	74	
71	79	92	90	91	99	54	
68	71	85	91	51	58	65	
82	74	55	72	59	73	91	
67	88	63	50	64	65	76	
66	64	94	56	77	89	58	
94	96	59	61	93	67	85	
95	80	65	55	99	64	59	
75	97	58	81	79	94	93	
83	98	71	61	82	78	90	
87	77	65	58	68	55	94	
67	80	97	51	95	50	83	
83	95	89	55	51	53	81	
86	64	72	77	93	65	57	
56	66	88	93	92	90	54	
90	50	98	58	76	87	55	
96	83	91	53	65	59	86	
51	74	66	88	53	50	72	
87	83	70	57	67	97	56	
88	51	58	65	76	96	55	
91	74	85	54	62	61	67	
79	59	94	99	64	89	80	
93	55	61	71	83	96	98	
91	89	97	70	79	86	82	
84	66	90	62	63	96	52	
82	60	98	95	88	51	70	
84	87	90	66	67	51	88	
59	75	57	60	98	64	55	
142	127	101	133	146	138	136	
113	111	139	117	126	119	125	
148	105	126	112	123	136	132	
131	135	113	147	140	137	117	
108	135	144	138	117	111	128	
101	141	123	146	107	139	108	
145	143	105	133	134	139	136	
122	143	107	120	103	140	111	
126	101	128	120	144	135	132	
106	136	126	115	143	123	132	
122	114	130	135	139	103	124	
124	108	132	119	127	130	147	
140	103	115	149	138	131	110	
128	110	147	115	102	136	141	
119	129	102	148	134	106	142	
102	146	134	131	110	147	141	
107	121	131	127	120	139	140	
100	113	106	135	117	132	149	
124	123	101	138	103	100	106	
137	141	149	108	113	101	133	
141	111	125	110	145	130	143	
110	145	136	101	117	127	116	
120	137	131	106	110	146	139	
102	134	101	145	142	107	124	
142	114	124	123	116	108	140	
146	121	148	124	111	120	133	
106	135	118	113	146	128	120	
116	117	120	136	130	141	122	
123	130	107	140	138	111	105	
119	122	103	112	146	147	135	
124	137	122	110	143	142	115	
127	110	148	125	123	128	130	
105	149	132	102	125	139	126	
131	115	100	138	133	128	103	
142	112	119	137	134	121	116	
123	128	104	141	142	112	110	
137	136	115	145	125	141	119	
143	133	124	137	125	129	110	
120	112	118	149	113	105	128	
102	143	122	101	117	133	128	
113	148	147	124	146	122	116	
124	143	120	137	130	139	144	
110	148	111	114	118	125	132	
118	111	131	140	149	106	127	
125	143	138	123	121	106	101	
111	130	149	112	137	102	118	
148	144	105	117	112	146	134	
143	123	105	102	134	101	119	
100	130	111	146	149	101	121	
126	107	129	109	122	127	106	
190	198	188	153	177	167	179	
159	199	179	156	174	151	157	
155	164	173	168	182	191	198	
191	156	172	160	157	169	161	
175	153	160	164	184	193	190	
194	189	198	182	196	192	162	
169	163	180	166	150	157	199	
168	160	196	171	182	195	169	
197	165	164	185	169	176	151	
167	154	173	185	190	194	156	
193	151	196	167	154	157	166	
153	196	168	150	172	170	190	
171	167	155	158	150	191	161	
153	177	176	172	159	181	192	
188	172	157	170	173	190	177	
175	199	193	162	191	156	154	
177	186	195	158	193	185	176	
196	155	168	193	172	194	163	
190	197	176	168	153	188	170	
151	175	196	163	167	157	194	
151	163	171	193	183	159	166	
159	155	173	161	167	152	181	
156	193	180	157	168	171	191	
199	152	157	172	167	192	171	
185	176	154	186	166	167	190	
181	158	179	186	155	191	198	
159	198	162	178	173	165	182	
159	158	183	174	170	161	150	
181	185	171	178	160	155	196	
180	189	157	166	160	188	155	
157	179	154	186	156	174	175	
169	192	175	167	195	157	189	
195	167	192	163	154	155	183	
150	178	156	197	177	169	196	
164	160	174	153	193	172	187	
192	167	187	174	188	161	176	
166	181	153	160	191	198	179	
194	196	156	154	159	171	153	
162	191	164	182	159	165	181	
191	170	166	183	182	177	190	
187	192	178	152	157	171	177	
186	193	153	192	155	156	174	
175	177	168	153	157	150	192	
176	173	182	177	184	193	164	
158	192	162	186	179	183	163	
167	154	168	159	183	196	185	
150	152	174	177	195	189	168	
169	191	150	157	189	167	184	
160	192	198	169	184	158	156	
152	150	169	167	159	183	166	
239	234	202	245	227	204	206	
227	206	223	210	241	203	221	
209	228	233	245	223	231	237	
211	246	248	228	203	209	245	
215	246	216	241	221	233	230	
222	202	214	237	218	220	221	
226	219	239	232	237	245	213	
227	238	214	244	218	202	233	
233	227	239	228	238	210	209	
200	232	243	233	226	244	218	
218	236	201	214	238	248	246	
220	204	201	242	211	246	248	
203	239	237	215	247	233	213	
231	225	216	207	217	243	234	
225	247	206	243	221	242	211	
204	232	249	207	243	236	225	
241	215	234	242	211	225	229	
235	228	231	208	215	212	201	
221	243	204	208	238	202	228	
225	228	248	224	211	234	214	
245	226	209	217	229	211	235	
248	237	230	243	211	218	231	
228	205	226	208	237	221	236	
234	200	236	226	240	244	225	
212	231	234	242	203	236	200	
221	212	214	217	225	216	205	
247	228	214	219	246	242	205	
204	245	235	228	231	218	202	
215	202	238	245	200	216	224	
216	244	239	222	200	227	208	
205	222	249	239	248	228	203	
206	243	240	207	223	236	213	
230	221	247	227	223	213	242	
213	215	234	228	245	221	207	
223	241	235	203	207	229	205	
221	245	206	211	237	239	213	
221	220	228	210	211	249	234	
243	246	205	206	208	242	216	
248	242	204	249	223	225	219	
233	245	207	226	234	211	202	
237	219	203	204	233	235	201	
226	203	238	234	206	247	217	
243	207	218	215	203	231	209	
218	215	229	234	240	245	200	
245	240	228	219	225	207	246	
231	212	234	247	241	232	245	
230	223	220	245	244	238	202	
213	216	221	201	211	243	245	
245	231	234	207	248	211	219	
209	238	247	229	246	213	208	
291	290	286	285	255	293	283	
257	259	270	264	297	291	253	
258	259	257	253	256	298	262	
256	270	299	290	276	292	272	
272	282	285	266	264	279	267	
259	257	256	294	270	292	263	
285	261	258	262	296	251	273	
297	295	256	275	284	255	267	
262	276	299	269	287	298	268	
283	293	291	281	255	285	252	
261	276	263	271	293	292	272	
266	263	258	257	262	259	269	
261	293	292	259	267	260	272	
258	279	284	281	265	291	299	
262	271	298	252	250	291	264	
288	294	285	287	286	283	299	
284	280	282	298	291	285	289	
284	285	296	294	253	275	266	
267	291	276	253	286	264	266	
289	276	283	264	281	261	297	
253	280	288	269	272	295	258	
286	280	297	272	266	254	279	
281	296	286	287	265	270	252	
262	270	269	289	268	297	273	
290	283	282	256	253	298	266	
270	251	253	254	298	277	271	
256	253	271	292	273	250	287	
278	260	291	250	258	259	263	
284	271	298	270	265	253	295	
286	259	253	296	278	295	282	
277	272	288	266	261	279	259	
299	254	293	259	258	269	289	
255	280	286	292	276	254	253	
258	262	275	296	292	284	282	
289	262	270	266	279	274	287	
283	256	286	284	282	290	292	
284	253	262	260	274	269	282	
290	299	283	278	257	256	250	
251	261	262	287	267	288	275	
294	292	298	276	254	268	272	
265	268	287	284	255	286	279	
257	278	276	297	282	296	294	
262	265	274	255	250	279	294	
288	299	261	262	268	285	296	
271	270	279	263	265	277	264	
287	292	298	283	268	280	269	
273	287	270	257	250	279	256	
293	257	282	261	280	274	291	
297	278	263	267	259	284	253	
258	293	272	294	255	278	279	
335	329	336	308	332	324	346	
305	327	318	336	326	302	306	
304	306	345	332	313	349	342	
305	344	325	322	343	349	334	
347	317	331	315	336	319	314	
302	323	311	310	300	331	333	
336	327	328	322	316	310	311	
314	330	305	336	304	313	316	
321	310	338	308	322	344	345	
321	304	315	312	318	346	313	
337	301	309	341	347	324	321	
310	320	349	319	312	344	311	
322	304	348	329	324	321	333	
321	307	323	316	315	305	340	
316	309	322	329	304	348	313	
320	312	321	322	343	313	331	
300	342	343	346	301	319	345	
338	329	301	345	336	342	341	
307	343	338	323	339	318	301	
330	327	305	349	340	308	300	
341	323	317	343	344	335	348	
304	326	325	349	322	335	310	
305	312	331	321	344	304	315	
315	301	318	319	331	309	316	
317	340	345	346	328	313	310	
329	341	318	334	304	335	314	
344	349	307	327	321	336	332	
311	309	317	312	325	308	347	
317	329	306	305	327	342	316	
311	318	345	314	349	341	335	
320	300	345	311	341	333	306	
329	348	346	316	344	332	323	
327	336	328	317	346	311	304	
308	310	332	341	300	343	335	
320	322	316	319	347	308	321	
343	325	345	323	314	344	319	
349	318	339	313	317	327	348	
313	304	340	320	318	343	303	
338	347	349	333	316	331	327	
349	321	342	333	334	322	343	
310	323	327	325	307	340	319	
329	335	308	340	326	325	307	
338	321	306	346	304	312	336	
303	335	311	331	330	307	333	
322	311	321	347	333	304	309	
339	345	300	329	331	342	303	
334	336	333	307	309	341	312	
344	300	314	329	309	317	303	
303	328	305	329	314	322	336	
305	323	325	332	300	338	326	
354	381	398	390	368	366	355	
386	375	354	361	397	393	365	
391	383	386	359	399	361	373	
365	395	370	380	397	367	366	
380	356	354	379	358	363	384	
385	367	365	384	372	366	387	
392	351	359	358	356	385	354	
377	376	353	364	367	390	374	
385	361	373	362	360	351	376	
352	359	381	385	396	388	397	
375	373	397	393	396	369	371	
377	383	367	385	379	391	399	
352	380	392	350	359	393	384	
362	374	377	394	367	399	372	
397	379	352	368	366	375	362	
392	394	387	380	399	361	390	
390	376	378	368	388	392	357	
399	373	379	372	365	389	359	
377	398	381	360	390	393	354	
363	358	367	389	354	362	392	
392	370	372	369	394	391	380	
368	376	387	377	350	386	392	
355	385	358	352	390	395	369	
391	380	358	370	397	371	367	
383	397	370	393	376	351	396	
374	378	383	396	368	356	387	
388	363	356	371	362	378	395	
359	370	398	390	365	356	372	
386	351	355	379	392	366	382	
396	381	385	382	371	387	384	
381	378	399	386	360	383	373	
395	382	376	353	392	371	352	
379	351	370	369	352	397	377	
358	396	363	362	390	379	380	
372	388	369	351	364	352	396	
370	389	387	350	388	382	369	
382	369	380	378	395	384	392	
395	382	388	393	356	355	377	
379	356	358	354	397	353	368	
360	354	367	358	359	376	370	
387	377	391	376	350	364	390	
391	363	385	351	394	360	355	
354	380	376	360	396	382	359	
386	383	391	395	356	350	351	
382	396	393	350	368	381	375	
356	366	351	396	355	352	361	
370	362	369	367	380	384	353	
397	357	384	398	396	353	359	
361	399	374	351	364	360	352	
377	375	372	350	389	367	382	
439	413	418	447	438	405	421	
402	439	417	432	410	428	445	
421	403	414	447	444	405	411	
444	412	442	425	434	440	443	
426	420	445	402	414	438	448	
401	414	438	409	420	418	403	
445	430	441	448	411	416	412	
447	434	435	417	425	448	410	
427	410	422	444	435	401	404	
418	445	446	442	434	447	427	
418	429	430	425	410	404	408	
401	405	410	422	406	417	439	
436	430	425	426	428	407	404	
430	419	434	412	432	436	428	
423	403	400	449	434	411	419	
430	447	449	433	404	443	437	
444	435	445	418	439	403	406	
402	414	406	434	428	419	423	
416	447	444	402	413	438	424	
410	414	418	429	409	440	447	
406	437	409	415	418	426	405	
430	432	417	409	406	426	438	
404	401	415	413	434	400	444	
418	447	421	400	416	412	449	
407	436	412	415	418	423	420	
401	404	436	435	414	426	427	
424	407	427	428	433	440	439	
426	416	413	445	414	437	408	
419	411	446	418	421	409	449	
420	441	411	414	437	402	424	
441	414	445	448	447	402	405	
408	448	439	444	414	410	415	
400	430	406	416	420	428	413	
434	422	420	416	412	411	421	
423	443	448	426	418	420	432	
427	433	414	422	435	420	424	
430	449	414	417	410	432	442	
400	425	407	426	432	430	441	
441	418	431	417	436	420	414	
439	442	423	418	400	434	408	
421	428	439	448	400	427	402	
408	447	428	440	424	432	436	
426	446	413	431	442	435	414	
443	434	437	442	446	444	414	
418	429	435	422	436	400	406	
403	400	438	425	445	444	429	
429	449	404	405	448	421	444	
428	446	424	431	442	418	447	
430	425	420	411	400	429	439	
408	404	436	410	414	406	449	
483	460	467	457	499	470	466	
450	469	483	494	480	462	485	
461	472	468	490	484	467	496	
467	495	488	470	497	469	456	
481	496	476	498	487	488	471	
490	467	475	497	468	496	461	
454	498	482	466	484	489	487	
474	488	499	460	468	486	472	
459	499	461	477	457	488	472	
461	476	455	482	488	480	474	
457	491	481	471	466	487	492	
465	453	483	473	482	469	466	
470	464	481	480	494	482	491	
472	495	481	468	484	458	467	
455	475	474	458	491	479	468	
468	476	490	461	480	450	492	
483	472	497	460	485	482	487	
478	492	452	479	465	495	487	
458	464	459	457	462	465	489	
499	483	480	472	459	462	481	
461	482	497	456	479	494	467	
487	469	457	474	496	458	460	
493	459	465	452	468	453	484	
495	485	464	489	481	455	458	
488	458	465	459	467	481	494	
461	481	489	469	495	464	497	
475	476	466	481	456	465	498	
468	482	463	487	454	453	478	
495	478	481	498	455	452	480	
483	458	497	496	495	457	482	
456	458	483	482	479	476	463	
486	455	480	468	450	461	457	
488	494	483	484	499	455	452	
455	458	456	479	490	482	497	
496	452	453	488	480	468	454	
453	486	468	497	466	450	481	
457	489	452	469	458	478	471	
474	463	454	473	468	498	460	
498	491	465	487	452	490	482	
450	452	474	497	459	460	469	
461	488	493	490	476	487	450	
458	483	476	452	450	470	466	
488	462	481	451	483	460	485	
488	454	485	469	481	460	478	
497	474	455	477	472	465	480	
464	480	478	454	452	499	466	
486	465	484	475	451	477	463	
454	479	489	485	486	450	465	
481	487	458	474	465	451	488	
497	481	450	465	491	464	469	
3	43	22	30	42	18	32	1	
11	34	0	1	29	22	26	9	
47	15	19	40	29	45	32	44	
6	21	3	33	39	41	47	4	
23	16	2	38	29	34	28	24	
32	49	14	48	24	2	44	34	
43	14	6	16	10	46	47	21	
16	25	12	27	22	1	38	43	
9	15	35	36	31	32	26	48	
13	17	32	45	16	20	22	4	
39	29	25	23	38	42	22	3	
42	21	17	40	39	20	11	38	
29	37	41	20	42	39	24	19	
0	20	46	13	10	41	35	25	
35	42	20	39	33	31	27	1	
14	16	35	46	11	37	20	27	
35	6	16	34	5	10	20	24	
38	17	36	43	31	2	48	46	
28	13	36	45	40	4	10	37	
42	9	33	16	8	49	13	34	
27	12	38	13	44	49	2	37	
17	32	48	5	20	2	16	38	
0	47	9	33	34	7	11	30	
8	35	2	14	5	32	6	1	
2	24	25	34	26	8	46	31	
42	19	31	27	23	35	46	29	
39	3	7	35	36	17	41	34	
43	33	5	22	9	13	19	21	
47	11	18	21	36	17	1	39	
36	14	13	42	7	1	49	15	
41	43	28	31	45	47	5	39	
31	16	30	20	38	35	19	34	
18	17	49	12	20	29	3	42	
2	29	3	16	49	13	30	47	
5	31	12	3	25	38	36	46	
26	21	29	45	40	7	38	1	
25	29	26	11	24	49	46	45	
3	38	40	6	48	36	17	13	
18	28	29	36	12	22	43	33	
29	24	5	45	40	31	14	23	
42	33	3	10	34	38	30	20	
26	14	43	49	45	6	1	30	
38	40	48	12	2	33	30	11	
48	39	44	45	47	13	3	17	
1	23	48	46	3	33	27	32	
7	35	18	20	33	22	27	5	
25	37	11	36	13	8	22	47	
40	49	11	24	48	22	27	30	
2	16	41	13	42	24	25	15	
35	11	38	15	24	43	28	5	
99	85	95	65	58	74	81	59	
90	95	50	78	93	66	91	79	
69	53	60	70	85	89	84	91	
62	77	73	80	98	84	94	57	
54	74	57	63	75	93	73	89	
99	76	85	60	74	92	62	66	
50	54	66	61	57	63	59	68	
95	87	77	82	53	81	79	94	
94	78	95	50	90	61	75	81	
67	53	77	51	89	70	91	98	
54	84	51	83	89	52	63	88	
69	56	51	96	70	65	71	98	
66	97	50	78	99	81	64	60	
82	85	73	68	97	60	86	59	
53	65	75	59	68	74	73	66	
73	52	83	72	76	82	62	64	
57	58	81	89	95	65	92	96	
54	69	87	57	58	96	80	61	
52	62	76	66	71	68	50	78	
54	99	50	84	65	63	83	67	
50	78	87	81	74	82	55	64	
77	96	57	74	65	52	59	69	
67	72	88	76	60	55	68	70	
50	81	78	53	56	75	94	73	
66	94	58	54	61	57	86	87	
75	92	60	53	91	56	51	54	
75	60	72	65	74	99	92	77	
84	68	99	85	93	97	64	77	
84	94	64	69	54	67	72	92	
82	60	81	66	67	69	71	51	
87	69	92	58	53	90	66	96	
73	52	74	70	86	53	92	97	
98	64	69	68	55	99	72	60	
91	82	86	65	53	55	70	75	
72	57	77	61	91	70	93	59	
67	64	84	71	95	92	51	50	
56	65	55	84	98	68	89	95	
72	91	62	66	65	54	94	67	
58	73	87	57	91	80	83	50	
56	86	54	83	72	59	80	74	
63	93	70	61	79	67	65	56	
87	68	82	85	52	50	98	60	
87	60	57	80	68	86	93	77	
84	81	94	66	75	68	73	85	
58	85	78	88	57	59	55	86	
73	87	53	91	98	84	97	66	
57	90	66	88	52	77	72	54	
68	73	82	60	90	70	59	50	
95	90	94	82	85	72	98	53	
79	59	85	52	81	58	61	75	
106	130	100	124	148	117	125	139	
121	104	111	125	118	147	113	126	
128	109	115	140	126	137	124	101	
121	114	106	132	115	142	146	126	
118	115	125	132	146	103	100	108	
105	118	131	125	140	121	137	108	
136	121	110	138	147	144	135	108	
129	133	118	149	140	102	126	130	
108	134	120	133	112	144	114	139	
129	140	149	136	104	119	108	138	
149	117	145	148	120	121	113	106	
125	138	124	139	117	123	133	140	
116	127	131	128	140	111	148	113	
127	147	148	143	114	113	112	140	
139	132	133	124	141	105	135	140	
110	149	112	129	136	100	106	117	
138	142	123	143	134	101	144	125	
100	102	144	149	133	116	135	118	
109	149	143	133	120	105	101	113	
144	140	103	117	111	121	106	109	
149	106	134	126	116	119	139	117	
123	128	145	112	108	149	136	126	
125	137	102	111	138	149	115	114	
141	147	146	139	112	111	144	101	
109	143	148	145	112	142	124	118	
147	138	106	134	115	143	121	101	
115	119	143	148	101	139	111	127	
143	118	106	125	102	121	148	103	
124	103	112	122	137	114	129	135	
113	127	120	114	137	148	107	106	
137	100	148	130	105	101	138	122	
111	105	113	117	140	137	148	130	
114	142	128	125	119	116	106	133	
135	124	136	125	143	127	144	105	
107	129	113	120	112	143	115	101	
109	130	102	103	132	131	147	120	
113	106	127	144	147	112	108	115	
129	117	100	133	116	125	120	118	
120	123	118	125	100	106	102	119	
134	141	146	130	138	135	142	126	
118	107	135	134	100	149	148	103	
114	124	125	146	103	138	131	110	
102	130	132	128	101	115	114	123	
104	119	140	128	135	125	129	137	
101	140	107	117	143	100	118	138	
106	124	145	109	146	139	137	114	
148	118	113	110	143	100	141	112	
137	103	127	136	146	144	124	111	
104	135	137	122	138	145	102	143	
127	119	114	107	132	134	124	108	
189	194	182	178	161	177	181	151	
160	188	150	185	171	154	181	196	
173	190	174	194	163	165	188	179	
152	184	164	172	186	190	155	169	
191	186	182	155	153	177	150	166	
196	150	177	161	152	179	164	194	
152	180	160	165	157	166	194	192	
196	168	184	197	166	150	157	176	
176	189	180	168	185	199	160	186	
171	153	163	182	174	154	185	190	
160	181	194	150	163	189	198	169	
170	190	162	159	180	195	154	165	
178	165	153	189	195	190	193	159	
193	151	188	157	156	182	165	198	
183	193	161	158	176	155	178	194	
161	158	154	180	155	162	193	159	
180	164	171	189	191	192	162	193	
186	155	173	151	199	192	190	153	
190	185	166	152	155	170	183	188	
166	171	169	159	177	195	168	165	
192	185	186	190	150	155	174	175	
181	187	164	182	150	152	195	171	
184	181	193	163	195	170	174	151	
167	190	189	153	155	164	157	186	
179	160	166	152	195	159	154	198	
152	195	176	160	192	154	150	189	
197	180	153	199	175	181	194	172	
184	176	181	160	198	194	151	175	
197	194	180	189	173	156	160	185	
153	152	192	176	187	182	194	160	
162	187	185	189	151	164	173	174	
199	180	186	181	160	155	197	198	
183	167	190	150	151	169	160	170	
152	164	186	170	190	192	193	177	
167	162	192	165	188	169	168	185	
165	156	153	170	195	166	160	197	
164	171	199	196	187	175	153	194	
163	198	165	164	185	160	150	169	
170	151	181	153	168	197	194	177	
162	185	172	166	165	164	188	192	
197	196	198	169	199	150	185	162	
156	180	194	182	188	192	186	197	
183	189	188	156	173	172	170	169	
174	167	151	157	152	163	193	158	
194	178	156	191	165	174	157	195	
197	158	163	160	192	177	167	151	
158	175	150	154	193	188	166	156	
153	180	188	178	187	155	196	177	
160	171	185	199	188	165	196	156	
154	188	176	167	197	177	155	165	
247	243	202	221	230	220	208	239	
204	216	231	219	212	237	241	243	
221	205	231	228	233	203	201	241	
226	204	248	230	228	221	247	243	
236	245	200	216	224	234	215	208	
247	249	200	241	205	243	233	219	
207	213	229	211	212	234	216	249	
215	231	206	203	241	205	229	204	
233	205	200	206	230	215	202	203	
249	221	228	227	234	236	211	201	
212	211	225	240	233	218	220	232	
201	234	218	244	236	235	240	245	
231	243	236	235	237	238	247	210	
227	230	214	207	242	248	218	206	
223	213	232	214	202	227	209	229	
241	245	214	239	244	246	204	223	
214	241	217	218	245	216	248	221	
212	229	243	213	204	233	202	244	
221	227	249	239	236	216	244	234	
247	224	223	239	249	243	204	203	
219	248	230	217	225	210	246	205	
239	216	230	227	217	243	249	225	
214	206	226	244	242	204	215	216	
243	213	239	201	236	204	237	240	
213	223	235	204	225	219	211	210	
207	242	217	206	233	223	222	230	
247	245	249	216	208	244	236	222	
218	247	232	229	222	245	235	219	
217	230	239	245	235	209	243	207	
243	227	241	249	206	244	207	230	
205	210	226	245	239	247	214	228	
245	237	203	214	217	232	242	227	
214	200	228	218	229	239	243	220	
217	230	216	232	243	203	215	242	
242	238	226	235	219	245	231	200	
201	244	206	202	248	221	242	237	
245	211	212	247	206	246	237	244	
212	238	210	227	202	246	214	216	
239	215	243	205	230	204	235	249	
244	207	239	221	247	232	246	231	
230	239	215	233	206	248	202	220	
216	200	221	219	205	224	237	210	
224	223	218	238	248	222	215	246	
223	243	212	210	213	216	204	205	
209	249	203	247	231	214	226	236	
233	202	203	209	227	244	234	232	
215	209	212	237	249	243	232	225	
200	218	214	212	247	221	235	234	
244	248	241	226	227	207	212	249	
206	237	212	224	243	210	233	234	
250	294	252	271	283	291	285	292	
253	273	275	280	259	262	298	297	
256	276	278	286	291	269	277	266	
282	276	274	275	293	270	295	287	
256	287	269	263	270	289	284	293	
262	259	265	263	261	279	276	267	
263	270	298	284	295	265	278	290	
259	256	262	272	277	291	280	288	
276	294	284	299	270	285	298	263	
291	252	280	281	254	286	282	290	
259	271	279	256	272	278	299	270	
284	290	268	260	257	298	259	283	
266	282	286	264	284	272	295	294	
289	251	288	256	267	277	257	290	
262	261	299	298	280	268	254	288	
265	268	251	270	258	287	250	298	
271	263	291	278	285	259	267	274	
269	250	270	259	274	268	271	285	
291	258	293	253	279	252	260	277	
273	280	258	271	293	252	250	288	
266	295	276	294	292	286	267	288	
280	269	266	283	261	268	289	258	
250	266	289	275	294	285	297	299	
255	293	283	262	281	260	263	299	
257	275	267	264	265	260	293	296	
298	263	286	270	281	284	293	299	
290	267	287	280	265	271	295	282	
257	250	269	292	264	276	286	251	
262	289	267	285	251	261	274	256	
264	285	274	260	293	265	254	262	
269	262	285	279	283	290	282	272	
280	294	258	260	272	291	269	293	
278	261	271	274	250	260	263	276	
261	269	252	275	282	293	271	263	
271	259	262	278	265	268	284	277	
297	277	291	254	267	274	288	270	
267	264	299	272	296	291	275	287	
257	290	296	298	258	299	292	267	
271	286	260	268	257	262	293	284	
267	290	270	285	259	295	283	273	
274	295	290	280	253	275	283	285	
290	277	287	267	262	284	291	258	
281	259	287	286	297	252	272	291	
253	283	258	272	281	259	291	268	
296	280	268	252	251	293	281	260	
266	287	280	285	268	257	278	291	
274	258	259	299	271	261	280	294	
278	280	296	271	259	299	261	256	
275	269	292	259	268	294	262	266	
278	291	277	298	265	282	261	263	
312	347	331	341	314	307	333	340	
302	306	312	328	335	317	329	325	
325	318	343	323	310	329	304	321	
320	301	300	325	338	335	313	327	
323	326	308	340	332	311	313	328	
347	311	336	341	301	300	340	307	
320	315	347	304	337	312	310	322	
321	339	348	336	347	305	324	304	
325	314	342	331	339	305	309	341	
306	320	316	344	304	308	326	317	
314	322	305	327	308	323	342	343	
324	342	314	313	316	300	346	337	
343	348	322	320	337	323	329	346	
325	326	306	343	310	335	337	336	
307	344	348	305	309	324	343	331	
319	334	320	315	338	347	305	304	
342	320	322	314	308	327	335	306	
318	307	328	324	308	343	346	334	
305	339	347	334	321	335	311	338	
321	339	300	325	313	340	345	320	
330	347	324	345	337	340	318	342	
330	340	326	313	348	329	317	302	
337	341	303	321	329	304	316	335	
314	316	307	301	321	313	325	305	
348	306	311	319	315	349	338	302	
344	315	334	313	343	321	346	316	
343	337	323	321	318	309	315	325	
328	324	345	339	323	326	340	332	
336	301	340	332	328	348	330	312	
336	340	308	329	324	343	317	303	
303	310	326	320	308	323	306	337	
304	327	300	320	323	307	326	318	
321	315	332	330	320	341	339	311	
341	308	345	325	316	329	321	347	
340	311	310	346	337	304	308	300	
336	334	345	341	346	320	342	303	
341	311	329	306	314	337	317	310	
333	346	312	344	305	302	303	326	
346	332	305	306	340	349	321	326	
310	307	301	324	342	329	323	304	
333	337	309	338	319	313	303	322	
324	327	345	325	322	344	339	315	
330	315	340	318	316	334	345	322	
302	320	343	333	332	308	314	310	
301	344	300	339	349	306	325	340	
336	305	311	309	306	340	333	302	
319	345	328	302	340	341	343	324	
340	346	315	305	347	333	322	329	
301	337	341	319	339	314	346	307	
328	309	312	330	337	307	327	340	
387	356	377	362	363	352	367	366	
356	388	378	383	397	387	377	372	
381	397	374	361	370	380	352	379	
398	386	390	382	381	369	392	376	
357	392	386	367	355	364	384	356	
358	350	351	357	352	383	374	386	
379	369	382	399	350	370	385	393	
374	371	358	384	370	363	398	373	
391	390	377	389	365	373	362	384	
399	368	385	397	395	352	358	353	
351	360	377	375	391	385	365	394	
392	370	383	373	364	380	398	356	
352	350	356	392	370	386	359	391	
376	355	378	366	375	387	356	380	
381	353	372	393	378	391	360	385	
386	352	360	361	356	369	395	399	
392	398	364	397	366	350	353	396	
383	392	375	368	371	396	366	394	
377	378	359	354	350	397	369	389	
395	396	362	376	374	371	373	391	
392	374	373	369	354	389	360	367	
378	398	369	394	380	395	392	353	
389	365	378	390	376	360	366	370	
391	363	358	397	359	377	353	350	
385	358	373	397	380	372	393	368	
360	398	393	369	381	350	389	385	
387	374	365	388	394	350	360	396	
352	384	350	380	371	366	398	365	
364	389	360	379	358	372	351	380	
399	352	392	368	390	353	373	359	
351	381	368	365	355	396	369	353	
361	398	387	377	357	386	351	362	
361	365	350	391	363	357	359	386	
376	363	398	357	350	370	397	359	
376	361	371	389	377	384	374	360	
365	354	378	398	381	359	384	388	
358	364	350	375	354	365	368	363	
387	392	351	396	383	394	384	360	
380	379	363	367	365	350	361	359	
367	370	383	398	385	357	390	397	
398	376	371	360	388	357	364	373	
388	382	359	363	352	392	389	377	
355	373	358	363	366	383	392	356	
374	363	382	357	384	359	399	362	
379	365	382	384	357	381	372	359	
394	374	372	367	387	385	371	392	
382	395	356	370	359	358	353	381	
374	398	361	396	372	366	352	384	
392	387	352	389	375	386	379	395	
398	361	388	387	386	385	391	377	
439	422	419	407	427	428	416	402	
434	437	435	431	420	417	425	429	
419	421	432	408	422	414	406	410	
416	441	412	410	443	431	449	424	
435	422	410	426	432	408	414	439	
447	426	419	403	413	412	445	417	
444	447	403	420	400	430	441	419	
426	437	444	442	420	413	445	435	
444	406	433	422	409	428	414	425	
448	411	423	406	444	416	429	443	
434	413	426	415	419	425	436	421	
420	436	438	415	418	449	402	405	
406	409	438	437	404	410	448	428	
403	401	446	444	441	432	411	406	
448	430	439	417	440	445	407	405	
434	417	423	433	427	448	409	443	
441	417	416	414	444	406	410	415	
412	406	433	437	446	414	439	426	
448	410	421	403	437	441	406	429	
415	423	436	438	430	421	424	429	
412	410	436	406	411	424	421	445	
415	404	418	444	448	406	409	442	
415	416	405	418	442	422	420	402	
419	428	417	429	426	445	433	407	
446	410	423	430	448	428	419	422	
426	445	434	425	429	428	422	409	
407	418	447	413	437	409	431	420	
437	427	424	442	406	409	445	412	
421	406	445	418	434	424	411	427	
415	433	435	416	428	408	424	432	
426	440	407	403	431	422	418	420	
412	415	405	407	432	443	438	429	
439	422	427	417	437	446	443	421	
438	441	433	404	447	429	436	430	
406	443	400	405	427	431	429	442	
432	404	431	419	403	429	402	446	
406	440	431	417	441	434	405	426	
441	416	443	410	422	429	449	409	
446	415	409	429	434	410	408	442	
424	413	407	409	402	417	435	415	
407	426	427	404	403	440	412	411	
402	430	434	420	439	421	416	411	
414	411	409	438	425	447	413	437	
409	417	423	430	446	414	415	433	
427	438	400	409	408	435	443	426	
406	427	410	418	423	446	448	414	
440	437	426	418	438	424	421	420	
433	421	444	412	418	411	424	448	
440	426	424	448	436	427	405	407	
448	418	436	444	442	403	443	440	
470	477	463	476	459	490	468	457	
464	456	496	470	454	477	455	469	
472	462	457	456	485	483	474	454	
499	467	455	488	492	491	472	485	
484	455	490	473	498	454	475	483	
480	473	463	481	496	466	499	460	
483	484	498	457	450	451	491	467	
460	497	490	479	454	475	487	496	
464	473	475	452	470	469	468	455	
497	477	492	491	482	458	487	460	
498	458	477	485	457	460	453	476	
494	488	475	472	492	478	498	458	
455	487	464	474	480	484	485	451	
455	456	487	488	474	493	489	464	
499	472	456	481	468	466	471	498	
462	497	473	466	480	471	456	454	
462	480	472	457	495	473	490	481	
476	499	461	491	492	451	457	468	
460	469	467	477	452	496	493	463	
487	482	492	462	491	493	498	499	
452	480	471	455	462	459	484	461	
492	489	469	499	472	471	453	493	
480	467	484	497	474	462	472	479	
488	489	496	461	497	466	452	475	
467	488	454	453	450	473	477	466	
497	458	473	459	479	494	487	485	
483	465	454	460	484	478	479	469	
475	455	456	460	478	489	466	477	
463	456	450	461	478	487	465	498	
476	491	475	497	470	452	478	499	
473	478	456	471	459	472	488	492	
453	498	468	458	460	475	450	473	
488	499	466	492	496	479	490	484	
489	495	473	459	462	471	472	475	
469	499	494	470	478	473	464	483	
451	471	491	454	455	461	470	452	
498	496	481	468	457	455	474	489	
456	457	493	450	477	455	484	494	
495	464	458	499	487	472	475	478	
463	485	495	450	496	470	478	497	
472	468	481	499	497	456	491	482	
472	489	492	491	488	453	474	473	
465	488	485	482	459	498	477	475	
473	457	497	484	459	488	477	471	
471	477	493	478	497	483	453	463	
484	491	495	487	461	463	488	481	
465	462	451	486	490	463	459	494	
487	464	489	490	452	473	493	453	
486	459	499	498	453	465	468	457	
460	461	484	499	479	451	489	481	
310	324	142	
275	50	157	
115	247	220	
399	143	51	
160	283	459	
291	37	330	
153	343	242	
44	165	77	
206	127	71	
141	88	367	
385	115	451	
471	121	452	
69	288	253	
77	237	232	
259	221	71	
378	430	415	
309	482	469	
479	233	164	
498	195	49	
258	298	61	
396	369	243	
28	222	249	
29	268	152	
55	202	363	
228	411	284	
446	127	344	
265	477	200	
176	249	466	
436	495	405	
399	86	98	
115	263	80	
375	13	341	
154	57	244	
99	213	197	
362	275	48	
314	348	128	
139	397	196	
305	238	113	
44	422	103	
327	47	410	
385	465	315	
435	260	482	
344	413	420	
374	13	212	
327	454	108	
223	2	398	
183	256	246	
347	320	6	
439	457	481	
217	298	134	
136	82	371	
159	220	38	
327	22	145	
340	373	70	
117	460	383	
465	19	8	
145	413	213	
123	211	109	
92	413	93	
486	228	274	
183	127	495	
320	352	356	
483	360	141	
458	462	5	
62	298	87	
134	355	422	
116	218	68	
323	279	163	
7	194	402	
377	24	46	
228	468	294	
162	303	319	
51	138	456	
492	77	217	
38	357	146	
424	155	412	
264	476	205	
352	321	6	
325	239	201	
353	137	217	
240	88	207	
301	471	176	
381	403	31	
369	249	377	
493	455	448	
21	323	280	
419	497	351	
104	198	402	
402	498	365	
388	490	337	
154	275	231	
147	294	355	
37	434	128	
398	168	341	
358	184	105	
64	397	26	
485	83	402	
185	125	392	
448	81	318	
46	459	193	
261	395	220	92	
312	447	295	192	
319	358	337	328	
107	352	437	449	
460	435	138	375	
228	331	13	344	
160	256	210	424	
124	272	168	258	
406	365	259	211	
378	307	132	205	
324	177	127	450	
40	98	440	468	
56	112	319	488	
198	306	448	138	
315	404	356	9	
397	354	392	415	
373	355	315	135	
256	175	458	55	
11	85	55	383	
349	302	140	118	
461	235	39	265	
325	127	58	145	
462	123	179	311	
177	359	27	64	
344	242	308	61	
123	407	191	470	
455	374	159	88	
463	351	283	44	
11	66	20	41	
325	31	120	309	
381	187	217	476	
196	286	195	218	
416	106	282	460	
245	434	234	226	
437	175	238	430	
162	58	76	17	
53	220	356	428	
418	193	233	268	
262	252	170	486	
348	138	99	211	
330	30	246	495	
499	453	411	280	
140	160	320	397	
375	206	362	416	
0	489	427	55	
467	397	317	268	
102	173	380	105	
76	242	9	225	
204	439	280	325	
48	242	3	246	
101	376	6	113	
368	452	485	36	
348	239	120	327	
465	389	258	256	
296	372	18	145	
344	84	72	497	
284	152	368	207	
45	286	17	470	
414	113	456	8	
218	396	296	457	
82	119	343	401	
96	3	415	0	
233	118	273	99	
420	330	348	196	
204	368	47	435	
28	250	463	441	
216	177	426	73	
92	42	38	405	
184	339	335	150	
281	215	467	328	
36	336	197	149	
262	19	269	73	
88	416	337	483	
29	31	250	493	
354	107	425	310	
28	183	149	257	
134	442	256	74	
330	13	70	322	
6	175	57	181	
186	321	47	123	
59	334	398	487	
45	212	55	42	
462	482	396	153	
460	466	124	295	
328	175	1	290	
155	53	318	37	
124	313	45	72	
337	51	427	287	
241	96	259	426	
345	172	390	409	
371	279	352	274	
102	487	451	42	
484	129	236	231	
381	297	491	202	
134	237	255	351	
236	483	378	60	
299	52	0	15	
172	222	141	371	
189	174	122	96	
229	477	402	5	
321	291	490	96	292	
217	52	418	137	99	
119	19	41	63	230	
190	80	473	53	346	
311	394	97	385	255	
24	360	291	430	180	
169	58	139	344	94	
159	259	216	92	75	
372	428	311	255	143	
376	165	487	262	148	
140	436	58	393	254	
429	214	440	167	245	
242	95	99	483	83	
470	103	204	382	317	
220	136	445	323	300	
159	53	84	262	187	
470	119	363	488	137	
197	6	488	76	398	
429	283	497	34	418	
480	222	116	389	429	
182	405	96	407	272	
366	433	462	266	15	
377	315	310	365	327	
479	472	499	297	237	
60	466	298	88	408	
51	302	133	199	42	
370	46	195	143	383	
127	222	176	118	184	
175	254	488	247	71	
7	18	276	399	48	
176	231	27	388	48	
467	377	486	458	241	
346	9	182	187	230	
99	49	264	260	188	
370	234	162	192	464	
274	211	467	226	313	
269	86	447	67	61	
226	136	486	276	168	
232	306	305	329	27	
362	472	382	306	61	
287	249	484	146	401	
41	37	129	5	109	
311	273	296	154	213	
317	30	301	94	355	
417	398	152	84	214	
340	356	173	209	371	
207	328	121	415	141	
410	7	86	172	281	
456	36	274	247	154	
89	330	9	19	427	
487	361	57	118	76	
136	365	430	498	66	
414	101	397	124	156	
334	157	352	62	89	
130	162	377	338	113	
483	256	458	284	339	
54	355	421	489	377	
384	242	375	51	371	
249	425	98	7	170	
241	151	253	150	132	
288	202	308	68	338	
463	234	342	169	22	
15	33	299	308	200	
264	221	132	57	427	
65	193	390	205	328	
16	170	476	227	153	
430	243	312	377	350	
448	3	342	312	137	
163	65	17	92	57	
406	134	45	0	80	
343	7	245	362	61	
297	57	187	2	145	
267	447	269	90	367	
198	171	290	30	395	
403	70	443	292	228	
35	446	89	345	138	
380	323	94	124	83	
347	383	329	40	109	
22	383	214	346	366	
199	229	101	386	489	
88	423	211	133	72	
159	218	8	90	352	
292	38	416	308	78	
492	311	421	383	242	
53	291	352	227	408	
135	221	258	332	328	
373	333	220	497	320	
145	135	78	288	479	
423	105	316	301	57	
338	267	462	147	375	
123	342	226	294	272	
176	484	340	245	96	
246	167	57	171	145	
490	418	236	293	452	
2	290	376	91	340	
463	26	311	82	188	
174	391	102	422	230	
105	114	71	490	321	
217	314	475	158	499	
187	261	246	209	47	
