19	24	11	21	36	39	
39	33	41	13	45	26	
3	4	12	5	2	32	
2	37	13	25	26	33	
21	48	33	13	22	39	
9	7	12	27	11	29	
44	10	40	23	29	32	
27	32	29	24	46	42	
30	9	24	31	18	46	
16	47	11	13	42	14	
37	12	38	46	2	42	
44	26	20	30	23	33	
10	15	14	38	24	19	
25	11	26	7	29	33	
19	33	24	49	10	36	
30	38	32	25	46	15	
4	31	18	25	14	32	
39	23	44	8	47	31	
19	35	23	48	42	44	
35	40	25	28	41	47	
21	10	41	49	32	12	
44	23	17	43	0	11	
20	27	45	22	41	7	
23	37	26	38	18	46	
37	0	16	4	26	11	
46	6	23	13	49	25	
13	48	20	32	7	43	
33	38	26	49	8	40	
9	33	45	29	0	21	
28	39	35	36	19	2	
18	32	17	2	36	9	
29	36	33	9	6	37	
39	13	7	44	6	14	
1	18	33	2	28	47	
12	30	46	25	41	32	
5	46	16	33	47	24	
12	26	34	16	49	24	
41	29	44	6	32	46	
30	32	38	20	47	12	
13	12	3	11	25	6	
9	12	38	19	39	42	
11	28	10	39	27	30	
25	43	38	36	35	47	
41	14	20	33	1	21	
15	27	26	20	16	19	
36	39	44	14	19	8	
2	39	12	43	17	11	
39	14	26	21	45	29	
3	45	41	19	48	24	
28	49	35	16	26	14	
52	66	84	94	88	95	
56	86	84	71	90	59	
68	76	99	56	90	82	
93	79	68	88	60	58	
86	60	89	80	99	88	
79	68	57	62	63	84	
98	50	87	62	80	56	
83	78	85	51	62	70	
63	92	77	55	78	67	
77	99	56	84	98	66	
54	52	93	97	96	60	
81	64	83	53	70	65	
94	69	91	88	60	78	
79	71	68	69	92	70	
96	79	51	67	76	72	
94	93	59	88	75	51	
59	83	69	51	87	56	
55	99	59	70	77	68	
98	54	97	67	59	71	
94	95	70	55	68	96	
54	62	82	59	79	87	
88	75	56	67	93	61	
55	70	64	89	54	59	
67	80	70	61	99	62	
69	89	86	52	97	66	
50	53	76	52	60	66	
78	53	71	75	68	82	
98	87	50	53	70	63	
91	54	83	71	82	89	
92	77	57	75	86	50	
78	94	72	58	63	75	
71	95	60	69	56	81	
97	53	88	80	64	76	
85	95	73	70	89	74	
57	93	70	66	74	68	
51	57	74	89	66	91	
80	69	67	58	92	65	
91	97	96	81	72	88	
95	83	67	87	68	91	
94	65	82	91	60	61	
78	70	59	87	83	60	
66	83	52	50	78	80	
83	56	58	51	66	93	
74	82	64	67	69	80	
63	67	85	97	50	59	
84	66	86	78	68	92	
50	66	97	74	64	63	
73	75	56	57	62	54	
93	91	80	77	52	51	
87	57	54	62	60	89	
129	146	130	112	105	128	
148	120	132	141	108	115	
140	101	100	123	147	111	
148	124	110	112	131	102	
136	106	115	138	144	119	
134	106	104	129	108	124	
102	140	108	135	128	120	
102	113	141	142	126	119	
138	140	134	104	111	112	
135	113	127	144	112	147	
141	116	123	144	145	129	
148	107	125	128	145	129	
138	114	110	105	121	146	
108	145	143	144	114	130	
112	128	143	120	111	103	
100	138	125	111	106	107	
147	109	143	137	105	144	
112	100	136	137	135	110	
128	141	139	114	103	149	
128	103	126	140	101	145	
147	126	119	142	106	118	
133	142	106	110	148	111	
144	106	120	127	107	109	
104	124	137	149	105	109	
114	133	132	106	146	122	
130	119	113	121	109	122	
131	126	118	104	135	108	
149	118	117	103	107	113	
149	107	115	104	105	108	
108	102	113	100	125	114	
118	102	113	127	123	134	
122	138	134	115	144	105	
107	143	104	144	115	100	
109	114	116	110	106	112	
111	147	130	134	115	118	
107	128	133	134	136	123	
144	101	141	132	113	123	
125	117	119	135	103	101	
103	132	127	102	117	116	
124	134	139	104	120	109	
109	136	121	131	115	134	
123	141	147	120	119	104	
142	109	143	146	104	116	
128	102	109	134	110	108	
105	129	139	120	148	114	
136	111	105	110	120	148	
131	101	105	127	126	116	
120	146	148	147	140	137	
101	109	126	149	107	115	
122	114	135	130	116	115	
180	150	187	162	186	175	
194	178	182	167	168	156	
178	169	173	166	187	161	
161	188	178	196	180	164	
188	197	187	163	171	186	
161	157	170	173	189	165	
153	164	171	165	182	152	
188	198	189	153	197	164	
166	175	180	156	164	195	
154	161	177	172	195	169	
185	175	184	190	178	189	
176	163	177	153	185	178	
166	180	154	158	198	191	
189	166	167	183	163	171	
154	162	191	180	165	187	
158	183	194	197	186	161	
199	155	198	190	177	163	
154	155	176	180	163	196	
166	180	151	157	179	165	
166	154	177	162	192	158	
163	152	169	195	185	154	
186	177	194	153	156	198	
196	186	158	195	153	198	
151	170	192	153	178	169	
199	179	194	171	173	177	
151	169	156	172	161	187	
197	192	189	161	185	186	
194	161	153	182	159	171	
151	172	186	169	150	199	
171	163	187	151	170	153	
150	171	158	185	168	169	
193	168	182	150	170	181	
189	190	195	160	198	188	
183	170	164	179	168	176	
153	199	168	172	162	178	
190	164	195	166	160	192	
155	192	161	163	199	196	
166	174	161	193	188	172	
189	183	169	175	167	172	
189	199	158	196	191	180	
188	164	161	154	175	174	
197	191	156	161	158	173	
177	154	153	150	152	178	
196	194	190	166	182	151	
170	160	162	178	158	172	
174	158	172	189	176	161	
185	193	154	177	164	152	
165	166	187	158	155	156	
165	159	172	177	156	157	
171	197	195	158	194	176	
217	204	220	246	205	208	
234	242	224	229	219	216	
212	234	243	205	235	231	
222	220	205	216	223	207	
202	238	204	221	240	230	
206	205	215	240	217	200	
202	228	249	212	235	230	
236	235	243	230	241	231	
249	237	247	245	215	228	
248	217	207	201	243	235	
228	241	221	214	205	207	
212	215	217	244	236	233	
220	245	213	218	210	247	
224	228	237	223	229	221	
204	231	249	201	236	237	
249	204	229	216	244	210	
230	206	210	236	227	217	
208	222	239	204	202	215	
239	213	236	227	223	206	
222	220	208	212	235	225	
242	249	223	244	225	220	
200	204	217	240	237	232	
236	232	202	220	219	203	
211	229	224	235	232	244	
244	212	248	236	209	234	
203	234	223	227	222	206	
234	213	229	233	224	231	
225	202	236	211	226	214	
235	203	231	232	243	210	
207	240	223	218	205	243	
203	239	223	210	248	211	
234	209	222	220	225	203	
206	230	237	202	227	225	
233	237	200	232	242	248	
215	223	247	229	201	216	
234	218	214	224	216	221	
249	238	235	229	212	231	
201	223	238	218	224	234	
207	214	223	229	241	206	
241	229	209	202	238	231	
219	248	205	215	231	232	
222	238	218	224	244	247	
244	205	214	221	239	216	
224	209	220	222	219	210	
211	204	232	231	240	238	
219	225	215	242	208	217	
207	209	246	224	248	205	
203	246	238	206	201	200	
244	248	240	224	239	234	
201	234	230	216	237	241	
288	275	265	297	250	278	
278	296	290	277	265	255	
299	266	261	260	259	281	
289	253	278	284	274	256	
294	257	275	261	288	267	
293	251	264	267	299	271	
289	275	254	278	292	259	
279	265	294	272	269	270	
261	252	280	267	266	278	
256	273	288	281	295	261	
297	279	262	266	281	285	
263	268	254	252	283	256	
264	256	282	250	266	271	
287	299	253	268	286	250	
262	291	296	297	289	288	
291	253	284	262	260	256	
266	274	278	263	261	281	
265	283	285	255	262	286	
252	255	282	276	265	259	
287	272	266	285	268	259	
297	281	286	284	298	260	
263	251	256	286	295	289	
260	299	261	250	264	287	
258	297	263	264	289	270	
264	278	298	283	258	291	
270	260	268	279	298	262	
274	293	258	254	296	277	
298	271	280	265	296	252	
277	259	285	279	297	269	
277	267	286	279	281	292	
260	282	257	254	294	295	
276	263	270	286	296	271	
291	259	268	269	274	270	
291	270	266	258	296	279	
256	290	267	260	279	268	
272	292	265	266	263	279	
288	253	254	294	283	297	
263	288	297	286	299	264	
295	298	283	262	293	279	
268	254	273	253	271	291	
285	283	286	268	273	263	
279	263	288	295	268	251	
280	261	264	259	289	285	
299	297	298	266	280	274	
299	266	285	291	250	270	
254	262	298	264	250	282	
290	274	255	261	296	287	
270	253	296	273	274	255	
252	273	294	253	269	258	
252	284	283	269	299	276	
341	303	309	317	327	343	
347	336	339	303	300	301	
334	303	323	327	326	318	
330	303	344	318	341	343	
320	345	348	329	302	315	
323	316	326	321	331	311	
305	328	345	341	338	318	
349	318	313	339	337	302	
325	322	343	336	337	328	
329	315	309	349	347	310	
348	307	318	304	329	325	
303	321	311	341	344	331	
324	319	313	316	309	339	
302	300	344	315	313	316	
345	341	301	300	339	334	
342	324	330	334	304	338	
327	324	331	330	311	336	
336	324	347	300	316	306	
326	337	313	310	343	332	
314	324	311	317	333	318	
330	318	347	331	315	332	
325	331	307	316	300	341	
345	323	300	344	332	346	
320	312	340	311	309	344	
344	313	341	314	302	304	
338	343	309	345	310	318	
308	307	348	326	312	301	
330	337	347	344	346	334	
322	309	345	338	347	335	
340	313	302	307	305	332	
322	327	321	335	345	340	
337	310	349	344	318	308	
348	335	310	332	322	313	
303	310	332	314	309	306	
330	318	344	347	334	328	
307	341	310	316	335	303	
340	312	349	324	327	341	
317	349	320	338	335	324	
317	347	303	308	316	342	
325	331	343	322	309	321	
308	313	328	327	316	344	
338	314	323	342	305	332	
349	329	309	334	317	320	
320	304	337	303	317	340	
342	306	345	317	307	305	
327	317	335	340	339	322	
300	310	329	319	308	335	
347	326	322	345	302	348	
343	330	325	346	302	332	
314	303	316	341	312	329	
367	356	353	376	357	395	
366	352	356	381	378	353	
350	355	362	354	369	360	
372	397	354	380	356	351	
372	353	364	398	352	397	
359	363	388	352	395	365	
397	364	377	354	396	370	
394	363	354	381	397	388	
393	368	359	392	354	383	
372	360	376	353	355	362	
368	385	392	362	357	379	
362	374	391	398	393	360	
384	376	394	350	396	388	
366	371	399	362	390	356	
399	356	383	355	358	380	
367	370	363	388	376	386	
354	359	392	374	385	365	
355	376	358	368	387	365	
369	354	363	388	355	377	
397	379	356	354	388	370	
361	352	380	373	393	366	
392	372	375	381	374	368	
364	388	369	383	380	398	
395	373	399	383	363	376	
364	375	399	393	371	386	
372	375	363	353	376	385	
364	388	373	351	370	385	
382	369	363	398	374	364	
350	362	355	364	377	399	
379	354	357	385	390	359	
368	362	372	386	385	352	
392	387	382	385	384	353	
361	376	399	357	385	353	
367	382	376	358	379	355	
371	376	353	359	350	395	
382	399	351	395	362	372	
362	389	398	382	360	381	
375	353	390	370	380	366	
384	377	395	383	382	379	
396	354	387	370	363	364	
380	353	387	384	359	358	
361	389	383	364	382	377	
358	382	364	387	397	373	
367	398	372	365	391	399	
387	384	364	369	390	381	
396	376	378	368	387	364	
353	373	381	374	377	364	
378	397	355	396	362	367	
374	372	393	387	384	397	
366	389	386	397	357	373	
430	411	424	400	404	437	
438	403	421	400	422	448	
439	433	404	408	409	414	
415	416	434	409	447	418	
416	433	432	407	410	440	
446	412	407	449	408	406	
446	415	428	444	436	429	
402	409	401	421	432	419	
422	408	433	402	428	440	
446	406	429	401	420	407	
401	439	425	400	408	427	
440	413	414	421	441	429	
431	412	443	419	439	427	
425	402	417	429	431	405	
440	414	402	427	439	447	
412	443	426	424	422	431	
412	428	431	402	411	439	
442	415	434	446	419	430	
442	447	421	415	401	402	
422	443	421	409	440	432	
443	446	431	432	409	445	
425	419	444	408	434	424	
438	401	411	426	421	420	
405	427	409	433	436	439	
423	443	416	419	412	403	
411	446	404	401	434	408	
443	406	437	444	420	440	
445	449	420	436	418	405	
439	422	442	409	431	418	
435	425	441	448	440	436	
425	417	404	436	407	439	
432	448	405	415	446	433	
436	401	443	417	431	438	
423	430	425	440	441	427	
423	434	444	437	417	445	
415	447	423	440	442	405	
439	407	419	445	403	400	
435	429	420	447	433	410	
410	441	430	422	423	425	
401	413	441	424	400	407	
434	420	445	429	435	422	
442	427	444	435	413	446	
434	406	409	431	428	449	
409	427	423	420	401	407	
440	405	401	422	432	413	
439	449	400	442	444	410	
431	435	428	405	438	442	
408	402	446	400	410	439	
408	448	427	414	422	416	
409	415	444	422	424	423	
470	490	479	469	489	499	
450	494	452	457	455	489	
457	491	474	495	455	490	
498	477	486	499	471	470	
452	487	465	484	457	464	
472	498	474	496	480	482	
454	453	494	495	488	490	
480	471	468	455	464	474	
485	483	484	450	456	479	
450	467	497	465	498	493	
471	498	497	465	477	476	
491	461	466	480	494	490	
477	468	476	462	467	461	
485	457	452	466	461	450	
470	498	483	484	462	454	
492	490	472	495	483	470	
491	450	494	488	453	486	
467	493	460	471	477	470	
484	466	491	483	481	498	
474	490	482	499	459	472	
466	499	494	453	476	488	
477	483	464	455	452	495	
466	469	473	463	471	467	
469	495	460	479	466	490	
488	469	493	498	472	482	
497	469	495	473	480	486	
494	458	477	451	493	457	
496	455	486	473	479	484	
471	494	477	473	482	475	
452	494	484	479	469	459	
479	478	456	492	485	469	
450	460	461	484	491	486	
480	479	470	477	472	497	
479	457	463	453	487	488	
494	496	472	470	459	457	
471	460	475	483	473	479	
498	475	477	490	473	493	
464	499	479	490	481	484	
480	492	467	462	476	461	
474	491	452	470	486	477	
471	481	485	490	469	473	
450	489	470	455	478	462	
464	479	475	496	483	480	
463	479	484	485	454	452	
483	477	467	454	497	466	
456	471	451	469	458	498	
497	451	485	484	487	491	
499	496	473	498	477	491	
463	498	472	461	486	479	
497	453	491	462	478	472	
21	35	29	42	16	0	26	
7	30	33	12	26	22	27	
12	34	36	1	18	48	0	
24	39	3	33	44	40	25	
19	48	9	6	34	7	39	
12	5	42	31	41	39	8	
42	23	33	11	1	35	45	
13	19	24	6	12	32	46	
23	10	39	41	16	2	43	
48	44	25	34	14	18	20	
6	32	44	19	47	21	24	
20	16	40	27	26	29	17	
45	42	2	27	34	28	15	
31	32	26	7	28	35	30	
22	32	46	26	13	44	36	
5	44	35	13	16	25	8	
12	6	31	45	33	30	41	
20	4	27	45	37	7	1	
2	38	32	31	37	39	9	
7	48	34	10	1	12	8	
4	34	5	40	29	23	27	
9	33	5	39	28	7	37	
29	33	39	4	25	48	30	
37	16	2	42	8	48	11	
47	4	17	30	5	7	42	
41	37	39	33	30	32	17	
38	46	48	22	39	31	45	
23	10	19	26	12	28	25	
14	3	10	11	49	6	16	
22	10	34	30	11	28	14	
5	7	15	0	38	27	34	
38	17	8	1	41	16	0	
2	8	49	6	13	23	31	
8	34	29	43	24	28	3	
0	27	24	47	7	3	22	
27	30	41	49	31	14	16	
17	31	1	2	43	39	38	
0	42	7	48	49	19	34	
44	36	6	12	28	23	37	
39	24	38	48	12	16	19	
43	21	10	13	41	28	26	
2	20	43	31	35	42	28	
16	24	30	31	11	22	34	
44	30	14	40	12	19	6	
39	45	28	12	6	11	15	
6	49	9	30	26	31	46	
5	11	18	46	7	3	33	
17	1	40	21	46	25	16	
34	45	39	41	31	26	18	
31	21	23	37	1	40	49	
95	67	71	88	64	59	98	
52	60	51	57	55	89	94	
62	88	52	50	74	78	57	
86	80	90	55	62	94	85	
50	61	92	74	97	79	96	
65	94	52	64	82	95	56	
58	71	64	60	76	74	72	
67	81	58	90	53	80	83	
52	87	73	69	60	83	66	
88	73	85	51	93	60	97	
80	76	87	70	89	90	88	
56	86	89	71	99	52	70	
66	99	68	74	86	77	52	
62	76	91	95	50	78	80	
54	72	67	60	75	65	91	
58	89	70	57	84	99	52	
86	62	91	97	64	70	66	
60	65	85	55	82	91	71	
97	64	59	63	54	98	75	
77	94	84	88	50	64	85	
83	92	57	94	61	91	88	
69	84	68	82	71	98	78	
68	95	62	98	93	63	76	
53	58	77	73	97	64	79	
65	85	80	56	60	57	71	
96	74	78	98	64	63	54	
65	61	59	87	95	64	88	
56	94	92	54	75	68	79	
92	79	65	70	95	57	96	
91	90	93	83	94	87	76	
91	82	86	77	66	60	59	
60	55	76	78	81	97	87	
50	65	78	64	55	61	80	
87	83	55	54	52	85	98	
97	63	88	64	67	66	81	
94	68	83	66	67	95	76	
92	98	72	67	85	60	73	
65	66	95	87	85	59	58	
95	62	87	60	97	91	70	
55	57	60	92	81	68	78	
78	52	58	94	61	81	72	
85	54	86	64	99	78	55	
58	89	61	72	90	64	93	
60	68	98	90	92	55	93	
77	81	56	85	72	60	51	
90	81	55	76	91	58	85	
77	55	54	53	97	64	79	
67	72	63	73	95	66	86	
81	93	56	60	79	68	78	
83	64	60	98	93	80	90	
146	145	139	141	100	125	148	
145	100	121	142	126	117	105	
116	133	122	108	147	106	120	
115	130	122	147	123	148	118	
148	146	142	149	135	107	132	
120	142	133	136	118	104	149	
125	130	120	134	144	108	122	
107	120	146	130	132	123	145	
117	141	147	149	138	108	146	
107	108	111	122	102	123	133	
138	147	142	115	137	121	116	
117	138	104	118	103	139	126	
145	129	100	137	133	124	147	
127	105	130	144	126	109	113	
107	124	126	144	142	148	105	
109	143	107	104	136	120	108	
144	145	117	133	134	122	113	
135	130	109	133	132	138	123	
120	107	127	136	108	103	146	
105	136	114	140	117	107	145	
125	139	137	135	101	108	145	
129	138	149	142	130	102	144	
111	147	115	125	117	102	124	
149	106	113	137	108	120	129	
114	100	129	143	115	107	121	
140	118	149	137	101	130	133	
142	106	121	108	109	140	137	
133	102	149	145	134	127	108	
118	134	142	121	129	122	137	
141	146	101	102	144	128	133	
125	134	106	100	117	111	120	
122	121	136	133	120	132	148	
136	114	130	124	138	123	119	
128	122	107	104	139	126	113	
123	137	136	117	146	126	131	
112	109	108	103	115	142	127	
113	136	146	101	117	107	138	
141	104	130	129	120	114	111	
114	121	129	127	102	111	107	
117	131	109	139	149	135	144	
105	119	106	135	146	115	110	
144	121	109	122	134	108	128	
119	127	139	140	142	104	136	
104	143	103	148	146	125	102	
110	131	105	140	115	147	130	
129	108	130	125	135	143	100	
137	146	123	136	141	100	145	
146	116	135	129	124	106	149	
123	107	113	134	102	135	140	
110	140	102	133	108	104	124	
196	150	178	193	184	158	170	
199	196	153	150	182	184	191	
175	177	180	169	172	163	195	
171	178	170	195	194	177	179	
179	160	186	187	198	162	165	
161	164	191	174	162	157	179	
181	157	182	154	198	180	177	
172	181	166	183	187	186	170	
192	160	187	180	167	153	159	
194	176	157	158	151	174	154	
175	194	190	158	170	157	196	
150	194	164	159	187	174	177	
152	151	195	153	184	177	182	
179	196	150	160	157	175	183	
171	159	180	181	173	161	170	
180	150	157	175	184	166	152	
151	154	156	179	158	181	197	
165	184	162	185	198	160	191	
181	166	152	165	153	164	199	
180	178	163	196	185	174	169	
182	151	188	169	195	157	176	
197	170	186	169	152	199	180	
191	154	159	174	197	171	184	
199	177	165	164	190	175	167	
165	190	184	168	156	164	197	
174	155	159	182	167	184	152	
158	186	157	166	172	160	198	
159	179	187	156	192	186	178	
151	193	184	191	183	192	162	
169	187	184	189	173	153	171	
156	164	183	199	162	151	154	
197	168	163	175	174	181	176	
195	199	162	175	184	164	197	
188	194	162	197	186	168	160	
163	155	192	152	156	166	198	
154	193	175	152	170	196	186	
194	150	157	183	195	159	168	
199	163	176	165	191	160	186	
199	189	186	197	154	153	172	
151	182	193	181	188	199	189	
197	164	199	160	165	178	192	
154	199	183	195	152	168	161	
177	194	192	175	180	198	190	
159	195	155	157	187	192	169	
190	195	180	150	191	193	160	
167	172	177	175	181	164	171	
199	186	151	179	191	164	150	
172	165	182	163	171	158	162	
155	180	197	158	162	187	188	
188	199	192	152	198	170	164	
215	210	206	209	220	207	200	
244	236	238	240	210	201	239	
241	204	220	211	213	224	214	
206	243	228	229	203	219	217	
229	209	203	241	211	244	216	
201	230	234	237	242	207	203	
248	230	249	229	202	246	206	
249	200	247	239	231	217	219	
235	240	246	231	223	206	225	
242	241	209	239	249	210	222	
200	205	232	226	223	244	230	
208	216	217	249	226	207	205	
207	209	225	202	203	243	247	
234	207	222	218	202	217	226	
221	233	210	214	216	243	247	
241	202	227	219	231	230	200	
203	240	226	236	229	210	224	
226	207	204	216	233	224	200	
211	239	233	210	217	203	249	
246	235	245	237	243	224	214	
246	208	218	243	204	237	248	
209	242	249	244	219	205	247	
240	243	218	248	223	228	241	
223	239	208	225	231	234	244	
236	229	204	215	200	241	239	
249	212	226	228	245	208	241	
245	224	205	218	203	202	226	
220	200	237	229	216	205	202	
225	229	242	241	234	235	222	
245	222	219	205	246	243	223	
242	248	209	239	249	211	235	
219	214	236	202	240	248	216	
245	231	219	212	203	207	214	
230	236	232	220	218	206	215	
222	239	212	218	215	201	231	
239	218	226	236	202	233	244	
209	240	234	214	215	217	205	
220	226	216	217	236	213	211	
246	236	208	229	202	210	209	
211	220	203	214	234	219	224	
229	214	222	230	236	206	228	
212	209	217	205	226	235	230	
232	229	219	245	206	240	211	
248	249	230	237	244	224	202	
239	235	230	225	217	232	208	
217	213	244	247	209	236	200	
244	220	222	217	228	227	238	
210	243	211	234	223	212	205	
233	234	229	210	242	239	223	
216	215	225	223	208	242	236	
267	272	265	269	255	293	250	
263	250	255	292	296	290	275	
262	256	297	273	278	285	268	
266	290	272	279	280	276	267	
298	290	252	278	253	250	266	
258	257	299	288	277	264	267	
264	265	260	270	278	254	277	
292	254	263	274	290	266	256	
257	289	278	253	264	293	284	
265	296	288	260	250	286	287	
260	261	294	262	274	279	252	
262	250	267	288	294	292	264	
299	289	279	269	298	258	294	
294	281	260	252	295	286	267	
261	264	276	251	254	260	283	
264	286	267	271	259	266	273	
255	291	252	259	286	267	297	
294	283	277	256	293	271	298	
281	282	260	295	289	270	250	
258	253	259	261	279	252	290	
259	277	266	276	280	288	284	
288	279	263	260	284	285	265	
284	295	280	253	294	258	256	
259	256	266	278	282	262	275	
284	275	252	283	257	282	271	
264	271	283	295	261	293	272	
290	268	284	298	272	293	278	
283	292	259	294	263	261	287	
299	251	269	279	260	297	277	
268	252	282	285	275	253	263	
256	254	252	259	267	273	296	
298	259	267	268	273	250	287	
290	289	270	294	258	266	281	
254	262	258	297	294	279	268	
269	270	286	282	261	259	251	
278	254	274	253	268	289	270	
282	276	251	264	295	283	277	
283	259	293	292	262	296	253	
266	291	294	279	254	270	298	
287	299	260	284	270	274	252	
268	271	276	282	274	297	294	
293	278	269	271	273	262	266	
268	286	251	274	256	275	299	
287	262	261	271	250	290	272	
295	268	290	299	254	272	280	
284	255	266	273	281	272	253	
267	271	278	251	257	292	275	
299	252	282	268	287	280	265	
299	274	284	283	273	290	264	
255	261	295	252	251	275	263	
319	344	306	301	338	331	320	
343	332	326	321	337	301	309	
314	311	343	337	328	339	302	
312	309	303	332	325	313	311	
310	323	307	349	328	318	302	
311	340	310	326	301	339	321	
316	341	348	331	303	315	320	
322	300	302	344	314	330	321	
327	301	317	347	318	332	344	
315	321	302	300	320	306	329	
319	324	320	306	300	335	317	
341	303	346	305	320	332	326	
321	310	315	344	329	307	348	
321	318	344	302	301	315	322	
317	347	326	318	300	314	345	
345	318	315	307	312	327	342	
313	323	347	324	306	341	332	
330	326	325	349	336	346	344	
337	308	331	341	343	304	334	
349	331	304	326	301	323	347	
331	342	318	308	344	346	304	
339	312	317	332	338	326	343	
318	344	323	348	319	346	302	
306	305	335	326	330	309	343	
316	320	345	304	326	300	306	
332	343	323	300	311	345	342	
317	333	306	323	340	344	302	
331	303	349	347	333	310	319	
345	343	344	307	333	311	324	
341	322	309	308	347	317	339	
338	324	331	304	341	332	308	
307	326	346	332	327	341	329	
325	335	302	338	329	327	342	
324	336	341	314	347	300	334	
337	322	309	313	301	303	320	
322	310	308	315	342	337	335	
340	345	347	322	332	330	302	
340	339	300	335	320	301	325	
334	344	314	336	312	332	337	
309	347	315	302	320	317	318	
343	327	307	306	347	341	332	
347	349	309	345	346	327	306	
318	320	341	344	349	340	300	
337	312	330	335	345	322	334	
334	325	341	309	314	302	326	
332	342	338	345	321	340	330	
331	336	348	332	320	333	309	
319	338	332	315	335	328	305	
339	304	330	302	315	325	318	
345	317	319	303	337	349	331	
350	382	384	359	377	362	389	
373	377	398	359	391	368	396	
395	371	389	358	385	386	394	
396	380	355	361	371	356	398	
398	394	366	399	380	368	370	
365	389	390	396	368	384	385	
372	387	352	392	367	355	379	
362	365	361	393	363	354	381	
380	365	352	357	351	377	372	
394	388	357	362	387	365	356	
386	372	393	399	368	380	397	
384	387	395	366	392	354	374	
368	360	365	370	391	354	359	
380	392	371	379	365	359	363	
395	399	389	368	350	365	386	
382	356	371	380	386	389	367	
385	360	359	355	356	398	377	
367	399	361	381	386	365	377	
385	397	372	358	396	371	368	
378	396	385	373	377	358	391	
353	363	358	392	352	362	375	
371	390	385	361	378	394	377	
377	370	354	363	382	368	353	
377	356	368	355	391	363	376	
372	374	395	392	388	376	385	
376	369	360	373	395	353	358	
373	372	365	371	367	379	394	
386	354	360	372	396	375	397	
363	396	395	379	362	385	374	
370	391	394	350	369	359	355	
379	372	378	384	396	359	374	
384	358	359	393	365	354	390	
374	378	386	366	372	391	367	
387	365	382	351	364	389	376	
374	372	366	394	358	367	390	
351	382	358	357	374	395	377	
357	379	399	376	386	352	355	
387	396	381	395	376	362	358	
396	368	399	354	373	386	387	
351	354	392	387	369	363	377	
366	390	381	385	397	374	357	
390	396	375	371	381	364	363	
377	387	389	361	355	359	381	
371	390	382	384	357	358	356	
395	364	392	350	355	357	397	
368	359	389	397	395	392	377	
357	387	394	354	374	382	388	
363	395	358	380	383	355	384	
374	378	369	380	373	385	359	
357	368	381	377	375	367	383	
425	446	401	402	429	406	408	
401	423	421	430	437	404	446	
443	430	426	413	417	439	441	
443	417	421	447	423	406	429	
401	408	436	433	416	441	414	
434	441	407	442	429	433	400	
440	404	405	446	443	442	421	
449	428	406	442	427	426	419	
408	416	449	441	400	418	430	
427	407	415	425	449	443	410	
407	446	417	432	429	422	448	
429	430	404	416	448	421	417	
437	432	424	423	446	422	408	
411	439	422	410	436	418	428	
427	436	440	408	412	448	428	
425	430	441	438	413	439	427	
449	435	425	434	420	400	412	
433	407	435	426	423	437	430	
427	432	410	416	412	438	426	
403	401	441	423	442	426	424	
400	421	424	439	429	409	448	
425	406	432	405	447	418	403	
432	416	441	440	406	439	408	
420	429	433	435	432	430	410	
419	429	416	425	410	422	443	
405	428	447	423	443	446	445	
409	403	422	436	430	408	442	
436	409	424	441	402	431	438	
408	436	423	431	410	424	441	
418	437	412	435	402	443	439	
434	448	426	437	432	407	408	
402	415	438	411	422	430	421	
419	412	442	430	439	444	437	
412	445	449	418	420	432	437	
444	420	406	413	434	430	402	
440	415	411	406	446	423	407	
422	424	433	404	411	436	428	
447	429	439	442	416	446	436	
430	411	434	444	410	437	420	
403	406	415	443	411	401	427	
449	431	428	404	443	405	438	
411	402	430	414	423	425	443	
434	442	412	425	444	407	440	
431	438	434	411	433	408	401	
434	426	433	424	401	420	417	
448	413	429	411	400	412	430	
416	445	400	441	406	423	426	
446	448	413	414	438	419	447	
420	426	428	448	424	408	427	
413	448	432	427	444	409	417	
484	475	492	490	485	456	468	
498	460	456	481	474	470	482	
465	457	453	497	498	473	456	
474	482	483	484	495	468	457	
451	482	471	474	499	470	498	
491	489	486	497	482	481	480	
460	456	451	454	452	474	465	
466	473	499	470	498	490	488	
456	461	457	470	487	462	483	
453	469	463	471	495	494	486	
480	490	485	491	493	456	486	
466	457	461	499	473	487	455	
494	489	476	454	473	450	460	
457	463	467	477	471	488	472	
479	462	495	458	461	465	469	
486	481	496	499	472	468	492	
455	476	490	465	453	461	450	
487	451	461	457	473	472	469	
476	488	489	493	468	473	479	
461	477	467	490	459	498	480	
485	466	496	470	462	498	467	
466	498	453	454	495	464	481	
461	464	465	476	490	456	486	
461	490	481	470	496	460	463	
495	474	496	458	452	464	457	
485	456	459	455	473	492	475	
477	473	498	471	457	452	480	
488	475	463	451	465	474	477	
467	466	453	455	498	468	482	
479	494	454	451	488	489	452	
457	461	495	480	463	462	471	
490	497	477	461	452	457	491	
458	451	497	464	486	455	474	
472	488	490	469	497	458	480	
486	487	467	465	479	459	450	
493	460	495	466	485	491	486	
463	484	475	460	456	476	452	
485	475	495	453	469	450	452	
495	487	453	499	485	492	457	
471	463	494	499	466	455	465	
488	454	484	482	479	471	499	
461	488	472	474	498	457	496	
457	493	460	482	465	495	479	
450	452	467	480	487	476	488	
473	489	481	499	494	483	461	
461	467	463	498	487	470	489	
484	471	455	479	468	494	465	
482	483	479	460	491	462	493	
489	455	454	465	480	491	469	
495	482	477	474	491	465	473	
39	22	40	34	3	6	30	2	
8	22	34	9	11	36	33	26	
36	37	38	23	0	48	15	29	
17	29	9	26	47	12	14	24	
46	24	19	32	28	30	9	16	
34	42	49	21	0	27	15	6	
38	22	12	42	26	2	7	17	
27	2	0	34	7	8	10	11	
46	23	6	2	31	10	14	25	
18	13	23	19	12	29	49	30	
38	42	31	32	45	49	20	16	
1	18	28	29	49	45	37	34	
36	14	43	37	40	33	35	24	
18	3	32	41	2	22	1	4	
13	2	41	23	19	5	10	43	
44	23	17	24	19	30	21	0	
22	37	14	34	9	6	26	21	
43	42	35	8	44	32	46	4	
28	48	45	34	37	8	25	0	
22	31	42	12	15	1	26	25	
45	10	14	11	12	31	25	6	
44	0	21	31	1	14	45	7	
12	29	26	45	14	43	47	16	
7	31	41	11	47	42	24	6	
12	48	24	8	13	35	6	16	
20	44	23	5	21	30	3	47	
40	14	13	20	2	35	5	29	
3	42	13	49	18	27	33	24	
2	8	26	7	42	41	10	29	
3	7	18	29	33	45	32	41	
19	33	28	48	43	25	7	30	
4	2	36	16	40	34	35	22	
25	19	30	29	46	24	41	34	
44	3	16	27	25	39	24	49	
19	13	24	10	44	21	11	0	
31	24	15	44	18	41	42	8	
12	8	48	16	3	47	34	4	
18	16	14	26	15	22	8	17	
33	11	34	38	32	6	20	49	
28	18	2	21	35	34	7	39	
2	7	18	16	27	49	10	48	
20	47	35	38	10	9	40	18	
24	47	22	0	43	39	40	32	
37	4	21	24	6	29	47	17	
23	7	27	34	15	42	0	22	
32	13	45	20	41	43	5	37	
32	7	1	2	10	9	45	36	
13	0	18	48	16	19	49	28	
31	37	9	13	33	24	44	34	
13	4	23	2	30	0	37	16	
84	70	73	91	76	61	54	87	
80	77	95	57	67	86	76	79	
79	51	55	52	98	75	61	69	
87	94	54	86	78	85	75	73	
92	81	84	97	65	79	67	58	
54	82	68	88	64	69	61	72	
75	79	95	62	67	63	64	81	
94	58	67	53	79	90	83	74	
71	92	84	72	76	85	62	86	
68	50	82	77	81	61	97	84	
70	58	85	83	73	84	94	72	
55	66	59	51	89	77	79	69	
83	56	77	76	58	57	71	65	
74	63	88	87	81	77	71	86	
76	80	71	94	61	92	75	53	
77	73	81	95	88	64	66	83	
78	63	53	72	94	54	52	89	
73	72	77	99	90	65	57	95	
75	80	63	68	77	78	83	67	
76	94	67	73	62	70	87	99	
69	55	88	95	82	53	67	84	
59	90	72	84	76	66	95	74	
62	91	52	72	98	55	76	95	
73	78	98	74	50	56	75	77	
54	94	71	86	53	56	50	79	
61	95	74	54	77	87	68	51	
81	89	50	55	60	93	72	80	
84	75	81	96	57	73	99	83	
71	92	75	66	76	84	53	67	
60	88	95	68	98	67	57	94	
53	96	84	55	99	70	62	83	
72	65	53	78	64	73	83	85	
75	55	88	97	89	94	78	58	
62	53	64	77	96	51	95	61	
55	73	74	75	88	90	76	85	
74	85	92	73	60	55	59	98	
75	60	65	58	78	67	73	84	
63	56	58	55	72	51	54	94	
51	58	91	72	87	80	90	89	
97	56	62	91	98	88	77	82	
55	61	51	53	82	69	54	68	
85	74	65	58	98	99	68	82	
94	85	71	60	53	63	79	76	
57	94	87	72	63	92	90	86	
85	96	62	60	92	66	59	77	
97	85	86	81	82	99	60	91	
97	75	53	66	85	74	99	98	
65	58	70	98	93	52	59	82	
85	50	60	52	87	95	56	68	
76	90	83	54	63	53	50	80	
109	115	114	105	113	141	116	104	
110	109	135	105	114	112	149	141	
104	133	129	107	145	147	144	141	
141	132	140	133	130	106	113	107	
133	146	101	132	109	138	128	142	
109	124	132	145	141	142	122	115	
145	128	125	123	127	147	148	133	
114	140	126	139	134	118	120	130	
120	138	130	104	110	144	134	101	
149	130	125	117	111	129	103	104	
142	145	129	113	110	137	101	128	
100	141	134	114	130	131	101	121	
116	144	143	140	133	115	109	104	
132	142	135	139	146	103	117	113	
135	138	133	144	136	143	139	109	
123	139	125	120	135	137	142	134	
132	146	124	133	113	107	116	139	
130	131	139	104	106	119	121	115	
108	147	134	115	113	137	128	120	
115	119	103	106	129	109	124	141	
144	117	105	145	141	118	149	115	
128	126	142	131	125	113	137	147	
102	122	103	128	118	130	142	148	
148	122	111	124	140	132	126	106	
123	142	115	121	133	126	114	136	
124	111	122	133	110	103	114	142	
102	109	134	132	136	149	138	101	
126	127	119	131	122	112	111	137	
106	142	129	121	136	104	137	113	
116	145	148	128	142	107	100	141	
101	122	144	143	107	109	140	136	
116	113	147	112	115	136	104	108	
116	134	128	125	126	110	129	135	
134	147	133	116	105	115	101	124	
146	116	118	128	122	110	102	131	
136	142	106	139	109	149	112	101	
114	108	122	110	117	136	130	137	
142	120	107	104	111	121	143	131	
148	116	129	115	131	111	132	147	
107	132	106	104	121	111	109	143	
122	143	101	105	136	133	117	149	
111	115	126	122	113	144	121	104	
128	115	109	138	132	145	101	133	
100	142	141	105	143	116	117	113	
144	111	140	117	101	116	131	145	
147	115	102	110	121	133	132	143	
123	128	122	135	109	117	101	121	
109	142	132	131	110	149	146	129	
112	107	126	109	103	140	105	147	
149	106	104	128	133	108	144	142	
151	177	173	190	175	163	196	183	
180	152	191	168	179	161	193	166	
190	192	172	156	196	176	153	194	
174	170	195	154	189	198	177	151	
173	163	193	189	169	154	174	176	
153	187	170	182	151	154	197	172	
179	178	184	187	194	186	158	153	
167	164	182	163	154	175	198	165	
178	156	175	192	155	174	176	191	
166	170	154	183	155	168	180	175	
160	195	152	176	169	198	189	153	
161	194	159	156	166	198	169	199	
150	156	173	164	154	196	198	172	
160	156	199	152	164	170	184	178	
168	195	192	190	183	173	199	157	
164	190	189	172	177	185	168	180	
170	178	153	187	198	177	189	190	
199	159	170	176	192	194	172	151	
184	193	194	153	152	179	173	178	
163	161	195	175	197	171	185	178	
192	166	153	165	168	164	157	186	
179	194	170	175	164	161	150	182	
159	173	183	186	158	178	165	154	
170	167	169	191	152	181	159	157	
185	181	180	178	189	157	164	170	
161	183	164	157	184	171	186	199	
156	155	169	189	174	183	199	164	
152	175	162	163	156	157	185	188	
168	190	198	178	177	162	195	188	
167	157	191	192	175	161	163	168	
178	182	161	154	179	183	160	153	
193	192	199	181	153	161	159	196	
169	195	198	175	183	199	164	153	
154	176	150	190	164	174	168	162	
162	161	163	160	170	178	186	156	
169	196	186	154	187	176	155	151	
168	153	170	188	173	162	190	187	
163	153	184	172	151	170	160	168	
189	170	165	161	172	198	151	197	
151	153	160	156	165	164	186	192	
159	196	161	151	162	165	172	150	
185	158	177	154	150	156	173	163	
155	188	173	189	156	163	184	190	
162	151	194	170	180	178	188	158	
163	150	174	170	178	184	169	199	
182	176	199	168	164	185	183	187	
198	160	178	190	192	187	159	170	
197	164	187	195	157	186	173	160	
174	181	179	176	184	153	165	163	
169	198	165	161	173	168	186	156	
225	219	212	218	249	242	232	234	
218	210	232	219	242	245	222	246	
230	215	220	224	210	202	212	247	
206	209	230	231	215	236	245	226	
241	200	236	206	245	225	219	220	
223	233	220	228	236	249	200	209	
222	231	230	209	242	206	203	247	
206	241	247	214	233	232	223	225	
217	226	245	241	206	235	246	242	
240	200	246	218	232	214	242	213	
210	247	240	231	221	220	225	244	
226	236	243	227	234	233	215	235	
236	222	242	237	238	202	223	246	
214	217	249	239	245	220	246	208	
216	200	203	226	206	219	222	213	
241	215	226	230	220	212	229	236	
248	227	209	249	239	231	214	215	
214	231	228	223	202	247	249	210	
204	212	240	236	242	237	224	203	
221	249	204	207	231	228	232	223	
234	227	238	213	215	244	231	237	
210	248	223	228	241	227	202	236	
227	202	236	239	223	230	201	247	
218	201	212	224	229	225	246	200	
244	236	220	241	209	223	214	211	
211	217	203	228	214	208	229	207	
249	201	243	236	221	225	247	219	
239	245	233	213	211	215	207	210	
239	220	209	214	237	202	246	235	
224	204	239	216	232	223	206	217	
214	203	230	228	222	224	205	239	
249	212	223	224	239	200	238	240	
228	221	249	216	247	235	239	246	
235	206	202	243	226	200	228	212	
207	204	236	200	246	221	223	248	
211	242	218	241	214	236	225	237	
206	242	234	200	227	241	231	215	
224	221	223	212	220	206	245	232	
247	236	233	222	201	203	206	207	
217	245	234	240	246	237	242	211	
244	245	238	241	202	219	224	237	
218	246	204	238	225	244	232	215	
222	217	242	210	240	218	239	214	
219	237	205	247	206	227	215	204	
235	239	224	217	222	248	202	236	
213	240	219	200	212	247	214	235	
214	248	241	203	212	206	249	234	
228	230	212	232	245	211	227	236	
210	218	225	246	203	220	216	234	
228	224	246	225	220	217	203	241	
298	250	262	259	288	254	289	277	
255	298	267	259	294	261	266	281	
297	292	293	294	265	275	273	291	
284	276	291	287	273	274	270	296	
279	273	278	259	292	277	287	272	
279	264	278	293	290	294	284	275	
275	266	297	274	269	256	286	258	
263	284	285	258	283	292	295	297	
296	269	263	267	260	286	295	277	
258	297	260	280	267	291	275	296	
294	261	252	260	280	270	284	253	
278	269	284	298	287	274	277	267	
291	253	287	298	271	294	266	290	
280	284	287	262	279	294	296	276	
267	258	263	251	274	286	264	265	
295	270	260	267	273	286	269	255	
292	274	290	273	250	284	259	264	
299	251	290	257	284	295	293	280	
284	267	278	270	266	258	282	261	
286	295	284	261	250	257	267	280	
273	263	298	259	260	264	277	269	
282	297	257	288	285	273	298	284	
260	291	281	299	272	289	282	284	
277	281	266	279	293	289	258	269	
271	250	255	297	261	266	260	263	
279	267	285	261	293	263	297	281	
265	276	295	273	288	287	294	264	
263	273	253	276	283	293	256	289	
284	269	289	272	285	253	275	258	
258	284	265	253	276	252	277	279	
296	251	294	288	283	278	266	269	
254	292	257	276	284	251	265	256	
261	265	283	251	279	264	260	287	
289	292	282	254	253	277	251	266	
285	264	290	269	287	297	274	257	
264	262	277	296	267	265	284	289	
293	279	252	273	298	260	276	274	
268	278	296	253	283	281	256	269	
275	293	281	255	278	256	298	299	
268	260	287	262	261	284	289	292	
266	281	286	267	265	297	252	298	
260	267	266	295	297	272	250	251	
268	252	255	282	299	288	258	265	
285	266	265	287	292	280	273	250	
261	264	250	289	290	293	258	267	
299	294	250	269	296	288	295	263	
264	269	292	271	289	282	252	270	
290	281	292	274	286	295	263	253	
289	296	279	267	259	271	254	266	
272	276	291	294	262	284	250	255	
328	306	323	329	322	327	312	314	
307	327	304	314	311	320	303	332	
318	330	317	315	308	312	332	314	
313	325	343	300	319	315	316	332	
310	335	341	349	325	306	328	344	
342	325	349	313	303	321	305	302	
313	336	334	322	300	328	345	331	
304	320	348	303	315	335	349	314	
317	333	309	312	315	326	334	328	
314	330	310	342	326	340	335	301	
326	305	330	311	340	318	329	335	
324	318	309	303	311	319	346	316	
329	341	346	313	339	328	325	344	
348	341	344	324	339	309	338	300	
341	337	349	311	325	310	309	323	
347	329	310	339	304	324	328	302	
302	329	335	341	347	348	331	340	
307	343	326	304	349	329	333	325	
325	316	344	334	310	309	317	300	
311	303	318	300	309	307	314	349	
335	340	305	303	347	339	304	329	
338	302	333	313	324	315	332	305	
343	322	329	310	338	334	342	319	
313	328	349	307	327	348	310	311	
306	334	332	341	321	327	337	308	
332	301	322	335	319	329	333	308	
345	328	304	341	321	307	329	313	
344	300	303	304	313	311	324	349	
333	323	314	345	347	304	307	313	
315	348	302	340	332	316	338	310	
335	314	327	330	320	346	316	345	
313	306	331	304	334	336	316	302	
305	318	315	328	308	306	347	301	
331	330	300	327	338	344	319	335	
336	301	340	304	335	318	308	324	
334	303	348	338	308	313	305	328	
334	312	318	303	323	309	324	344	
320	315	337	329	330	349	331	304	
306	327	318	301	343	300	346	315	
333	307	311	321	318	303	300	341	
313	321	344	316	317	335	331	302	
314	346	307	344	316	345	349	304	
329	333	316	337	315	307	332	349	
307	329	313	300	345	308	325	338	
328	316	326	330	347	302	331	332	
304	303	301	330	349	327	300	305	
317	343	331	305	347	339	336	325	
342	307	346	319	341	322	303	335	
318	313	321	307	306	341	328	347	
316	344	315	341	333	307	310	322	
381	353	376	394	383	368	352	361	
372	390	350	360	366	383	364	351	
369	382	384	366	352	397	358	353	
353	378	351	360	365	389	368	399	
396	381	390	394	360	366	353	399	
384	386	367	358	378	356	381	396	
394	360	391	389	390	367	395	386	
363	380	375	358	352	385	368	364	
380	388	377	395	394	389	378	392	
393	370	362	376	368	397	363	383	
364	360	355	388	372	394	393	399	
370	385	396	352	356	368	354	357	
386	388	379	399	353	365	350	354	
355	398	386	354	364	376	357	378	
361	356	385	363	393	369	367	396	
385	353	395	382	391	372	375	359	
378	379	351	371	393	355	382	370	
381	384	399	390	387	354	396	393	
385	395	361	362	379	369	391	384	
388	386	396	360	394	366	369	368	
364	394	371	382	363	361	380	389	
374	380	370	381	362	353	358	396	
371	368	372	381	393	391	378	375	
382	393	354	356	368	359	384	351	
383	374	373	396	382	385	376	395	
369	388	353	356	355	370	380	382	
376	372	379	369	371	367	350	396	
354	356	381	380	366	392	394	360	
371	359	377	356	369	380	391	395	
375	358	372	350	393	353	376	365	
376	390	360	377	381	359	356	370	
373	396	397	378	363	398	361	380	
385	397	391	363	379	386	390	373	
362	399	390	391	388	353	389	386	
375	360	382	395	355	376	379	367	
380	387	356	377	389	375	372	358	
389	366	393	373	353	351	375	376	
372	355	396	357	361	360	380	378	
394	395	397	361	391	359	377	353	
380	388	367	382	368	363	391	373	
375	390	363	381	393	398	368	391	
382	387	396	388	350	391	378	353	
377	393	362	370	350	367	368	392	
366	390	398	381	372	392	375	360	
391	374	398	372	353	377	395	369	
365	364	392	356	355	399	396	383	
374	367	373	358	361	390	380	379	
367	360	394	382	380	379	387	389	
353	384	373	393	352	361	372	350	
388	359	397	389	366	383	378	394	
401	448	436	410	423	434	408	429	
445	448	412	424	410	428	402	426	
441	426	422	416	432	403	435	443	
445	443	438	400	416	423	426	406	
407	438	441	439	429	421	426	416	
416	425	427	433	408	440	429	402	
420	401	411	424	415	405	419	429	
430	404	444	411	432	401	424	448	
437	415	442	435	429	402	412	444	
443	426	444	414	416	404	436	440	
432	430	440	419	401	405	424	446	
419	441	436	438	404	415	439	424	
407	400	420	428	410	409	443	449	
407	406	418	409	438	405	441	412	
420	418	401	419	442	448	412	400	
441	402	401	437	405	427	430	421	
443	442	401	441	436	432	431	415	
424	445	429	419	423	448	434	402	
409	447	437	441	429	428	403	406	
446	415	427	435	403	434	438	445	
410	411	404	412	422	419	435	441	
407	443	428	420	408	413	401	433	
428	426	425	402	412	421	429	444	
415	440	446	431	416	414	442	433	
447	413	408	415	418	419	436	406	
404	444	433	443	421	400	438	412	
436	426	439	413	427	406	444	409	
406	419	409	442	440	425	433	434	
417	400	447	446	413	445	423	411	
424	446	445	440	431	417	412	422	
438	416	412	402	427	432	446	403	
436	408	403	402	418	420	445	416	
404	447	436	437	417	428	426	425	
416	432	427	426	425	405	447	449	
447	439	421	434	426	420	437	402	
405	411	414	446	407	425	429	433	
437	400	412	436	409	424	403	405	
402	409	436	418	413	441	424	420	
430	429	445	437	449	440	428	441	
421	403	426	415	407	447	416	411	
421	432	418	423	409	446	439	447	
435	430	433	404	440	416	420	409	
411	432	414	420	430	440	413	436	
400	446	448	404	447	438	441	423	
430	406	405	400	414	433	422	436	
434	448	441	406	403	412	426	422	
435	434	402	428	424	418	406	441	
415	420	445	414	419	423	433	439	
433	413	409	419	415	449	416	448	
408	419	405	440	437	448	403	438	
468	496	480	457	453	461	463	470	
468	460	484	485	471	454	465	490	
484	460	464	454	496	486	481	459	
481	499	498	474	478	496	453	465	
482	452	476	454	466	493	472	450	
499	492	469	477	485	483	471	457	
451	484	495	461	497	464	462	466	
468	473	461	489	465	488	490	482	
499	490	472	480	453	495	486	475	
467	451	481	493	454	477	460	487	
477	490	478	498	462	481	463	452	
456	473	493	490	491	472	469	463	
451	458	477	455	497	475	476	466	
479	487	455	488	496	450	462	498	
487	482	467	468	481	464	489	472	
495	466	471	459	496	467	497	488	
458	470	481	462	460	472	499	474	
488	466	450	473	460	487	465	482	
481	494	486	459	487	480	493	477	
471	492	479	458	454	475	473	474	
496	499	488	477	474	479	452	469	
462	457	479	491	499	460	464	478	
495	475	499	498	478	456	479	494	
467	487	461	470	474	479	458	478	
455	470	460	485	472	463	492	469	
486	450	475	480	467	471	478	498	
460	485	453	478	475	487	488	462	
480	450	473	488	463	479	481	487	
497	480	459	462	451	490	453	460	
477	482	463	492	467	456	458	465	
489	465	485	493	450	463	479	499	
484	469	479	481	498	492	452	499	
490	459	475	496	468	456	485	461	
487	476	483	494	492	468	474	478	
491	473	456	478	480	488	465	471	
495	483	462	474	465	451	453	484	
484	491	481	479	452	486	455	489	
477	475	480	491	451	476	487	459	
464	498	493	479	488	489	494	458	
492	476	464	455	496	477	480	454	
496	480	495	466	467	453	479	490	
471	486	492	493	455	474	495	466	
460	489	472	464	470	458	490	465	
486	484	497	492	496	455	478	488	
478	455	460	461	454	459	453	490	
484	470	490	477	480	455	475	478	
468	453	487	455	494	462	469	480	
467	483	459	491	460	466	458	489	
473	490	463	493	487	458	456	494	
479	450	457	497	496	487	453	490	
