35	10	40	44	22	0	
41	19	15	11	3	42	
25	13	5	46	38	31	
3	4	15	17	35	21	
20	28	36	2	10	29	
33	37	12	22	43	32	
48	10	29	15	41	36	
23	29	15	12	8	37	
19	25	26	28	4	16	
29	6	23	22	18	33	
43	14	49	38	9	32	
44	21	20	36	26	25	
14	23	25	30	24	5	
2	46	12	19	8	24	
7	28	18	40	11	23	
9	48	32	10	12	15	
15	14	24	6	18	16	
34	7	14	39	29	17	
34	22	5	27	28	11	
8	45	39	15	43	1	
38	46	39	21	36	29	
31	15	34	30	4	12	
30	27	43	17	8	20	
28	11	32	36	5	44	
1	33	11	28	27	9	
37	4	24	47	42	43	
41	44	5	31	12	33	
21	9	35	30	27	46	
36	14	29	7	0	28	
28	47	23	3	2	12	
19	30	45	6	29	0	
38	5	22	42	30	21	
22	11	6	17	28	49	
19	2	21	10	22	38	
27	46	5	44	32	15	
20	17	23	27	26	6	
6	47	8	28	22	21	
29	6	16	3	44	48	
18	16	11	3	23	49	
9	15	37	0	38	46	
49	17	48	14	10	34	
46	40	26	45	15	48	
44	22	12	17	10	0	
1	24	5	20	28	25	
17	44	34	15	1	5	
4	31	48	32	49	30	
29	8	38	7	39	17	
17	49	24	8	3	37	
38	0	39	46	49	4	
21	7	36	35	6	22	
82	88	99	81	59	89	
63	86	60	51	77	80	
72	69	75	70	79	97	
90	66	78	95	56	76	
85	80	84	81	96	60	
52	57	91	81	65	97	
72	51	58	98	82	57	
52	79	94	55	78	74	
84	77	90	98	87	72	
86	73	63	64	57	56	
84	72	57	95	53	59	
97	72	54	50	59	73	
71	60	92	51	78	98	
78	74	72	53	67	82	
54	94	55	63	57	76	
80	99	73	89	79	98	
84	76	71	94	79	81	
94	54	52	93	55	89	
73	53	77	90	86	76	
74	53	88	69	72	97	
70	66	97	81	90	79	
55	72	90	54	57	84	
81	53	75	95	90	55	
56	75	81	98	85	61	
61	51	70	77	75	92	
85	96	62	69	87	80	
67	69	57	72	80	68	
65	85	58	83	79	99	
63	96	55	85	91	83	
69	53	55	91	65	87	
71	55	84	85	70	76	
85	81	99	86	95	61	
62	51	98	60	91	59	
52	68	78	76	97	84	
62	67	96	78	57	64	
93	94	79	92	86	78	
75	64	84	55	57	67	
88	90	57	79	56	65	
95	64	76	52	60	73	
98	86	56	95	65	87	
91	75	72	90	63	76	
72	91	77	97	78	57	
71	93	97	79	75	96	
86	51	98	87	76	92	
96	75	83	60	68	51	
73	50	79	53	70	59	
64	57	67	54	71	60	
92	64	75	58	51	54	
99	97	86	92	85	78	
55	58	97	70	80	59	
127	100	113	122	144	148	
136	102	129	106	109	118	
112	123	144	131	145	122	
140	137	103	112	135	127	
143	104	112	124	116	136	
108	133	101	125	104	130	
114	134	103	109	110	121	
134	104	139	148	110	115	
144	128	104	110	136	107	
130	107	111	133	118	125	
135	143	116	128	139	132	
132	138	104	124	120	111	
118	127	121	103	131	110	
118	107	130	123	106	110	
112	123	133	119	122	105	
123	115	120	142	106	134	
117	125	143	144	103	139	
116	126	122	133	124	147	
139	135	145	137	131	126	
121	123	128	147	103	120	
101	112	109	132	149	125	
144	118	147	104	124	134	
107	140	126	137	117	130	
149	125	129	142	121	117	
117	129	148	101	123	136	
119	126	137	148	124	113	
114	113	139	125	115	127	
102	121	139	141	106	100	
144	131	110	136	102	115	
120	122	135	103	130	111	
109	148	116	133	139	104	
118	100	135	101	142	102	
134	140	106	117	132	101	
103	130	132	101	113	147	
117	119	104	102	144	129	
145	142	101	140	127	119	
106	108	100	127	111	112	
114	133	131	138	141	123	
109	121	130	120	112	111	
114	120	107	131	110	144	
144	105	146	112	129	121	
103	118	105	145	131	136	
123	137	120	118	144	146	
120	140	125	127	138	105	
125	130	119	117	135	106	
127	104	140	147	114	133	
148	121	103	110	133	135	
143	122	148	116	114	111	
126	111	105	144	146	148	
108	129	116	101	131	124	
180	191	168	199	158	181	
184	197	183	191	194	154	
195	152	164	183	165	162	
178	183	195	161	176	191	
170	168	197	195	189	171	
153	160	184	162	186	176	
157	197	196	188	169	158	
193	162	167	152	179	168	
186	158	175	162	196	164	
188	195	151	180	193	157	
153	195	150	152	181	196	
195	189	181	162	155	190	
175	182	190	191	185	155	
184	188	167	166	171	173	
181	160	169	164	191	172	
163	167	166	199	180	150	
195	163	160	188	172	162	
193	183	167	186	169	171	
191	182	156	192	195	159	
193	159	155	192	182	162	
193	182	168	164	151	178	
183	173	168	162	176	160	
183	185	182	153	175	163	
187	198	179	194	181	176	
176	158	197	183	170	151	
164	179	160	178	184	173	
186	181	191	179	180	174	
197	172	183	178	167	153	
157	155	176	190	179	184	
182	167	161	164	190	150	
163	192	164	151	166	169	
155	185	197	195	175	182	
150	182	188	194	190	169	
186	150	161	188	167	197	
150	154	157	197	193	190	
197	183	175	171	178	177	
184	165	193	153	173	198	
150	180	163	181	168	196	
192	169	156	175	194	155	
156	199	171	162	192	185	
162	155	182	181	176	161	
191	175	194	198	150	159	
185	178	186	154	180	165	
178	162	163	199	159	184	
178	162	163	182	180	174	
172	152	166	162	167	158	
186	163	192	150	156	194	
171	155	181	168	176	166	
151	197	163	178	161	171	
150	167	192	189	171	191	
241	223	235	245	232	243	
232	214	218	230	220	208	
216	243	207	246	222	205	
248	209	218	200	243	237	
241	201	204	213	249	202	
231	215	235	247	221	219	
248	244	201	233	212	202	
244	240	238	237	245	236	
206	203	202	238	214	234	
200	226	225	230	212	220	
246	202	213	231	222	240	
223	217	200	208	213	238	
246	222	219	234	221	211	
241	232	217	220	222	245	
219	248	247	200	205	224	
233	209	243	214	211	238	
230	200	216	238	249	244	
201	235	208	236	233	213	
208	244	242	245	239	238	
244	236	223	243	238	212	
240	229	211	220	200	233	
243	240	233	216	232	219	
233	210	216	236	231	238	
211	214	217	229	213	203	
240	234	221	231	216	214	
211	216	243	236	230	245	
209	211	214	230	236	204	
226	229	245	241	227	224	
215	201	208	234	217	206	
234	223	225	215	235	226	
216	242	231	236	247	201	
210	209	218	232	203	217	
239	218	217	209	216	237	
202	204	239	221	227	235	
213	221	236	228	233	247	
238	207	239	236	231	215	
208	249	206	239	247	246	
241	222	208	207	230	210	
243	210	203	207	213	215	
223	244	238	229	234	228	
226	209	232	219	217	245	
222	220	208	216	219	227	
203	204	241	200	226	229	
215	229	235	232	202	227	
210	229	245	203	223	215	
205	223	236	230	220	211	
238	244	226	235	228	229	
208	217	204	249	246	228	
221	210	209	246	204	240	
233	206	245	207	200	208	
266	280	278	282	299	268	
295	290	252	288	258	281	
273	252	288	271	285	262	
282	260	262	277	297	265	
276	283	262	251	280	298	
252	291	288	292	255	298	
274	253	261	297	260	299	
291	270	299	267	298	289	
279	285	283	253	290	295	
292	253	252	269	251	290	
297	269	276	280	250	251	
260	268	288	291	256	266	
253	273	285	286	272	270	
297	267	256	268	273	290	
261	268	273	259	265	253	
261	256	282	288	296	259	
296	280	250	266	265	251	
264	274	267	285	262	253	
261	283	271	290	258	295	
278	282	257	293	256	297	
265	259	256	293	250	253	
288	263	284	266	299	262	
258	269	270	262	260	256	
264	274	252	285	296	266	
274	267	262	254	293	271	
292	281	254	255	286	278	
266	299	290	257	258	274	
255	291	263	283	262	270	
281	289	274	267	284	288	
258	299	284	261	291	267	
258	268	252	269	266	292	
261	276	294	266	270	264	
288	283	252	287	286	250	
293	269	283	284	261	298	
266	280	253	288	294	279	
279	267	270	274	294	272	
264	266	265	263	274	287	
274	255	290	288	293	260	
250	262	289	260	277	294	
284	286	283	289	267	264	
263	254	271	288	278	266	
281	279	252	274	271	293	
299	274	290	277	291	275	
274	270	256	265	276	264	
276	279	299	252	284	261	
254	270	288	273	296	259	
252	278	292	294	264	250	
299	276	270	292	286	250	
253	261	282	260	296	277	
288	280	295	283	269	272	
336	316	309	311	317	303	
336	306	302	304	322	333	
312	318	339	300	320	346	
343	342	318	313	303	304	
333	319	300	334	345	307	
336	313	326	345	346	349	
342	314	327	315	344	311	
300	339	335	332	333	323	
334	306	336	323	308	311	
334	322	300	307	345	328	
304	347	306	340	330	302	
333	302	345	320	303	343	
338	329	320	335	346	321	
338	345	310	330	343	342	
340	336	307	347	314	320	
308	346	316	343	306	311	
300	326	301	315	321	349	
325	317	335	336	308	304	
331	336	341	300	334	320	
318	324	348	305	330	345	
340	323	330	334	331	335	
332	329	326	300	349	318	
328	341	334	303	348	333	
326	317	332	338	313	348	
344	312	308	335	319	316	
316	346	329	308	301	310	
317	316	343	322	301	325	
303	300	312	319	317	335	
304	303	328	338	325	340	
321	333	315	305	320	322	
328	339	345	343	329	312	
346	311	338	343	315	336	
336	337	315	321	310	304	
333	317	347	338	340	315	
313	335	341	317	303	308	
314	336	346	343	316	304	
302	304	323	307	322	318	
342	332	327	307	328	343	
327	336	318	323	340	339	
333	331	301	345	344	304	
325	333	307	312	309	326	
338	303	340	347	301	322	
336	332	337	303	342	345	
340	307	332	317	313	309	
318	316	313	338	302	325	
322	328	332	301	338	344	
302	349	339	313	328	319	
331	308	318	301	305	319	
315	313	331	326	305	344	
329	333	341	315	334	301	
353	384	351	394	390	360	
362	366	397	368	358	391	
372	366	386	356	374	352	
351	356	391	363	362	377	
368	354	375	386	394	390	
359	360	392	381	378	393	
394	354	390	396	367	389	
374	381	352	355	382	364	
354	393	381	398	359	358	
357	376	391	354	384	381	
372	361	384	391	350	389	
363	370	379	368	393	387	
387	372	369	356	361	359	
361	388	398	395	358	373	
358	386	367	368	396	381	
394	380	375	359	352	390	
351	387	371	352	374	390	
350	377	390	383	369	370	
375	358	356	397	355	353	
399	367	390	366	350	378	
353	381	396	366	375	352	
375	397	379	372	361	380	
395	385	357	351	368	359	
389	398	383	360	354	397	
388	357	363	396	378	370	
372	380	393	397	399	385	
387	367	388	355	398	382	
377	389	393	366	369	388	
372	369	359	367	379	362	
384	357	351	356	385	367	
366	390	372	384	382	376	
395	390	399	358	369	382	
377	365	389	396	351	366	
359	389	355	350	351	353	
380	395	353	356	396	369	
369	362	361	381	354	396	
391	365	382	385	386	383	
390	359	364	351	360	350	
390	393	363	394	352	375	
378	368	393	367	391	373	
386	376	377	359	354	350	
397	357	360	399	358	381	
380	365	361	381	366	350	
396	367	398	368	382	359	
393	353	371	396	392	362	
394	373	362	396	350	374	
380	367	353	389	396	387	
382	354	395	353	371	372	
369	384	398	356	362	380	
363	370	382	351	397	384	
431	433	404	414	449	411	
418	436	429	426	438	411	
429	410	415	441	435	400	
418	444	428	441	405	415	
448	437	432	409	436	415	
414	418	426	438	448	431	
410	447	430	428	418	445	
418	407	401	440	444	406	
416	409	441	438	434	442	
447	404	417	407	410	432	
414	401	417	420	411	442	
441	448	434	437	412	439	
440	423	403	442	426	407	
447	414	421	405	443	409	
443	444	410	428	418	415	
405	409	400	417	434	439	
433	424	449	442	408	437	
410	442	444	441	414	413	
405	449	415	401	416	436	
430	445	435	406	428	446	
403	401	419	433	407	437	
434	413	403	418	444	422	
433	401	442	440	408	426	
440	443	405	404	416	427	
421	401	439	436	442	434	
405	416	421	427	443	407	
407	426	423	449	441	416	
415	431	419	402	421	437	
425	405	426	438	401	409	
403	438	411	447	437	417	
404	409	403	422	417	449	
449	448	407	408	420	424	
422	400	445	408	443	406	
408	439	404	449	416	415	
449	436	431	441	434	420	
442	414	429	417	434	409	
419	431	449	428	415	436	
447	440	431	445	433	407	
420	427	425	442	438	422	
407	441	408	413	426	414	
427	407	405	410	408	420	
441	447	401	448	443	430	
424	437	435	447	416	419	
436	427	422	409	431	426	
416	432	426	422	436	428	
412	417	403	405	420	402	
428	419	400	443	433	404	
413	429	415	437	412	405	
446	449	411	430	431	433	
431	441	438	405	436	428	
477	483	471	474	463	454	
472	469	468	478	463	485	
490	484	470	450	476	475	
451	494	492	457	458	452	
459	455	497	493	486	452	
489	453	473	487	496	466	
486	496	477	474	472	494	
452	451	499	453	460	490	
463	482	483	467	474	484	
461	468	491	475	484	464	
495	465	496	453	489	479	
468	491	465	490	496	471	
464	465	476	468	451	482	
493	460	499	497	482	496	
479	488	482	480	472	483	
459	461	473	472	452	481	
460	462	475	494	455	488	
475	499	462	472	496	459	
489	480	492	463	453	474	
465	494	490	468	482	477	
451	450	460	461	487	482	
486	476	454	459	470	458	
470	450	463	498	490	496	
497	462	498	481	499	453	
455	468	469	496	464	478	
480	450	488	461	476	467	
464	450	485	496	453	471	
469	495	457	487	467	483	
483	474	488	470	489	485	
456	492	453	494	498	475	
450	476	498	468	496	456	
465	496	466	454	462	482	
486	477	489	464	498	475	
477	454	472	459	496	466	
493	491	486	473	495	489	
462	460	495	459	471	452	
457	470	485	483	481	488	
475	483	488	478	486	466	
481	473	451	476	477	494	
478	494	486	463	493	456	
472	483	460	495	480	485	
497	496	480	487	479	494	
483	466	454	491	478	462	
492	486	482	468	455	462	
499	467	454	474	492	477	
483	482	460	463	461	479	
452	479	470	459	453	458	
476	475	453	462	477	496	
453	477	478	472	451	489	
468	470	488	459	497	489	
34	42	43	10	29	24	39	
41	24	6	19	40	20	14	
23	1	28	38	29	37	42	
24	41	16	8	33	42	13	
44	27	1	48	15	46	5	
6	44	7	8	35	43	3	
22	3	48	19	9	8	5	
16	8	10	33	21	47	24	
17	3	31	30	26	2	24	
37	18	40	39	13	46	27	
26	10	21	35	3	46	13	
17	22	16	24	19	12	14	
29	19	17	21	6	44	10	
29	0	20	33	36	46	30	
2	23	40	38	7	28	26	
20	17	33	45	40	25	48	
5	7	13	19	14	16	15	
8	18	7	35	9	32	4	
24	43	11	12	20	39	21	
19	47	44	11	14	6	34	
32	42	40	48	0	23	15	
7	13	45	40	26	42	15	
17	39	6	27	19	28	47	
17	21	30	11	15	29	24	
23	27	8	49	2	13	34	
36	15	11	48	28	33	7	
20	10	37	3	41	19	7	
9	22	0	39	7	30	46	
13	49	20	18	42	31	10	
48	11	15	38	42	14	8	
30	20	27	32	6	44	2	
37	23	38	7	2	34	21	
31	26	32	2	33	49	10	
1	0	43	28	27	32	4	
47	29	7	14	49	0	18	
10	46	44	23	2	18	16	
47	3	15	22	34	46	40	
18	11	5	44	49	33	30	
30	39	43	14	23	41	31	
44	9	46	6	49	31	7	
9	31	35	12	32	1	8	
42	34	18	23	25	26	38	
42	35	19	18	21	6	16	
11	9	5	42	8	33	40	
2	3	7	14	22	41	32	
43	40	37	26	5	42	22	
12	18	32	34	25	4	31	
39	24	14	3	33	49	19	
34	8	43	46	10	41	40	
35	17	45	49	44	34	43	
71	53	66	54	59	93	65	
73	70	60	90	91	98	85	
53	86	90	67	63	59	50	
99	85	65	98	54	90	81	
52	79	61	63	82	83	97	
93	63	89	84	75	86	65	
66	97	57	89	71	53	91	
75	92	90	66	77	56	68	
58	96	97	92	70	88	63	
86	69	55	90	76	98	67	
54	63	53	55	91	60	77	
55	89	81	57	74	50	72	
75	83	81	51	60	87	78	
51	85	97	95	83	58	94	
58	92	98	66	93	73	51	
70	81	58	56	62	68	94	
77	57	62	74	86	83	60	
85	82	54	99	77	53	84	
95	96	89	55	97	75	93	
93	66	65	85	84	75	64	
68	53	80	50	67	54	98	
71	51	56	70	58	55	77	
92	89	84	75	93	58	62	
72	76	84	54	50	77	90	
64	97	84	67	51	92	76	
79	97	63	82	59	52	89	
54	98	67	86	72	69	70	
66	54	71	69	90	86	50	
60	67	86	89	59	85	78	
90	55	80	85	71	62	92	
64	72	66	61	57	69	86	
90	97	98	89	58	95	60	
76	66	57	63	81	59	51	
69	78	82	59	96	92	76	
54	58	71	77	50	95	66	
95	76	69	91	65	66	74	
57	96	98	77	66	83	75	
73	65	58	57	67	52	66	
51	61	96	59	86	99	87	
89	64	59	70	99	67	68	
65	52	94	70	85	95	98	
60	94	89	81	59	62	61	
68	83	66	51	73	74	56	
50	75	93	86	87	81	52	
53	86	68	78	89	94	90	
81	88	60	72	63	93	82	
55	91	62	57	83	74	51	
60	86	75	51	63	50	95	
61	76	71	96	64	51	75	
97	53	59	91	98	58	77	
134	136	148	104	144	122	102	
115	127	104	141	126	122	125	
129	121	117	141	143	140	133	
120	124	139	135	149	147	105	
138	109	132	141	104	105	103	
103	113	134	142	118	141	100	
122	149	110	109	101	137	116	
128	149	119	129	113	138	124	
129	121	117	147	120	123	133	
141	140	106	137	149	145	104	
109	121	137	144	140	134	102	
113	126	149	144	146	111	112	
122	135	110	134	129	115	142	
145	146	133	116	115	141	132	
148	149	122	132	108	127	123	
146	129	136	112	132	128	135	
139	109	146	100	130	137	145	
104	141	142	117	125	119	106	
127	138	106	117	147	131	105	
149	116	137	134	109	111	100	
115	136	106	147	121	127	128	
112	118	140	101	120	132	138	
129	136	138	140	120	107	118	
126	147	101	131	119	110	140	
114	137	110	143	117	104	124	
140	141	110	147	139	123	111	
125	141	101	134	108	136	130	
120	141	128	111	136	138	127	
110	108	125	145	115	102	140	
133	107	149	137	127	100	120	
120	133	128	122	140	109	134	
105	129	138	111	134	130	146	
121	132	104	128	144	122	118	
130	109	146	129	113	102	126	
107	117	124	131	116	137	101	
115	147	136	101	128	102	105	
117	129	107	144	111	145	102	
142	114	108	116	144	139	128	
140	146	124	139	106	113	133	
123	131	127	108	109	107	101	
147	103	121	122	125	114	144	
148	114	112	130	115	147	103	
118	137	132	139	130	100	146	
131	139	130	123	116	111	126	
128	107	149	131	104	116	106	
149	140	128	100	115	113	103	
101	135	114	142	107	148	143	
101	103	113	123	109	141	140	
114	110	131	113	100	121	144	
103	112	120	119	136	115	102	
191	152	185	176	179	195	174	
177	172	198	182	185	197	188	
153	155	166	181	170	191	165	
175	166	173	199	178	192	164	
155	183	171	164	193	169	157	
173	184	152	169	188	195	156	
198	174	199	188	169	157	160	
153	185	180	198	193	187	160	
169	171	184	173	196	187	182	
165	182	153	196	188	167	199	
170	198	171	188	172	150	154	
168	169	192	194	151	164	186	
169	170	192	181	198	194	195	
187	174	173	188	185	150	171	
184	168	164	177	162	159	155	
184	194	151	161	196	188	182	
165	157	180	183	185	176	195	
162	170	184	161	157	191	198	
188	151	170	196	178	185	159	
194	152	168	151	171	181	198	
179	159	154	187	183	158	186	
186	171	174	168	150	152	165	
153	199	167	194	162	181	163	
195	186	156	198	187	168	161	
192	178	182	155	151	188	162	
191	190	181	172	159	164	171	
191	161	171	181	185	198	195	
152	156	186	161	173	179	181	
159	154	171	198	177	160	194	
152	176	178	155	179	177	154	
195	183	168	153	170	181	197	
167	158	184	155	187	164	163	
163	153	162	192	155	195	183	
177	150	156	157	163	198	162	
184	170	160	172	179	194	190	
152	169	166	158	161	180	174	
161	184	164	178	154	158	191	
151	161	175	184	189	163	162	
196	165	163	155	178	192	153	
187	169	184	170	182	186	198	
183	150	193	163	189	186	192	
199	159	155	181	176	180	162	
171	172	164	159	156	197	185	
174	196	158	151	172	165	160	
188	162	191	150	163	180	157	
152	162	179	151	150	177	164	
155	184	194	185	191	171	189	
160	171	157	161	158	177	176	
175	189	177	168	164	163	158	
197	169	195	179	156	167	166	
201	203	246	239	218	221	214	
200	221	232	222	247	201	205	
216	218	205	203	223	248	232	
248	227	241	200	213	203	231	
223	249	242	210	229	237	235	
246	240	243	229	217	249	207	
218	244	220	241	212	239	209	
207	214	201	230	233	212	247	
200	216	220	224	201	204	238	
247	228	214	229	201	236	248	
213	224	244	229	241	222	210	
221	236	201	220	215	212	202	
206	201	240	247	224	242	235	
225	201	232	221	245	206	218	
243	242	246	234	205	229	235	
246	208	211	235	242	213	214	
235	211	234	232	223	231	212	
219	247	207	204	228	244	205	
217	218	205	206	249	207	211	
229	237	205	210	204	227	242	
231	242	238	201	214	234	233	
235	208	245	211	234	222	243	
220	231	210	235	207	219	216	
245	243	201	220	214	203	236	
228	223	229	213	237	233	209	
216	212	233	217	210	209	239	
230	248	231	228	202	229	218	
210	200	201	233	242	236	221	
235	200	205	240	208	213	241	
232	237	213	207	247	227	238	
205	203	213	216	201	231	202	
233	213	241	206	248	222	200	
242	235	222	232	215	218	208	
208	202	218	209	235	225	237	
210	232	202	225	219	213	240	
235	222	227	236	247	248	217	
206	232	249	212	219	200	229	
216	238	222	212	209	217	233	
207	227	222	230	243	205	224	
230	236	231	244	226	239	220	
224	225	213	205	215	226	223	
230	232	237	225	238	240	202	
200	223	205	220	228	225	226	
214	237	203	240	239	236	221	
216	228	220	236	222	223	235	
212	210	224	230	214	220	231	
205	225	203	220	209	211	227	
208	219	213	221	243	247	228	
227	241	237	218	204	234	213	
212	219	231	211	244	243	226	
292	261	256	282	272	264	290	
265	279	278	264	298	255	270	
257	286	268	262	281	276	296	
299	253	297	267	269	265	298	
291	259	264	297	283	290	260	
260	276	298	251	286	290	265	
252	289	281	291	256	284	261	
255	295	256	290	284	262	291	
273	259	257	287	284	272	275	
266	284	283	278	295	250	267	
273	250	267	269	254	262	255	
253	258	252	256	275	285	268	
268	276	298	274	299	292	295	
281	259	274	295	280	266	257	
296	253	263	274	282	260	267	
287	261	267	293	258	272	262	
254	291	296	261	260	269	282	
295	291	259	290	263	251	283	
281	271	279	272	286	266	261	
259	258	294	263	283	293	270	
262	287	278	286	257	263	282	
286	264	277	288	294	280	254	
293	281	286	259	261	285	283	
266	270	290	274	292	295	259	
254	286	288	271	280	298	255	
265	259	271	283	255	290	277	
282	263	273	275	284	283	256	
285	267	276	286	277	262	257	
261	274	276	290	285	250	291	
250	283	294	257	282	271	297	
251	269	255	296	274	299	272	
279	275	272	257	271	259	286	
260	262	265	284	256	252	282	
256	297	298	263	273	270	275	
282	273	250	297	278	294	255	
267	269	283	274	299	264	292	
295	273	266	278	270	294	256	
260	254	257	272	282	273	255	
278	280	284	259	255	290	264	
267	250	298	296	279	258	277	
275	282	266	294	261	263	264	
272	284	278	280	281	287	262	
268	270	254	257	250	256	295	
296	289	263	269	281	287	256	
286	255	261	251	264	259	293	
260	271	266	272	258	285	252	
273	264	295	289	262	282	269	
295	297	263	269	254	277	253	
299	263	288	265	255	276	279	
251	278	263	252	294	282	260	
329	301	321	330	304	319	335	
347	328	308	348	345	324	307	
309	347	327	337	302	348	345	
328	323	334	341	339	301	349	
342	331	348	347	318	300	324	
302	306	304	318	324	316	343	
338	348	329	334	346	339	302	
347	338	323	317	310	300	332	
302	304	323	327	328	332	311	
334	330	310	317	308	305	335	
325	349	329	328	343	306	304	
349	330	340	332	320	302	311	
317	308	311	306	313	314	321	
314	335	304	325	337	338	310	
310	338	337	344	304	341	322	
349	338	313	310	303	342	345	
342	327	300	306	347	349	307	
318	332	311	343	330	331	308	
348	341	345	300	343	347	311	
329	314	306	330	332	333	345	
324	337	321	304	303	313	346	
332	340	321	320	347	314	346	
337	324	348	343	335	306	313	
308	333	334	338	327	341	346	
305	314	317	310	321	325	335	
334	332	320	344	323	314	315	
340	305	302	307	337	328	345	
348	300	310	321	311	328	343	
322	343	315	348	333	309	302	
338	300	343	314	318	313	329	
332	304	329	349	339	338	318	
332	329	347	323	318	309	335	
333	320	330	331	326	340	323	
309	303	332	341	307	340	323	
312	331	342	338	339	336	313	
335	348	319	313	330	339	342	
302	328	337	336	311	346	348	
301	326	340	323	325	349	342	
308	317	329	348	345	309	313	
325	310	346	303	314	333	300	
301	304	305	340	309	323	341	
306	302	327	330	329	314	305	
316	337	333	312	340	343	307	
342	307	340	304	334	318	346	
305	341	324	347	328	346	336	
348	313	327	320	315	307	331	
328	322	349	346	325	348	307	
307	314	319	303	306	304	331	
315	326	316	310	328	311	312	
310	315	342	325	321	312	331	
357	397	362	368	365	394	363	
354	382	369	391	378	374	368	
365	376	370	389	364	352	399	
370	365	395	379	388	390	397	
385	397	382	356	368	371	351	
358	387	382	374	397	369	378	
372	383	350	394	386	357	358	
362	388	369	360	374	363	368	
356	365	394	393	351	361	376	
362	380	391	394	368	398	351	
383	371	360	399	366	381	392	
370	397	354	360	387	384	362	
352	373	388	386	364	369	368	
371	385	367	397	355	362	352	
372	361	355	381	375	386	362	
393	388	361	372	381	397	375	
350	382	369	359	394	379	384	
363	369	398	352	392	385	395	
378	393	352	381	384	375	371	
381	376	367	387	372	355	391	
364	380	381	385	370	397	396	
390	388	373	363	350	399	379	
359	381	365	353	382	380	362	
386	352	354	391	390	366	358	
373	399	398	391	386	380	353	
352	365	350	375	359	377	387	
366	356	397	380	386	358	357	
378	374	392	369	373	360	357	
360	383	379	361	374	376	369	
380	388	356	390	377	389	367	
379	372	380	383	352	374	357	
380	386	355	379	352	373	360	
392	384	359	385	363	397	398	
398	379	363	354	397	370	360	
397	354	386	353	399	380	359	
352	367	398	380	362	357	377	
379	362	354	396	375	359	355	
377	369	386	379	361	394	363	
366	364	360	389	399	392	394	
380	390	370	385	389	354	387	
360	367	370	372	392	365	398	
389	363	369	391	380	379	381	
399	374	363	350	392	358	398	
386	361	387	350	362	380	369	
374	363	352	399	371	368	370	
395	358	394	392	361	360	366	
350	388	372	395	379	357	370	
369	379	392	394	359	390	353	
399	376	389	388	385	352	391	
361	354	392	351	379	353	393	
440	417	408	427	410	416	438	
414	428	442	429	446	440	438	
409	412	426	400	443	438	421	
417	402	413	433	407	441	412	
410	411	420	441	400	424	428	
416	429	405	447	437	410	419	
418	416	430	433	444	436	406	
434	407	412	443	422	441	432	
406	414	429	427	422	428	415	
437	409	444	426	418	424	413	
408	439	401	422	423	448	436	
402	441	403	418	405	411	449	
449	406	423	404	414	418	407	
419	433	409	420	429	428	435	
446	411	426	424	447	427	402	
434	406	401	447	417	419	429	
406	401	411	417	408	445	421	
410	434	443	413	439	406	449	
403	410	413	447	444	439	433	
413	411	418	449	415	417	437	
414	423	405	438	446	437	432	
403	437	438	416	413	446	433	
426	404	430	425	447	422	435	
444	419	423	408	418	414	440	
439	428	404	415	431	448	444	
446	412	425	430	442	433	402	
438	448	421	440	420	432	427	
430	416	412	400	422	418	423	
405	430	442	426	429	409	449	
442	419	424	446	411	428	404	
409	423	439	431	444	418	425	
419	445	426	446	449	418	406	
448	435	438	409	421	415	437	
401	400	434	404	438	407	442	
445	442	413	444	436	419	405	
406	408	431	439	427	411	415	
428	424	427	415	438	439	407	
403	432	437	440	418	443	410	
421	402	448	432	424	441	436	
421	440	406	426	413	437	423	
405	421	426	431	412	402	418	
445	424	433	409	431	402	434	
441	424	416	425	427	419	405	
421	409	441	433	428	406	444	
447	404	405	415	407	409	443	
428	434	446	419	427	423	429	
440	416	436	409	447	443	426	
441	415	438	449	442	421	444	
434	440	437	405	414	443	435	
415	429	402	403	427	423	437	
459	474	462	496	494	493	464	
461	460	481	493	470	454	458	
456	493	455	488	474	485	482	
478	495	487	452	473	497	483	
478	489	460	474	461	491	467	
473	494	452	480	499	457	464	
464	486	484	454	498	482	493	
451	457	465	458	471	479	469	
494	489	476	492	493	452	459	
482	499	491	479	485	489	488	
490	496	475	492	467	450	455	
499	479	492	455	474	482	457	
466	491	468	465	454	459	464	
463	485	496	460	494	466	478	
451	480	460	474	470	478	499	
494	458	459	476	489	491	492	
484	455	497	463	466	489	470	
472	484	483	480	471	470	482	
452	476	451	485	488	469	481	
493	461	457	468	499	450	486	
453	490	454	466	482	491	452	
463	499	484	466	473	486	478	
483	472	480	473	456	476	484	
451	479	454	487	453	498	464	
456	451	498	486	474	496	479	
450	477	495	453	464	452	492	
496	472	490	482	495	460	467	
456	474	486	483	468	495	457	
452	467	485	483	455	469	494	
470	498	476	464	451	497	463	
461	470	474	450	479	468	476	
454	465	497	470	463	478	486	
462	468	487	478	451	488	467	
478	450	491	471	473	496	469	
489	465	487	458	469	477	481	
475	457	487	471	460	499	493	
462	464	482	470	475	485	471	
484	496	491	487	483	455	475	
488	456	477	458	473	469	462	
463	459	479	483	492	464	477	
493	469	468	461	484	480	454	
463	464	474	490	454	458	487	
475	452	466	476	450	465	487	
464	451	453	485	456	450	470	
494	480	490	462	456	453	457	
453	457	495	460	494	480	476	
498	459	492	475	480	482	486	
478	461	497	481	463	479	483	
464	493	458	482	454	495	499	
488	460	475	472	485	457	453	
43	12	16	4	15	20	35	34	
36	35	19	17	46	40	31	37	
38	42	36	37	46	47	7	20	
45	17	47	49	18	19	40	35	
25	33	47	32	11	0	9	44	
0	35	48	23	24	38	13	39	
38	16	20	4	17	33	30	13	
13	27	45	15	48	25	34	19	
19	41	34	8	22	40	33	7	
34	29	5	9	26	49	19	4	
41	22	13	10	29	35	0	45	
40	29	9	20	31	25	24	4	
44	28	7	0	49	39	31	2	
44	2	25	11	26	35	9	36	
49	25	31	11	3	46	19	36	
36	1	6	21	31	9	5	17	
39	35	6	3	25	45	28	38	
27	1	25	45	6	0	41	43	
8	29	10	34	41	11	46	9	
29	39	20	31	47	28	42	43	
24	25	17	31	29	30	46	41	
45	34	21	3	5	44	32	28	
47	6	43	28	39	30	22	14	
2	7	1	49	34	40	0	19	
46	42	30	22	45	47	9	7	
45	32	19	40	47	46	49	13	
29	24	40	49	42	12	13	30	
28	30	27	35	43	12	47	48	
48	20	38	32	6	45	18	36	
46	23	42	43	26	15	25	29	
49	5	13	8	27	12	3	45	
23	18	27	20	25	44	37	30	
44	2	9	27	48	18	49	12	
23	35	31	44	18	21	19	33	
15	5	11	27	30	43	40	10	
47	28	4	42	3	48	35	2	
19	28	42	10	47	17	18	49	
24	34	17	42	27	38	49	19	
28	26	40	7	11	44	8	33	
4	13	42	3	36	27	44	43	
16	47	38	42	44	43	7	5	
40	23	39	18	1	38	47	41	
27	49	25	14	2	17	6	40	
38	39	17	3	7	30	2	42	
18	25	39	19	27	4	36	38	
11	19	45	29	41	21	47	31	
43	9	28	1	18	8	22	17	
43	23	11	37	16	40	7	31	
37	26	23	6	21	14	32	30	
26	38	45	1	23	29	24	6	
77	62	69	75	94	66	55	90	
79	52	91	68	72	80	98	54	
63	61	77	69	90	56	67	79	
56	63	51	88	99	55	93	57	
64	86	88	79	98	52	67	65	
63	75	54	70	92	71	51	50	
67	64	89	53	66	95	59	73	
53	83	98	85	91	87	68	82	
87	58	80	76	89	67	68	92	
74	88	97	92	73	57	89	59	
94	55	89	90	60	65	53	82	
53	92	96	59	62	84	51	88	
85	67	66	96	59	55	72	52	
89	96	86	92	88	76	77	60	
61	96	54	58	79	63	53	72	
63	75	70	88	79	76	94	93	
54	56	89	73	71	79	83	57	
86	72	66	58	99	97	55	51	
90	77	73	82	75	57	72	81	
74	78	69	89	77	54	84	59	
91	84	60	68	75	96	53	57	
88	56	81	86	63	53	76	77	
67	80	97	88	76	50	52	57	
83	88	59	94	50	93	82	70	
90	78	67	88	68	81	91	99	
62	96	83	84	93	71	75	87	
54	83	61	53	50	87	72	64	
81	57	74	84	85	80	72	55	
76	55	69	51	97	86	80	71	
89	72	61	69	53	77	84	57	
79	71	99	61	88	52	62	59	
92	59	82	57	61	53	99	71	
79	77	69	82	92	95	81	84	
74	80	98	52	72	94	88	83	
88	52	73	75	89	74	72	69	
78	90	96	64	51	59	57	91	
50	53	61	75	58	55	71	79	
78	82	92	97	73	93	88	74	
99	68	50	91	81	59	87	92	
72	57	71	98	76	83	89	75	
99	53	88	81	79	63	66	67	
83	64	82	61	76	53	74	87	
96	55	87	81	95	56	65	92	
75	94	63	61	92	57	78	82	
78	61	57	70	62	66	50	54	
98	84	58	96	57	67	69	95	
77	69	97	71	79	74	70	89	
72	79	57	95	87	81	88	55	
89	92	86	51	57	70	61	54	
60	83	70	79	69	82	65	51	
116	114	137	100	111	147	117	133	
122	115	124	137	149	120	144	121	
133	143	117	149	119	123	102	138	
109	130	135	107	103	136	141	127	
136	128	137	147	107	143	101	135	
108	134	122	102	143	148	109	116	
112	142	118	110	111	107	144	145	
148	118	108	109	136	142	128	105	
100	118	146	102	125	131	116	133	
140	116	104	114	117	145	103	102	
101	107	127	104	126	102	105	147	
135	130	111	100	131	115	146	141	
120	116	107	109	139	114	115	145	
139	101	142	124	147	113	116	123	
133	145	114	131	129	107	117	119	
138	136	124	106	148	145	147	117	
104	147	130	112	146	126	124	143	
109	121	108	114	146	136	131	101	
100	118	133	132	111	109	145	129	
149	111	139	106	116	148	136	145	
120	145	115	134	147	138	107	140	
125	141	132	134	106	130	145	121	
123	124	141	142	103	100	137	111	
115	146	126	125	113	121	103	134	
137	144	102	149	111	131	104	120	
138	110	141	134	104	107	120	149	
133	113	114	127	122	120	112	138	
146	111	124	110	123	102	149	117	
100	105	146	120	114	130	135	126	
139	137	138	148	101	131	145	143	
137	141	121	131	101	105	107	127	
107	146	103	101	132	102	142	147	
120	131	149	129	132	111	140	113	
146	144	123	105	145	140	101	110	
122	105	104	149	116	143	136	103	
100	146	125	113	122	114	124	145	
114	120	106	115	119	135	105	104	
138	111	149	102	108	112	116	130	
143	112	129	146	100	139	107	119	
121	123	139	141	138	118	148	109	
103	104	105	117	119	102	106	132	
147	122	114	135	140	145	138	116	
118	120	129	111	140	105	134	112	
142	146	108	127	101	135	117	139	
112	142	132	103	125	122	143	135	
113	138	120	107	111	109	106	104	
132	129	148	146	134	101	119	143	
142	104	134	124	136	103	119	132	
139	133	141	110	149	107	129	100	
101	148	112	141	123	113	128	135	
179	196	169	159	178	191	170	187	
165	154	166	186	181	198	171	193	
187	152	196	166	176	172	191	153	
190	187	194	158	166	177	182	157	
167	161	189	179	196	191	182	158	
161	199	182	197	183	155	158	194	
156	163	167	184	161	168	160	193	
168	156	193	175	183	199	151	163	
155	167	194	191	188	192	172	163	
165	173	192	195	152	198	176	179	
191	159	177	158	186	155	195	157	
194	178	198	184	189	180	167	195	
191	174	183	154	152	186	187	178	
178	195	152	181	161	168	176	177	
152	181	182	173	184	198	197	178	
168	162	177	175	154	182	159	170	
162	175	160	157	167	194	191	178	
154	180	162	158	187	182	150	153	
182	155	163	193	176	179	164	156	
199	175	189	151	161	170	159	155	
169	167	157	160	194	188	151	164	
191	188	153	154	162	150	156	166	
160	186	190	173	175	172	174	150	
173	195	176	154	181	155	182	150	
198	170	166	194	195	191	153	165	
166	178	195	194	156	181	174	196	
176	157	184	160	155	191	182	173	
150	182	198	180	169	183	190	157	
178	165	157	197	167	184	156	164	
174	188	171	186	154	193	156	197	
173	187	154	175	196	171	159	192	
179	173	182	181	177	153	197	172	
176	186	181	166	199	160	190	164	
153	191	188	162	182	186	179	180	
156	158	186	199	155	165	187	154	
180	169	185	155	168	192	164	153	
152	181	177	154	188	197	170	168	
150	177	160	161	195	186	181	153	
178	179	192	174	168	171	150	152	
165	161	166	157	169	153	183	193	
187	171	199	168	178	156	196	176	
193	192	196	172	150	187	159	180	
186	167	199	190	191	188	156	150	
193	166	191	197	174	175	158	181	
184	173	150	165	188	168	163	177	
199	176	172	170	153	174	198	173	
182	157	169	183	174	175	189	162	
199	183	181	163	153	156	195	179	
156	185	153	177	183	172	190	193	
188	195	181	191	193	166	176	183	
225	237	235	200	238	219	224	216	
213	231	210	219	205	228	234	223	
237	203	232	221	243	228	207	242	
217	210	249	214	246	242	243	225	
200	210	238	208	243	229	216	221	
209	248	205	222	237	225	214	241	
221	241	230	233	202	216	222	232	
221	210	204	241	230	217	233	243	
223	239	204	244	227	228	218	246	
228	241	204	229	224	207	203	210	
221	202	214	247	234	208	212	209	
245	220	201	246	204	208	207	219	
204	233	245	200	207	201	220	247	
205	218	204	234	211	207	240	229	
209	233	223	200	220	210	244	215	
234	236	202	226	215	248	235	213	
221	220	235	214	202	212	200	229	
237	236	225	218	210	243	227	201	
224	238	233	228	220	229	244	225	
228	236	242	223	247	221	238	244	
226	247	237	240	232	229	202	239	
213	203	230	235	215	202	241	228	
212	239	243	216	202	205	249	208	
227	235	238	217	231	218	213	221	
229	227	244	240	230	203	206	248	
242	241	237	202	209	235	249	203	
214	233	200	204	206	203	240	224	
224	246	220	205	237	223	229	208	
214	221	245	243	231	222	226	246	
244	231	206	201	209	212	214	229	
214	239	200	240	227	219	241	235	
242	241	211	203	220	244	208	213	
224	202	212	208	245	204	235	244	
219	225	244	249	204	243	224	235	
212	203	234	236	241	247	240	237	
234	219	212	231	215	247	202	209	
203	245	213	229	239	215	236	249	
215	227	214	200	247	238	223	208	
215	241	234	238	227	212	219	224	
246	221	233	210	224	247	228	208	
243	237	200	219	245	208	207	238	
240	205	201	241	245	229	218	249	
249	243	219	236	225	234	204	200	
211	204	249	203	221	245	210	246	
203	218	246	242	220	212	205	215	
240	229	213	201	211	232	243	249	
212	201	220	203	240	232	247	206	
232	218	216	247	214	228	212	217	
246	216	244	206	201	231	230	236	
235	245	225	222	216	229	200	243	
290	296	266	261	284	269	259	279	
284	253	282	252	276	297	275	257	
292	256	264	275	263	290	295	277	
262	273	286	294	261	298	293	280	
289	286	298	256	266	271	296	284	
289	265	293	279	282	257	259	277	
257	286	266	297	299	275	251	293	
279	284	273	275	252	267	293	255	
279	270	272	255	283	282	261	251	
285	254	281	275	299	261	270	291	
299	287	267	255	251	253	288	294	
260	262	290	294	267	266	299	257	
257	280	281	283	265	264	259	252	
255	285	292	264	281	251	294	265	
262	288	251	283	298	263	271	299	
293	265	283	251	250	256	254	258	
297	286	288	280	276	292	294	254	
282	263	257	256	295	268	254	253	
255	261	292	275	284	294	296	283	
271	262	263	279	292	299	273	277	
296	290	278	289	266	273	293	287	
281	253	290	250	282	291	261	293	
291	279	261	264	282	270	283	251	
297	268	254	277	292	251	283	269	
288	286	257	258	260	285	265	276	
256	268	284	292	274	281	258	251	
267	251	276	294	256	253	284	288	
261	282	299	257	251	264	263	253	
283	292	254	287	253	262	272	289	
265	278	291	279	275	268	273	276	
276	283	264	271	260	287	282	275	
277	279	293	253	257	260	254	283	
263	298	287	268	279	273	299	251	
290	255	251	299	252	289	284	272	
296	285	250	297	253	289	267	261	
264	254	266	250	298	275	289	273	
298	279	257	295	265	283	261	270	
267	282	279	284	294	255	280	298	
298	251	254	273	256	296	279	257	
260	277	298	272	253	266	270	251	
269	292	287	271	279	289	270	255	
273	277	270	276	296	261	287	293	
264	274	287	298	294	260	299	266	
254	250	288	261	287	257	251	286	
266	285	258	262	265	263	277	253	
273	270	262	254	296	253	265	288	
293	262	273	258	267	270	265	274	
274	262	253	291	275	250	299	284	
295	266	281	260	275	268	269	286	
271	268	274	299	280	257	279	252	
313	301	322	328	303	329	340	327	
313	308	344	324	325	340	333	326	
314	322	313	315	308	337	317	316	
345	331	324	305	338	303	304	329	
306	347	326	348	349	329	305	332	
333	340	318	346	315	347	313	332	
339	315	328	324	346	322	300	330	
342	314	313	322	321	318	305	303	
334	322	313	321	338	341	301	312	
322	303	317	344	329	331	328	305	
312	308	307	347	328	330	305	301	
321	322	320	335	346	340	313	323	
315	309	324	343	313	322	301	332	
348	344	331	332	306	338	323	336	
329	349	333	332	306	319	321	308	
306	313	310	325	344	303	334	319	
344	324	340	309	316	310	330	306	
301	347	327	349	305	316	320	332	
346	336	310	300	349	303	343	333	
337	323	333	327	339	313	306	341	
333	312	349	309	323	321	339	310	
312	301	329	349	340	334	325	309	
306	344	346	347	325	303	304	337	
347	320	331	332	305	310	333	312	
335	338	339	321	306	312	329	341	
303	344	345	300	308	305	327	348	
346	311	340	328	300	325	334	349	
332	322	347	313	335	323	330	341	
310	317	318	302	342	326	314	325	
321	313	329	310	322	349	305	332	
315	348	302	331	305	328	310	342	
341	309	324	343	303	307	337	330	
346	301	314	325	344	302	323	307	
314	318	303	302	336	323	343	332	
346	333	329	335	310	344	303	304	
320	312	339	332	333	342	304	315	
331	316	326	347	340	305	319	310	
300	311	326	324	306	304	323	313	
323	324	300	329	330	336	331	317	
317	304	327	320	325	331	312	319	
313	330	337	320	346	305	318	327	
321	342	312	345	336	302	300	310	
340	343	300	317	323	337	344	321	
319	315	342	311	343	307	345	304	
344	315	341	330	343	331	336	338	
312	326	320	324	345	341	316	317	
336	329	321	317	305	345	328	322	
327	325	302	301	326	321	336	322	
323	320	326	305	310	301	340	330	
309	306	343	331	305	311	301	334	
397	355	354	396	369	365	388	380	
356	389	387	372	376	375	355	365	
359	350	387	394	362	385	353	393	
398	359	373	369	376	365	395	355	
381	362	391	389	376	393	385	359	
359	384	381	395	391	398	376	369	
358	384	355	379	363	395	362	353	
368	384	369	373	392	364	381	362	
371	392	383	372	352	369	362	385	
386	359	382	367	377	363	380	350	
360	368	390	367	365	372	381	393	
361	353	379	390	391	383	397	396	
354	371	380	350	351	362	369	391	
394	392	355	375	383	377	389	382	
372	399	392	370	389	365	363	381	
364	391	389	386	357	361	395	390	
383	373	378	379	351	363	369	395	
395	358	381	368	398	351	389	385	
385	383	398	374	382	358	380	367	
387	370	398	393	367	389	383	386	
369	353	386	380	374	396	393	359	
352	395	398	390	369	365	387	391	
399	391	355	375	351	398	393	362	
390	384	392	387	360	397	388	365	
381	364	395	356	392	397	373	376	
361	377	390	385	387	389	398	365	
380	364	395	392	352	394	370	350	
385	365	394	390	353	369	376	398	
370	350	382	355	365	384	362	353	
398	370	371	377	374	395	380	396	
395	359	365	390	357	362	360	375	
368	391	357	384	377	381	354	393	
380	389	386	392	352	382	350	393	
392	355	390	376	381	393	384	356	
365	366	370	387	396	353	383	388	
392	379	362	367	398	369	375	365	
397	381	395	392	368	380	364	352	
378	388	384	389	396	356	362	352	
362	376	352	399	356	397	386	378	
356	388	389	359	393	353	373	351	
357	399	355	383	350	362	388	356	
357	383	378	389	391	371	384	395	
394	396	398	357	391	370	375	353	
399	371	352	386	372	391	362	365	
371	385	382	388	365	350	393	366	
394	398	388	391	387	371	368	366	
368	354	355	363	371	379	364	386	
380	368	372	396	379	390	360	352	
357	351	385	384	397	389	379	399	
388	365	378	374	369	356	364	372	
434	402	445	437	414	403	419	441	
440	424	435	400	444	447	423	449	
405	422	434	413	436	401	427	416	
415	440	426	411	405	447	434	439	
413	421	412	414	423	447	449	429	
429	445	435	415	425	439	412	426	
411	441	412	418	425	413	415	410	
424	444	411	431	425	410	413	435	
400	419	428	407	414	411	424	432	
420	447	449	431	404	444	413	439	
422	429	416	447	448	405	420	445	
438	410	403	440	421	447	424	418	
446	414	429	404	405	443	445	442	
413	435	433	408	404	402	431	443	
445	410	441	428	435	409	404	408	
404	415	426	429	434	418	405	416	
443	438	435	444	433	412	409	418	
418	420	448	410	442	433	413	405	
429	424	445	419	426	428	413	416	
403	404	416	439	420	406	436	409	
402	429	441	445	418	425	416	404	
443	412	430	414	441	425	436	427	
406	429	439	422	404	449	419	437	
401	403	413	438	410	449	407	441	
443	440	411	434	413	405	410	449	
437	448	443	408	421	417	430	420	
440	404	433	448	438	442	408	414	
438	439	403	444	447	445	413	429	
435	429	410	426	431	440	419	430	
411	418	446	447	420	410	440	428	
448	411	414	405	420	408	421	416	
402	403	441	429	430	448	424	409	
408	419	434	427	435	406	430	404	
439	442	443	435	421	447	410	426	
425	430	406	413	404	439	434	448	
409	424	412	433	404	439	444	403	
439	431	410	407	423	447	424	416	
430	406	414	412	403	417	426	401	
428	401	436	422	448	406	403	446	
425	438	403	412	419	409	428	435	
415	435	416	429	419	432	438	417	
433	410	430	445	446	405	427	420	
426	435	436	439	409	443	400	432	
405	418	432	439	406	423	414	435	
434	418	422	439	445	430	412	429	
418	402	428	400	410	426	421	424	
415	429	432	440	419	424	448	412	
422	445	448	412	432	426	435	446	
405	415	447	437	449	432	425	443	
411	407	445	413	415	421	422	448	
457	472	482	498	450	477	454	459	
450	483	475	453	458	463	459	476	
470	489	492	474	461	468	465	458	
488	497	485	482	498	471	477	463	
455	488	493	494	452	465	498	483	
493	477	450	468	491	463	466	495	
466	496	454	463	475	468	456	471	
487	459	454	453	495	491	496	490	
458	479	480	494	486	497	469	472	
490	478	492	476	452	463	464	460	
469	454	450	499	483	480	460	482	
469	477	454	471	472	494	499	481	
487	473	482	465	497	488	489	477	
485	476	496	469	479	490	450	475	
467	455	498	484	478	486	466	482	
479	471	469	467	491	486	499	474	
461	453	499	475	489	457	488	474	
493	475	490	487	453	486	488	485	
479	450	494	486	480	491	464	485	
456	483	496	467	493	477	457	485	
481	452	474	493	460	480	479	497	
495	463	480	453	468	465	484	488	
473	498	469	497	458	485	484	492	
475	450	485	494	476	454	465	466	
452	463	477	450	497	471	491	478	
473	477	486	497	468	464	467	490	
451	473	490	499	455	453	480	498	
474	482	458	484	486	479	464	495	
451	486	464	467	499	456	498	483	
452	475	498	490	459	461	491	471	
469	452	459	493	451	453	460	475	
485	452	471	473	461	479	495	499	
489	479	487	480	486	461	491	470	
460	488	485	450	482	458	497	456	
454	490	470	499	492	484	458	459	
479	450	490	474	471	453	478	465	
464	455	456	472	497	498	483	469	
493	450	465	491	489	480	456	490	
452	498	488	480	496	483	471	473	
462	477	499	487	458	480	470	472	
473	483	493	487	485	466	472	455	
495	474	456	471	486	451	455	482	
453	461	489	464	477	494	466	491	
453	471	485	474	457	494	465	481	
496	456	487	499	475	461	491	465	
458	476	473	492	485	469	490	450	
478	492	456	466	470	460	490	468	
470	497	459	499	481	498	480	487	
478	463	462	461	475	485	490	454	
472	475	460	458	481	490	473	494	
266	364	308	
390	448	248	
30	339	448	
394	19	392	
390	499	193	
256	384	180	
181	345	89	
11	392	107	
79	321	98	
227	366	345	
442	206	420	
307	69	121	
97	412	451	
459	333	478	
215	211	297	
72	0	324	
129	78	463	
177	333	255	
177	189	408	
158	288	497	
288	381	446	
225	55	83	
416	167	28	
469	283	12	
199	47	381	
352	235	471	
441	85	357	
448	293	272	
364	112	149	
383	416	16	
460	18	72	
10	306	70	
376	224	429	
280	62	339	
418	212	457	
246	133	278	
337	406	347	
316	174	412	
45	96	137	
233	206	163	
198	205	162	
250	241	454	
247	152	248	
159	461	391	
315	177	340	
398	139	120	
318	458	453	
197	189	474	
73	244	405	
453	363	425	
335	54	310	
349	126	121	
276	167	71	
433	295	407	
252	424	100	
470	76	209	
428	255	382	
110	224	59	
50	321	301	
261	494	202	
273	187	181	
9	54	251	
421	38	98	
237	371	289	
48	382	474	
279	329	332	
219	112	433	
83	353	481	
215	210	132	
260	458	450	
168	366	103	
311	379	30	
54	318	169	
175	489	337	
499	29	282	
334	112	6	
418	113	289	
160	337	176	
270	26	334	
348	15	296	
457	222	91	
82	256	347	
48	23	113	
145	199	354	
60	495	277	
144	172	183	
106	248	376	
52	431	484	
52	254	71	
25	369	298	
38	115	364	
226	339	302	
327	39	233	
454	365	123	
249	108	162	
396	73	225	
407	154	482	
74	25	278	
243	414	261	
74	350	499	
227	198	496	
396	82	135	
436	293	420	
478	104	17	
237	443	15	
112	94	92	
101	399	376	
478	297	287	
398	362	350	
202	335	299	
47	290	183	
6	485	314	
6	89	465	
396	244	489	
219	150	49	
62	17	233	
138	356	39	
453	215	433	
337	218	156	
7	385	157	
274	382	44	
191	471	493	
21	273	472	
257	140	225	
454	384	348	
80	361	317	
476	129	144	
412	395	281	
462	452	368	
63	469	198	
155	218	72	
8	416	287	
357	389	421	
459	253	429	
169	358	115	
458	467	335	
140	197	40	
33	253	191	
404	303	263	
47	326	16	
132	360	133	
472	33	442	
202	96	173	
71	349	180	
386	479	178	
322	135	390	
227	147	115	
441	281	92	
124	89	188	
75	333	107	
31	166	468	6	
407	14	366	27	
177	122	46	4	
471	141	180	446	
436	477	458	307	
328	125	95	393	
98	327	422	367	
143	222	369	97	
465	343	188	353	
466	340	140	351	
164	471	310	36	
167	130	408	195	
432	166	439	87	
388	423	18	115	
91	335	330	168	
318	15	365	349	
354	228	263	209	
373	345	37	315	
381	467	330	258	
115	34	295	292	
178	428	18	241	
482	100	293	471	
261	425	334	27	
219	416	497	48	
140	250	461	196	
393	99	272	452	
305	1	462	363	
399	39	170	70	
94	24	314	16	
343	66	294	31	
80	499	187	257	
195	295	41	124	
241	285	129	462	
327	431	359	422	
132	383	464	482	
355	286	258	421	
195	103	221	173	
415	491	257	223	
384	307	56	348	
7	431	311	480	
100	78	53	242	
306	125	282	35	
103	156	375	88	
431	78	129	270	
198	406	213	307	
15	59	428	86	
180	244	51	470	
364	145	362	456	
352	45	115	141	
57	288	95	458	
467	388	137	319	
242	260	12	380	
190	477	463	184	
376	459	120	430	
41	261	50	66	
313	81	184	151	
469	276	447	427	
95	161	270	437	
184	301	293	89	
272	394	259	191	
242	4	148	164	
437	411	20	15	
200	423	86	449	
334	396	198	491	
272	167	341	253	
197	73	214	478	
122	93	484	180	
478	13	490	388	
252	496	77	446	
85	374	336	201	
399	428	415	122	
395	226	306	431	
310	193	262	269	
425	209	343	110	
329	302	488	420	
434	209	311	484	
232	254	155	101	
357	304	498	111	
456	140	317	405	
243	85	404	397	
256	351	410	399	
70	279	344	455	
447	345	497	182	
477	417	240	259	
358	228	99	460	
267	1	349	2	
397	371	224	154	
472	40	223	232	
25	433	370	493	
33	320	4	16	
422	266	164	334	
66	404	35	402	
2	333	361	368	
310	19	172	443	
420	427	215	101	
489	487	101	162	
374	76	230	97	
78	221	112	450	
165	24	7	467	
229	216	404	474	
46	314	297	346	
442	373	369	330	
481	27	367	209	
66	300	176	190	
44	416	481	28	
285	232	272	96	
118	153	338	92	
395	475	373	409	
346	135	410	372	
427	312	89	179	
308	88	327	269	
367	180	395	28	
199	285	242	18	
51	437	179	282	
198	134	156	30	
455	290	91	297	
247	106	110	438	
404	342	57	334	
373	398	191	241	
397	29	74	311	
104	469	14	41	
468	404	32	414	
241	19	332	423	
36	318	339	146	
456	23	171	432	
248	349	261	345	
47	334	81	83	
303	9	295	371	
45	303	76	19	
498	133	441	220	
322	199	118	339	
445	423	482	78	
115	350	265	159	
345	175	296	398	
403	356	252	181	
374	126	298	204	
177	237	369	323	
223	360	204	167	
355	395	141	387	
4	175	128	492	
337	197	252	314	
108	220	352	151	
447	488	26	278	
221	124	333	41	
260	30	190	372	
133	181	273	433	
58	449	63	171	
413	269	54	456	
342	22	295	260	
298	443	64	424	
211	461	129	182	285	
362	441	226	265	311	
27	239	284	309	30	
63	38	319	376	391	
311	22	276	295	387	
50	400	388	292	421	
54	316	222	249	243	
361	467	245	259	231	
305	117	20	155	116	
57	105	343	492	86	
266	243	455	218	355	
371	182	83	30	416	
498	183	342	190	78	
359	111	213	144	258	
135	246	463	286	312	
133	229	260	429	465	
121	39	33	397	481	
100	319	145	321	297	
480	324	2	476	407	
56	320	365	46	490	
328	202	99	473	269	
194	151	244	198	130	
154	389	24	448	128	
149	373	56	257	48	
260	236	355	399	350	
288	459	347	325	330	
55	49	82	178	231	
299	348	487	273	461	
330	101	295	439	56	
219	368	58	390	455	
348	335	155	122	240	
47	179	211	316	135	
25	317	208	15	495	
488	96	489	150	202	
447	251	261	339	77	
96	79	244	230	14	
300	107	369	213	214	
180	86	360	21	42	
378	116	352	457	41	
256	255	213	212	47	
130	19	113	51	32	
163	247	170	63	204	
231	158	380	25	206	
135	327	123	321	431	
309	124	374	11	115	
103	426	240	44	420	
13	190	461	44	280	
333	217	233	438	483	
350	325	333	172	221	
128	463	254	408	440	
43	8	56	112	185	
297	8	410	136	21	
68	371	147	94	475	
49	58	241	252	365	
116	129	219	289	99	
406	293	71	400	306	
262	330	438	228	185	
291	235	272	93	160	
122	147	298	201	484	
342	434	211	171	460	
81	32	131	106	203	
7	218	289	124	335	
390	137	216	380	200	
166	239	360	345	435	
211	113	138	162	497	
20	488	112	391	153	
250	102	385	308	325	
194	315	198	249	29	
497	125	47	214	129	
478	347	403	362	57	
428	374	45	203	177	
10	6	485	415	496	
407	27	231	194	284	
252	216	444	110	111	
264	278	283	418	409	
43	45	498	41	68	
28	443	294	238	306	
389	5	387	395	34	
75	155	284	165	188	
274	48	458	489	412	
452	340	80	193	406	
348	220	97	359	433	
332	299	478	421	247	
339	212	408	80	87	
375	11	25	266	317	
286	376	341	141	127	
78	34	422	263	94	
60	484	285	413	490	
120	14	466	304	355	
279	70	134	411	323	
463	287	475	269	397	
435	62	262	465	54	
249	201	217	157	52	
179	354	355	454	306	
122	152	369	395	343	
185	159	340	317	402	
293	359	253	472	364	
394	262	363	449	478	
226	40	306	429	287	
272	448	493	134	80	
339	314	387	228	133	
492	429	291	56	401	
132	185	286	6	147	
138	145	346	496	328	
147	55	18	494	184	
99	267	405	488	214	
428	7	16	59	238	
198	105	490	497	25	
482	388	492	336	115	
26	331	206	31	50	
249	346	237	180	187	
144	432	30	63	172	
269	63	238	305	192	
484	286	29	344	389	
259	55	2	342	27	
296	447	488	23	427	
151	345	381	214	106	
151	374	188	78	1	
41	418	57	261	181	
226	436	392	199	153	
493	52	471	395	30	
167	338	261	491	63	
424	29	487	422	303	
409	276	186	456	85	
174	398	274	173	499	
295	243	471	281	449	
0	346	276	18	458	
78	457	226	102	210	
208	359	378	341	447	
317	471	137	401	495	
317	159	283	199	395	
397	154	182	193	386	
434	269	299	174	328	
253	246	51	36	117	
83	71	134	46	262	
238	112	364	38	423	
99	47	406	445	195	
479	302	390	413	38	
400	77	479	404	148	
63	307	473	146	369	
179	211	416	173	368	
334	223	211	409	422	
291	316	345	401	221	
121	384	104	390	15	
5	28	309	229	409	
253	272	395	405	139	
316	434	368	205	467	
208	271	327	172	53	
297	409	130	478	85	
240	486	435	480	91	
