13	30	16	11	23	1	
32	46	39	0	4	21	
6	46	10	24	16	21	
6	23	46	45	0	18	
16	10	9	34	23	7	
45	35	29	42	10	34	
6	5	18	12	35	22	
2	3	16	0	13	18	
16	0	38	12	40	9	
44	39	37	41	27	10	
31	1	22	12	19	11	
47	12	35	30	45	32	
10	11	8	41	42	39	
44	4	23	41	5	18	
4	13	20	28	45	24	
19	20	5	7	15	40	
48	6	25	32	45	20	
14	17	35	37	33	19	
41	35	17	29	16	21	
18	36	44	41	38	20	
33	49	13	12	48	15	
42	29	41	34	35	47	
23	27	6	33	43	19	
15	25	26	34	23	24	
15	4	36	8	7	11	
27	2	13	14	44	24	
2	18	46	24	3	37	
1	49	16	41	9	48	
1	49	39	6	40	22	
36	34	31	33	48	19	
45	48	36	8	43	20	
24	13	22	40	43	21	
1	4	7	39	5	37	
21	29	18	13	4	22	
19	10	43	16	18	41	
44	7	29	11	15	37	
28	4	14	33	0	45	
29	43	44	49	1	24	
10	5	25	3	28	27	
8	17	19	10	39	2	
45	34	10	28	1	40	
22	45	36	27	21	24	
37	32	12	3	1	44	
26	3	47	12	11	34	
47	26	10	46	21	22	
49	22	41	46	16	43	
8	21	23	17	27	3	
11	21	23	38	14	8	
39	13	49	43	22	31	
13	30	29	20	3	18	
67	88	97	66	84	89	
77	84	58	85	57	72	
52	67	72	73	57	86	
85	59	68	54	52	86	
64	50	85	62	58	77	
56	53	73	71	98	82	
54	52	80	67	58	51	
71	96	84	87	80	93	
55	59	67	51	63	64	
72	79	67	74	62	60	
57	78	96	67	69	99	
70	79	78	65	59	86	
76	71	73	85	78	83	
91	56	54	61	71	83	
92	95	83	71	64	66	
97	91	77	95	80	83	
59	74	54	65	68	98	
56	91	89	78	98	86	
74	94	83	93	87	95	
85	54	98	91	63	84	
63	78	66	52	86	60	
79	50	56	60	70	86	
92	66	56	99	97	59	
64	53	51	87	71	72	
67	55	58	68	88	89	
81	69	90	68	54	53	
66	57	77	59	78	97	
69	61	80	79	65	75	
99	52	90	71	95	63	
87	65	60	51	52	88	
94	74	52	60	77	56	
67	64	63	82	84	85	
51	57	53	52	76	82	
84	91	77	65	90	71	
65	69	76	82	74	71	
68	72	88	55	53	96	
94	99	96	59	78	53	
95	94	74	57	60	51	
64	61	56	53	99	75	
95	97	85	81	55	72	
54	50	80	95	88	93	
75	71	95	52	50	51	
69	92	78	57	60	52	
64	79	54	77	61	51	
94	91	77	52	89	90	
51	86	81	75	68	63	
72	64	69	66	82	53	
68	98	54	73	76	56	
97	81	89	64	88	78	
96	50	71	72	79	97	
105	114	143	111	142	127	
136	143	102	131	145	122	
117	131	102	128	116	147	
137	102	104	109	112	122	
112	118	116	125	129	126	
128	147	130	143	123	132	
129	102	114	125	138	140	
142	135	112	121	143	108	
125	119	118	132	146	109	
104	130	103	148	112	137	
119	144	135	115	133	145	
126	105	134	109	112	135	
107	137	118	140	136	127	
103	138	115	116	125	134	
144	118	125	121	124	113	
140	146	115	129	137	121	
110	134	120	149	133	132	
146	139	148	140	107	143	
149	139	120	106	110	119	
111	123	125	115	113	143	
138	147	110	124	136	111	
116	141	125	112	104	134	
124	148	133	130	103	116	
101	138	137	125	104	111	
113	144	103	106	107	142	
119	102	126	137	133	112	
108	146	136	106	147	116	
128	131	106	114	124	141	
101	126	121	138	110	107	
106	100	148	102	118	109	
118	122	131	106	117	125	
143	141	103	123	129	130	
130	102	139	142	141	103	
127	148	103	106	104	100	
139	103	126	111	115	118	
106	108	124	135	122	120	
143	106	109	104	147	110	
127	130	111	118	147	132	
102	138	142	144	104	131	
135	139	115	127	109	126	
149	139	104	119	122	113	
128	108	122	148	105	136	
111	105	100	144	117	138	
139	123	118	135	103	122	
132	122	140	118	104	142	
145	143	112	136	141	142	
137	123	140	136	146	121	
124	114	147	149	118	138	
131	141	108	107	112	119	
124	144	143	105	125	147	
187	170	190	195	151	168	
162	182	159	157	174	186	
157	171	150	153	179	155	
192	189	191	165	169	197	
153	189	176	174	177	185	
173	175	186	171	152	183	
181	175	174	187	194	151	
156	198	183	154	173	170	
196	150	195	166	175	199	
186	162	158	191	194	193	
167	168	182	150	183	181	
158	182	190	187	184	176	
159	198	163	181	187	197	
177	194	160	157	151	167	
160	156	182	159	150	177	
156	177	192	158	174	160	
197	169	182	199	165	187	
160	156	159	152	163	172	
185	168	179	156	192	186	
199	164	178	158	171	185	
197	194	156	192	155	193	
197	193	182	171	165	168	
197	198	175	170	181	156	
182	185	160	184	150	159	
176	187	171	170	163	195	
199	178	174	154	158	172	
164	176	194	171	192	163	
192	168	162	184	186	191	
191	194	177	165	155	182	
183	196	187	163	191	180	
196	175	164	168	177	184	
151	189	188	168	198	176	
178	191	152	165	164	154	
175	178	180	155	157	197	
163	159	154	179	167	175	
186	185	171	192	167	194	
166	173	169	196	165	179	
158	183	188	174	180	197	
194	188	159	173	177	165	
167	168	186	177	160	151	
193	153	157	150	171	179	
197	160	199	165	175	151	
152	177	175	151	153	168	
199	183	194	157	168	175	
161	176	156	199	193	157	
171	169	193	156	150	199	
170	194	159	183	192	177	
160	194	191	181	156	189	
150	167	194	183	154	186	
161	191	170	192	163	150	
241	224	239	215	205	226	
218	205	203	249	232	217	
218	242	205	243	237	239	
200	217	246	243	226	238	
248	216	233	204	211	239	
233	211	246	235	244	219	
242	217	241	200	233	231	
209	221	210	235	214	218	
217	206	238	241	239	246	
216	214	246	208	217	232	
210	227	219	213	242	230	
207	204	238	205	226	244	
240	247	227	203	243	230	
214	221	233	211	248	215	
229	212	206	221	233	225	
228	229	203	233	236	237	
249	239	234	245	209	232	
230	214	229	202	246	213	
241	228	227	207	232	237	
232	247	218	245	239	226	
211	239	243	207	226	234	
232	249	235	204	234	244	
233	204	217	234	205	223	
201	208	221	225	220	219	
246	247	245	216	229	213	
240	202	212	213	228	234	
214	241	217	226	238	232	
210	204	230	231	240	205	
245	223	222	220	203	212	
202	233	215	213	239	219	
228	219	249	212	232	242	
243	209	236	246	215	242	
243	232	207	208	229	209	
234	246	216	240	235	223	
225	220	224	208	211	206	
215	230	232	216	213	209	
244	202	222	241	227	242	
239	215	219	210	237	224	
210	238	239	213	243	209	
224	219	207	241	205	242	
204	246	206	227	222	226	
221	223	233	248	235	215	
225	211	222	241	229	238	
228	232	210	229	217	202	
217	235	201	231	222	211	
206	224	220	244	219	237	
206	235	233	224	218	247	
247	215	242	211	201	245	
244	223	205	232	227	210	
238	232	200	202	243	239	
281	290	283	292	268	282	
268	260	294	261	291	288	
287	268	262	299	260	277	
285	281	268	266	298	292	
259	260	256	289	276	299	
251	262	272	286	270	263	
268	262	296	285	276	257	
299	253	290	264	281	267	
287	280	283	286	290	293	
299	254	295	272	294	273	
282	285	275	292	254	269	
255	257	286	296	291	250	
277	253	272	283	296	281	
266	250	287	272	273	293	
269	282	280	254	294	272	
264	287	253	281	275	269	
269	287	257	280	282	290	
273	275	251	266	289	287	
290	260	275	263	254	296	
251	280	252	279	277	284	
290	283	299	260	263	255	
259	299	252	283	264	275	
263	279	286	281	285	264	
275	260	266	282	289	258	
293	253	267	271	263	255	
286	252	288	291	254	255	
255	288	270	293	292	262	
254	285	258	270	268	281	
270	267	251	273	284	265	
270	280	283	265	299	279	
279	256	291	280	265	267	
279	252	275	299	283	255	
283	261	294	259	277	265	
256	258	275	278	290	299	
293	276	259	256	284	285	
263	271	272	265	252	276	
290	287	267	255	250	258	
254	293	299	253	268	280	
250	264	287	293	291	273	
296	269	261	283	279	285	
262	284	280	295	261	287	
258	289	278	272	256	270	
295	278	275	296	287	298	
283	262	284	267	265	280	
283	253	250	261	254	260	
279	257	254	297	286	261	
261	284	291	252	276	264	
294	278	256	279	252	292	
296	289	263	253	274	294	
297	299	284	269	263	257	
311	346	326	320	306	347	
330	332	341	333	317	319	
307	321	309	348	331	347	
310	329	320	348	349	337	
348	306	318	309	317	347	
324	323	343	314	344	325	
310	330	320	301	319	314	
347	307	308	349	318	316	
312	316	322	314	318	325	
305	315	321	343	332	340	
316	336	333	347	305	329	
335	331	317	301	322	324	
344	307	340	322	308	313	
340	349	305	323	301	315	
315	321	313	309	328	342	
341	332	348	339	328	343	
309	302	348	345	301	342	
324	335	333	345	346	344	
307	315	301	336	349	339	
336	338	342	306	331	349	
342	333	343	326	321	323	
323	319	315	324	303	320	
339	343	313	318	337	338	
307	323	318	346	300	301	
336	343	302	332	330	319	
312	306	332	329	331	317	
347	329	307	322	346	326	
303	339	331	321	323	337	
339	307	346	306	349	345	
313	324	335	317	347	308	
323	328	310	309	335	336	
313	341	349	306	332	331	
317	303	341	319	301	332	
320	348	304	314	331	319	
318	326	336	322	339	340	
303	304	345	309	318	332	
309	329	332	328	302	342	
302	332	334	300	314	338	
331	345	317	301	334	325	
335	340	345	339	307	348	
323	337	319	318	348	300	
344	338	309	333	302	334	
331	322	338	342	345	324	
333	317	300	321	306	331	
311	317	321	337	332	324	
338	341	326	343	328	325	
331	307	337	312	305	327	
314	306	311	333	323	336	
346	349	306	309	320	332	
305	314	339	346	324	336	
362	356	359	364	394	398	
380	352	399	368	360	385	
380	394	383	366	357	351	
373	368	396	384	359	364	
388	356	390	351	360	395	
374	383	396	361	399	367	
392	371	389	383	385	393	
356	389	354	394	367	370	
387	386	374	397	375	396	
361	360	359	393	363	366	
391	368	366	380	390	399	
350	352	364	388	359	367	
364	375	350	395	351	391	
386	390	367	364	373	380	
353	363	369	383	395	367	
370	376	398	396	394	395	
368	396	352	378	371	386	
370	394	399	369	389	354	
351	367	382	362	354	359	
362	357	376	364	354	352	
377	370	381	389	364	376	
376	385	383	399	363	381	
395	388	398	365	392	390	
378	360	356	364	398	395	
391	383	352	353	396	356	
360	399	389	374	375	368	
399	392	395	374	388	368	
379	351	364	383	352	388	
373	393	350	358	367	378	
392	376	354	356	383	398	
377	378	350	354	373	362	
352	356	389	382	395	393	
368	389	378	381	361	354	
394	367	397	384	375	383	
356	363	368	393	392	376	
384	360	370	381	388	378	
397	380	362	394	358	385	
367	395	398	368	359	371	
379	377	351	366	350	362	
369	386	366	371	357	378	
374	355	369	389	351	396	
376	397	390	357	380	375	
390	354	397	350	375	396	
383	371	353	385	355	356	
393	355	354	357	356	352	
362	386	361	353	352	390	
393	364	357	397	390	363	
393	397	394	376	369	390	
350	382	373	374	399	368	
356	398	351	354	373	365	
440	448	439	421	419	407	
420	421	416	438	404	419	
423	434	420	433	424	425	
430	421	420	439	431	446	
448	400	401	435	411	419	
448	420	441	406	429	403	
410	421	446	445	402	443	
424	405	444	415	416	413	
424	406	421	439	401	435	
440	439	431	435	432	420	
433	449	410	417	424	441	
440	433	422	421	413	444	
448	443	444	416	437	406	
445	439	417	431	418	412	
401	438	403	416	436	440	
443	420	436	404	405	448	
444	424	400	432	418	437	
412	428	403	446	419	413	
414	400	418	417	441	413	
409	423	407	429	415	448	
410	435	414	442	433	422	
430	441	447	436	422	417	
424	444	417	419	430	449	
434	439	427	420	402	426	
414	401	446	418	420	432	
430	400	407	421	446	408	
421	435	430	401	404	413	
447	449	420	415	419	400	
442	437	400	418	443	436	
432	422	421	402	446	401	
442	446	401	407	444	443	
415	441	431	419	422	413	
403	421	445	442	425	415	
408	422	419	412	425	447	
425	437	440	444	449	421	
429	407	438	417	424	439	
402	421	425	435	441	400	
424	405	408	425	434	411	
423	413	435	421	438	410	
438	439	431	418	401	403	
431	425	410	440	434	447	
422	433	430	404	427	402	
433	418	402	400	408	434	
431	427	405	445	403	439	
448	444	422	442	427	423	
448	419	435	449	439	444	
424	421	434	417	413	408	
427	423	418	436	416	403	
430	443	435	414	440	406	
420	436	444	414	430	410	
453	471	483	451	480	497	
464	472	497	493	458	496	
463	451	496	485	462	456	
496	453	454	468	466	484	
481	487	494	474	478	451	
452	460	495	482	483	492	
497	479	476	482	480	481	
476	474	483	450	481	459	
457	459	487	492	469	467	
480	487	468	489	463	471	
475	454	499	458	460	465	
484	494	479	483	464	470	
466	465	464	459	456	470	
480	494	452	461	459	492	
462	494	481	474	490	455	
455	488	453	463	482	484	
466	485	463	457	458	450	
474	473	450	484	472	464	
492	454	484	480	481	494	
487	490	468	470	498	450	
468	475	466	491	458	486	
468	462	457	492	481	499	
480	484	465	453	486	471	
463	478	454	465	458	471	
470	453	494	482	456	462	
477	487	498	452	461	480	
497	460	471	466	458	495	
463	469	492	475	479	454	
454	452	484	487	478	489	
496	462	454	474	479	493	
458	459	491	480	497	481	
481	475	478	476	457	469	
480	482	488	452	491	495	
450	489	492	475	476	457	
479	451	494	478	476	474	
490	488	494	462	450	471	
463	462	456	458	496	464	
492	467	470	487	457	475	
479	466	455	478	490	485	
481	465	478	479	476	477	
466	468	482	487	495	497	
458	459	475	450	481	466	
459	475	453	474	451	487	
475	467	454	456	477	486	
496	463	457	456	454	464	
491	461	454	450	473	492	
488	481	489	471	477	467	
461	482	451	470	492	454	
483	461	489	450	467	493	
453	451	457	496	461	477	
8	42	2	38	21	35	7	
31	40	19	26	38	1	13	
30	49	41	46	33	9	22	
43	13	7	46	30	24	18	
49	35	34	36	15	12	26	
1	18	40	45	11	24	5	
19	26	45	47	30	48	44	
30	5	20	4	1	29	37	
49	38	41	34	17	24	39	
36	6	13	43	38	27	5	
22	14	39	27	31	34	9	
49	41	48	29	17	30	39	
12	34	20	25	45	19	48	
30	7	49	37	3	34	17	
8	38	15	29	7	3	19	
18	17	37	48	19	39	12	
22	43	13	11	20	23	21	
41	10	37	19	44	22	35	
23	27	26	38	39	5	14	
0	22	4	42	19	18	26	
15	0	32	33	21	19	45	
32	27	7	4	9	36	23	
5	43	27	34	24	30	3	
39	20	34	48	0	40	23	
38	29	17	28	49	13	25	
27	21	26	22	5	45	24	
15	23	6	47	31	28	40	
46	39	25	11	36	26	33	
11	5	38	28	24	30	1	
45	37	20	30	34	7	46	
32	40	6	14	35	18	1	
31	5	15	13	1	28	9	
36	19	44	37	13	29	1	
14	49	24	15	21	12	28	
39	17	12	23	13	41	42	
26	14	7	13	16	29	21	
49	35	17	0	8	45	47	
38	25	5	18	16	2	8	
46	49	24	28	40	14	37	
18	3	44	32	4	39	36	
44	14	21	13	30	36	22	
25	0	11	19	37	40	28	
47	9	6	19	17	27	0	
26	46	34	30	5	0	7	
19	9	36	21	25	28	11	
11	1	34	43	40	12	32	
34	20	44	30	10	36	4	
41	34	49	40	29	5	4	
45	46	41	43	14	39	17	
42	3	36	32	28	33	4	
75	67	85	74	57	52	84	
67	80	65	51	55	71	61	
72	76	55	97	80	75	62	
71	92	74	82	93	79	81	
56	94	75	63	85	70	58	
76	57	71	60	51	97	91	
81	96	98	94	97	66	67	
94	78	67	52	92	68	62	
56	51	80	96	72	52	98	
72	93	74	55	62	78	92	
51	52	50	82	62	96	87	
64	82	90	84	92	98	80	
74	71	84	94	50	75	62	
69	93	53	84	87	82	67	
93	76	82	59	73	86	57	
96	80	61	67	53	70	54	
78	94	68	62	91	59	52	
50	85	92	82	52	79	59	
75	88	65	93	91	87	84	
54	82	88	71	98	52	86	
91	89	64	81	77	60	92	
51	68	64	94	84	76	73	
87	98	96	55	57	61	78	
82	62	77	60	65	71	85	
61	71	79	70	88	94	55	
80	92	89	81	72	56	69	
52	54	81	66	82	90	84	
58	95	56	69	63	87	96	
91	96	80	60	82	87	66	
97	96	61	99	70	82	56	
69	76	68	50	58	73	83	
68	82	52	80	53	93	87	
98	87	76	68	79	85	60	
53	64	89	76	93	80	81	
61	80	69	56	91	77	79	
92	72	88	87	58	89	97	
89	99	74	77	75	92	88	
65	73	50	98	78	80	77	
58	81	69	54	64	61	53	
67	97	50	85	95	69	78	
98	86	67	71	79	82	88	
52	58	89	97	77	56	80	
87	84	92	97	54	85	56	
59	70	60	92	71	99	75	
86	94	93	97	61	84	60	
55	72	86	98	62	60	97	
88	75	74	92	91	71	99	
70	54	81	97	85	94	72	
83	63	85	74	87	86	76	
86	82	65	50	71	61	80	
110	101	132	135	138	108	112	
139	101	148	133	144	125	116	
118	148	136	124	110	128	102	
149	142	107	141	126	125	145	
125	142	127	136	132	116	130	
143	112	120	145	114	113	130	
146	118	119	108	134	147	116	
118	120	114	147	127	149	115	
120	121	139	122	127	133	125	
144	139	113	107	147	112	119	
103	102	132	100	118	123	104	
121	146	123	120	132	116	117	
114	113	123	128	133	129	121	
129	117	149	139	136	102	127	
121	140	110	143	108	106	137	
105	146	117	133	129	102	145	
141	100	113	120	128	145	107	
149	102	119	127	118	104	108	
144	100	132	110	114	118	115	
148	121	127	142	115	117	145	
139	105	148	122	132	104	102	
102	135	113	114	126	123	143	
107	141	143	133	101	140	135	
125	122	109	102	105	128	147	
108	125	102	139	137	118	109	
101	100	147	109	117	134	139	
114	147	118	100	139	126	121	
134	144	121	115	148	127	146	
128	149	135	144	100	120	125	
112	124	115	101	132	139	137	
132	103	142	133	144	125	116	
136	140	111	138	148	104	134	
106	136	130	122	129	115	119	
125	148	103	101	147	142	127	
142	136	147	110	115	141	125	
147	140	141	126	124	113	105	
143	147	124	119	138	118	126	
100	146	106	149	129	115	117	
110	131	100	137	145	146	120	
123	141	146	104	142	144	149	
141	101	144	145	148	142	110	
130	103	134	144	100	138	107	
132	116	126	100	148	114	111	
147	114	108	122	149	127	134	
102	118	141	145	138	104	148	
105	137	103	122	132	100	106	
129	107	148	112	149	113	105	
116	127	131	148	108	134	113	
139	122	128	119	130	141	104	
137	121	120	101	116	136	106	
173	162	151	183	176	178	157	
165	195	183	199	153	185	156	
176	165	180	192	163	197	193	
178	171	152	181	198	166	167	
174	188	156	169	172	173	167	
155	187	167	173	189	185	177	
185	164	193	155	195	177	183	
182	174	192	193	172	179	198	
166	191	174	175	158	190	199	
198	163	162	192	178	196	169	
190	178	181	150	189	197	192	
158	179	185	181	176	161	188	
180	177	172	198	192	160	153	
159	156	163	168	194	157	154	
189	155	166	159	185	199	193	
169	163	170	167	181	153	177	
175	195	169	172	192	161	152	
193	199	170	171	189	157	182	
164	154	177	175	173	156	151	
180	175	163	185	186	168	198	
159	189	162	176	166	199	171	
187	162	178	152	192	197	182	
160	173	169	162	192	199	197	
169	179	159	163	171	175	192	
178	156	160	192	183	150	177	
168	185	169	163	154	177	151	
164	176	171	151	196	177	155	
174	155	160	188	189	182	190	
169	193	191	160	151	164	156	
196	195	162	193	180	170	190	
168	155	198	188	194	170	156	
189	192	162	156	187	167	198	
183	190	157	187	174	155	172	
155	187	183	171	186	182	177	
183	170	167	162	184	156	186	
188	193	182	197	159	153	164	
183	172	175	187	151	192	178	
184	153	165	154	196	150	160	
188	179	172	180	171	173	169	
190	183	156	157	171	193	151	
168	154	176	199	193	192	152	
175	165	190	191	172	173	176	
197	151	196	186	167	162	156	
157	187	159	160	158	193	196	
163	161	181	192	173	190	183	
176	167	166	156	190	198	191	
166	180	162	187	199	183	159	
159	199	173	168	189	183	167	
175	181	150	174	194	157	189	
170	176	182	171	168	153	161	
221	246	204	243	217	220	211	
200	232	245	216	220	233	244	
235	206	226	244	231	202	207	
246	233	232	226	231	219	234	
209	224	200	210	240	223	226	
249	243	246	211	221	203	247	
217	239	226	207	242	234	224	
230	245	221	240	223	247	229	
218	203	241	211	236	238	220	
235	201	224	248	217	225	243	
204	210	202	243	234	216	220	
238	221	231	226	207	249	216	
231	222	216	230	245	236	238	
224	216	249	230	203	247	232	
233	216	244	202	211	210	209	
249	210	201	200	244	221	240	
201	247	227	231	200	244	222	
229	240	212	235	247	203	231	
218	248	244	215	241	208	224	
228	219	212	239	227	245	216	
208	223	225	203	242	248	222	
247	232	208	235	215	212	216	
211	233	227	217	234	203	214	
204	203	206	219	217	243	216	
203	220	240	238	242	213	204	
230	207	237	235	216	220	221	
207	245	234	236	206	216	221	
242	203	211	209	217	223	225	
249	247	234	209	229	220	236	
219	244	236	220	228	209	221	
217	233	228	226	247	200	216	
248	200	232	221	233	213	237	
225	205	235	214	209	227	201	
220	216	219	230	234	243	225	
240	237	224	242	209	208	218	
215	227	203	231	237	205	209	
227	242	237	225	220	218	240	
220	234	213	236	237	244	228	
228	240	246	221	220	208	243	
229	233	226	246	245	230	247	
236	233	207	202	200	216	237	
244	228	225	249	230	243	212	
229	215	218	204	211	219	249	
237	232	214	212	244	225	207	
248	216	236	215	229	233	210	
217	248	232	244	230	237	207	
245	201	211	218	207	234	232	
247	239	240	246	220	202	249	
223	219	249	237	215	241	243	
204	246	212	242	240	230	220	
282	279	284	267	262	280	261	
275	263	279	271	266	277	268	
290	284	291	257	280	279	256	
295	264	278	265	275	259	257	
272	286	292	285	278	256	261	
273	284	275	293	267	285	272	
278	260	267	251	253	274	280	
251	271	269	257	252	255	272	
279	262	299	296	298	290	251	
290	294	261	260	268	299	288	
290	256	273	253	260	278	274	
284	292	298	280	289	299	265	
257	276	299	292	295	271	254	
268	290	266	293	299	285	276	
253	297	292	273	255	293	251	
274	269	297	250	298	280	259	
277	256	291	259	264	280	273	
276	255	287	281	290	256	275	
276	264	268	251	259	287	266	
291	283	263	268	266	276	290	
264	291	294	271	253	295	254	
266	257	276	293	284	289	253	
287	299	271	272	256	295	294	
260	268	273	262	274	280	278	
271	260	278	295	296	267	261	
250	259	262	297	287	273	280	
288	261	283	265	277	258	269	
270	257	289	268	293	284	262	
274	280	273	252	287	292	263	
270	299	294	263	257	272	291	
255	260	272	287	274	257	250	
261	287	265	256	259	277	298	
284	274	260	285	277	251	289	
268	274	254	259	271	286	296	
261	278	256	292	294	272	266	
282	254	284	256	278	277	288	
283	274	277	291	280	275	278	
260	271	279	283	297	294	275	
280	251	293	266	288	276	267	
290	270	264	280	252	261	286	
276	277	284	271	263	286	297	
293	270	274	257	285	255	271	
275	258	260	253	263	284	251	
256	250	290	261	267	277	270	
288	299	287	282	253	298	278	
250	295	280	251	265	287	263	
252	255	276	267	264	278	280	
256	263	277	298	272	274	255	
293	272	267	277	287	297	291	
294	253	272	286	289	254	259	
318	343	330	310	341	309	307	
322	300	348	341	345	305	344	
310	328	346	316	341	342	333	
304	305	325	301	332	337	341	
303	326	319	328	320	318	346	
318	335	344	347	301	331	340	
331	325	304	303	330	349	334	
321	303	331	328	324	301	316	
338	341	306	326	314	313	333	
318	319	348	323	325	304	317	
336	301	311	312	322	347	338	
341	332	339	320	348	318	323	
346	308	340	309	337	325	302	
310	339	312	336	314	345	349	
306	339	314	325	347	317	330	
302	338	339	335	342	316	314	
313	334	338	349	314	339	304	
333	330	345	344	325	349	307	
346	318	319	323	333	305	342	
344	310	336	315	347	309	339	
335	302	306	318	347	348	342	
328	311	339	314	331	348	346	
318	335	331	341	337	307	345	
338	332	314	300	342	329	328	
306	307	343	326	325	321	347	
307	320	329	301	348	339	312	
309	313	333	302	329	308	337	
336	312	340	307	306	330	310	
304	306	309	300	338	319	339	
333	346	322	340	336	325	349	
311	312	321	308	348	349	320	
329	332	307	348	305	318	304	
301	303	305	349	342	300	317	
340	336	301	311	315	310	347	
302	329	308	305	332	348	337	
349	310	338	323	333	328	330	
332	315	308	311	316	300	344	
313	339	312	327	315	326	342	
345	334	335	324	329	302	348	
335	321	323	331	337	315	345	
320	318	300	314	340	315	329	
318	343	333	341	336	319	317	
316	317	339	302	312	319	301	
336	346	307	321	333	313	348	
342	319	339	346	301	343	318	
337	332	301	300	342	336	324	
308	303	345	327	315	340	348	
324	323	308	307	338	349	303	
342	305	300	304	317	310	345	
303	325	335	309	331	340	329	
387	352	367	375	357	365	351	
382	375	370	351	371	362	355	
369	352	355	362	377	371	358	
381	359	364	361	382	371	385	
351	358	359	390	380	376	354	
394	383	350	353	392	375	352	
387	372	357	363	394	391	358	
355	380	390	391	360	393	367	
397	390	359	352	399	392	389	
380	376	363	374	377	353	351	
368	397	352	392	365	351	374	
365	351	396	374	370	366	389	
364	362	397	375	357	391	389	
384	368	367	391	387	366	351	
369	384	365	364	359	387	389	
394	361	397	369	371	398	391	
373	369	355	388	393	394	365	
376	392	391	370	396	383	388	
364	381	385	382	362	388	360	
386	399	359	391	389	375	394	
372	352	369	363	386	362	350	
354	394	387	367	389	381	350	
368	386	398	352	379	367	383	
365	351	370	359	382	378	392	
393	379	354	358	371	391	377	
373	389	374	361	351	394	390	
355	352	385	363	371	356	381	
384	381	380	369	352	358	372	
365	395	399	397	366	377	384	
396	387	381	359	366	377	394	
385	395	355	397	354	396	387	
364	350	351	375	393	367	381	
396	370	358	381	389	382	368	
399	366	397	398	377	361	351	
356	351	355	387	364	399	395	
398	383	378	393	373	363	387	
368	379	350	398	365	383	395	
375	362	384	376	391	392	383	
365	374	378	362	371	381	385	
393	378	371	358	373	384	383	
361	397	359	395	373	396	388	
377	372	381	366	394	397	385	
367	396	387	369	351	358	375	
380	390	356	360	392	371	398	
382	376	387	361	364	371	373	
361	366	396	392	365	374	353	
380	398	385	386	363	362	356	
383	377	356	387	360	367	397	
353	380	355	389	395	372	359	
397	381	388	363	399	396	390	
438	405	409	423	427	446	420	
429	412	444	445	405	421	441	
422	415	421	407	437	420	418	
404	443	449	431	409	421	408	
437	418	447	441	412	408	435	
428	432	448	446	430	431	411	
437	427	431	416	432	421	419	
401	444	435	432	426	431	423	
408	410	449	448	439	406	427	
443	436	434	413	448	428	444	
402	401	438	413	414	423	421	
417	441	442	436	427	404	416	
415	414	411	429	430	428	443	
408	425	424	443	407	417	418	
415	434	442	411	405	420	404	
447	410	407	431	429	430	419	
426	447	400	446	427	409	444	
438	433	428	408	440	414	430	
444	438	447	443	411	416	419	
441	422	424	442	433	448	416	
406	414	401	440	402	409	426	
413	427	402	440	430	424	449	
410	412	416	402	406	422	414	
427	420	448	431	447	412	441	
424	419	418	404	441	420	408	
417	403	415	439	407	424	446	
406	405	449	435	426	404	416	
406	407	414	441	404	444	435	
400	419	401	442	410	404	414	
401	427	428	447	424	429	438	
426	436	405	419	417	442	443	
409	441	421	420	406	403	424	
406	447	414	411	404	422	439	
435	441	449	431	430	443	407	
444	445	419	420	401	440	404	
433	408	449	448	407	402	426	
420	402	414	416	413	404	411	
426	408	401	405	434	435	427	
404	429	417	420	400	433	438	
416	449	423	444	446	408	419	
426	444	430	445	413	419	449	
428	436	420	422	405	411	402	
447	406	445	444	434	402	420	
422	410	439	442	408	445	434	
410	431	439	434	409	449	415	
416	448	433	422	406	432	413	
440	409	442	426	403	416	449	
403	439	418	445	422	449	442	
409	401	443	426	417	440	447	
423	438	436	411	410	448	429	
486	454	458	465	499	464	468	
466	451	475	480	465	494	490	
482	456	472	477	499	494	452	
496	453	458	459	478	485	476	
491	452	454	466	469	456	493	
454	498	493	470	458	456	464	
463	452	476	473	493	474	464	
460	487	461	490	475	485	462	
476	460	482	487	499	484	480	
488	455	491	487	454	466	484	
481	462	473	484	498	454	493	
490	476	491	492	460	463	494	
486	488	490	473	468	471	454	
489	478	495	464	482	456	486	
461	475	478	457	485	482	497	
481	468	459	497	465	452	496	
471	477	476	459	460	499	480	
495	460	453	472	482	466	499	
477	451	455	458	459	487	496	
451	483	491	467	476	453	464	
463	452	490	489	485	480	491	
480	457	468	450	453	461	455	
462	455	458	461	480	498	470	
451	462	454	461	494	470	482	
488	472	485	451	468	460	475	
483	470	450	466	469	475	480	
452	480	464	465	463	472	455	
467	452	492	462	450	484	455	
497	478	463	487	458	491	476	
496	479	452	493	498	453	471	
480	454	481	496	485	493	476	
479	451	483	485	468	471	496	
487	477	479	468	492	484	478	
453	478	462	496	498	454	470	
497	496	473	491	451	492	468	
462	457	451	456	479	484	485	
487	462	475	459	450	488	461	
495	464	470	461	451	477	478	
468	475	454	459	469	480	492	
472	486	497	464	450	474	458	
487	462	481	471	472	454	482	
498	497	470	450	496	495	482	
495	468	467	451	485	491	479	
477	476	494	463	472	484	481	
479	490	484	451	498	476	499	
476	467	474	482	495	455	461	
470	484	463	476	473	494	498	
499	452	491	456	471	483	497	
468	485	452	454	478	494	476	
470	489	460	466	454	488	465	
40	43	35	32	31	41	17	4	
6	2	47	36	30	32	39	5	
7	28	20	27	11	0	35	21	
10	1	13	45	47	3	28	38	
7	43	31	1	11	49	10	0	
38	28	6	16	4	8	9	42	
6	36	28	19	22	18	7	31	
6	3	25	37	45	14	10	23	
27	18	31	4	38	2	14	12	
4	21	47	14	39	10	25	23	
36	9	40	20	11	4	35	12	
23	21	30	1	34	38	26	2	
46	39	35	42	47	12	5	9	
1	4	13	43	5	31	9	30	
4	33	27	5	3	14	35	31	
39	0	44	40	28	32	34	21	
35	15	29	32	26	44	13	11	
45	22	31	36	47	16	46	29	
29	46	26	6	40	25	19	27	
32	47	12	46	10	2	38	33	
26	47	39	17	27	34	10	11	
47	8	27	41	7	23	6	39	
26	45	19	8	5	20	47	17	
16	26	2	45	3	6	36	27	
1	17	36	39	35	8	43	46	
18	49	9	15	17	43	48	4	
43	6	41	35	23	24	30	25	
42	3	2	19	17	43	7	10	
34	16	32	22	21	45	1	8	
46	36	24	23	19	49	12	20	
30	14	12	16	36	5	17	0	
35	28	24	37	43	19	14	49	
10	30	28	0	4	49	27	12	
29	45	22	5	37	18	27	46	
4	1	19	24	29	49	11	18	
29	17	46	4	3	0	24	32	
41	19	26	12	13	45	35	14	
47	41	43	29	40	9	7	3	
49	24	35	2	31	20	32	14	
46	34	33	19	38	9	43	15	
17	4	9	3	36	28	25	18	
10	32	23	0	17	26	9	14	
46	5	44	2	35	18	27	19	
12	32	40	38	18	42	15	46	
18	37	43	15	4	20	2	9	
49	48	30	20	11	1	19	39	
43	13	36	17	44	0	25	2	
9	39	36	21	27	48	20	45	
49	8	41	20	38	28	16	19	
9	31	49	33	44	2	12	19	
72	61	60	90	76	81	59	82	
79	85	80	83	72	99	81	82	
76	95	88	79	55	87	52	62	
93	50	70	60	76	83	85	71	
83	55	96	60	64	65	67	58	
74	87	77	67	50	78	51	52	
80	76	72	97	94	84	82	71	
55	80	97	72	98	73	90	84	
73	74	82	79	60	84	78	94	
66	83	63	81	62	90	72	85	
81	68	72	60	58	63	79	83	
62	55	59	81	65	85	86	63	
57	85	92	86	53	84	54	74	
72	66	63	78	70	81	99	96	
83	85	81	80	87	66	92	61	
68	52	63	95	88	64	75	65	
81	74	88	63	67	94	77	65	
69	99	72	52	60	64	59	66	
92	94	69	97	83	52	79	63	
64	98	50	54	65	90	88	99	
91	95	68	74	87	89	93	76	
68	67	85	65	93	58	74	87	
58	89	74	79	50	56	96	69	
94	96	89	56	69	99	84	53	
59	85	88	62	94	67	56	74	
51	55	56	67	92	93	98	76	
96	86	66	91	79	88	59	62	
77	90	56	55	60	64	98	84	
67	73	58	79	55	53	96	97	
88	66	76	51	70	50	92	78	
90	71	52	76	79	98	57	70	
60	53	65	91	74	50	56	93	
91	64	78	54	51	69	62	86	
57	87	66	88	59	75	64	84	
77	76	65	59	53	63	90	55	
96	52	84	51	71	57	61	92	
89	53	83	59	74	63	87	80	
62	98	92	57	79	63	88	70	
83	89	85	99	54	67	56	60	
64	93	74	89	78	57	82	75	
97	82	63	58	62	68	59	56	
63	94	75	97	79	62	58	70	
99	91	88	74	82	90	78	62	
71	87	76	99	83	56	97	60	
58	67	92	62	61	71	99	89	
93	79	99	98	61	82	74	51	
69	55	51	91	81	54	93	53	
67	79	78	96	64	89	65	97	
83	89	65	96	90	80	52	88	
86	74	56	70	89	90	59	78	
118	149	101	111	137	144	113	127	
138	137	141	131	112	148	144	114	
148	129	137	100	116	144	127	124	
127	116	149	134	118	131	102	109	
144	123	101	145	116	110	124	143	
123	149	125	106	145	132	110	134	
109	137	108	103	119	113	148	136	
116	144	123	128	109	104	113	117	
134	146	125	131	101	114	149	118	
108	121	148	131	101	129	118	115	
106	145	112	141	144	109	118	128	
106	140	130	119	126	137	114	125	
104	101	146	145	143	140	112	107	
119	138	128	123	130	143	118	107	
140	103	108	119	105	149	101	143	
133	129	101	112	141	105	123	145	
138	117	121	119	100	114	125	101	
148	146	120	123	124	117	103	135	
103	106	116	130	119	117	124	136	
130	145	114	133	106	116	108	129	
132	109	125	105	110	123	145	117	
128	103	105	122	102	118	136	144	
115	127	134	145	121	144	143	116	
135	133	104	145	100	122	110	111	
137	104	145	133	117	109	116	118	
106	121	147	126	107	142	129	139	
128	117	149	142	134	118	139	124	
116	118	113	109	133	102	105	140	
103	132	144	100	114	113	138	119	
112	129	147	102	122	125	108	131	
147	111	101	103	126	124	142	149	
128	112	123	101	140	139	147	109	
147	139	142	126	103	122	138	117	
101	131	102	122	114	118	141	119	
104	141	100	128	148	105	135	102	
117	110	126	108	136	106	115	100	
115	145	116	121	105	140	111	114	
101	131	128	126	129	117	115	121	
134	142	104	139	126	125	118	108	
143	137	134	111	115	141	135	102	
134	142	121	128	125	146	124	135	
143	144	133	106	122	125	101	126	
144	102	117	145	139	136	143	126	
128	125	148	134	138	130	145	141	
125	121	105	132	145	133	110	122	
135	108	103	117	148	126	149	109	
131	104	112	149	139	135	127	114	
120	131	127	122	148	126	119	106	
119	144	136	112	137	110	146	125	
112	118	125	121	147	126	135	114	
186	165	150	170	189	154	167	183	
186	181	175	168	169	150	165	164	
170	187	179	166	167	160	162	197	
184	185	195	193	178	194	152	158	
158	181	178	194	157	161	151	163	
198	170	160	171	155	167	151	182	
178	168	179	158	184	186	183	187	
158	197	191	182	152	193	161	171	
193	194	197	153	191	178	174	192	
169	182	171	188	183	186	193	187	
170	156	199	165	159	179	194	183	
158	198	161	189	168	151	182	164	
161	158	171	163	195	168	183	181	
166	188	168	162	167	170	181	192	
173	185	161	176	193	198	156	153	
158	163	150	179	160	185	178	181	
167	154	190	169	183	155	172	171	
158	165	162	186	154	185	156	167	
187	165	195	190	167	191	196	153	
176	180	178	166	193	170	161	174	
167	169	154	160	194	193	180	161	
159	187	199	194	174	175	157	150	
193	161	168	190	162	155	192	182	
178	170	179	156	184	176	177	165	
191	172	182	187	193	155	166	150	
194	185	172	159	197	192	168	174	
190	182	160	173	186	162	158	170	
183	182	169	187	157	154	179	194	
191	188	151	183	199	182	159	171	
168	193	183	176	185	189	198	167	
183	189	164	191	195	159	156	167	
196	162	165	185	179	168	187	161	
160	155	153	193	165	166	174	151	
174	193	163	179	194	190	171	162	
183	157	153	196	192	154	178	150	
162	151	182	155	150	178	172	187	
152	199	176	186	171	198	192	191	
161	164	193	195	168	186	190	191	
159	198	167	185	158	154	196	182	
157	176	182	194	152	179	165	167	
152	198	199	158	156	196	170	164	
173	178	180	172	179	188	194	161	
190	157	180	155	191	169	195	176	
157	198	177	172	166	152	163	182	
160	189	157	197	185	166	150	168	
153	175	176	184	186	178	189	195	
171	168	167	165	158	187	192	154	
150	195	170	181	187	198	158	192	
179	185	176	152	195	164	196	162	
152	197	195	181	177	182	165	163	
202	201	241	207	214	213	239	229	
214	203	233	219	216	209	210	240	
203	204	213	228	243	214	242	245	
213	205	201	241	224	238	223	242	
242	225	202	203	232	238	215	235	
240	214	211	229	201	249	243	208	
221	246	218	219	227	202	233	204	
245	238	227	226	225	230	237	202	
238	218	235	210	231	228	233	221	
237	213	246	243	201	223	241	242	
235	245	243	228	218	202	222	219	
249	237	223	225	214	200	224	226	
214	222	210	242	226	244	245	239	
210	248	219	228	244	236	212	227	
206	228	201	217	226	232	248	240	
241	247	240	237	224	206	230	225	
217	227	206	229	240	242	246	218	
241	225	240	231	215	212	247	248	
236	237	204	242	205	206	247	225	
245	238	228	204	217	248	229	227	
242	234	214	239	241	223	227	217	
245	229	207	239	244	242	201	233	
230	206	242	231	220	215	249	234	
240	212	223	237	226	225	217	241	
239	245	221	202	207	208	234	212	
208	221	228	248	241	217	227	237	
216	203	233	204	206	214	229	246	
202	235	231	245	216	208	205	244	
249	207	211	234	230	206	224	238	
238	210	200	247	240	236	203	223	
227	216	221	212	236	202	223	228	
225	207	213	221	224	229	238	226	
206	246	237	247	211	205	249	240	
227	243	239	210	203	220	211	222	
219	228	234	209	227	215	205	217	
231	206	247	222	226	246	240	216	
246	227	236	228	200	226	205	234	
220	204	228	211	200	224	231	236	
244	212	224	227	232	249	220	241	
236	212	229	203	246	225	201	226	
205	210	225	240	243	244	232	233	
239	205	213	203	229	243	207	244	
224	242	203	237	216	236	233	208	
231	225	214	211	221	205	222	223	
200	204	223	227	216	246	214	228	
241	206	208	238	246	226	223	215	
201	235	229	227	221	218	244	242	
241	230	202	206	211	245	247	210	
208	215	237	245	209	241	221	248	
247	215	246	200	234	225	216	242	
259	285	261	273	293	272	269	296	
279	294	274	285	286	283	277	252	
277	254	274	269	298	265	267	294	
260	258	264	290	269	296	297	254	
264	289	281	293	259	285	299	298	
250	251	254	274	287	299	253	279	
251	269	261	264	297	281	252	278	
256	281	267	266	270	279	259	282	
262	255	273	283	251	270	286	282	
258	261	266	250	290	291	263	262	
273	295	286	296	285	297	269	291	
267	294	280	265	284	259	288	262	
286	297	264	266	296	281	254	255	
292	271	265	279	251	259	294	285	
290	268	250	292	272	260	298	295	
296	292	295	285	275	252	278	277	
297	283	275	266	273	257	293	267	
253	258	293	266	259	271	250	278	
274	270	296	299	282	254	277	251	
273	289	274	276	260	254	261	284	
252	279	285	269	263	276	272	293	
266	269	279	259	288	255	260	262	
298	294	253	289	257	267	263	270	
284	280	263	292	262	291	279	295	
255	264	278	296	289	269	261	274	
289	256	294	284	286	283	279	291	
264	285	283	287	261	271	284	281	
280	299	272	284	267	290	275	295	
288	257	274	273	260	266	258	255	
272	287	274	281	255	257	278	273	
258	299	259	284	288	270	272	251	
276	267	292	258	280	295	252	261	
251	264	269	261	266	280	250	281	
282	285	263	299	288	289	271	279	
296	281	265	297	266	274	252	259	
291	290	282	255	287	272	289	292	
269	296	285	257	268	278	250	275	
296	261	293	297	294	278	288	281	
262	276	287	295	293	257	251	270	
280	296	282	271	269	289	250	278	
275	293	299	262	290	286	264	279	
287	257	277	273	284	267	282	288	
291	275	295	284	271	279	274	266	
281	290	253	283	271	250	259	262	
296	293	295	275	256	267	265	251	
269	290	282	298	299	251	296	259	
298	278	295	260	276	255	283	259	
257	273	288	283	294	260	252	293	
296	295	287	291	292	259	264	274	
288	256	260	280	257	284	273	291	
309	349	343	334	302	319	310	305	
343	329	339	332	317	336	319	303	
306	334	342	330	324	304	338	343	
324	318	303	341	314	313	326	338	
337	310	338	339	330	342	334	303	
313	347	322	303	349	325	334	337	
318	323	320	306	314	339	328	340	
302	329	342	321	315	307	325	320	
345	324	319	336	310	312	313	322	
341	311	310	339	316	303	320	347	
303	337	334	305	307	330	345	316	
345	344	319	347	309	323	300	339	
318	334	349	319	307	338	306	314	
337	321	336	309	329	306	330	342	
301	329	307	327	317	332	308	344	
333	346	316	304	320	319	301	336	
341	342	338	336	323	324	314	326	
303	316	333	348	324	315	314	308	
325	347	338	343	335	315	345	344	
321	340	317	349	339	309	304	323	
316	321	336	343	318	317	333	326	
346	321	324	319	318	329	332	327	
307	335	345	305	303	330	306	348	
308	302	341	307	304	342	333	331	
328	330	331	348	320	302	334	346	
328	335	313	338	329	317	346	334	
336	317	347	332	346	331	300	321	
314	309	332	328	347	343	349	334	
346	314	340	338	321	319	322	306	
331	314	336	334	329	319	301	328	
307	324	343	337	318	345	325	333	
311	310	306	304	316	322	320	346	
307	319	302	313	332	301	330	311	
340	308	304	339	347	341	310	315	
312	339	321	345	338	316	334	309	
315	329	313	336	325	339	322	341	
318	337	314	326	341	331	319	325	
312	323	338	319	316	327	349	317	
305	343	322	345	346	324	318	342	
327	305	346	312	322	315	301	341	
334	324	307	333	319	308	328	338	
336	325	307	305	329	314	327	338	
313	331	344	301	349	346	333	324	
309	335	304	328	342	326	316	336	
314	343	306	326	332	321	317	303	
321	310	330	319	338	316	339	317	
303	309	308	344	324	322	329	318	
336	333	332	338	329	340	309	304	
320	314	348	302	343	311	313	307	
302	311	315	320	339	319	304	338	
361	367	392	395	362	355	379	383	
375	399	388	387	370	357	364	392	
394	395	351	392	368	353	370	393	
368	377	379	359	374	366	375	397	
372	363	380	374	395	379	367	377	
363	369	378	361	358	387	385	393	
356	381	353	399	383	396	371	390	
384	389	388	399	350	383	367	376	
351	356	363	378	362	365	375	381	
362	392	363	384	396	374	366	398	
396	377	355	397	357	371	361	394	
352	359	388	351	393	397	394	387	
369	387	393	380	388	366	398	377	
374	383	350	391	363	362	361	354	
360	354	382	362	363	359	380	366	
363	389	399	385	354	353	379	350	
364	377	368	389	392	363	354	384	
368	355	384	385	377	367	356	395	
376	370	394	387	381	396	358	391	
381	396	379	385	372	350	365	376	
399	370	393	395	359	366	362	373	
367	360	390	359	355	383	374	350	
378	367	399	396	388	354	379	356	
370	367	388	351	359	369	353	382	
371	383	385	388	390	358	368	362	
367	386	383	365	362	360	363	372	
367	386	365	352	371	379	392	350	
393	383	391	354	379	366	359	356	
391	362	396	384	359	392	397	399	
350	371	382	381	355	352	364	358	
398	384	378	380	364	377	369	371	
379	354	359	376	385	397	377	369	
369	362	357	379	376	363	356	393	
377	381	395	357	371	351	363	360	
364	369	363	357	381	372	358	391	
396	363	370	394	381	364	368	397	
388	360	386	369	351	364	381	358	
358	387	398	381	394	380	368	378	
387	370	360	365	390	362	399	381	
373	379	358	356	365	398	354	389	
360	350	397	387	358	384	366	373	
354	368	371	351	386	360	358	397	
370	366	361	377	394	373	395	396	
367	366	350	369	352	371	373	385	
359	360	357	393	394	398	373	381	
394	384	354	381	376	374	351	361	
380	360	374	351	393	376	361	370	
392	379	353	375	351	383	380	378	
353	385	379	384	371	366	370	378	
383	396	368	352	386	354	397	387	
402	428	418	436	405	427	434	409	
426	434	422	419	408	417	424	418	
406	401	426	402	404	417	416	425	
415	416	422	400	442	412	434	448	
430	425	445	435	443	408	413	414	
408	425	400	443	428	409	402	439	
434	442	403	438	433	422	411	412	
438	410	418	447	449	426	405	441	
443	424	435	449	429	447	430	428	
429	411	444	447	423	427	416	440	
407	413	405	420	408	400	442	416	
444	448	434	411	422	402	410	435	
413	432	423	441	426	403	415	435	
443	409	416	418	449	420	431	439	
400	430	432	401	441	416	414	411	
445	449	409	435	416	413	412	403	
449	405	421	413	409	420	423	404	
400	428	431	447	449	404	412	433	
417	413	405	422	428	400	421	437	
438	447	425	417	409	412	411	427	
428	407	430	404	426	405	433	418	
410	428	405	440	447	425	439	426	
434	408	437	416	420	448	445	404	
410	435	416	415	443	430	436	426	
404	410	427	420	421	400	405	442	
425	433	410	408	443	437	402	442	
437	418	441	446	401	424	406	430	
419	438	425	448	409	406	418	422	
401	417	424	419	410	430	405	432	
420	440	401	406	400	444	431	438	
401	409	406	428	433	408	430	404	
445	412	437	407	416	433	428	408	
435	438	439	440	430	421	436	428	
427	432	449	426	439	430	406	423	
419	438	445	431	418	415	405	416	
443	430	425	447	435	431	417	419	
448	414	415	427	431	413	438	401	
410	448	418	439	443	436	419	420	
421	412	429	426	414	441	434	400	
415	412	433	410	425	407	442	446	
433	446	417	406	410	404	447	428	
402	405	445	437	403	420	432	443	
415	443	432	438	431	430	424	440	
443	402	412	446	413	409	411	408	
440	434	437	402	420	422	447	436	
418	405	447	441	402	410	412	440	
413	423	411	440	421	439	412	402	
432	440	404	408	449	409	418	446	
418	415	404	435	414	420	440	403	
446	441	445	400	432	433	405	418	
486	474	458	453	484	482	495	456	
457	470	454	468	480	489	485	484	
486	476	490	455	450	466	484	461	
476	474	451	472	453	456	466	470	
483	499	476	489	465	495	455	486	
478	496	490	450	493	460	491	479	
455	467	492	486	475	457	473	484	
491	467	458	495	462	484	453	489	
464	460	473	496	450	494	472	497	
491	484	465	460	471	454	474	462	
472	476	484	493	494	460	453	461	
456	463	482	471	477	493	486	481	
472	489	467	460	482	483	454	492	
498	459	491	472	457	452	479	486	
461	467	475	462	459	480	456	458	
460	474	499	484	495	458	493	485	
458	463	456	454	464	487	478	483	
476	457	462	489	475	460	494	484	
494	453	497	483	456	457	463	450	
487	460	450	479	476	491	459	482	
485	450	452	478	479	486	474	483	
469	488	499	460	462	465	454	463	
469	452	498	468	470	455	467	483	
485	468	483	456	479	467	470	466	
476	498	482	469	477	464	487	455	
479	485	461	453	494	478	451	471	
452	498	486	450	456	482	458	466	
470	486	492	458	495	462	481	457	
481	464	499	470	461	492	494	495	
455	489	485	491	497	476	477	463	
456	454	490	482	466	468	485	474	
473	465	468	488	459	489	457	493	
489	466	470	472	469	494	478	456	
493	455	458	452	464	486	460	476	
483	462	467	486	459	475	457	488	
457	495	456	459	452	498	497	467	
456	467	497	454	483	450	496	451	
458	454	482	466	469	475	483	470	
475	463	481	462	450	456	480	473	
473	457	475	451	486	450	463	493	
494	490	471	499	495	483	451	496	
456	472	483	463	450	467	466	457	
493	498	456	485	457	476	490	486	
471	458	481	460	478	495	467	498	
473	488	468	454	498	450	471	460	
468	471	455	483	450	463	489	462	
465	472	450	464	460	473	489	494	
491	493	456	465	487	453	480	472	
455	480	474	462	453	486	487	469	
457	454	488	478	490	484	496	470	
89	229	269	
31	15	459	
207	481	26	
162	16	317	
2	462	446	
405	473	77	
448	90	318	
167	251	431	
208	407	398	
437	37	109	
399	338	14	
491	182	132	
162	238	421	
298	497	341	
143	211	66	
51	283	440	
63	109	93	
109	141	182	
454	43	233	
375	396	159	
85	265	169	
2	47	347	
96	427	194	
221	439	433	
141	114	419	
415	419	489	
163	144	135	
226	383	306	
169	160	326	
396	459	392	
287	73	55	
89	172	201	
89	158	238	
282	293	252	
322	335	315	
469	250	458	
185	217	402	
474	478	161	
421	17	455	
385	339	122	
209	390	19	
482	79	423	
424	325	374	
136	321	408	
257	91	416	
408	131	269	
55	260	154	
323	102	441	
19	232	59	
284	347	213	
207	94	499	
238	40	78	
133	46	172	
163	219	183	
11	19	451	
276	106	8	
221	237	328	
272	144	489	
178	298	34	
181	176	236	
308	227	321	
6	101	498	
16	121	20	
95	53	35	
298	379	94	
213	499	128	
371	362	307	
97	497	467	
407	116	416	
377	238	36	
131	285	396	
282	159	91	
117	337	115	
197	111	237	
464	32	94	
337	387	177	
230	421	276	
136	72	65	
432	148	361	
291	103	305	
483	490	354	
73	477	380	
94	380	60	
94	499	121	
353	336	162	
38	44	398	
354	342	345	
157	296	129	
246	378	189	
289	439	112	
367	149	328	
400	496	95	
240	124	272	
410	302	443	
218	316	115	
284	345	231	
2	339	342	
438	289	434	
339	415	398	
155	34	142	
218	38	327	354	
373	178	256	296	
333	128	368	252	
276	417	411	187	
174	265	133	112	
468	493	58	373	
77	105	320	237	
405	429	290	426	
184	137	153	19	
125	144	421	87	
148	72	346	231	
436	217	293	297	
54	136	18	63	
113	100	456	160	
142	260	316	175	
266	159	269	123	
375	347	235	2	
457	399	271	102	
263	111	484	446	
156	262	115	108	
463	202	484	311	
201	479	412	296	
389	156	344	108	
430	425	36	468	
222	131	152	127	
90	56	97	340	
137	496	143	163	
267	83	193	421	
459	203	148	496	
132	352	282	328	
480	408	380	282	
374	253	417	356	
404	350	69	143	
262	183	224	321	
48	205	102	126	
43	284	234	202	
463	430	140	187	
99	330	172	145	
362	466	234	142	
299	223	195	26	
13	365	159	437	
119	261	436	386	
390	487	185	151	
222	137	110	59	
190	363	267	321	
118	8	284	348	
361	192	476	189	
196	412	265	187	
104	151	203	270	
427	252	388	188	
222	27	41	335	
235	189	498	286	
59	171	205	369	
66	452	52	443	
122	278	431	319	
71	154	76	241	
357	319	218	114	
442	233	177	5	
480	198	18	105	
262	391	278	110	
107	130	155	36	
243	426	88	498	
425	470	394	29	
432	226	332	248	
87	304	317	136	
224	293	160	496	
163	41	98	474	
285	171	96	291	
4	335	38	136	
150	365	270	122	
214	152	182	140	
183	448	295	112	
349	89	328	340	
92	103	469	313	
209	2	258	201	
57	49	122	463	
19	199	451	78	
428	145	268	44	
418	171	105	53	
132	238	70	20	
324	410	24	125	
419	172	449	21	
174	475	325	319	
278	467	344	115	
481	90	202	150	
409	19	95	387	
12	21	129	157	
318	287	190	273	
188	122	25	169	
2	43	249	6	
171	91	316	84	
468	66	147	27	
191	60	18	414	
269	210	98	471	
172	459	271	452	
480	266	146	367	
449	238	200	159	
120	43	144	131	
8	95	122	345	
55	33	458	133	
396	144	211	484	338	
444	407	198	69	352	
409	209	361	342	429	
246	49	233	330	183	
466	324	27	75	84	
360	423	149	104	95	
93	151	271	493	417	
161	434	498	241	356	
221	86	176	77	219	
376	474	330	453	38	
56	323	362	476	162	
290	406	21	449	254	
219	84	403	460	237	
108	204	18	132	303	
375	231	256	460	366	
60	192	127	477	223	
278	484	9	299	287	
455	59	436	256	389	
304	494	372	200	191	
150	76	64	82	395	
488	311	78	410	351	
92	287	27	81	367	
387	285	380	272	379	
129	136	11	283	16	
406	143	23	118	160	
254	269	306	208	295	
25	80	447	74	130	
287	321	398	467	21	
98	207	376	453	174	
303	427	220	212	104	
453	52	126	492	330	
322	38	291	338	478	
39	371	415	372	79	
145	174	154	228	258	
382	418	207	175	8	
111	14	495	8	50	
210	478	26	2	424	
304	313	319	410	67	
262	439	314	24	440	
5	102	449	213	252	
62	295	478	230	82	
217	8	303	365	29	
251	193	102	28	248	
37	451	68	350	179	
187	353	498	116	211	
322	179	143	257	201	
169	295	452	459	380	
448	296	199	447	355	
152	207	25	486	480	
123	273	243	314	75	
26	363	123	303	355	
75	218	176	65	90	
291	371	139	312	396	
65	313	18	432	153	
69	409	385	176	52	
126	298	414	96	354	
165	287	375	24	116	
263	371	252	476	450	
460	360	461	36	109	
139	400	433	205	260	
403	246	281	47	196	
87	251	128	343	258	
364	402	140	255	371	
131	51	309	449	230	
472	64	483	452	223	
240	458	109	408	364	
425	211	174	467	424	
273	310	209	160	183	
322	204	67	187	411	
235	23	187	249	94	
482	9	359	132	70	
95	246	308	26	302	
2	375	133	113	130	
254	207	119	2	248	
354	107	496	224	410	
113	222	350	359	25	
217	322	30	282	18	
178	433	418	464	368	
148	420	221	196	334	
34	458	70	247	329	
75	236	183	102	284	
430	222	125	53	257	
442	160	28	121	58	
425	464	94	137	417	
192	459	74	477	201	
383	36	3	492	389	
41	177	493	361	449	
81	404	406	38	387	
22	376	397	405	195	
463	222	263	282	275	
86	439	268	177	115	
486	492	116	161	176	
417	156	124	245	324	
155	416	79	244	460	
210	277	274	407	366	
483	479	47	288	395	
357	301	120	401	138	
99	279	452	128	415	
378	331	408	25	83	
495	94	257	318	395	
