5	2	9	1	15	19	
19	20	43	48	45	21	
24	38	49	41	36	27	
24	22	40	21	33	41	
18	15	14	41	6	29	
2	3	23	33	17	32	
23	13	4	38	48	14	
12	6	30	41	19	29	
33	12	20	1	6	8	
18	44	14	37	4	26	
15	8	34	13	19	23	
49	39	44	35	47	18	
29	36	48	17	35	8	
29	24	11	7	45	18	
4	33	9	39	11	42	
40	18	19	16	0	28	
12	2	1	22	23	36	
17	36	22	38	21	39	
19	42	15	45	48	47	
18	45	3	49	17	48	
13	42	29	25	30	18	
37	38	5	19	1	0	
38	22	40	7	41	25	
44	43	17	2	6	26	
48	5	43	0	27	26	
19	39	17	37	14	47	
43	21	47	32	45	12	
36	1	28	22	17	37	
0	16	36	26	21	9	
47	7	42	22	48	27	
21	46	8	38	6	39	
0	40	27	45	20	29	
41	13	12	3	8	37	
11	36	43	46	2	35	
8	25	21	30	41	3	
17	34	45	8	16	7	
31	47	7	13	30	10	
34	14	17	13	45	20	
9	5	39	22	3	13	
25	32	30	40	0	49	
44	19	16	37	5	25	
15	44	23	17	45	48	
13	0	31	10	18	37	
35	5	1	38	39	42	
31	11	34	43	48	33	
6	41	47	11	43	40	
40	28	2	16	33	9	
25	27	12	32	2	1	
34	7	23	33	39	45	
13	48	35	26	21	10	
61	64	92	60	56	89	
93	73	56	80	87	72	
98	55	89	77	76	69	
96	80	85	52	97	93	
54	62	78	90	65	66	
87	89	69	68	79	72	
69	74	95	96	82	90	
85	96	51	77	56	91	
92	99	60	82	95	76	
89	77	67	66	60	51	
81	57	55	84	78	61	
56	85	79	53	90	91	
67	55	78	83	61	87	
85	61	71	91	50	78	
83	90	94	71	50	88	
61	60	93	72	85	69	
57	60	86	51	72	68	
60	90	51	72	65	59	
89	82	51	77	62	74	
62	56	79	70	94	53	
68	82	67	66	60	62	
55	71	89	70	93	68	
56	67	70	68	58	72	
82	70	62	54	55	53	
58	99	63	73	78	93	
50	86	90	78	58	89	
65	78	67	57	77	61	
53	88	70	81	57	50	
89	50	80	84	97	83	
99	88	77	72	97	89	
83	64	91	61	71	56	
82	88	58	65	80	56	
57	65	75	78	70	55	
94	54	89	82	83	90	
82	70	51	84	86	76	
87	78	85	97	86	56	
94	60	63	71	75	61	
67	71	99	70	61	76	
92	71	60	85	75	74	
65	83	58	55	76	60	
77	54	55	88	63	64	
98	52	57	51	54	58	
89	91	95	83	96	61	
72	64	79	86	97	66	
94	55	73	58	80	95	
93	61	64	70	85	63	
99	72	85	65	63	82	
79	76	91	77	81	50	
81	73	87	70	58	69	
79	77	91	82	90	63	
114	119	126	125	146	106	
141	138	121	147	149	105	
105	132	138	114	139	104	
132	139	124	101	148	127	
134	102	112	114	135	125	
134	136	110	111	106	147	
118	139	111	100	113	137	
121	139	131	114	106	141	
107	112	146	147	117	140	
141	125	106	117	137	103	
103	135	102	130	138	121	
106	100	136	145	121	144	
125	149	139	101	114	107	
121	146	144	149	138	126	
138	145	142	111	105	116	
119	136	148	138	112	122	
128	135	148	122	121	105	
108	129	143	142	100	121	
116	106	101	147	105	130	
122	105	140	144	141	100	
139	113	149	103	115	121	
104	149	103	115	130	117	
106	115	117	136	125	146	
103	147	131	111	142	113	
134	125	126	137	103	118	
125	143	104	149	124	148	
148	130	127	124	103	134	
131	126	142	127	122	123	
113	108	109	148	145	103	
107	140	133	108	131	110	
134	102	113	123	107	130	
104	135	108	144	100	141	
149	148	141	135	118	143	
110	120	129	118	145	106	
130	140	144	124	103	101	
149	106	105	133	100	110	
143	139	133	149	129	107	
135	129	101	119	110	106	
128	105	142	140	102	100	
146	136	134	101	100	140	
134	119	142	144	117	104	
138	116	129	106	131	100	
104	119	116	144	138	132	
112	139	103	125	135	101	
115	105	136	101	112	123	
117	149	142	141	111	102	
148	114	135	110	134	146	
133	120	142	131	103	145	
112	111	148	104	116	146	
102	129	130	125	144	112	
193	153	177	188	171	172	
151	154	180	156	155	167	
156	188	187	186	181	177	
153	190	195	175	189	164	
164	178	181	152	153	167	
177	186	196	195	188	187	
172	151	160	158	181	150	
155	168	196	165	167	194	
153	183	159	197	158	165	
156	168	155	169	180	158	
188	185	189	165	156	159	
171	174	153	159	156	163	
184	173	164	188	190	174	
159	171	189	163	174	153	
199	154	161	175	180	169	
154	169	164	161	185	167	
176	150	161	162	168	185	
153	165	167	177	185	183	
165	167	166	171	189	155	
159	198	184	155	158	167	
191	188	195	165	163	182	
172	170	186	199	182	153	
151	178	170	156	163	173	
187	188	192	183	185	184	
154	181	170	194	177	156	
173	199	169	162	167	175	
185	198	178	170	159	154	
168	182	160	184	165	193	
159	155	163	187	151	167	
190	162	167	166	157	173	
197	199	194	170	152	156	
182	152	170	165	163	181	
173	174	161	163	153	190	
173	152	177	172	191	194	
186	188	162	159	195	198	
171	187	180	177	164	162	
168	186	180	164	154	187	
158	164	178	173	150	198	
154	184	192	194	172	168	
178	157	197	198	187	181	
175	186	194	198	170	151	
157	165	191	160	156	167	
160	197	175	156	191	183	
162	171	186	193	191	166	
194	189	182	196	198	172	
161	174	178	160	185	151	
169	188	173	160	176	195	
185	189	190	162	196	160	
167	160	189	173	151	157	
186	165	160	171	179	174	
200	232	206	223	214	201	
215	201	202	245	230	224	
211	228	201	208	240	221	
220	223	222	217	244	236	
240	203	217	234	249	231	
238	200	245	218	249	230	
245	205	230	241	208	212	
237	211	224	214	249	242	
239	220	227	200	208	207	
235	208	244	227	206	237	
249	227	228	231	216	206	
202	201	208	200	247	241	
216	248	243	241	229	224	
236	210	244	238	235	212	
222	207	203	241	219	245	
241	234	240	220	238	244	
231	244	210	225	214	206	
223	224	242	226	227	204	
210	202	217	207	211	225	
236	239	206	213	200	249	
223	218	245	236	211	228	
245	208	212	247	216	244	
214	216	241	243	240	237	
225	207	232	210	208	218	
211	232	200	201	215	214	
230	217	201	240	219	223	
240	220	242	219	213	209	
210	239	217	204	221	236	
208	246	239	240	218	200	
224	240	227	231	229	248	
210	214	236	215	240	223	
220	232	229	249	247	237	
225	233	210	224	227	234	
221	241	225	219	209	233	
223	226	240	244	205	211	
203	249	220	212	231	245	
249	246	203	201	217	215	
237	228	209	204	200	219	
226	204	248	209	246	224	
246	236	217	243	215	214	
235	237	215	240	207	246	
230	243	207	244	241	237	
215	236	235	214	220	242	
214	240	219	226	224	230	
237	241	206	246	235	209	
221	246	247	211	234	210	
224	214	219	231	240	203	
205	216	247	201	248	242	
217	226	220	235	233	239	
203	244	238	230	207	220	
283	264	257	260	256	263	
287	268	278	292	297	284	
274	287	295	261	278	271	
251	276	289	296	294	267	
265	294	271	288	292	256	
265	290	291	270	271	274	
255	298	295	264	294	253	
275	277	262	286	251	272	
253	269	270	281	251	278	
287	272	274	290	250	285	
286	288	294	260	275	295	
289	294	295	270	255	286	
262	292	293	283	268	255	
265	255	264	277	269	278	
265	268	261	280	285	282	
277	250	272	262	263	288	
262	272	278	263	280	267	
295	296	268	250	284	279	
291	287	297	285	251	277	
276	272	273	282	293	263	
289	292	264	269	298	268	
295	284	277	285	251	275	
286	280	285	271	293	266	
251	258	280	264	263	291	
254	287	286	263	264	272	
254	282	281	285	267	271	
274	284	271	297	283	291	
298	275	280	292	262	273	
297	289	299	293	287	291	
293	288	268	261	264	278	
285	288	269	290	283	293	
263	282	270	272	290	277	
298	261	257	258	254	271	
258	294	268	274	287	285	
276	285	291	277	255	271	
286	251	291	298	256	281	
261	291	293	288	294	297	
286	263	270	292	293	277	
292	281	288	256	284	274	
294	251	262	280	279	286	
275	293	284	256	272	273	
281	297	265	287	295	273	
257	251	271	291	261	297	
295	294	299	270	263	288	
278	261	276	284	280	279	
268	282	262	254	279	298	
276	251	278	260	270	266	
261	265	268	258	276	266	
264	289	284	288	266	282	
270	292	274	250	294	293	
312	320	303	328	302	321	
338	327	321	337	348	344	
310	345	334	302	331	348	
342	300	335	344	333	325	
317	308	309	318	344	335	
335	329	332	333	316	349	
344	323	312	333	322	332	
320	342	313	330	305	309	
322	320	327	332	303	326	
313	308	340	342	312	318	
346	327	303	304	309	319	
303	333	313	331	327	349	
341	327	332	312	323	301	
331	318	320	348	317	301	
318	330	347	301	331	346	
336	315	319	312	310	339	
302	327	329	340	325	339	
307	331	326	305	319	300	
341	337	321	327	343	346	
314	313	301	345	317	330	
329	330	324	331	305	314	
310	332	306	307	309	302	
324	329	340	304	338	349	
318	305	321	344	333	335	
324	312	319	301	344	318	
339	313	310	309	314	304	
343	329	303	341	334	307	
345	339	327	326	320	340	
324	346	327	329	320	316	
318	347	302	305	333	342	
301	326	325	346	304	327	
328	335	317	346	336	319	
324	334	316	319	336	306	
347	309	329	338	336	325	
326	333	320	338	330	314	
332	322	316	346	338	330	
300	336	312	335	330	322	
309	338	336	339	329	310	
310	313	327	334	333	305	
312	341	348	303	327	311	
312	349	335	343	341	347	
316	308	335	349	333	311	
345	303	323	321	311	312	
317	347	349	323	305	309	
341	324	332	317	343	310	
301	307	342	314	302	305	
331	344	319	305	341	301	
317	320	306	309	337	322	
308	304	349	306	340	332	
339	346	326	311	337	333	
372	353	370	385	394	350	
355	372	390	369	357	366	
376	383	386	380	375	395	
389	371	369	373	394	365	
375	369	382	365	394	377	
380	389	397	394	367	388	
350	357	384	379	367	353	
385	372	359	375	393	362	
374	386	388	364	356	381	
364	395	362	367	382	356	
361	355	350	360	378	394	
363	357	376	384	362	368	
358	374	384	361	366	367	
352	369	363	379	383	361	
353	391	378	385	399	386	
360	381	376	396	371	394	
356	379	363	381	370	388	
393	389	388	383	382	366	
363	396	368	384	370	361	
355	366	382	383	389	375	
385	376	375	377	362	390	
382	381	350	398	389	375	
398	368	356	353	392	350	
365	354	383	350	360	391	
394	374	355	379	357	397	
359	379	383	378	372	368	
359	380	398	361	355	377	
382	362	395	358	377	371	
375	372	379	378	386	370	
357	358	356	396	376	377	
371	378	377	355	398	374	
369	365	389	350	394	388	
387	374	358	367	394	364	
365	354	362	352	351	389	
374	376	395	375	353	380	
366	360	383	381	393	371	
372	391	380	355	376	363	
368	355	353	399	377	370	
381	396	387	388	367	383	
372	388	387	350	361	390	
396	370	381	363	395	360	
391	388	393	385	359	399	
350	370	378	395	353	381	
396	357	377	360	371	383	
385	352	376	371	398	374	
396	389	380	359	356	376	
383	373	386	367	378	365	
364	387	369	395	386	351	
371	384	395	374	369	360	
363	371	392	388	385	389	
415	417	403	429	400	427	
430	418	417	432	407	448	
414	437	416	418	445	441	
437	431	436	407	411	405	
418	438	435	445	436	434	
443	429	448	442	402	436	
406	426	411	443	416	429	
414	435	409	415	442	439	
446	437	432	440	427	400	
420	408	443	447	424	430	
425	412	420	444	440	429	
443	402	430	406	407	408	
410	416	421	424	449	422	
436	409	442	401	438	414	
432	419	437	434	403	423	
407	446	425	442	441	427	
447	408	423	403	435	439	
411	420	438	425	424	404	
401	433	445	436	428	429	
446	430	444	422	439	406	
427	439	436	403	409	428	
426	437	447	440	433	404	
434	404	417	410	406	405	
430	432	435	410	446	427	
420	423	416	448	419	432	
431	422	438	444	418	436	
412	443	423	440	441	447	
433	443	400	403	447	404	
400	443	408	432	447	428	
406	448	435	443	426	423	
430	414	425	428	447	443	
424	431	407	429	419	445	
430	432	410	443	405	414	
443	422	432	446	435	445	
440	435	404	422	436	401	
431	445	425	410	447	436	
429	419	428	415	426	442	
415	417	418	404	424	408	
430	447	419	425	437	436	
440	404	412	433	431	449	
413	407	401	447	436	439	
431	436	449	441	428	432	
409	411	419	442	448	417	
431	406	412	400	409	449	
432	423	449	403	441	428	
448	445	426	436	446	435	
416	412	445	434	449	403	
446	414	406	438	431	433	
444	430	407	405	408	439	
402	422	431	419	405	418	
497	487	454	478	452	476	
462	496	491	456	467	489	
476	482	489	466	487	495	
481	473	457	486	468	465	
450	474	482	489	483	484	
482	456	488	479	451	475	
481	484	473	479	488	464	
489	470	482	472	496	497	
490	463	451	471	464	475	
490	452	496	461	463	460	
472	458	491	460	497	480	
464	488	474	478	466	471	
494	492	490	476	499	497	
468	497	457	487	483	488	
482	496	462	479	485	491	
460	493	457	498	471	478	
497	483	471	468	472	455	
494	462	467	455	489	483	
459	488	473	453	482	465	
495	474	456	455	459	465	
466	493	492	477	453	469	
461	450	496	466	453	485	
453	467	487	478	461	497	
460	471	454	479	466	470	
463	498	499	490	466	492	
486	455	477	459	456	474	
476	473	480	457	469	492	
471	454	462	499	482	474	
498	473	462	466	483	479	
477	482	481	471	470	467	
473	464	465	477	463	490	
482	467	459	499	486	497	
454	470	468	466	478	484	
480	472	469	486	450	454	
462	452	497	451	486	460	
460	491	453	484	479	483	
454	472	463	465	479	490	
484	489	474	469	473	477	
463	456	470	468	495	481	
468	466	453	465	483	454	
478	486	485	457	461	484	
485	496	451	484	497	494	
498	480	459	470	461	471	
453	456	471	480	490	469	
486	455	459	471	470	482	
468	471	472	451	478	464	
485	457	464	467	455	497	
482	455	474	461	473	485	
497	473	464	493	491	483	
454	491	487	488	457	499	
17	16	33	12	7	0	36	
45	27	12	25	14	3	10	
5	30	22	23	16	31	43	
28	4	17	6	9	8	32	
5	19	11	31	34	26	38	
13	38	3	34	2	47	42	
10	28	13	5	36	30	12	
21	2	38	42	18	30	11	
10	36	48	40	5	13	1	
10	43	21	15	7	6	28	
43	8	34	40	26	24	0	
5	38	42	36	21	22	16	
15	34	49	44	46	43	31	
28	3	4	16	48	40	39	
0	41	2	19	17	30	1	
37	45	43	12	31	8	7	
13	0	19	32	31	7	40	
13	28	33	17	4	42	29	
48	42	45	11	40	25	18	
27	25	16	37	44	39	3	
24	31	48	25	16	27	3	
48	45	14	10	18	4	30	
6	35	49	21	13	17	16	
10	46	31	34	7	26	4	
41	49	46	1	14	26	39	
38	49	41	19	1	9	21	
21	49	44	6	18	31	33	
14	21	39	46	17	23	19	
29	28	7	47	35	30	5	
22	2	31	19	7	11	24	
16	15	9	1	42	40	13	
40	11	44	35	41	16	26	
25	22	45	47	37	32	16	
11	21	35	26	12	36	8	
16	13	18	38	22	42	34	
19	12	22	21	20	40	37	
5	14	21	48	26	3	24	
46	6	28	48	3	27	7	
47	26	10	23	36	46	37	
35	36	2	49	31	34	30	
14	29	36	40	15	47	31	
20	39	9	6	0	35	31	
15	38	16	45	8	24	30	
3	17	7	21	32	27	48	
24	32	35	8	27	1	42	
28	3	13	37	35	7	12	
1	10	23	28	16	46	33	
30	43	41	10	37	28	15	
10	48	17	29	0	13	7	
7	42	9	31	32	24	26	
50	56	73	60	79	71	95	
63	84	69	97	88	50	57	
95	85	96	86	88	98	56	
67	66	73	99	76	98	71	
85	50	88	65	86	52	80	
66	80	86	51	85	62	59	
58	85	98	89	79	82	59	
96	64	56	85	90	53	83	
61	62	81	80	52	58	53	
55	82	63	72	69	66	98	
86	57	85	70	94	68	78	
57	73	84	83	52	88	97	
71	84	82	87	75	76	86	
77	78	52	66	96	88	65	
81	94	65	64	85	52	59	
76	69	92	72	64	50	82	
61	51	91	70	52	82	94	
76	74	71	70	89	83	54	
95	85	71	64	62	73	86	
51	64	69	92	76	83	86	
72	90	98	66	88	62	76	
85	73	56	97	60	72	96	
66	93	80	65	76	63	84	
66	71	89	92	87	80	86	
66	98	51	88	57	72	90	
86	78	61	55	82	66	94	
56	64	81	83	82	60	54	
95	97	82	64	90	83	80	
58	93	90	69	92	53	50	
50	91	53	75	89	55	73	
78	92	73	94	52	61	69	
92	59	88	72	84	65	87	
96	70	62	79	92	77	90	
74	80	87	96	55	57	92	
64	52	60	99	86	77	58	
50	98	66	73	51	88	96	
73	53	74	70	57	83	51	
97	95	86	87	62	80	96	
93	71	53	70	97	54	63	
51	96	86	95	72	90	80	
86	67	80	84	92	98	65	
63	92	67	91	97	79	56	
97	73	87	77	59	99	53	
94	67	58	70	74	55	80	
87	79	66	88	86	91	58	
84	63	64	79	82	54	90	
67	91	50	72	69	54	52	
52	68	79	93	50	85	51	
77	66	62	63	61	53	74	
59	94	54	69	84	77	92	
126	145	100	106	121	127	149	
119	106	124	137	146	142	100	
148	112	124	138	101	121	135	
113	144	107	138	120	147	122	
114	107	133	135	106	131	140	
146	120	125	124	136	105	119	
139	135	146	142	125	132	101	
129	143	112	102	124	131	111	
116	129	121	130	149	145	120	
148	134	125	119	109	145	141	
141	138	139	111	147	100	142	
102	125	139	106	121	119	138	
138	108	143	106	141	122	110	
125	119	144	141	140	124	136	
138	108	139	130	101	129	133	
122	133	130	149	121	117	140	
140	139	126	148	125	111	130	
134	149	139	108	121	117	109	
136	143	142	113	117	139	128	
124	139	128	129	137	106	114	
106	149	144	127	104	118	105	
147	113	149	114	141	102	112	
115	113	109	138	146	103	108	
133	126	105	138	143	103	128	
113	139	109	116	130	104	131	
116	143	102	122	148	104	119	
129	133	127	147	126	144	130	
121	124	123	122	145	116	134	
131	128	141	103	111	126	112	
132	121	114	131	139	129	137	
100	125	124	122	132	108	120	
108	146	114	110	128	144	129	
117	124	131	130	140	121	143	
134	101	145	107	141	104	105	
141	118	139	132	125	127	137	
146	140	125	120	103	105	142	
141	107	138	106	137	115	124	
111	137	101	136	133	117	106	
120	131	142	109	125	105	144	
146	127	108	118	140	147	111	
127	109	145	149	118	101	125	
122	128	101	138	141	134	108	
110	105	100	108	111	136	127	
147	114	148	115	100	118	103	
139	130	135	137	148	112	122	
126	118	102	139	130	104	117	
139	135	130	110	134	106	147	
100	124	110	139	120	125	129	
146	104	141	142	127	130	103	
135	124	108	102	117	139	136	
171	177	172	156	183	154	173	
152	155	187	178	162	159	164	
176	168	159	178	154	156	192	
199	186	198	175	184	173	187	
150	174	151	160	194	189	188	
199	172	173	150	152	154	194	
151	191	171	179	164	185	166	
194	196	183	180	159	173	193	
157	169	155	174	171	173	164	
183	170	167	196	165	192	155	
174	183	157	181	199	193	173	
176	172	180	186	151	185	161	
165	170	194	186	175	151	181	
172	155	152	164	195	159	184	
168	162	197	159	181	165	161	
173	199	194	167	151	155	186	
184	164	158	153	165	163	162	
172	171	198	163	152	157	177	
196	190	171	170	187	162	193	
186	181	194	170	198	183	177	
185	194	197	180	188	192	164	
182	150	167	191	161	198	176	
177	176	171	184	196	164	193	
156	199	164	185	173	187	188	
161	169	185	186	177	172	193	
178	173	171	191	157	186	190	
155	154	190	183	176	197	153	
156	152	190	179	197	193	196	
194	190	157	175	159	197	150	
159	150	182	166	185	168	189	
172	182	195	162	189	158	154	
187	179	154	172	166	190	181	
154	187	191	151	153	182	194	
159	174	196	156	169	166	167	
156	154	193	151	161	180	174	
197	194	171	183	184	167	191	
153	199	185	164	166	171	178	
175	178	192	161	180	177	189	
176	186	154	173	160	181	158	
162	177	192	189	184	193	154	
196	153	190	185	198	179	199	
173	191	198	174	167	169	161	
171	196	161	153	150	194	179	
153	181	196	175	165	157	151	
184	182	179	170	165	163	191	
189	165	198	196	190	150	186	
160	174	185	189	191	181	166	
154	171	184	190	174	151	164	
186	170	179	159	187	162	158	
171	166	152	151	188	168	150	
220	229	242	208	237	239	240	
233	200	222	237	228	230	231	
244	210	241	215	211	249	235	
205	227	223	221	222	220	209	
236	229	219	208	223	202	227	
221	249	207	226	234	205	210	
206	231	214	230	226	213	242	
241	246	242	210	214	247	236	
237	210	208	205	225	221	218	
211	242	228	202	225	227	226	
214	208	218	242	206	233	204	
243	203	247	201	202	227	238	
249	200	205	238	221	224	237	
210	206	223	204	231	247	216	
211	241	215	225	247	210	235	
241	214	212	220	246	211	201	
216	226	218	223	237	202	246	
221	226	203	209	210	225	212	
221	234	228	223	239	241	202	
231	209	217	232	206	246	202	
220	247	240	200	214	209	225	
225	210	234	200	247	246	211	
220	238	201	247	237	228	207	
245	207	220	226	224	237	241	
212	200	205	237	245	239	201	
245	218	207	247	213	234	209	
214	245	218	213	223	210	232	
244	229	218	214	201	212	234	
225	233	211	240	244	231	202	
205	240	210	231	202	215	212	
249	212	214	235	236	220	209	
221	245	248	226	225	236	230	
201	241	242	215	244	202	246	
235	213	202	246	214	204	221	
204	240	247	212	234	210	220	
228	219	248	221	234	223	242	
236	248	233	203	204	235	238	
247	202	222	226	225	207	245	
235	249	219	217	237	229	215	
232	219	239	223	212	213	229	
200	222	231	208	247	221	225	
228	207	242	229	223	221	224	
222	215	244	219	223	208	224	
203	216	241	222	235	205	247	
243	208	207	220	246	209	200	
204	236	239	206	213	246	229	
235	221	223	231	207	229	247	
233	237	240	207	232	211	239	
215	202	246	214	238	219	230	
206	249	200	223	236	228	238	
254	289	257	262	296	286	280	
297	255	256	281	272	296	262	
283	297	266	256	289	295	296	
255	257	281	271	284	278	295	
299	256	290	268	263	276	291	
296	277	250	267	286	272	278	
251	297	289	298	255	264	269	
272	271	282	252	253	265	276	
263	260	257	262	259	290	271	
282	291	261	281	290	270	295	
260	275	256	255	278	262	257	
289	295	275	293	291	281	297	
273	251	261	287	275	288	272	
278	296	277	294	258	298	288	
257	291	288	290	262	268	252	
265	253	271	286	275	263	296	
252	254	287	299	292	261	289	
297	266	284	290	293	299	261	
280	266	269	296	279	293	292	
262	276	277	282	293	250	298	
275	265	282	256	295	273	268	
258	265	252	286	269	260	283	
259	252	257	280	283	251	279	
274	295	290	289	299	280	261	
251	266	276	299	264	282	260	
270	295	289	292	291	298	286	
289	270	275	255	273	291	286	
268	253	291	295	273	287	276	
254	292	270	266	287	260	262	
287	251	299	262	263	284	261	
281	275	297	266	259	262	277	
290	267	299	277	280	287	264	
277	296	250	294	287	251	252	
296	258	293	264	277	286	254	
281	296	263	265	286	272	267	
281	280	278	293	272	285	261	
256	277	289	261	264	266	273	
290	295	277	258	294	284	259	
283	285	254	279	260	258	277	
285	275	281	269	256	257	296	
263	258	285	252	271	270	280	
271	298	275	259	290	295	261	
289	282	275	267	287	254	268	
273	287	276	268	261	265	296	
299	293	286	290	274	268	273	
262	255	273	282	263	254	281	
298	294	286	274	293	288	272	
261	262	271	254	264	282	268	
252	293	272	277	254	290	285	
260	250	285	261	291	292	273	
337	333	339	313	314	320	309	
310	331	311	320	304	314	305	
313	335	329	321	319	316	317	
302	318	303	331	336	301	342	
337	321	324	339	319	329	304	
308	326	321	325	304	336	317	
302	331	345	316	338	326	300	
344	315	340	305	347	300	339	
334	305	323	320	341	347	311	
312	331	333	318	303	338	325	
309	304	333	308	337	342	306	
318	324	317	310	315	316	307	
324	331	316	301	328	312	340	
345	339	335	347	329	319	322	
345	348	320	324	349	313	331	
347	346	327	326	321	306	335	
333	326	309	336	348	304	314	
345	327	301	349	313	307	338	
306	336	300	314	304	310	312	
349	338	311	305	319	332	343	
314	333	341	301	318	310	308	
327	331	314	306	302	335	322	
318	307	344	316	335	303	322	
326	338	309	327	316	303	307	
334	309	330	321	343	316	313	
315	312	342	328	349	347	345	
332	349	340	308	334	322	304	
328	343	346	314	348	327	320	
306	312	338	310	349	309	320	
337	317	345	303	308	334	304	
314	346	333	326	329	327	306	
338	325	316	306	322	305	311	
328	310	318	339	337	333	344	
307	327	331	343	333	348	349	
317	304	300	335	326	319	318	
322	344	301	310	313	312	330	
335	330	317	328	326	325	346	
311	348	319	329	342	343	340	
338	303	339	313	328	327	333	
332	314	343	348	305	335	326	
309	301	334	348	308	306	321	
323	304	329	346	328	300	326	
307	349	330	335	333	342	326	
304	341	311	303	346	318	300	
326	339	309	306	336	318	329	
318	315	334	314	312	300	343	
344	308	339	338	342	345	321	
313	322	333	348	330	300	309	
348	323	335	324	347	312	339	
340	339	300	335	308	331	304	
359	385	366	396	355	364	388	
365	383	379	386	356	359	372	
393	351	352	382	398	396	371	
360	358	398	386	363	387	373	
385	382	366	356	378	387	360	
366	350	377	352	357	361	382	
390	353	378	350	397	352	382	
380	368	359	360	385	373	370	
382	367	386	353	378	392	354	
389	368	380	392	353	379	359	
367	379	382	380	354	383	399	
397	373	374	381	390	352	365	
352	358	364	383	391	366	367	
374	381	371	360	383	368	392	
399	394	398	392	376	358	360	
378	370	351	379	360	385	363	
378	386	393	387	397	363	353	
351	370	374	389	395	378	372	
384	356	361	369	387	353	364	
397	394	384	398	385	392	350	
352	397	368	393	382	372	396	
357	380	392	351	393	395	377	
384	363	358	379	351	396	380	
365	368	369	350	359	364	398	
377	384	369	386	379	375	355	
357	376	370	360	363	362	352	
363	377	373	362	372	370	354	
358	384	397	361	395	369	379	
364	362	392	353	387	366	382	
359	362	357	373	355	361	385	
399	386	388	363	377	370	387	
364	391	357	383	378	388	355	
369	382	355	372	376	363	365	
372	359	353	397	361	362	354	
353	384	396	351	364	385	362	
398	397	384	359	379	390	353	
370	364	356	391	371	354	361	
397	355	350	373	381	378	384	
387	376	399	352	382	360	375	
385	350	378	359	358	360	397	
364	356	358	365	350	398	362	
358	375	395	365	370	376	350	
391	370	371	373	367	357	399	
378	353	373	379	387	369	370	
358	380	388	378	368	391	381	
367	394	368	350	354	361	389	
396	395	385	366	399	350	377	
388	381	356	369	378	359	360	
397	379	354	366	378	365	351	
374	399	373	371	351	392	388	
432	422	407	448	436	411	441	
431	409	419	418	448	425	410	
444	412	441	428	423	440	436	
434	410	402	409	433	429	421	
441	410	436	420	432	401	419	
421	428	448	432	424	419	406	
441	419	405	436	435	401	421	
430	421	422	439	415	404	424	
432	420	407	440	437	424	448	
400	437	419	432	443	404	429	
417	439	425	429	423	438	445	
425	445	434	432	415	437	443	
433	408	401	409	419	418	432	
401	442	432	421	436	441	411	
428	405	426	432	438	422	433	
433	412	414	415	443	425	447	
441	403	402	445	405	443	424	
433	447	432	438	401	407	423	
439	411	428	447	415	435	417	
425	435	433	430	437	442	402	
439	411	424	432	406	409	433	
436	421	401	413	447	407	403	
412	430	407	445	411	446	427	
430	412	438	439	431	447	404	
413	422	436	437	406	402	419	
437	417	416	411	428	436	449	
433	444	443	438	436	427	406	
421	418	447	446	439	426	443	
441	406	414	432	417	444	424	
426	425	420	410	441	409	432	
408	410	424	442	423	422	419	
422	436	424	443	416	444	435	
422	447	424	427	444	412	419	
445	423	428	431	446	407	432	
435	410	415	421	443	441	427	
449	434	431	406	448	440	426	
449	445	429	443	425	430	423	
425	400	404	429	403	424	438	
402	406	430	431	422	419	405	
449	435	427	444	404	424	447	
433	408	435	422	406	446	411	
425	428	421	403	434	444	435	
448	426	424	404	423	412	432	
433	444	417	406	416	437	424	
414	426	424	425	442	415	412	
410	421	420	417	415	435	428	
430	412	431	440	413	406	441	
433	427	437	447	445	403	436	
426	434	439	435	407	432	421	
430	431	438	426	427	445	432	
499	460	498	458	494	493	475	
487	490	482	456	491	465	477	
468	486	470	471	479	482	457	
476	488	450	493	473	485	494	
496	473	469	476	468	488	495	
494	468	478	482	472	480	459	
494	461	479	490	469	484	487	
472	473	485	474	466	488	458	
458	492	484	455	488	466	498	
479	471	478	484	481	454	492	
492	498	483	476	463	454	466	
455	466	459	454	474	450	496	
488	458	493	483	462	475	471	
496	493	484	497	450	499	472	
485	479	475	489	472	466	471	
466	469	473	461	483	458	476	
482	465	487	450	474	481	466	
481	489	451	463	494	477	486	
499	459	481	482	450	484	487	
471	486	484	452	476	475	455	
471	464	468	495	487	476	499	
454	470	484	485	487	478	468	
464	482	485	494	499	487	497	
493	471	479	452	458	454	494	
477	487	480	471	482	475	467	
467	471	460	487	475	455	452	
450	492	493	496	473	466	459	
458	487	474	463	467	473	479	
467	458	480	488	494	468	471	
495	455	450	474	494	470	499	
465	474	464	473	459	468	482	
465	498	463	470	468	488	461	
490	459	457	455	483	458	487	
468	489	484	498	461	467	485	
496	497	475	466	458	485	452	
489	455	461	456	484	479	462	
472	473	458	476	463	451	486	
490	491	480	456	467	453	475	
454	462	466	499	485	475	451	
496	490	453	451	452	462	492	
463	469	459	497	452	498	499	
477	486	494	457	461	493	492	
465	455	481	489	472	470	497	
466	472	454	493	467	473	453	
457	491	481	480	464	470	466	
470	478	468	464	477	483	471	
475	472	458	461	466	467	455	
477	499	459	478	462	483	460	
477	451	471	472	464	462	474	
477	450	486	490	460	455	484	
27	35	7	19	29	39	32	37	
48	17	18	23	46	1	43	13	
23	9	38	33	46	32	5	21	
6	24	16	34	41	0	5	37	
37	6	41	22	38	19	4	9	
25	10	24	35	4	22	34	20	
1	15	0	16	5	9	13	6	
23	49	30	20	39	0	17	35	
48	25	40	38	22	41	16	39	
20	43	14	44	2	47	13	8	
47	44	42	19	31	29	14	43	
21	22	45	19	29	46	11	10	
24	3	32	30	40	16	45	42	
19	4	21	14	31	6	11	9	
31	18	35	11	13	25	4	16	
31	21	37	27	49	41	44	8	
36	9	4	49	41	15	48	16	
22	16	27	2	26	20	47	39	
20	21	18	46	33	25	27	49	
13	27	38	16	19	33	35	17	
29	45	3	22	21	4	27	37	
14	4	47	45	37	34	46	11	
3	0	36	21	27	16	23	31	
1	48	36	3	9	40	18	15	
25	33	22	24	16	9	18	13	
11	25	30	31	39	35	3	1	
48	38	19	44	17	15	8	2	
40	28	39	8	18	46	44	1	
27	26	40	41	35	17	29	5	
15	28	45	1	8	46	33	6	
0	14	38	22	32	15	34	48	
6	8	24	31	17	13	27	3	
14	40	24	32	19	38	3	10	
29	37	1	35	13	0	11	33	
6	31	27	40	44	15	7	17	
6	21	32	3	27	13	20	47	
29	31	38	0	39	28	42	3	
42	49	45	12	8	37	16	29	
26	32	8	7	5	24	30	46	
31	17	44	6	23	10	36	0	
33	23	10	46	27	43	42	9	
17	20	37	13	23	5	47	1	
14	48	15	21	20	36	13	19	
36	32	35	7	8	20	22	28	
20	47	16	29	25	3	17	30	
14	17	8	9	6	33	30	43	
25	31	47	20	40	2	41	37	
23	12	36	46	30	18	49	4	
10	49	21	17	43	4	23	5	
13	16	49	7	30	42	9	46	
69	97	90	60	91	96	72	64	
79	52	74	95	59	71	68	62	
89	55	85	69	56	93	62	59	
70	74	91	75	73	50	53	68	
81	91	86	50	82	55	75	64	
96	74	57	87	90	99	88	54	
98	50	64	78	71	86	60	66	
53	66	67	64	69	52	85	79	
69	61	79	98	75	81	89	92	
73	75	95	64	63	60	78	69	
96	51	57	63	89	82	93	58	
67	85	90	96	57	70	73	94	
79	85	61	74	99	54	73	90	
63	61	84	62	92	73	76	60	
55	72	77	64	73	95	96	65	
89	82	62	73	52	56	59	95	
56	89	68	93	81	65	66	94	
97	62	59	71	79	53	54	70	
57	75	55	62	99	86	98	64	
78	51	64	66	53	88	74	98	
99	58	94	69	53	79	81	64	
80	61	99	51	53	88	57	89	
95	60	92	72	81	86	93	64	
85	76	83	87	77	84	86	78	
67	60	87	98	74	78	77	81	
75	66	96	64	52	69	54	79	
91	80	77	73	99	75	50	63	
95	60	70	53	81	63	72	55	
67	86	64	75	68	71	62	82	
59	98	75	67	51	92	84	66	
74	58	75	60	97	76	59	56	
73	92	90	52	63	79	60	87	
89	98	86	99	55	68	62	51	
66	83	50	91	78	89	90	77	
72	64	62	97	87	60	99	92	
77	59	55	70	60	85	68	96	
77	70	88	91	58	80	76	67	
63	53	91	65	85	92	55	96	
64	81	80	89	88	67	54	58	
82	89	62	65	68	83	84	58	
77	85	90	64	71	69	96	94	
52	55	89	78	88	85	75	99	
60	79	61	65	92	62	90	84	
87	60	51	50	89	92	85	91	
63	57	76	79	86	98	89	66	
54	82	73	72	56	78	53	94	
64	79	65	58	56	63	52	98	
81	54	86	84	51	59	77	64	
96	92	70	89	90	88	98	57	
67	88	68	77	96	64	58	87	
137	141	123	127	105	135	133	130	
125	146	127	116	131	120	104	136	
133	136	125	139	116	112	119	131	
146	117	142	113	106	114	140	100	
141	133	138	105	102	117	139	131	
145	146	131	125	127	137	107	133	
125	120	140	123	137	149	141	118	
136	109	149	121	131	120	105	138	
101	111	115	117	105	100	149	146	
132	100	124	117	123	142	127	115	
141	128	129	101	149	146	110	132	
125	120	148	116	137	140	146	126	
110	134	135	146	112	122	109	131	
109	132	111	134	105	138	112	101	
146	139	101	111	142	141	147	112	
102	135	111	145	120	124	144	108	
118	146	109	111	103	113	117	110	
126	122	113	142	135	143	117	115	
139	101	106	104	110	146	148	125	
102	105	113	143	116	127	146	139	
132	119	146	110	121	136	106	141	
129	137	135	122	143	130	112	145	
105	123	136	128	144	129	132	110	
107	110	131	124	128	116	142	117	
117	125	130	113	136	142	119	133	
138	113	112	132	119	149	134	102	
121	114	106	107	142	132	137	112	
130	112	135	127	115	133	149	102	
128	106	107	145	125	136	123	149	
124	141	148	120	137	145	138	121	
100	119	120	127	130	125	107	101	
133	147	108	148	142	140	113	137	
127	135	101	145	112	110	103	141	
141	129	101	127	108	126	124	132	
115	139	137	111	148	117	100	142	
107	138	135	120	116	141	124	131	
121	141	125	106	127	136	116	135	
127	130	106	119	148	134	142	139	
112	141	109	138	104	119	139	101	
127	139	107	138	147	118	136	149	
106	103	149	127	129	144	120	113	
138	141	101	118	133	127	107	102	
145	141	123	102	133	137	144	112	
111	126	128	146	148	141	118	120	
148	139	116	120	128	109	113	107	
147	140	122	105	142	110	135	118	
105	139	142	114	103	113	140	143	
135	108	103	147	127	131	149	105	
122	129	141	103	112	134	120	105	
135	138	145	140	112	141	142	104	
188	196	176	189	152	166	170	199	
179	160	163	178	188	183	186	168	
180	177	179	182	189	176	175	188	
152	167	151	157	196	169	163	186	
178	160	170	192	191	154	199	162	
161	163	186	180	192	197	194	173	
169	184	182	179	194	167	163	190	
174	172	180	163	181	178	155	191	
179	156	197	199	188	175	153	155	
189	186	170	155	199	193	191	190	
170	151	172	155	164	165	177	184	
174	158	154	175	179	176	161	186	
199	191	168	179	189	161	163	167	
153	166	169	182	197	185	154	183	
151	173	175	157	185	198	166	155	
156	180	198	183	169	158	195	185	
191	197	154	174	156	177	198	168	
167	186	171	173	180	183	187	179	
159	182	168	178	174	160	192	187	
178	156	151	196	177	194	182	153	
169	166	197	190	150	164	193	189	
178	195	154	184	185	157	168	188	
168	185	151	199	191	150	198	169	
179	151	181	173	171	197	172	193	
198	150	186	160	197	175	191	196	
174	171	196	163	194	155	191	197	
176	166	182	187	193	174	171	180	
154	155	186	183	198	156	177	165	
195	168	199	192	152	185	189	167	
162	169	172	185	155	195	151	182	
150	189	166	158	172	154	185	198	
159	195	198	191	167	154	181	166	
167	185	161	195	172	199	153	162	
165	167	194	199	183	156	178	177	
190	155	152	196	195	150	189	182	
171	198	197	199	181	151	174	176	
199	181	160	164	182	196	188	190	
153	171	174	182	156	192	163	177	
154	172	190	152	151	199	155	165	
161	183	165	176	195	186	158	179	
176	184	175	199	185	198	153	174	
191	198	177	197	166	151	196	163	
163	189	194	182	177	199	174	152	
177	158	165	174	166	186	179	190	
154	165	180	191	176	195	179	187	
185	188	162	176	184	182	169	197	
173	158	189	154	191	190	199	150	
159	170	152	180	191	193	173	183	
188	174	161	167	169	181	162	164	
183	191	181	151	162	173	171	150	
210	214	238	233	246	229	208	224	
246	238	207	215	237	247	222	213	
243	225	233	205	220	236	227	208	
248	235	219	203	212	202	220	201	
237	231	229	222	245	248	225	230	
243	241	233	207	213	227	236	222	
212	240	213	222	219	238	248	214	
213	202	233	248	240	220	201	238	
232	201	205	227	219	214	202	212	
248	208	231	216	235	222	202	219	
248	235	202	237	245	218	211	220	
219	209	200	246	239	227	236	245	
220	249	212	211	204	232	246	244	
247	228	227	233	239	215	207	220	
249	227	231	232	205	201	213	248	
206	217	222	205	234	202	214	245	
211	247	235	201	200	221	228	231	
235	245	203	224	249	213	244	208	
228	206	204	218	215	224	219	243	
247	205	239	225	226	217	241	233	
212	204	241	217	207	239	203	246	
205	239	225	230	226	238	246	218	
238	217	233	214	237	213	200	227	
216	243	204	214	207	208	215	224	
224	237	209	227	241	221	234	247	
202	211	212	239	247	208	227	213	
243	203	238	225	234	210	209	245	
231	210	241	219	207	248	216	226	
210	222	204	229	248	219	247	208	
214	241	206	245	239	209	231	243	
206	233	231	243	228	220	234	218	
206	247	203	215	229	231	238	235	
213	229	202	242	237	227	217	210	
240	222	201	200	237	217	221	206	
249	202	245	230	220	204	212	244	
223	209	208	217	218	239	214	246	
212	220	225	213	239	204	216	222	
203	209	207	228	246	205	234	236	
217	244	249	200	207	233	214	221	
241	208	204	225	243	235	237	206	
246	222	241	209	215	226	239	223	
236	221	248	211	240	200	249	208	
204	238	208	217	227	235	232	245	
234	221	226	217	220	249	242	237	
221	245	229	217	248	223	241	243	
206	213	240	211	215	237	226	224	
234	209	225	218	224	241	238	210	
234	204	235	210	211	243	230	245	
223	225	239	202	213	244	205	245	
227	200	244	217	228	222	203	216	
257	273	252	285	260	268	277	250	
253	273	255	286	279	263	294	267	
273	289	253	266	268	252	278	296	
272	255	269	290	264	297	250	254	
283	267	284	281	297	251	265	275	
282	275	265	298	293	268	288	264	
288	254	278	284	296	262	266	290	
265	262	252	276	291	282	285	296	
265	299	255	284	261	297	270	298	
261	289	288	268	269	296	253	260	
268	271	257	277	264	265	293	279	
271	269	255	270	281	285	284	259	
260	271	268	291	256	283	254	278	
299	278	255	274	279	281	285	256	
253	259	267	263	280	290	274	297	
275	296	255	257	285	253	288	278	
263	286	251	293	254	260	271	273	
292	256	265	257	279	250	272	275	
297	295	263	291	296	293	278	281	
263	296	253	251	274	295	299	266	
276	253	275	282	267	298	261	280	
276	262	267	287	281	279	250	260	
295	272	250	292	273	290	261	298	
273	280	261	284	283	268	271	270	
289	257	294	265	288	256	275	259	
250	268	269	271	252	258	256	296	
254	286	281	266	284	256	275	279	
259	265	271	255	250	281	254	284	
267	269	270	295	255	297	251	257	
277	268	284	264	296	266	298	253	
251	271	258	272	296	269	297	253	
265	250	253	256	285	295	273	262	
273	255	265	290	256	274	262	295	
265	256	272	281	294	282	271	286	
289	283	253	257	293	291	251	272	
273	267	283	253	292	268	262	261	
296	253	283	270	285	278	287	261	
282	264	295	296	250	275	251	260	
283	276	260	278	293	281	259	270	
291	293	297	253	299	261	278	263	
277	274	258	270	298	262	275	285	
282	260	262	255	254	299	290	298	
281	273	282	261	252	250	288	283	
285	269	279	261	274	290	295	277	
257	267	273	263	289	297	290	264	
273	287	290	298	251	252	276	285	
257	266	268	269	256	279	290	275	
272	284	253	285	261	250	291	262	
276	271	295	291	254	292	278	273	
284	293	288	280	269	297	258	265	
324	335	349	307	341	317	318	313	
334	320	339	322	323	333	307	329	
318	317	325	344	337	315	306	302	
346	342	339	340	310	313	322	324	
326	347	324	332	349	344	335	314	
340	342	349	332	327	304	309	330	
338	326	310	311	328	334	349	306	
303	336	333	324	326	330	315	327	
325	322	324	329	331	303	301	333	
325	310	315	334	340	322	342	330	
317	330	328	319	346	349	334	305	
324	347	307	315	319	305	341	345	
325	308	345	321	343	311	331	328	
325	341	308	338	307	326	320	327	
305	345	331	333	342	306	347	318	
314	311	301	323	308	305	332	330	
332	306	348	347	319	307	315	340	
308	337	321	304	325	317	339	344	
302	335	334	343	314	327	303	324	
343	310	346	335	339	333	334	322	
338	330	348	313	328	333	323	320	
304	316	343	314	330	347	313	307	
321	332	339	329	317	327	330	345	
333	343	319	330	312	316	303	304	
347	312	315	310	314	305	313	307	
324	329	304	348	332	317	314	321	
300	319	331	321	328	325	310	342	
303	337	343	342	301	331	307	308	
335	344	343	347	342	326	339	333	
324	346	326	316	319	345	347	349	
300	319	343	349	341	340	323	342	
344	330	327	317	318	345	308	319	
320	311	341	310	338	344	336	329	
301	328	336	338	304	340	342	333	
340	331	314	319	329	310	303	336	
345	333	347	329	301	303	314	302	
342	302	311	339	315	307	327	333	
336	339	302	326	323	319	305	314	
317	322	313	332	300	315	348	306	
305	324	329	316	306	320	325	312	
316	332	326	314	312	330	340	333	
336	315	318	334	349	312	343	306	
349	343	334	316	300	332	338	322	
331	300	326	306	308	301	307	329	
327	315	349	324	320	309	314	321	
304	346	319	327	337	308	338	300	
347	345	300	337	328	309	338	316	
338	314	332	339	302	345	334	348	
310	303	334	327	313	321	312	343	
322	323	332	317	319	318	311	300	
374	350	365	377	378	396	372	384	
394	361	391	385	377	366	363	389	
354	366	361	373	395	389	397	399	
386	360	381	387	376	373	389	355	
397	351	357	386	370	391	383	354	
370	382	363	352	365	351	399	371	
397	379	362	369	374	387	364	396	
374	359	364	398	383	350	381	353	
381	377	384	385	369	361	358	354	
379	352	393	381	390	380	384	351	
368	398	389	353	363	384	375	397	
379	394	393	392	395	384	381	374	
366	358	354	396	351	352	382	355	
373	385	363	382	357	369	375	380	
370	367	383	368	385	360	358	376	
394	376	381	361	351	366	358	373	
384	380	357	385	393	397	378	365	
394	376	377	351	378	362	350	373	
384	359	381	393	391	355	374	394	
382	399	360	352	395	370	367	350	
396	362	373	382	358	394	353	370	
357	359	375	370	381	372	352	385	
355	365	354	383	387	394	392	363	
391	386	395	359	377	360	376	355	
361	359	363	368	366	364	362	392	
377	373	395	393	394	355	387	391	
370	387	374	378	384	386	398	382	
372	359	350	388	394	384	364	383	
395	392	391	378	370	373	360	351	
390	371	399	375	394	363	372	356	
350	371	391	379	376	386	364	381	
381	398	389	375	388	395	368	385	
371	372	383	391	362	350	361	378	
362	376	354	396	351	398	397	380	
384	352	379	358	355	365	359	374	
366	380	361	387	360	392	399	362	
366	399	389	356	387	391	355	371	
360	371	396	383	363	385	374	352	
358	370	375	376	373	377	360	355	
394	384	382	388	356	367	354	392	
358	398	375	385	365	386	378	388	
356	389	361	396	373	366	354	371	
392	367	369	399	376	384	358	374	
361	390	379	383	355	392	357	394	
370	389	396	357	388	398	367	376	
361	396	391	358	370	388	399	362	
353	385	362	359	379	374	375	386	
371	376	359	353	350	398	380	363	
381	363	374	382	377	350	389	385	
366	368	354	393	396	362	350	363	
406	415	426	445	428	421	441	448	
448	438	437	410	421	440	418	416	
409	415	425	442	431	405	419	406	
432	414	439	424	434	426	410	444	
437	435	401	446	403	417	444	425	
409	448	428	427	426	447	441	440	
417	433	405	443	432	431	429	415	
414	412	403	438	422	437	445	405	
414	404	434	415	437	449	411	448	
433	438	439	445	424	447	428	436	
440	427	431	430	415	411	434	444	
430	405	427	413	449	412	410	433	
437	447	441	446	426	442	436	422	
420	448	425	417	416	429	426	423	
422	448	428	447	404	414	430	417	
417	427	433	445	423	443	404	437	
438	436	414	419	409	408	426	442	
445	400	403	402	416	404	443	436	
416	439	429	437	431	406	421	415	
447	445	425	414	401	415	417	426	
444	425	445	408	418	405	437	411	
426	413	437	408	444	442	410	409	
442	413	410	443	434	448	446	415	
412	426	410	401	440	429	411	409	
446	425	408	422	417	436	433	440	
426	434	444	436	411	422	424	445	
442	404	416	422	418	435	431	430	
427	434	438	442	424	441	415	449	
447	443	414	416	444	423	403	437	
442	403	400	446	418	419	409	421	
441	425	436	429	419	422	403	443	
426	442	421	427	402	409	406	437	
435	445	414	444	400	430	424	425	
427	433	434	422	415	413	407	431	
430	425	428	408	435	437	442	416	
402	409	446	437	431	422	433	408	
408	403	423	437	415	445	448	405	
448	415	435	428	404	433	439	416	
436	423	414	428	417	443	429	413	
428	438	402	423	419	441	442	420	
413	431	403	424	401	435	402	415	
445	400	404	413	407	406	411	449	
420	400	437	444	424	414	409	407	
427	440	430	413	419	411	402	406	
410	416	417	413	419	415	434	421	
442	423	416	447	434	441	403	420	
444	432	448	417	442	429	410	412	
428	432	436	401	441	416	425	435	
413	442	404	422	416	437	417	408	
431	419	401	420	439	436	443	409	
497	487	457	452	494	462	455	483	
489	460	453	468	483	466	475	490	
479	454	488	470	459	477	452	493	
491	487	481	470	457	494	473	468	
490	470	489	480	461	498	478	486	
481	460	483	463	491	475	457	493	
472	454	460	475	451	468	464	470	
491	477	490	472	492	479	463	464	
463	497	459	454	461	450	485	490	
477	466	485	472	473	468	494	476	
479	457	495	456	461	465	487	472	
472	492	454	451	470	496	494	485	
495	470	468	457	473	477	452	467	
493	453	499	498	454	474	484	491	
483	490	471	454	497	472	484	469	
456	463	495	462	485	466	457	451	
482	481	490	473	474	454	492	450	
461	496	481	459	469	480	490	478	
460	457	470	495	484	454	491	474	
477	489	456	494	458	483	478	462	
478	496	454	469	456	458	471	472	
490	457	482	473	456	484	467	488	
464	494	476	453	458	488	485	495	
467	491	485	497	453	476	459	468	
454	475	470	456	479	499	482	461	
454	459	495	487	469	477	474	497	
474	464	480	481	459	467	478	465	
465	499	484	483	477	463	464	473	
492	474	495	455	457	478	469	491	
495	453	472	450	487	464	452	488	
485	474	487	455	498	470	475	492	
490	473	475	498	486	499	491	477	
456	476	467	477	461	470	480	459	
468	482	461	480	462	484	487	456	
496	451	460	469	453	488	464	493	
495	451	481	485	474	459	465	493	
462	478	452	487	489	456	469	490	
489	494	491	482	469	492	483	468	
490	467	464	476	487	452	495	494	
453	456	455	486	498	450	488	490	
456	481	452	466	451	460	473	495	
475	450	461	467	463	466	479	462	
481	482	492	489	493	486	499	466	
492	486	462	467	456	474	473	466	
486	465	472	468	494	457	482	478	
459	471	468	452	480	474	450	495	
471	494	472	482	473	488	489	491	
496	452	470	483	476	498	451	478	
475	485	471	497	495	494	453	461	
480	473	455	467	493	477	492	457	
94	473	91	
305	63	372	
106	446	97	
121	140	200	
272	96	271	
218	35	231	
437	359	163	
50	231	328	
438	176	157	
258	260	165	
224	213	244	
144	166	319	
358	242	183	
395	82	161	
132	225	450	
204	27	236	
276	307	360	
54	305	26	
312	357	448	
223	164	410	
183	276	31	
48	410	423	
114	226	392	
128	142	90	
351	75	242	
248	446	37	
311	493	280	
73	139	346	
371	334	73	
73	347	260	
78	385	431	
480	388	31	
183	40	489	
24	225	160	
354	23	1	
142	177	175	
107	134	229	
450	419	243	
3	418	377	
452	211	180	
118	492	113	
4	320	186	
346	266	451	
208	114	415	
37	450	419	
345	274	238	
392	188	371	
193	109	430	
54	25	193	
36	99	453	
444	161	468	400	
390	476	411	304	
234	386	314	291	
287	257	84	18	
374	34	41	316	
43	419	413	434	
347	247	103	293	
203	474	17	226	
368	406	157	247	
469	75	159	328	
150	57	366	73	
377	222	253	360	
201	9	191	94	
146	96	89	46	
136	143	292	444	
358	375	155	464	
497	267	425	8	
301	457	263	183	
51	156	420	212	
82	122	83	371	
412	210	307	387	
408	113	12	57	
483	397	448	94	
308	322	384	163	
175	127	28	26	
392	66	86	401	
40	97	107	444	
86	144	69	364	
192	446	20	56	
302	142	217	219	
360	158	443	492	
128	463	438	213	
290	263	169	160	
380	409	300	161	
63	476	258	193	
182	492	478	119	
474	266	427	64	
311	81	165	167	
73	42	87	272	
409	351	122	371	
467	6	112	281	
180	422	242	72	
266	230	21	329	
249	53	277	11	
411	497	355	285	
237	158	475	48	
415	386	408	288	
442	345	42	165	
430	277	206	87	
213	14	409	108	
478	240	308	26	494	
400	169	136	340	458	
79	110	207	286	252	
66	291	69	424	465	
282	39	64	494	175	
457	282	396	435	366	
27	167	319	258	149	
80	286	58	8	185	
261	422	92	43	124	
105	159	323	434	209	
431	256	46	206	257	
458	135	159	137	300	
451	440	355	27	398	
353	138	488	471	212	
393	113	164	404	425	
428	264	442	136	408	
338	233	260	112	139	
379	473	346	8	34	
458	168	161	475	149	
352	157	148	39	359	
284	260	200	161	415	
231	387	429	77	403	
121	254	243	191	307	
138	269	462	37	183	
368	314	463	366	396	
29	248	318	461	22	
409	203	123	419	197	
39	267	49	73	41	
433	388	421	122	305	
79	450	414	29	473	
88	405	284	65	166	
353	446	125	450	308	
29	43	428	350	110	
384	165	50	29	81	
217	138	83	15	261	
451	273	61	437	366	
430	49	3	355	74	
270	326	291	28	198	
347	289	487	162	204	
251	255	274	374	136	
290	71	78	431	186	
489	86	406	223	166	
495	91	38	475	187	
26	454	288	119	160	
395	358	261	240	112	
282	194	190	247	60	
113	202	142	38	323	
17	428	320	131	472	
196	463	137	341	396	
251	85	86	69	444	
