18	0	27	43	15	39	
24	32	20	5	44	31	
12	25	29	41	32	34	
27	34	24	40	26	15	
3	36	13	1	49	19	
3	29	32	30	41	43	
28	25	30	23	15	16	
40	9	39	17	10	28	
19	45	41	48	13	38	
5	31	44	11	3	40	
17	28	5	48	19	34	
16	43	29	28	18	47	
37	11	24	47	19	0	
28	6	15	29	19	16	
5	17	30	45	10	49	
20	21	0	3	14	5	
12	49	46	34	1	15	
24	47	40	9	1	0	
24	5	8	23	45	19	
36	21	8	25	39	16	
36	2	17	9	38	18	
33	4	12	3	18	43	
29	26	37	0	11	5	
8	19	18	35	40	4	
32	43	12	18	0	13	
49	18	30	41	12	9	
1	5	20	13	10	4	
25	13	11	19	9	32	
6	17	15	26	11	29	
48	20	30	11	28	33	
21	33	22	32	38	2	
47	28	32	18	1	0	
8	12	45	0	26	2	
4	9	38	18	0	33	
9	14	11	44	13	37	
9	12	15	19	8	11	
45	4	29	16	28	37	
38	16	17	8	20	6	
14	10	48	2	44	0	
9	0	29	47	40	14	
30	35	10	18	6	17	
19	20	29	3	6	12	
5	30	11	25	12	38	
49	21	10	37	36	42	
42	38	47	46	15	40	
39	47	38	5	32	1	
28	35	19	8	47	21	
38	48	31	11	40	23	
29	9	44	0	8	27	
29	18	8	27	9	12	
50	80	82	61	96	73	
66	88	81	87	52	83	
89	93	95	83	68	71	
88	55	74	51	98	78	
67	73	63	87	93	91	
59	87	77	94	67	86	
62	60	52	89	97	76	
76	51	81	83	91	66	
83	74	76	70	78	99	
94	63	66	56	64	86	
61	90	70	93	57	80	
63	66	98	84	90	73	
91	77	52	56	65	57	
72	76	52	56	65	70	
92	52	64	57	55	63	
59	60	81	54	50	76	
93	88	94	64	95	76	
88	89	96	77	81	79	
86	66	67	91	93	98	
71	90	96	88	97	65	
80	85	86	56	82	88	
93	84	89	92	88	79	
55	57	94	87	58	91	
66	57	70	99	71	69	
75	82	93	87	59	79	
81	86	53	50	74	69	
94	76	96	86	75	67	
75	69	82	67	85	95	
71	66	83	65	94	62	
51	68	57	82	96	93	
95	74	76	56	85	73	
96	56	75	89	87	54	
66	57	78	52	92	72	
79	97	60	86	71	65	
73	90	66	75	60	63	
85	67	78	88	97	68	
71	55	74	94	81	76	
96	81	82	93	76	53	
79	51	62	74	69	64	
50	98	55	70	72	60	
78	54	56	70	75	68	
87	68	89	90	59	97	
53	55	83	62	94	86	
51	83	80	79	76	72	
74	65	80	73	91	94	
65	88	73	67	90	58	
89	54	86	75	62	80	
98	59	74	76	70	64	
94	88	56	78	61	66	
51	60	66	73	52	83	
112	129	122	139	141	107	
140	141	105	115	104	103	
142	149	110	121	109	125	
145	147	110	142	137	133	
141	112	109	101	100	143	
109	137	116	143	139	108	
103	131	137	125	110	129	
132	143	105	141	126	129	
146	127	134	149	115	107	
115	140	116	145	104	106	
139	148	102	117	135	119	
127	105	148	143	111	110	
109	135	113	128	130	106	
120	119	140	148	126	130	
112	115	142	137	107	147	
117	147	116	146	144	103	
128	110	130	148	103	145	
115	119	138	140	146	117	
100	134	116	138	107	143	
133	136	132	141	145	137	
142	130	102	100	139	106	
147	144	119	141	134	140	
132	126	116	110	105	115	
147	136	137	126	138	102	
124	149	136	108	121	139	
114	136	134	146	110	111	
122	132	125	111	146	134	
125	145	143	114	148	113	
102	135	148	149	130	144	
141	133	149	124	122	144	
117	113	149	101	133	104	
114	101	127	142	132	122	
134	104	140	139	129	137	
108	129	146	102	124	118	
141	142	131	132	134	108	
110	147	134	135	108	122	
115	133	137	128	149	124	
101	129	137	126	119	120	
138	126	147	113	111	116	
134	114	112	111	124	132	
131	143	128	118	145	116	
137	147	134	115	101	135	
149	119	136	137	110	101	
147	131	103	117	112	124	
119	110	135	120	147	131	
146	126	140	136	132	115	
102	136	112	145	133	105	
114	117	139	143	116	104	
124	131	102	121	118	109	
122	139	100	123	104	119	
163	151	197	194	184	165	
184	183	165	158	189	174	
193	158	190	187	152	168	
186	172	184	197	153	175	
180	170	181	160	192	198	
171	151	188	183	156	193	
154	174	170	199	167	155	
197	172	176	180	181	158	
181	154	195	180	187	185	
155	151	181	178	198	169	
153	183	173	172	182	168	
151	180	150	187	190	177	
176	195	170	192	172	193	
166	174	156	157	164	159	
152	157	186	173	177	188	
152	172	173	199	187	165	
158	159	155	193	199	150	
190	184	186	182	192	158	
175	151	158	179	165	167	
173	195	199	163	181	184	
182	175	196	195	168	154	
170	187	179	161	166	192	
167	166	164	181	150	165	
183	174	175	163	155	198	
152	182	169	175	184	163	
182	187	188	180	179	175	
183	166	154	178	181	151	
157	163	185	171	172	173	
195	197	191	193	192	171	
197	190	158	181	198	170	
162	175	153	151	189	188	
163	174	176	169	153	167	
152	178	183	184	155	177	
196	188	169	181	173	175	
181	153	173	196	197	156	
199	190	187	179	168	178	
164	196	157	155	159	183	
156	164	178	192	151	195	
166	192	185	186	180	175	
196	199	190	198	197	156	
162	181	172	178	191	195	
150	191	174	199	194	180	
152	181	194	188	154	174	
196	168	158	180	183	156	
174	161	193	195	170	167	
153	162	197	170	180	158	
172	153	188	187	170	175	
185	194	190	157	152	151	
174	168	186	192	167	187	
156	199	188	182	187	165	
206	218	200	249	211	213	
249	241	214	206	235	248	
214	242	216	223	230	239	
205	204	206	240	229	218	
206	233	217	228	200	244	
229	221	240	211	222	237	
245	224	249	244	233	240	
201	221	239	244	224	236	
214	200	215	234	210	220	
214	245	247	225	220	243	
206	224	231	208	216	243	
240	238	246	206	239	205	
242	218	205	237	213	231	
224	245	249	223	208	222	
219	238	200	246	239	235	
214	211	237	217	200	244	
229	240	234	207	241	221	
214	240	200	232	238	230	
229	241	222	224	235	210	
217	231	238	241	247	239	
202	246	206	207	215	211	
210	237	203	233	211	232	
237	207	201	242	211	215	
237	226	238	232	218	242	
206	232	233	247	210	240	
204	243	238	249	222	216	
248	213	223	233	245	225	
244	216	245	242	213	233	
244	242	217	216	202	210	
242	208	219	207	241	231	
230	226	220	241	224	207	
217	232	221	237	227	205	
202	213	241	246	222	249	
226	210	209	203	228	231	
238	242	219	224	240	235	
246	249	201	228	247	207	
249	226	239	207	229	241	
229	207	214	242	230	231	
244	220	223	208	247	207	
248	208	219	225	232	239	
242	247	225	237	220	224	
236	230	244	206	210	225	
224	217	233	227	237	208	
235	238	249	214	222	204	
230	206	247	243	231	227	
222	235	220	223	227	236	
225	223	212	224	244	248	
235	238	219	242	201	246	
247	243	218	217	244	203	
223	244	228	205	226	242	
269	252	293	273	282	284	
276	258	284	259	274	257	
281	279	251	284	288	293	
280	293	279	252	270	292	
277	257	275	292	259	276	
253	296	274	277	261	293	
296	276	279	259	298	264	
285	296	275	291	281	280	
253	255	256	261	273	250	
296	258	253	285	288	269	
252	259	280	291	297	295	
296	264	283	277	271	289	
255	274	257	284	287	297	
269	292	262	275	276	268	
295	298	281	254	275	266	
279	274	277	256	288	283	
272	289	285	250	257	286	
299	283	280	262	263	257	
277	288	258	292	255	267	
265	295	257	251	297	252	
279	283	270	282	296	288	
257	285	282	266	296	260	
264	288	250	261	267	259	
299	277	258	255	273	297	
289	262	282	261	295	271	
261	253	287	262	257	250	
268	250	282	252	294	281	
270	284	288	260	255	254	
265	257	286	290	260	295	
273	295	282	287	280	281	
287	263	273	265	296	280	
294	256	277	270	262	280	
283	269	292	294	278	286	
255	296	285	268	275	270	
290	268	283	299	294	276	
259	291	280	266	256	265	
292	295	267	277	256	282	
277	271	263	278	256	299	
273	272	274	250	292	275	
280	271	291	277	261	250	
293	253	282	262	255	298	
252	283	273	256	281	294	
262	290	292	289	259	287	
254	255	282	291	271	259	
267	265	273	279	264	282	
292	296	257	254	272	259	
282	267	257	286	268	262	
266	281	264	255	277	280	
271	259	289	280	281	266	
281	284	290	263	291	288	
348	311	321	344	340	312	
341	346	321	331	303	336	
305	326	334	341	325	327	
340	301	341	323	321	328	
339	317	327	306	338	319	
322	320	328	319	338	301	
311	347	313	309	320	344	
303	333	344	300	319	332	
302	331	311	338	342	320	
318	333	338	323	335	325	
323	301	346	306	335	330	
313	325	331	311	336	304	
326	308	337	323	321	320	
300	326	324	327	323	331	
330	326	316	347	313	341	
301	305	327	303	346	307	
301	341	321	308	307	314	
335	313	345	325	318	319	
315	307	314	330	341	340	
339	325	303	341	314	306	
317	314	345	330	306	316	
326	333	312	347	335	349	
319	349	303	331	346	310	
301	347	335	303	328	302	
333	323	308	326	313	339	
334	343	333	336	342	305	
300	332	314	316	310	313	
346	339	347	319	344	327	
326	341	346	333	306	305	
311	301	302	323	320	314	
332	312	301	307	304	339	
306	308	338	317	344	343	
330	345	341	336	306	333	
340	332	346	319	315	303	
316	337	321	340	319	345	
333	304	309	315	345	335	
308	327	313	311	330	319	
318	341	300	344	301	307	
338	301	303	304	348	342	
345	303	313	336	332	329	
334	320	339	319	308	347	
302	304	347	348	339	312	
330	301	335	340	318	338	
345	327	326	343	325	341	
337	345	341	302	309	334	
346	342	325	340	337	331	
306	301	325	326	331	310	
302	325	316	349	337	342	
306	328	337	332	339	301	
311	336	329	327	340	303	
352	373	354	369	364	392	
399	389	358	350	384	368	
357	389	365	393	379	398	
378	393	395	377	353	372	
378	384	382	366	365	380	
350	361	351	370	368	381	
360	381	394	356	393	391	
360	395	378	376	364	362	
390	355	366	374	358	369	
391	358	350	355	368	352	
394	355	351	373	377	352	
351	397	394	370	364	367	
366	375	370	365	376	392	
377	394	361	368	363	359	
352	377	358	369	365	398	
397	354	365	368	357	367	
396	372	389	352	370	363	
351	360	361	362	354	393	
398	351	354	368	381	350	
357	376	385	350	356	362	
363	365	398	375	359	371	
370	357	359	387	361	377	
383	376	393	379	358	398	
395	397	383	378	381	361	
367	393	369	381	389	386	
359	350	354	385	392	373	
351	387	378	360	366	376	
396	386	362	382	391	377	
377	370	395	390	371	384	
356	368	355	370	367	391	
379	388	384	373	368	369	
375	364	353	378	387	352	
368	382	389	378	366	397	
395	376	367	363	371	378	
375	370	379	350	376	367	
374	375	376	396	360	393	
378	356	362	353	388	361	
394	354	396	393	395	355	
362	398	354	369	371	397	
379	373	397	392	382	358	
379	398	367	361	373	354	
366	362	393	361	380	394	
373	352	390	354	398	394	
367	353	352	379	358	394	
386	388	384	365	369	393	
373	351	390	391	379	378	
374	371	368	397	381	393	
357	395	366	353	367	389	
366	386	398	369	390	392	
351	397	392	396	354	363	
418	419	443	402	415	417	
420	439	431	416	448	441	
445	411	449	443	448	407	
413	424	420	400	446	430	
444	419	443	410	437	400	
434	428	406	443	419	412	
420	436	434	428	402	448	
447	427	432	426	420	449	
402	425	412	445	414	438	
432	438	429	418	404	403	
424	417	438	443	436	429	
429	411	409	404	402	436	
406	440	417	433	436	446	
448	411	407	406	421	400	
448	447	449	436	440	439	
415	423	430	447	400	424	
418	430	400	424	449	431	
409	427	424	447	405	444	
430	412	406	446	419	426	
425	431	443	424	445	427	
448	436	444	447	428	441	
426	448	428	441	429	433	
434	432	443	426	427	406	
403	443	401	423	449	410	
432	412	401	419	430	423	
423	429	407	420	403	442	
445	433	413	415	448	403	
401	432	430	438	445	413	
441	415	439	420	417	402	
425	413	420	449	448	422	
420	433	438	444	422	401	
444	419	418	430	401	407	
424	438	431	404	413	444	
426	420	412	434	441	400	
433	410	437	402	415	434	
444	448	431	416	419	441	
402	427	408	401	447	420	
440	428	437	401	412	416	
436	416	426	423	449	406	
439	426	410	417	436	425	
403	402	408	413	400	436	
436	426	422	415	431	428	
435	440	407	412	441	415	
400	447	419	437	427	408	
403	426	401	421	409	427	
444	418	431	412	436	419	
422	428	407	446	439	405	
448	404	437	449	424	407	
439	447	419	420	444	402	
430	421	402	431	409	441	
479	495	451	489	468	478	
456	470	466	493	457	453	
478	462	467	470	481	476	
457	479	472	454	498	482	
480	495	496	488	462	466	
465	480	478	475	483	482	
468	477	479	456	451	494	
470	499	493	496	463	460	
461	486	479	475	473	453	
472	486	494	481	465	450	
481	470	468	491	469	494	
484	451	485	463	487	475	
490	472	465	452	474	487	
484	460	481	465	491	461	
470	490	498	474	493	457	
487	473	460	486	469	468	
489	464	471	479	457	461	
488	496	478	467	477	482	
489	481	452	494	478	490	
477	482	464	494	496	471	
486	451	472	468	492	467	
459	470	463	494	466	495	
482	451	483	490	466	475	
476	479	452	466	458	494	
474	495	465	467	458	486	
482	489	493	464	451	454	
481	468	450	475	480	467	
469	484	451	480	464	493	
464	452	469	479	460	490	
475	480	473	456	479	458	
488	468	466	453	492	493	
493	461	483	465	451	472	
483	467	454	470	478	469	
475	468	486	455	474	492	
487	452	476	493	481	496	
475	458	481	489	493	452	
499	471	478	472	451	476	
498	458	454	461	474	472	
474	480	468	465	490	467	
478	457	471	477	483	479	
488	455	461	473	463	459	
499	455	458	454	463	469	
494	489	455	464	467	496	
497	485	453	495	466	471	
495	470	481	457	475	469	
485	475	465	488	495	486	
491	455	485	484	457	497	
481	493	459	450	474	483	
471	483	479	466	458	492	
477	473	495	455	453	456	
30	20	21	43	29	11	49	
38	2	9	1	32	43	31	
38	20	22	47	8	9	24	
0	42	11	35	41	28	7	
32	1	10	9	8	12	5	
34	45	11	0	2	12	35	
11	43	31	6	17	40	2	
4	6	10	23	41	3	39	
34	14	24	13	4	19	11	
6	0	35	46	24	15	12	
20	21	48	18	14	4	38	
3	34	28	22	24	48	42	
10	6	37	17	26	46	24	
41	34	47	31	49	35	43	
14	16	44	40	25	24	23	
4	27	26	38	33	46	16	
19	14	27	13	4	7	1	
39	49	40	41	28	42	0	
47	49	2	32	39	29	12	
6	34	8	22	35	44	11	
41	46	35	13	18	34	45	
4	41	24	39	29	27	18	
6	47	39	5	21	25	43	
20	23	12	40	34	41	6	
26	23	30	3	24	40	4	
15	42	25	33	8	5	16	
16	24	46	37	3	48	8	
22	28	40	16	6	5	4	
31	37	1	8	34	28	20	
33	48	47	14	49	30	23	
20	43	18	33	19	13	47	
28	29	18	1	36	30	0	
14	32	29	33	36	16	25	
25	19	38	2	30	41	1	
33	8	7	45	16	25	39	
20	38	44	34	10	18	22	
31	49	40	26	45	18	25	
41	32	23	36	20	34	28	
20	2	34	39	8	15	16	
33	26	31	6	41	13	16	
21	40	46	23	20	2	45	
28	1	32	39	25	37	19	
9	23	8	22	26	32	18	
30	31	2	19	15	29	4	
30	22	29	31	41	24	19	
26	0	48	36	32	24	44	
12	35	23	25	17	19	29	
46	47	9	1	36	25	30	
28	2	46	43	18	44	7	
25	8	10	1	14	44	39	
98	91	81	72	51	95	68	
51	70	83	56	76	66	61	
71	93	65	58	95	50	76	
96	99	83	77	64	59	65	
61	79	70	83	81	55	60	
82	65	75	93	70	71	96	
62	76	91	51	77	63	88	
62	74	64	80	96	56	78	
67	56	69	54	66	63	96	
57	87	70	55	59	69	54	
68	96	69	52	97	95	50	
71	87	77	96	64	79	50	
86	98	59	73	69	51	53	
89	63	92	94	65	82	62	
87	63	50	61	60	85	71	
54	80	53	98	90	50	96	
87	89	96	50	84	57	74	
93	56	83	75	80	58	85	
55	81	56	72	73	71	57	
57	52	79	91	90	80	82	
57	54	55	99	52	95	70	
80	94	90	74	51	84	83	
87	56	95	94	85	53	69	
81	67	64	75	99	88	57	
55	86	65	60	51	56	84	
85	52	61	83	59	69	96	
51	53	95	85	62	98	52	
88	53	56	84	86	57	87	
79	63	53	71	77	74	59	
79	51	88	91	89	93	53	
86	82	63	89	65	73	88	
50	60	81	63	53	70	92	
94	67	50	68	98	72	75	
74	69	91	84	67	52	54	
75	79	62	60	55	69	68	
65	92	50	73	80	69	88	
97	67	80	94	93	60	90	
92	58	86	71	63	79	72	
50	66	62	69	72	58	90	
99	93	72	91	60	86	89	
96	98	62	90	68	75	87	
79	74	83	62	84	61	57	
84	78	68	66	81	61	71	
82	78	71	77	86	90	57	
59	53	99	52	98	78	81	
79	64	63	91	85	99	74	
98	74	97	75	86	63	85	
53	73	64	58	91	99	78	
93	56	81	51	57	69	98	
69	65	95	64	90	70	75	
133	146	105	148	130	109	147	
113	112	120	100	123	127	101	
143	148	140	121	138	133	134	
106	113	103	109	144	135	126	
141	135	143	106	131	138	105	
129	131	102	111	140	148	125	
100	112	107	129	118	132	133	
136	117	101	138	147	142	113	
125	110	135	139	120	116	105	
124	139	118	111	147	119	134	
133	121	108	119	146	102	124	
132	120	108	131	135	127	117	
120	131	110	149	148	105	140	
145	103	142	118	130	134	101	
119	142	121	135	112	125	106	
128	147	145	124	120	140	139	
133	136	119	118	105	135	137	
130	123	121	129	132	104	120	
120	102	104	148	143	142	144	
111	118	112	110	132	119	130	
121	130	148	138	100	119	101	
138	120	135	148	101	105	102	
138	125	126	134	145	143	116	
135	126	111	134	131	112	116	
115	118	107	145	121	148	141	
117	139	103	105	111	106	140	
145	117	125	102	132	122	115	
133	134	137	132	127	122	105	
106	127	104	134	136	139	108	
135	136	105	110	115	108	118	
113	130	111	105	123	122	102	
101	147	100	111	106	127	134	
140	141	142	125	121	128	115	
122	111	142	149	143	105	141	
121	137	142	120	136	116	129	
125	124	105	139	122	128	138	
113	102	126	140	123	122	100	
127	145	110	119	113	121	122	
138	107	123	143	110	135	105	
139	109	117	114	135	130	107	
147	131	109	134	120	119	115	
115	127	144	145	112	100	135	
132	130	143	114	122	128	118	
139	118	103	100	131	115	104	
107	141	138	105	121	109	118	
116	103	135	118	100	124	122	
108	148	133	134	103	102	106	
128	116	125	143	138	136	115	
101	108	133	145	127	134	106	
132	148	110	116	147	128	103	
174	177	162	154	189	169	167	
163	187	166	191	173	199	183	
171	163	160	161	177	190	183	
154	186	163	174	179	198	175	
155	194	154	152	165	161	188	
161	182	199	166	174	175	181	
159	172	170	177	162	155	175	
177	199	178	168	180	164	151	
169	159	194	193	181	185	161	
175	167	150	160	186	181	161	
166	179	195	185	163	164	181	
191	174	167	160	156	162	180	
195	171	163	183	180	199	158	
190	169	183	163	157	166	184	
158	165	196	151	176	189	185	
181	151	163	183	199	157	169	
154	161	176	181	165	191	197	
163	198	194	156	179	155	195	
177	183	193	178	151	191	173	
194	190	164	199	195	159	196	
162	163	189	198	168	181	171	
153	151	189	180	178	197	170	
165	186	179	169	195	170	197	
178	195	157	179	176	160	191	
154	169	160	190	172	198	192	
195	164	163	189	155	176	154	
172	163	158	162	177	171	189	
160	173	197	187	165	199	198	
155	150	153	187	180	160	158	
162	181	153	171	176	182	157	
170	194	154	153	160	157	152	
166	174	199	170	164	184	150	
177	179	166	186	194	182	160	
183	194	181	162	171	153	180	
194	178	176	175	158	151	187	
158	157	153	186	151	156	196	
177	170	182	159	165	153	164	
170	166	199	190	178	197	187	
158	183	179	175	185	176	164	
166	182	158	189	161	165	180	
177	162	190	199	179	186	163	
184	179	186	196	181	180	164	
156	183	197	157	195	190	178	
189	195	166	157	171	179	185	
195	169	171	151	198	190	173	
180	192	172	193	199	152	190	
195	185	173	189	165	163	161	
156	170	154	164	195	199	197	
153	197	165	167	192	151	172	
185	158	160	154	162	175	173	
237	249	244	210	234	214	206	
240	214	210	209	241	247	219	
206	211	205	201	237	242	230	
203	201	210	200	220	202	225	
247	241	232	222	209	242	203	
239	241	213	202	235	226	238	
214	241	215	216	233	226	247	
236	214	229	218	221	211	230	
225	210	216	244	215	227	211	
209	238	249	211	245	205	212	
245	208	242	202	216	239	209	
240	244	227	209	243	219	241	
238	204	222	229	236	246	247	
236	230	228	204	219	235	200	
228	201	226	242	234	227	248	
208	217	209	231	243	232	216	
217	237	247	215	203	242	232	
247	207	202	200	203	243	235	
215	223	248	210	235	232	244	
226	217	200	235	249	248	208	
223	247	246	239	229	233	205	
228	205	240	231	211	232	227	
225	224	231	212	207	205	248	
248	215	205	218	213	217	245	
248	237	233	205	232	211	206	
218	219	228	239	243	207	238	
214	243	205	222	208	237	201	
218	207	230	212	202	239	214	
213	207	200	237	234	235	216	
233	203	248	240	241	214	208	
222	201	211	204	205	238	225	
228	234	232	216	210	231	217	
202	207	213	204	235	231	222	
204	246	237	244	231	248	216	
247	201	213	228	237	245	212	
210	209	224	248	215	222	217	
238	223	227	211	234	221	226	
216	213	239	238	240	226	223	
210	214	233	234	203	240	220	
220	210	205	232	243	241	226	
206	229	236	210	215	246	202	
208	225	220	218	242	222	233	
222	217	242	224	223	243	218	
246	203	217	241	221	227	205	
241	226	219	232	212	249	200	
202	224	206	237	208	239	221	
244	239	230	202	229	228	241	
228	223	241	220	209	226	249	
232	206	208	214	200	237	240	
217	212	225	236	231	242	249	
257	272	256	255	298	261	274	
270	294	279	268	260	277	271	
255	269	289	277	287	266	275	
294	290	287	275	260	272	299	
290	278	291	285	270	263	265	
257	294	291	278	280	256	276	
273	277	283	279	281	266	261	
269	278	288	281	290	266	261	
256	258	299	268	283	296	257	
287	251	280	250	261	285	274	
276	251	260	261	267	278	271	
282	272	290	252	291	280	253	
270	276	285	298	260	266	256	
287	264	277	261	263	280	257	
262	290	276	258	287	293	291	
282	290	295	250	269	256	275	
256	291	251	289	282	262	290	
274	268	256	299	255	253	272	
298	252	280	275	283	276	296	
265	295	283	288	282	281	292	
282	254	260	287	291	262	285	
280	274	265	285	272	250	292	
267	286	268	276	283	275	261	
274	253	281	290	266	258	261	
287	277	252	270	250	288	283	
273	279	299	264	255	251	272	
268	297	259	286	264	267	287	
273	255	271	299	253	294	258	
254	256	257	264	251	282	292	
279	252	260	292	264	298	250	
276	295	278	257	261	292	250	
286	262	261	272	297	260	285	
265	290	276	252	292	262	291	
282	278	266	269	257	275	268	
264	276	287	281	275	255	257	
278	275	257	260	279	273	252	
269	267	296	260	265	255	274	
252	279	254	268	251	255	294	
258	264	281	278	270	251	252	
269	289	293	285	267	273	271	
250	257	258	276	261	252	290	
265	252	286	275	283	253	299	
270	251	275	290	289	298	284	
297	276	289	265	272	298	291	
279	268	292	299	296	269	285	
291	274	278	270	254	275	285	
288	266	278	251	255	294	292	
263	288	281	269	254	274	272	
269	259	264	293	257	262	278	
281	284	295	259	287	268	251	
341	336	315	301	305	325	304	
323	320	306	334	305	336	349	
342	303	300	304	322	325	331	
331	324	305	312	330	343	304	
311	304	331	341	300	348	314	
321	306	349	303	311	339	336	
304	338	303	342	332	319	309	
343	346	341	340	336	301	322	
332	343	309	336	305	339	315	
339	314	317	324	332	319	343	
334	333	341	310	313	325	347	
338	341	303	300	339	335	314	
349	340	302	316	312	326	347	
307	348	330	331	349	328	341	
312	325	313	321	345	326	339	
327	300	322	331	306	340	345	
342	310	307	341	316	302	314	
313	328	330	345	302	333	315	
316	312	317	321	315	305	340	
301	341	319	322	312	339	348	
308	338	336	324	310	307	301	
330	306	324	338	311	316	317	
309	332	325	305	342	340	337	
322	324	347	305	310	340	315	
301	332	318	326	345	317	307	
333	345	300	307	315	311	302	
328	340	306	337	311	325	315	
339	336	344	325	329	304	345	
309	320	328	347	335	307	324	
342	329	307	320	328	306	300	
328	317	326	322	346	321	333	
330	318	332	345	321	341	349	
347	324	306	308	331	342	322	
341	323	310	337	317	332	333	
339	338	305	337	334	310	329	
311	327	306	330	345	332	316	
333	341	344	338	302	306	345	
331	340	332	317	318	343	345	
321	337	339	304	322	317	301	
348	331	315	322	316	318	327	
320	342	325	343	340	347	310	
349	326	341	340	344	309	317	
337	341	342	331	332	319	302	
314	332	321	317	330	310	327	
310	320	307	342	344	348	312	
310	316	309	346	304	349	325	
322	333	339	342	316	309	332	
321	310	333	332	316	337	313	
312	315	310	321	311	335	309	
343	336	311	314	349	345	302	
391	367	358	368	386	378	396	
377	376	362	351	354	381	374	
353	382	386	391	365	361	394	
351	362	398	356	373	361	363	
389	378	380	394	373	372	374	
357	367	399	398	381	393	372	
388	391	362	387	389	392	395	
353	390	370	381	371	397	378	
396	385	363	397	389	373	367	
368	379	384	376	362	398	355	
355	364	359	399	353	356	354	
365	378	361	384	373	371	364	
350	370	353	355	377	365	397	
396	381	355	365	387	375	388	
354	360	351	389	358	364	390	
399	367	361	362	359	356	395	
394	373	375	387	391	365	388	
382	359	380	363	377	353	360	
368	352	388	379	392	383	373	
361	392	384	353	373	382	350	
360	352	399	367	392	354	382	
383	354	379	373	366	398	368	
376	384	366	370	373	394	381	
364	370	387	359	367	389	374	
379	391	356	362	351	375	374	
351	356	398	380	387	394	384	
378	355	370	363	369	364	380	
371	353	386	380	350	372	381	
356	365	352	388	383	372	382	
351	388	372	361	381	394	386	
391	352	382	383	363	395	381	
360	395	351	361	350	362	358	
350	380	394	352	362	376	382	
398	352	376	370	389	350	394	
359	396	379	377	385	363	368	
371	355	361	374	352	353	392	
351	375	391	359	360	390	352	
350	378	354	366	376	377	388	
358	351	369	361	356	390	384	
369	366	392	375	360	396	391	
382	351	376	369	391	387	360	
376	359	371	365	372	379	399	
368	355	352	372	398	395	383	
382	354	358	387	386	398	357	
386	365	391	350	380	376	364	
362	378	385	354	394	390	375	
386	388	392	357	397	353	365	
393	376	391	384	373	355	363	
368	387	389	396	385	391	350	
390	385	391	350	380	357	377	
418	419	403	440	405	437	436	
400	406	427	415	411	414	424	
446	431	422	439	437	436	429	
447	443	413	431	419	432	441	
434	417	444	414	428	432	449	
427	440	437	425	420	400	435	
434	417	426	449	429	405	423	
431	407	404	420	430	426	429	
420	410	416	426	404	431	422	
434	423	406	436	401	433	439	
419	447	437	441	444	423	429	
430	401	423	405	406	419	410	
430	424	409	436	429	423	426	
445	419	447	433	434	436	422	
430	418	415	446	448	404	424	
407	431	423	430	445	448	426	
407	406	429	426	402	415	421	
449	435	410	407	401	426	439	
439	440	432	417	402	427	410	
449	407	422	446	421	443	425	
435	446	418	447	430	408	439	
436	424	406	439	410	416	442	
435	417	419	446	422	429	449	
415	401	417	408	426	400	403	
447	413	430	401	409	418	426	
431	448	411	449	406	409	426	
410	400	422	434	433	438	415	
410	424	409	446	405	406	425	
434	431	426	418	446	441	402	
443	432	403	414	402	425	410	
440	400	403	441	424	411	442	
407	433	423	425	445	439	440	
426	411	447	425	410	434	436	
441	422	407	423	420	432	424	
434	432	449	410	401	417	411	
445	422	413	444	428	433	410	
441	438	439	431	425	406	449	
408	401	423	407	429	419	410	
428	419	449	432	431	417	442	
401	425	411	418	424	448	420	
411	441	414	426	418	430	437	
405	429	415	417	443	435	440	
400	421	405	443	448	408	447	
432	409	402	401	426	415	416	
446	409	402	442	407	435	408	
419	439	402	425	437	422	423	
402	403	406	427	434	443	437	
406	412	411	409	410	419	417	
442	446	401	404	432	412	418	
424	411	440	421	420	426	401	
498	489	467	471	478	486	454	
486	461	456	490	464	470	499	
470	468	478	456	494	484	482	
461	494	482	486	453	474	463	
471	475	491	454	486	464	463	
453	459	485	466	490	492	489	
478	499	474	459	473	475	452	
452	473	477	457	488	462	489	
496	479	453	495	478	491	494	
452	476	456	490	469	491	475	
461	498	484	463	477	469	495	
473	457	467	451	480	462	486	
451	475	489	468	452	457	484	
484	487	463	491	481	452	450	
499	492	460	456	488	496	480	
486	451	492	487	488	469	481	
469	479	496	484	494	497	492	
496	489	478	480	450	455	483	
495	482	474	499	455	450	473	
458	471	495	490	493	473	465	
456	454	483	462	464	477	491	
457	459	485	469	468	473	476	
499	498	456	477	496	487	463	
472	460	488	470	479	469	463	
457	493	476	464	473	463	454	
494	461	458	464	481	470	497	
493	462	486	479	488	482	464	
484	478	468	474	496	462	486	
452	473	492	450	477	456	488	
454	489	485	456	453	468	463	
468	459	454	461	480	462	478	
484	495	490	463	498	481	474	
460	480	467	492	453	478	489	
492	470	475	482	461	484	469	
486	461	489	479	465	493	466	
476	488	458	492	497	475	468	
457	471	490	494	496	473	451	
490	481	493	451	474	457	485	
453	480	482	473	455	450	474	
488	463	499	481	480	468	495	
452	468	471	480	455	483	459	
464	499	459	450	489	493	458	
475	479	492	490	467	462	472	
483	465	470	489	466	461	468	
485	460	479	473	470	452	486	
483	450	465	474	463	470	453	
497	491	461	483	476	482	493	
492	450	470	455	456	480	499	
487	461	464	451	466	477	486	
489	490	463	460	478	497	464	
29	19	42	28	37	6	41	16	
19	35	45	26	4	49	7	10	
7	9	14	4	27	38	10	47	
10	23	17	46	22	18	29	40	
20	14	34	18	32	41	21	25	
12	43	29	3	40	18	0	32	
46	11	3	28	14	37	36	7	
37	8	48	27	21	20	45	47	
46	27	48	7	29	18	38	47	
35	4	21	49	16	14	40	29	
28	4	30	48	46	29	14	0	
4	26	0	2	21	39	34	3	
14	38	8	18	5	1	30	42	
31	4	14	2	41	1	32	17	
34	7	49	3	19	29	32	14	
40	37	38	14	11	23	6	3	
45	7	36	31	0	46	1	48	
6	49	16	17	1	19	40	3	
37	44	18	38	43	4	12	29	
22	44	30	43	49	23	33	40	
42	46	3	34	32	22	4	26	
41	34	5	20	48	12	30	36	
41	19	7	36	37	40	12	49	
30	6	36	2	17	3	9	10	
15	24	44	25	43	41	6	8	
45	12	26	6	49	24	19	32	
28	36	23	46	30	49	3	37	
22	13	45	47	1	48	8	32	
4	37	47	0	32	10	22	16	
41	0	4	1	36	31	47	38	
34	30	5	17	24	0	48	23	
14	18	45	49	23	38	0	34	
36	0	11	19	33	3	32	28	
23	37	20	15	43	47	17	18	
32	38	47	48	11	24	49	43	
16	29	1	9	38	26	0	46	
34	19	3	24	26	0	37	25	
10	2	44	12	34	39	19	31	
43	40	24	11	8	0	17	10	
34	3	33	9	41	29	32	37	
11	20	42	41	39	6	9	38	
8	9	23	6	27	26	13	34	
45	49	8	37	39	19	29	38	
23	28	4	3	29	19	18	36	
10	46	35	11	18	41	32	16	
49	36	41	48	15	45	42	30	
19	14	24	4	38	39	17	5	
48	7	29	49	31	15	16	19	
34	21	11	4	37	12	47	19	
24	2	35	43	32	42	16	15	
90	56	72	80	89	86	77	65	
92	99	80	68	73	94	98	91	
82	78	87	50	88	69	64	85	
80	88	53	56	59	57	70	92	
58	61	90	83	75	77	54	56	
86	73	94	78	99	57	80	91	
96	84	60	98	70	91	52	59	
78	92	77	86	67	65	73	74	
91	87	83	50	77	86	79	72	
70	92	84	72	88	55	99	62	
57	63	71	61	55	79	54	78	
94	65	70	93	89	81	50	87	
78	75	79	50	70	59	73	77	
82	58	60	76	57	84	65	56	
57	89	71	95	78	73	98	66	
87	62	67	68	61	66	85	69	
52	85	94	95	70	67	60	96	
57	74	82	70	66	76	93	52	
60	99	81	78	55	98	75	56	
88	93	60	74	91	97	76	52	
66	87	96	73	91	71	65	88	
54	59	79	70	86	72	73	53	
55	94	52	93	83	82	58	89	
95	93	71	64	98	62	74	80	
50	55	65	68	97	91	58	93	
95	68	78	98	54	87	60	81	
86	57	59	61	80	71	64	99	
75	72	80	53	66	95	79	86	
80	78	99	60	97	54	70	67	
72	55	51	75	95	91	98	65	
87	67	57	69	85	71	60	86	
78	59	64	54	84	50	98	82	
82	74	56	97	50	92	93	94	
79	80	56	63	75	69	61	99	
78	89	96	54	76	63	57	84	
56	57	62	67	93	77	73	54	
61	57	96	74	54	85	56	83	
81	80	95	53	59	66	93	79	
69	80	89	79	57	97	94	73	
93	53	51	94	79	80	97	62	
81	65	74	77	66	98	51	83	
99	63	87	58	73	68	85	51	
92	61	75	53	50	70	88	80	
73	63	92	66	58	85	62	53	
75	83	50	61	80	74	95	98	
93	96	50	54	56	69	61	81	
77	98	76	61	56	69	84	78	
51	71	87	63	50	92	55	82	
58	52	64	68	73	78	81	93	
58	82	66	53	61	79	81	52	
146	141	127	144	129	135	147	126	
111	145	132	146	117	125	148	103	
116	133	149	101	118	131	104	148	
110	127	101	148	124	133	111	106	
141	144	104	137	124	121	129	138	
136	146	145	127	115	105	147	117	
109	126	120	127	124	123	103	134	
120	146	116	145	126	102	101	140	
134	138	145	120	131	139	112	129	
146	128	139	131	126	124	104	102	
123	120	125	148	132	134	130	126	
146	126	107	106	112	114	113	100	
106	102	142	109	145	100	130	105	
108	111	133	127	116	141	107	132	
127	105	133	106	100	111	138	103	
126	104	111	139	125	116	143	147	
108	138	141	123	101	136	110	105	
116	127	142	133	137	104	115	140	
105	124	145	108	114	121	102	122	
126	148	103	125	107	102	145	140	
128	133	100	120	141	101	117	114	
104	101	119	149	148	142	109	123	
108	105	117	106	109	146	145	116	
114	105	130	128	148	143	107	115	
124	147	106	134	122	105	127	100	
139	141	140	111	113	126	131	121	
124	141	103	113	108	101	110	100	
123	127	101	106	117	105	137	142	
145	106	128	116	136	149	113	139	
148	139	109	137	100	123	115	149	
119	142	132	118	120	134	102	124	
107	130	109	110	149	105	140	112	
135	122	134	104	149	105	119	108	
117	149	101	111	129	124	140	122	
112	120	129	144	131	115	117	127	
110	107	132	124	134	103	105	111	
105	117	109	112	135	136	133	102	
110	115	111	147	138	118	134	104	
143	129	103	118	121	101	138	144	
130	114	110	102	138	139	115	131	
148	104	100	149	131	118	135	147	
113	115	147	126	116	123	107	134	
114	105	144	113	112	132	100	138	
127	149	136	144	114	139	104	107	
138	143	123	146	111	107	103	133	
104	120	143	113	146	108	115	139	
122	130	145	121	111	100	114	123	
109	121	143	107	130	101	146	123	
111	108	136	125	105	122	112	113	
102	145	110	148	109	149	141	125	
167	153	184	188	160	176	163	181	
186	179	155	192	197	157	175	154	
161	178	189	184	182	196	199	162	
157	176	174	163	160	158	151	181	
189	198	155	179	191	168	153	157	
169	178	179	163	159	155	152	157	
154	163	169	152	177	161	193	191	
175	161	166	160	189	159	165	152	
188	186	195	152	176	153	173	174	
187	172	161	160	165	174	171	189	
167	169	180	174	199	185	186	156	
189	168	193	163	192	173	181	199	
161	196	157	186	168	160	195	172	
178	192	169	195	174	173	189	150	
161	189	168	166	198	184	153	167	
150	167	168	193	172	161	157	159	
180	192	164	189	196	155	173	161	
197	185	164	184	189	163	195	188	
197	160	175	191	173	183	181	162	
188	166	158	173	157	151	177	191	
164	198	156	165	181	199	175	189	
163	182	170	177	153	180	162	199	
194	170	179	167	171	151	192	156	
174	191	172	171	190	151	193	165	
170	160	184	171	182	169	180	176	
178	198	160	166	189	190	188	196	
178	164	176	193	183	192	181	152	
194	182	170	174	192	179	183	169	
191	155	175	150	174	173	176	163	
161	195	166	165	180	184	150	187	
165	190	192	187	150	196	156	183	
182	195	165	190	196	163	168	156	
189	157	155	160	169	179	165	197	
195	151	182	190	156	163	171	178	
186	165	194	161	159	190	157	174	
174	188	187	190	152	155	154	177	
168	155	171	176	166	185	197	156	
189	186	154	176	195	179	168	165	
155	185	157	173	160	169	166	156	
162	163	171	155	180	183	153	185	
156	184	175	178	162	151	186	195	
197	161	196	175	187	153	184	172	
165	168	194	174	167	193	159	197	
151	197	170	189	154	198	166	162	
153	181	157	167	186	154	177	178	
155	196	195	188	168	193	178	157	
197	194	199	155	165	176	175	192	
188	158	159	186	199	166	192	155	
196	168	174	170	156	185	193	187	
186	188	157	164	177	190	181	198	
233	231	229	225	205	201	243	238	
203	242	226	216	240	237	236	209	
234	241	247	249	212	206	242	228	
247	202	237	230	229	203	207	220	
235	218	222	204	211	202	239	215	
227	225	237	222	213	231	241	216	
217	205	212	220	240	231	249	223	
240	211	205	221	241	204	200	246	
242	249	234	203	208	247	214	231	
213	225	216	222	233	214	219	248	
231	238	244	242	232	201	237	211	
220	241	238	205	210	206	226	249	
240	230	223	215	204	218	245	206	
207	209	243	232	228	233	208	216	
214	201	237	204	246	211	228	231	
249	235	234	230	237	241	206	226	
218	211	206	212	225	221	237	210	
205	223	200	229	231	248	218	221	
214	249	206	231	217	241	216	243	
219	237	228	214	210	213	243	246	
227	239	228	215	211	214	247	242	
216	210	226	227	234	247	241	204	
245	214	243	223	208	221	213	206	
244	228	239	226	235	219	238	248	
232	231	226	239	246	218	220	229	
232	247	210	235	237	213	221	246	
231	241	216	224	202	238	211	217	
207	214	246	236	243	209	227	208	
238	221	222	227	217	205	229	209	
238	228	200	217	220	235	222	216	
220	242	249	231	247	245	212	233	
204	202	243	239	221	219	209	220	
208	230	227	210	218	224	237	240	
222	234	218	206	244	226	245	228	
202	203	204	207	214	224	240	242	
235	201	206	202	225	231	217	204	
239	215	216	246	236	235	201	248	
222	243	233	239	246	237	236	216	
244	245	215	225	237	226	206	227	
214	243	212	208	233	221	216	240	
235	204	239	236	243	218	246	249	
217	201	239	247	203	206	210	243	
247	248	214	237	216	218	249	200	
224	249	244	214	229	232	212	241	
218	231	237	214	204	248	200	207	
232	249	225	211	243	228	248	218	
215	219	212	202	208	203	227	204	
232	209	229	248	217	245	214	242	
231	228	235	223	229	217	234	238	
225	217	222	216	205	208	206	229	
288	282	250	284	294	272	261	273	
293	282	268	271	283	256	294	288	
282	295	270	284	258	279	272	283	
260	274	255	291	296	299	288	253	
296	284	288	280	298	279	291	290	
298	250	296	277	281	276	283	259	
293	256	268	258	272	262	260	280	
254	266	293	250	285	260	257	299	
277	268	289	285	298	284	299	253	
256	291	297	251	292	276	269	274	
266	265	293	261	289	298	280	269	
274	291	269	265	293	299	262	281	
294	297	271	260	266	289	263	298	
296	250	265	293	290	280	274	262	
267	285	288	256	266	262	268	272	
266	282	276	262	257	284	253	277	
272	274	299	279	298	296	282	286	
257	269	273	291	281	282	274	268	
275	280	250	268	298	252	283	267	
289	276	264	285	253	277	254	288	
264	255	258	298	286	259	267	279	
297	294	291	271	292	272	287	258	
251	266	272	282	294	277	261	281	
257	265	274	278	286	271	282	296	
294	264	256	270	250	260	279	298	
254	287	263	277	298	258	252	295	
279	259	266	255	295	292	257	277	
279	289	298	256	277	291	283	271	
298	289	290	284	275	299	295	288	
260	283	275	264	293	250	252	262	
283	296	285	269	251	256	288	295	
255	254	286	277	272	284	261	268	
277	289	256	298	266	265	281	264	
286	261	291	271	298	265	287	281	
271	293	253	267	268	292	270	280	
291	260	299	273	271	252	275	253	
283	266	272	273	275	259	291	250	
260	271	296	275	270	282	269	297	
287	266	267	261	277	279	271	291	
284	266	251	295	270	264	292	297	
289	285	295	291	294	254	279	262	
294	265	282	290	297	280	289	285	
292	281	269	252	255	272	251	283	
255	259	277	290	253	289	258	296	
255	293	250	284	260	285	294	273	
283	257	296	275	270	279	271	252	
250	270	252	296	268	255	256	289	
293	277	280	257	278	256	252	260	
280	276	278	282	268	261	265	271	
296	261	273	264	252	259	288	274	
325	316	321	308	310	334	303	344	
333	308	301	349	324	303	310	321	
341	312	332	309	319	307	348	330	
345	347	302	324	340	327	305	322	
343	327	318	323	347	337	301	342	
330	344	324	348	342	303	317	300	
340	307	318	305	319	313	314	300	
312	306	322	342	331	310	323	330	
336	312	313	325	319	347	326	311	
334	316	306	344	327	305	328	337	
312	339	327	333	319	321	348	326	
345	320	311	325	339	327	310	301	
335	307	346	309	338	323	319	314	
327	305	301	338	317	302	314	345	
321	304	326	328	319	334	336	323	
302	310	323	315	326	304	322	309	
349	323	317	340	329	319	305	306	
311	322	347	345	309	331	346	321	
329	318	346	306	311	310	337	341	
307	336	332	345	315	308	337	306	
342	322	333	326	311	306	307	312	
336	349	342	347	312	313	343	300	
322	349	315	325	339	336	329	345	
345	305	349	326	304	332	302	315	
324	329	348	309	346	318	326	322	
324	343	337	333	300	345	344	331	
306	333	335	311	323	344	332	316	
333	306	338	325	318	314	331	324	
316	332	317	309	306	300	311	345	
322	310	300	345	327	349	334	308	
314	304	349	337	331	312	311	301	
318	338	308	315	310	331	312	343	
304	327	339	340	347	330	320	335	
339	312	300	346	349	335	326	307	
318	308	322	324	306	331	346	309	
348	305	328	345	313	336	315	306	
312	342	321	310	337	324	336	349	
335	325	336	348	315	304	320	305	
327	339	323	321	326	316	342	322	
320	316	309	315	313	303	346	335	
309	349	326	317	345	334	311	341	
319	346	312	309	337	324	345	310	
312	324	321	313	318	329	302	335	
302	341	306	300	344	319	316	315	
308	325	321	301	304	338	341	310	
332	329	326	300	323	316	346	336	
310	340	346	313	338	301	326	337	
327	321	338	319	310	331	309	342	
343	306	335	334	308	329	305	339	
314	343	336	302	304	332	311	348	
390	395	381	378	392	391	352	379	
376	353	351	381	359	391	390	380	
379	356	370	387	398	366	350	362	
399	382	350	362	396	390	379	380	
393	358	354	369	363	377	365	364	
373	388	352	374	376	391	370	372	
397	399	392	378	361	373	365	364	
351	391	392	366	375	398	373	362	
376	386	389	378	393	381	354	384	
397	373	386	361	364	398	351	362	
378	369	359	382	355	370	373	397	
358	360	376	368	369	366	380	385	
356	367	388	353	396	355	377	372	
350	374	352	393	385	395	370	378	
350	383	391	372	381	351	359	356	
382	373	352	359	368	355	369	394	
355	386	393	389	354	369	380	358	
388	376	387	360	356	367	389	359	
358	373	352	379	383	392	377	361	
392	380	378	390	353	388	385	368	
391	385	370	386	364	384	362	359	
370	385	353	397	378	396	359	380	
353	380	370	376	399	391	381	389	
352	371	393	396	378	376	357	356	
373	360	377	351	380	355	364	396	
365	358	374	373	389	397	382	394	
366	375	380	384	378	360	392	351	
352	372	390	380	395	357	369	368	
379	388	380	390	356	385	399	384	
388	352	398	379	377	380	374	354	
396	370	352	379	366	399	351	382	
367	394	386	382	390	370	379	396	
361	370	365	369	394	398	363	366	
398	357	394	390	396	395	366	356	
354	363	380	360	369	395	359	376	
353	369	394	388	362	354	368	381	
368	389	381	379	387	385	380	378	
359	357	352	392	391	373	386	384	
377	351	398	394	360	393	352	371	
360	394	383	387	359	389	378	380	
366	395	387	389	380	359	379	363	
378	354	352	372	390	388	389	396	
375	386	370	374	357	385	391	371	
366	385	377	362	363	352	380	372	
367	369	384	393	370	363	396	360	
396	369	389	382	378	358	351	370	
378	355	350	351	375	397	369	376	
398	397	383	376	393	363	360	357	
364	389	377	373	351	388	362	398	
367	396	365	351	390	392	366	359	
418	430	417	429	403	435	413	415	
437	434	440	447	406	415	417	430	
433	431	425	400	405	409	406	442	
407	410	445	406	444	400	432	435	
401	429	431	406	400	442	422	436	
422	401	436	419	441	431	435	416	
435	434	439	441	412	409	426	433	
433	413	408	445	434	425	444	409	
417	430	432	438	422	413	435	404	
448	428	427	439	447	445	449	424	
448	407	400	412	421	437	429	439	
408	404	417	402	416	434	426	437	
428	409	441	405	404	433	417	406	
406	419	444	418	417	448	408	400	
433	409	425	427	442	402	430	448	
403	423	437	442	444	419	410	448	
405	429	436	430	401	402	445	441	
400	447	420	411	424	422	417	443	
447	444	410	441	423	430	438	448	
403	418	441	436	402	404	449	420	
445	413	403	410	428	426	400	409	
447	433	449	402	400	442	445	423	
435	421	414	409	407	415	426	431	
444	409	443	410	434	427	416	428	
426	425	416	445	400	431	407	405	
402	435	403	426	406	419	430	414	
411	447	427	400	425	426	435	410	
434	443	435	401	403	409	427	423	
417	403	404	438	429	440	416	434	
404	417	426	403	412	438	423	428	
414	416	426	442	436	447	435	407	
442	418	403	441	435	431	447	404	
447	414	415	435	437	400	440	444	
410	442	437	443	428	449	411	436	
410	418	428	404	429	420	424	449	
435	407	400	431	416	402	401	412	
422	415	420	431	403	412	430	424	
407	430	421	406	405	441	445	449	
430	422	412	413	444	427	404	429	
417	413	412	407	444	432	427	419	
402	404	417	449	420	445	414	403	
405	428	422	430	410	440	432	437	
440	439	443	401	403	400	436	417	
411	401	433	449	406	429	404	442	
411	434	409	430	448	422	437	413	
405	446	406	416	425	441	419	407	
416	430	448	405	425	410	419	445	
449	403	406	422	411	412	407	402	
411	431	407	446	428	434	425	439	
437	419	427	449	408	435	442	415	
482	450	480	469	495	484	494	476	
459	491	454	471	492	467	452	495	
486	492	484	497	474	482	459	471	
457	492	450	489	496	456	480	472	
467	476	462	482	454	450	466	458	
455	477	495	482	471	474	465	460	
491	474	497	457	480	489	452	455	
491	481	476	483	484	470	456	495	
494	490	496	461	473	467	468	481	
460	473	478	462	477	463	493	496	
464	485	468	474	480	453	467	463	
467	490	479	468	476	453	475	478	
472	477	476	490	470	456	478	494	
487	494	457	468	470	481	461	467	
464	481	487	480	452	476	460	465	
477	457	496	469	475	462	478	470	
467	471	481	472	465	486	477	488	
488	455	496	456	490	479	453	462	
498	464	463	469	491	493	489	459	
484	463	485	474	493	495	480	499	
457	458	481	463	454	490	459	480	
489	495	498	473	493	469	480	485	
470	452	454	457	456	480	499	496	
467	465	487	471	470	481	484	469	
497	460	475	499	471	480	459	473	
468	491	467	496	457	481	492	463	
463	489	460	462	450	483	479	477	
494	482	479	473	461	462	484	468	
456	455	472	481	484	458	496	453	
464	477	465	451	480	475	452	494	
472	495	458	482	479	497	469	460	
473	451	464	456	475	477	498	479	
481	453	461	463	498	450	496	456	
477	453	457	471	452	475	488	494	
490	451	465	457	462	499	454	469	
460	461	458	494	470	482	464	491	
497	479	469	457	481	485	451	456	
460	459	452	469	456	457	475	467	
492	494	474	460	483	484	481	463	
453	467	476	470	497	469	455	480	
469	499	493	453	461	457	462	454	
453	494	461	481	472	495	470	482	
476	460	499	482	491	492	494	493	
490	453	452	463	469	461	485	493	
472	465	473	496	453	491	463	458	
453	469	471	479	472	456	493	458	
474	496	494	455	479	451	464	454	
489	479	464	459	492	463	499	474	
485	450	484	488	498	455	473	494	
470	499	484	455	464	467	480	482	
498	371	344	
480	23	327	
70	8	361	
49	102	135	
178	70	158	
177	331	362	
374	322	433	
391	454	439	
447	380	86	
392	166	171	
476	21	267	
35	7	211	
207	352	456	
82	130	98	
426	393	210	
117	176	309	
412	80	114	
30	487	25	
412	271	212	
299	186	286	
360	249	176	
108	317	384	
154	432	103	
216	413	173	
11	496	370	
97	33	411	
44	471	34	
401	301	114	
328	197	455	
316	394	258	
91	142	227	
189	387	114	
263	285	176	
271	0	292	
360	31	348	
110	152	473	
28	389	183	
30	327	93	
12	10	257	
416	12	189	
205	308	257	
73	276	14	
3	163	214	
43	226	484	
316	169	19	
298	176	430	
496	235	40	
337	492	79	
32	174	262	
100	138	99	
74	262	114	
303	91	302	
1	169	302	
270	360	237	
22	493	340	
243	398	493	
124	62	184	
42	27	289	
116	8	459	
328	199	61	
166	198	38	
234	342	0	
289	494	182	
39	6	134	
345	390	230	
465	340	446	
181	481	143	
278	151	283	
327	454	320	
302	181	298	
350	357	429	
379	271	257	
464	322	286	
198	139	359	
244	40	268	
44	122	405	
253	66	349	
281	282	238	
347	373	215	
135	491	321	
439	352	164	
35	470	225	
449	348	263	
270	387	86	
493	270	315	
339	349	482	
4	442	420	
139	284	334	
155	421	10	
229	101	416	
331	437	259	
61	102	462	
37	51	451	
19	203	141	
189	411	263	
157	402	288	
160	430	122	
472	419	13	
204	5	108	
146	150	197	
475	411	311	496	
185	402	137	388	
190	149	274	244	
352	485	283	315	
296	250	152	297	
380	278	310	34	
229	181	59	153	
435	19	458	344	
429	215	481	278	
305	432	216	495	
91	77	391	288	
282	252	481	281	
415	384	218	476	
44	237	425	86	
410	89	499	319	
319	11	351	94	
43	421	193	65	
364	216	403	249	
459	308	175	29	
344	191	296	425	
425	15	454	302	
232	414	379	445	
225	37	136	371	
38	177	116	302	
217	416	17	338	
159	27	174	403	
195	490	247	158	
13	325	102	141	
45	383	479	193	
354	109	99	98	
443	366	227	302	
324	350	194	206	
106	369	476	322	
377	257	302	246	
21	18	124	78	
256	295	189	283	
339	177	168	181	
217	103	231	333	
73	433	452	338	
279	0	117	229	
447	62	258	60	
119	155	65	418	
192	181	374	333	
351	385	285	287	
249	63	248	77	
106	205	478	378	
268	91	0	461	
49	322	446	246	
199	160	329	293	
86	480	449	420	
277	408	400	150	
395	171	66	162	
390	207	347	146	
183	475	394	371	
449	157	76	314	
415	221	154	96	
78	102	249	205	
38	348	176	281	
473	371	325	428	
331	437	402	144	
311	212	174	223	
430	381	165	372	
194	145	73	48	
439	107	423	201	
378	381	166	296	
211	487	327	40	
425	352	41	382	
102	161	178	418	
7	296	275	479	
494	217	36	194	
425	304	483	338	
84	388	346	381	
358	156	54	83	
17	383	455	230	
87	230	274	137	
103	407	284	473	
445	377	184	263	
220	407	243	479	
65	429	25	91	
225	406	196	472	
488	108	378	138	
355	398	193	346	
395	115	335	303	
184	24	468	133	
383	84	402	397	
113	367	340	179	
72	112	180	350	
219	329	249	446	
215	248	8	218	
372	379	499	380	
462	447	249	361	
289	292	164	138	
341	192	104	418	
21	471	137	380	
171	76	302	324	
174	26	264	53	
154	296	231	139	
36	255	71	264	
201	4	435	189	
432	204	219	390	
349	133	375	112	386	
162	349	147	38	74	
56	266	202	293	391	
472	294	318	484	141	
23	209	406	446	16	
247	172	149	239	195	
53	345	468	398	175	
440	262	421	384	35	
244	91	42	484	380	
273	163	167	494	158	
360	317	188	72	478	
68	78	134	130	182	
406	200	38	251	435	
227	55	490	454	418	
135	71	132	359	85	
39	118	298	186	136	
451	456	415	67	401	
359	112	4	237	3	
315	465	180	395	319	
78	463	487	395	474	
72	199	13	475	218	
386	128	299	223	340	
201	321	252	18	309	
386	90	12	349	414	
258	458	474	203	480	
438	120	359	226	266	
269	71	279	320	424	
336	371	162	428	111	
121	278	114	268	337	
113	266	156	33	30	
114	358	234	254	189	
167	226	420	73	141	
260	216	23	394	320	
437	493	264	91	263	
358	333	35	348	125	
294	463	200	438	462	
232	13	357	432	63	
207	36	494	443	332	
336	165	365	470	84	
325	396	201	447	244	
442	432	120	495	406	
129	460	341	412	158	
474	302	352	308	170	
468	23	342	171	440	
198	391	3	141	269	
344	228	97	412	495	
81	184	144	307	43	
484	395	32	123	303	
8	83	336	398	100	
274	93	35	382	183	
213	153	16	132	315	
174	298	90	93	332	
231	208	204	350	102	
497	118	61	242	114	
4	437	310	296	224	
122	116	95	162	240	
378	273	319	309	418	
111	280	37	359	6	
385	474	380	52	73	
347	87	236	266	152	
155	452	298	76	436	
415	275	291	241	314	
260	299	362	193	157	
36	50	84	417	484	
180	366	455	438	206	
465	162	295	324	292	
483	349	260	415	272	
497	132	412	359	207	
270	60	400	158	250	
18	434	97	391	267	
102	119	264	349	133	
113	418	489	339	411	
266	72	421	52	403	
378	158	442	271	58	
477	268	74	267	185	
382	430	125	113	109	
34	156	232	423	41	
409	462	321	267	425	
405	458	186	332	153	
346	334	75	93	493	
102	150	295	413	129	
245	283	187	318	60	
15	36	419	228	200	
283	479	239	232	414	
331	393	387	274	280	
388	419	191	465	140	
165	208	365	40	338	
106	192	406	452	367	
235	458	173	170	288	
44	371	195	43	118	
272	494	199	2	288	
111	256	356	449	62	
27	470	236	288	6	
37	77	166	121	196	
397	413	420	20	275	
304	392	204	375	341	
464	122	489	266	289	
33	89	223	66	373	
75	386	227	109	149	
183	245	79	223	212	
