16	5	45	7	24	22	
38	10	3	21	39	42	
12	1	48	31	6	35	
44	36	6	35	25	28	
39	25	11	45	31	41	
12	40	32	34	28	8	
31	6	33	5	40	46	
16	21	33	10	44	20	
11	28	43	32	5	38	
33	41	26	44	20	23	
28	40	41	32	3	42	
28	40	25	37	26	1	
32	45	20	39	22	41	
13	29	21	41	18	31	
14	33	36	27	48	42	
41	19	20	42	33	34	
17	7	19	26	6	31	
44	20	14	8	16	30	
7	20	34	38	29	40	
27	28	25	9	18	48	
10	11	45	41	4	23	
44	28	24	15	49	25	
19	41	42	36	14	31	
8	43	7	14	26	10	
41	10	47	48	46	25	
9	7	35	2	41	33	
3	30	27	20	19	8	
24	35	20	37	8	18	
37	47	38	8	49	1	
15	48	10	31	24	19	
42	21	16	4	29	25	
47	23	26	1	43	41	
17	27	10	15	20	23	
28	5	1	9	45	24	
46	22	7	9	1	43	
35	27	29	22	0	16	
45	10	1	2	41	17	
7	14	37	27	43	34	
27	13	22	6	5	0	
24	20	45	43	38	40	
0	10	40	33	2	31	
49	9	23	39	25	44	
5	28	8	21	18	37	
25	46	1	48	12	35	
47	19	31	30	22	35	
30	29	11	46	18	12	
30	40	10	45	2	8	
29	42	20	35	28	36	
4	40	28	29	32	38	
26	4	45	30	44	25	
83	86	76	89	68	56	
92	90	75	67	71	62	
86	53	69	88	59	99	
63	78	60	53	89	92	
64	96	90	76	65	70	
92	56	88	59	51	68	
59	79	88	58	57	81	
62	51	57	85	94	79	
89	84	79	80	64	57	
89	81	85	57	99	56	
95	82	52	87	77	97	
93	50	71	62	82	53	
85	73	94	53	90	57	
55	60	83	82	86	71	
85	58	71	68	83	80	
57	87	82	69	91	85	
96	93	52	53	69	75	
58	56	65	53	72	97	
85	69	62	65	72	99	
76	98	55	60	57	91	
52	85	80	73	82	56	
99	95	81	54	77	90	
85	58	57	99	78	54	
91	71	65	78	96	89	
94	54	98	64	72	60	
77	99	60	62	98	97	
88	58	98	72	73	90	
82	77	65	61	57	62	
65	78	77	98	68	67	
73	82	65	75	92	70	
60	86	92	84	71	76	
68	94	65	97	80	60	
71	53	50	94	83	66	
66	94	84	73	90	71	
54	93	50	75	62	81	
50	61	99	98	52	56	
61	70	76	77	62	74	
88	79	89	74	81	94	
98	60	75	85	81	62	
71	94	61	72	63	68	
74	68	65	72	77	86	
68	89	67	91	65	60	
67	88	70	99	69	76	
69	58	54	71	75	82	
60	71	92	73	81	99	
72	97	58	61	54	89	
53	67	64	63	98	74	
98	90	95	53	82	70	
65	74	63	78	70	89	
57	75	96	95	67	84	
141	107	105	112	135	121	
149	136	124	145	132	116	
146	135	128	133	142	127	
141	135	128	119	100	130	
148	121	102	137	131	147	
126	132	139	106	101	134	
100	102	136	149	131	138	
111	132	120	127	149	107	
105	101	112	147	109	110	
117	116	108	122	115	138	
114	130	108	136	149	101	
124	127	100	134	132	139	
109	106	126	119	146	122	
103	122	140	149	106	112	
122	107	141	134	131	118	
141	143	112	103	148	131	
117	111	143	112	139	126	
103	134	143	148	102	109	
132	134	133	100	114	119	
104	149	141	115	123	134	
135	123	145	115	104	132	
107	114	128	121	132	109	
122	147	101	120	132	111	
131	106	101	137	128	123	
135	123	128	116	117	109	
112	141	116	101	108	139	
121	133	141	112	116	105	
106	136	126	135	116	147	
109	136	102	122	137	110	
140	112	123	129	118	130	
110	117	113	127	145	141	
117	108	120	110	122	148	
121	122	127	118	139	125	
130	118	113	122	133	128	
140	127	143	106	126	114	
117	134	120	110	124	130	
131	106	144	100	137	112	
104	127	134	108	112	126	
125	127	115	128	138	130	
121	125	133	113	135	103	
107	122	146	101	149	114	
130	128	137	122	133	138	
100	102	125	142	144	110	
122	100	134	128	124	126	
116	125	130	139	106	140	
130	111	139	102	141	137	
146	136	130	141	120	129	
101	148	128	126	124	133	
115	146	111	135	112	128	
143	116	140	128	144	102	
178	181	199	176	187	192	
159	181	161	157	172	150	
190	175	183	189	177	185	
193	169	180	177	151	189	
179	162	169	152	167	153	
179	157	185	165	180	170	
196	165	157	188	158	163	
196	174	178	187	184	185	
195	161	157	191	184	162	
188	196	194	184	150	154	
181	152	194	199	168	179	
195	152	179	155	177	193	
170	156	166	175	199	188	
157	161	191	190	187	185	
164	191	159	173	199	153	
169	198	190	196	191	199	
194	151	195	160	174	159	
174	169	176	198	165	192	
168	163	166	160	162	154	
154	171	186	156	192	155	
184	194	188	192	193	163	
188	178	160	186	184	173	
182	166	179	150	152	198	
164	189	176	196	155	195	
169	166	193	181	155	158	
151	162	169	192	185	195	
195	194	185	178	193	162	
178	161	175	182	177	168	
160	177	183	184	167	189	
161	182	170	183	190	153	
165	190	157	155	163	182	
173	168	184	152	156	179	
154	173	169	168	184	164	
151	154	171	168	161	158	
199	176	152	184	164	161	
165	177	197	151	160	175	
151	169	156	163	165	157	
193	178	157	154	197	199	
151	189	178	176	183	164	
156	190	151	183	187	160	
194	191	161	193	155	183	
168	153	177	188	170	162	
166	184	157	179	174	197	
179	164	190	176	169	154	
150	157	189	169	152	178	
156	152	170	183	187	194	
185	150	173	183	151	161	
198	194	188	150	162	168	
155	160	168	192	196	198	
178	169	168	164	156	151	
219	225	223	247	211	238	
223	226	227	245	239	211	
243	249	237	229	244	240	
230	231	211	220	229	236	
223	241	234	220	230	240	
244	225	202	233	208	228	
210	238	236	242	216	224	
224	214	223	217	231	249	
237	239	219	232	249	212	
231	218	242	239	202	226	
217	213	205	245	243	210	
218	245	215	208	205	244	
238	239	229	236	243	226	
214	218	204	246	213	224	
244	248	236	232	225	219	
245	211	226	235	231	215	
226	209	208	203	224	238	
232	235	246	243	245	203	
242	220	222	226	249	209	
238	219	201	228	217	231	
209	244	210	242	207	217	
234	217	212	222	231	248	
234	211	209	246	249	237	
228	202	212	219	217	224	
224	212	220	231	201	200	
226	239	230	246	248	202	
210	206	247	238	219	242	
202	236	223	220	244	242	
206	223	219	211	241	245	
228	201	236	246	235	239	
235	240	236	208	203	239	
243	205	233	206	226	208	
234	206	216	214	230	229	
232	220	219	235	248	244	
235	201	208	241	202	207	
247	213	215	219	210	203	
221	200	222	215	238	211	
216	231	240	201	246	234	
235	216	207	204	233	238	
215	203	245	217	222	247	
240	227	235	222	228	247	
222	241	228	213	208	205	
216	226	224	248	228	229	
246	213	233	225	222	231	
229	246	210	219	248	242	
242	219	229	215	225	224	
226	208	244	225	247	241	
227	226	201	209	231	204	
209	215	226	221	200	248	
233	229	204	242	235	244	
252	275	276	253	264	298	
282	276	297	259	274	269	
280	291	293	259	273	287	
273	279	269	283	296	272	
251	297	254	272	264	296	
253	290	288	280	252	260	
262	253	286	269	291	285	
274	279	263	281	262	298	
256	286	278	290	285	271	
283	298	268	252	295	257	
298	275	283	281	273	282	
273	274	288	293	284	251	
263	277	291	284	267	293	
259	253	278	287	293	255	
290	273	298	270	263	261	
287	255	280	257	263	281	
272	252	271	289	284	283	
257	267	297	298	296	280	
279	288	291	281	252	266	
263	299	277	250	286	291	
263	265	288	268	296	282	
260	292	276	296	295	275	
293	292	270	276	273	284	
268	286	251	255	287	264	
279	297	291	256	287	253	
292	256	263	274	289	265	
292	278	289	253	277	266	
281	278	296	261	287	299	
283	260	267	280	291	286	
290	274	267	263	251	265	
278	295	294	260	280	262	
275	288	261	283	274	264	
278	284	273	252	258	298	
285	265	286	297	263	252	
253	282	275	295	268	296	
287	258	259	280	263	268	
281	256	255	253	299	287	
297	255	279	263	288	250	
253	273	257	294	288	297	
252	271	282	255	287	269	
279	272	268	253	289	250	
276	271	289	298	261	279	
282	268	279	291	258	289	
266	269	252	278	282	260	
259	251	289	290	295	280	
280	278	268	291	287	251	
287	281	284	299	264	272	
267	259	283	250	282	293	
280	276	286	293	289	253	
278	283	281	254	295	290	
312	331	325	304	301	340	
329	348	317	328	308	310	
335	347	314	333	328	340	
303	342	324	327	302	331	
339	313	316	320	310	304	
343	332	312	323	301	339	
330	326	348	338	304	345	
306	338	314	317	335	304	
333	320	304	326	321	341	
320	305	330	323	336	300	
343	314	325	330	302	336	
343	330	317	342	345	305	
332	341	321	316	300	339	
310	308	336	312	331	320	
312	344	307	332	345	327	
337	340	310	318	333	342	
322	332	346	302	347	349	
329	319	312	336	315	324	
303	312	349	316	308	304	
334	344	306	330	307	329	
317	303	341	301	318	347	
313	344	338	329	306	301	
307	343	344	310	340	306	
345	311	307	303	323	312	
302	339	335	312	318	304	
326	304	313	309	310	316	
300	341	334	303	348	316	
310	315	337	311	345	312	
329	301	307	315	331	304	
314	337	330	336	326	312	
318	349	321	323	345	315	
329	312	306	331	302	340	
331	310	311	321	302	314	
317	304	303	339	345	327	
341	339	319	326	342	323	
336	335	322	348	337	321	
329	335	318	314	340	349	
317	322	342	313	326	321	
333	326	337	324	315	328	
304	346	343	328	345	300	
314	343	337	344	309	301	
327	348	347	345	326	334	
305	313	323	333	345	300	
315	321	337	317	309	310	
332	307	327	306	300	329	
304	316	349	326	338	331	
322	343	346	310	316	321	
322	308	349	343	319	347	
349	300	326	314	346	330	
308	314	349	301	321	342	
387	366	388	353	394	395	
374	369	359	393	362	379	
371	384	398	356	351	365	
358	381	395	352	394	376	
391	362	355	397	386	389	
373	368	380	358	383	388	
387	375	374	364	360	359	
359	383	388	354	398	360	
360	369	379	399	350	395	
357	379	399	373	369	364	
399	393	375	389	379	383	
381	379	393	377	351	374	
367	368	395	386	374	391	
385	396	355	393	373	386	
365	377	387	380	361	393	
374	380	364	375	383	385	
397	351	381	399	388	396	
382	388	392	387	362	360	
356	383	394	393	373	372	
388	389	395	359	397	358	
393	357	390	363	355	368	
354	366	372	384	391	398	
388	384	352	355	354	362	
374	360	389	362	378	363	
359	386	384	381	390	388	
381	380	385	356	352	379	
361	385	365	356	371	358	
353	374	351	355	375	357	
352	360	368	377	353	375	
356	386	382	399	357	387	
370	361	392	372	366	357	
382	374	354	350	367	398	
358	353	360	395	370	376	
359	351	386	363	385	377	
389	368	352	383	370	364	
368	369	391	360	366	376	
365	398	375	353	363	361	
351	391	396	389	353	377	
359	360	361	365	381	389	
353	399	363	352	350	373	
364	373	361	359	360	398	
374	373	367	388	359	353	
398	379	354	393	350	373	
375	357	393	364	388	379	
371	351	354	397	389	359	
350	365	399	374	351	366	
393	364	351	397	357	395	
394	384	358	369	360	366	
365	385	387	375	384	378	
380	386	350	395	387	357	
439	417	431	413	425	448	
431	425	430	408	422	403	
416	411	408	403	436	418	
444	439	411	402	425	431	
424	414	402	422	413	438	
406	443	439	433	444	436	
418	447	424	435	408	409	
404	440	428	402	439	403	
439	410	408	412	444	437	
436	405	402	443	432	425	
429	400	438	414	405	404	
416	446	404	403	411	406	
427	438	402	449	424	445	
426	440	446	433	411	420	
437	418	424	433	401	416	
403	424	415	433	434	438	
447	437	429	406	421	432	
443	435	436	414	441	447	
430	414	417	432	433	408	
443	406	420	437	409	405	
432	436	445	408	434	411	
446	423	400	405	428	435	
416	407	442	408	436	402	
449	420	406	419	421	437	
403	435	427	424	407	441	
407	414	409	402	412	437	
444	404	417	411	430	406	
422	400	437	402	408	438	
432	437	423	428	417	429	
439	409	417	421	412	419	
415	447	419	440	421	418	
420	445	403	435	409	427	
411	412	414	437	445	424	
434	405	431	448	417	422	
413	434	426	448	427	411	
447	446	413	415	424	422	
425	419	434	423	446	448	
415	420	447	440	429	409	
438	430	408	425	446	401	
413	420	439	422	447	411	
435	412	414	402	425	431	
439	428	446	442	420	444	
439	401	446	442	408	414	
436	426	401	447	437	438	
438	414	443	449	430	427	
423	431	430	421	443	408	
426	415	430	428	414	442	
446	443	432	435	400	438	
448	418	432	410	436	406	
404	406	448	437	422	445	
466	470	465	499	472	493	
496	485	471	475	482	487	
488	478	464	474	456	484	
491	495	477	460	459	472	
451	476	469	473	453	450	
479	469	496	498	451	450	
455	453	481	491	461	476	
451	463	499	488	462	481	
495	472	498	459	469	491	
470	498	450	497	492	479	
470	450	491	468	485	499	
462	498	467	460	475	471	
457	476	473	456	466	486	
473	488	471	483	475	492	
483	480	461	482	451	467	
472	450	496	473	461	462	
473	464	495	465	490	475	
459	499	484	477	472	478	
452	485	469	473	475	482	
482	451	459	467	474	470	
467	473	490	460	451	470	
479	471	496	464	450	468	
491	495	490	472	494	450	
492	468	460	486	472	470	
451	470	469	459	460	485	
473	450	482	483	475	484	
490	476	458	493	499	477	
478	496	476	480	483	477	
474	459	494	450	476	452	
459	491	456	472	496	494	
469	496	485	486	475	454	
476	461	490	479	455	473	
477	470	456	496	483	465	
456	486	454	459	472	463	
476	491	456	487	481	469	
475	499	464	451	459	453	
455	496	460	482	467	491	
469	489	484	470	476	475	
497	461	489	483	465	459	
451	476	455	478	458	487	
463	464	485	465	451	476	
453	470	451	463	476	459	
495	494	457	486	481	466	
451	475	498	480	471	494	
453	485	493	488	455	470	
484	466	475	483	452	473	
454	458	457	485	481	455	
478	488	457	480	479	499	
474	487	468	490	476	467	
471	498	480	476	464	456	
16	21	10	41	22	25	30	
46	0	3	47	22	8	32	
19	41	11	32	6	33	40	
38	29	9	1	18	39	12	
5	6	7	18	1	47	25	
36	48	42	31	1	2	9	
13	41	44	47	19	26	48	
49	33	27	25	20	17	28	
7	0	18	39	20	36	43	
42	8	26	37	44	35	22	
13	31	5	14	27	25	32	
42	26	22	49	45	19	47	
16	15	13	37	22	45	19	
4	39	34	41	19	45	35	
26	13	33	32	23	2	24	
9	25	49	33	26	39	28	
2	21	39	25	40	1	42	
34	42	9	41	5	21	1	
23	49	8	12	31	41	14	
18	21	45	38	24	19	41	
25	16	30	2	22	28	23	
19	18	17	30	23	24	44	
44	0	29	26	49	40	41	
19	38	21	36	27	25	13	
10	46	9	41	2	0	28	
29	42	9	19	27	45	35	
26	10	46	29	8	7	30	
16	14	36	5	24	30	46	
49	47	28	13	22	10	20	
13	48	36	38	9	30	39	
45	39	31	29	46	12	25	
47	34	42	5	19	48	6	
27	44	31	26	16	8	10	
15	40	48	43	0	34	8	
45	30	39	31	29	36	11	
21	0	49	38	32	34	47	
19	31	28	25	9	43	33	
5	47	7	31	23	22	36	
18	37	3	0	32	38	6	
4	48	29	47	42	43	25	
35	0	16	9	7	29	48	
11	13	37	46	22	31	25	
6	24	44	41	40	49	4	
4	47	14	1	44	34	11	
43	18	25	24	37	42	2	
12	20	45	38	29	39	14	
24	2	0	46	39	3	45	
37	1	45	27	28	31	11	
28	0	36	2	37	23	19	
0	2	23	12	49	22	4	
50	81	85	69	58	62	92	
91	65	88	81	93	68	85	
68	79	93	86	87	60	65	
93	61	77	91	88	80	95	
67	95	56	81	77	52	98	
58	79	76	67	62	91	72	
91	74	79	54	97	93	86	
62	70	89	77	66	72	58	
99	56	79	86	59	65	60	
73	91	75	83	51	85	78	
65	90	89	80	88	86	56	
83	70	92	74	56	63	94	
68	92	58	97	90	57	66	
67	63	97	54	62	81	56	
70	77	63	92	68	96	58	
81	97	91	51	94	74	56	
90	98	74	65	68	99	54	
56	89	62	81	79	54	70	
99	69	67	59	73	51	60	
86	55	93	65	96	63	97	
68	86	58	63	66	95	54	
94	98	60	54	91	75	52	
85	78	73	79	80	84	53	
63	55	86	84	95	83	59	
95	66	67	57	64	90	61	
74	56	93	86	54	55	90	
56	84	99	98	93	95	82	
90	54	57	66	61	86	98	
76	88	62	85	78	52	68	
94	57	53	97	75	51	55	
68	80	66	77	52	89	63	
88	58	94	73	55	77	67	
98	53	85	80	62	64	91	
74	90	75	57	93	96	95	
61	87	92	84	54	81	96	
78	67	50	79	73	77	54	
71	96	79	97	99	64	94	
60	55	91	70	58	67	87	
87	61	81	67	99	91	95	
99	73	64	95	62	68	90	
69	58	85	78	63	92	89	
75	87	60	93	63	86	99	
79	83	81	58	59	62	99	
72	73	74	98	56	51	92	
91	57	99	83	92	51	62	
95	83	67	55	80	60	69	
62	68	69	87	80	73	90	
54	86	58	87	61	81	59	
84	89	78	56	71	63	55	
90	53	96	91	65	52	93	
113	106	118	147	121	146	108	
133	130	116	145	103	137	135	
139	136	107	102	108	123	109	
135	107	145	110	142	128	139	
136	119	105	120	117	108	146	
113	111	124	136	146	102	107	
112	100	125	141	127	136	143	
103	108	116	141	106	130	112	
116	110	129	126	120	142	112	
137	121	102	113	134	149	103	
116	134	118	142	109	133	119	
102	136	110	137	112	121	128	
125	113	144	117	148	102	115	
125	114	117	118	131	128	111	
110	109	107	145	147	143	123	
124	115	110	105	122	114	117	
132	125	118	111	119	108	148	
113	123	102	131	108	114	132	
121	148	137	126	114	149	123	
110	105	114	126	125	144	130	
121	116	139	145	133	108	105	
132	149	108	116	148	131	121	
138	141	132	139	128	120	146	
136	111	125	145	138	146	149	
137	133	149	129	113	116	114	
104	105	112	125	119	116	136	
134	133	137	113	117	149	102	
146	118	142	110	100	105	120	
118	111	119	147	115	122	130	
111	100	146	102	134	105	145	
112	137	129	101	107	124	123	
138	126	118	113	147	120	139	
113	116	101	114	149	145	138	
136	115	142	103	102	122	104	
108	136	107	118	127	122	126	
145	121	109	136	144	101	127	
123	116	139	145	122	133	114	
114	107	123	105	129	127	104	
113	123	107	126	101	125	117	
149	106	116	100	147	137	138	
130	117	129	122	110	119	144	
107	103	105	142	110	101	131	
131	148	127	134	144	149	120	
127	104	102	122	112	113	110	
113	130	123	120	139	104	128	
114	130	124	134	132	148	118	
103	134	140	116	141	143	108	
141	134	112	142	132	129	109	
114	107	108	104	113	147	141	
145	113	109	131	148	125	107	
194	188	191	160	171	170	163	
194	177	160	155	183	153	157	
174	158	176	171	178	163	180	
152	158	180	173	198	189	154	
175	153	183	198	152	166	196	
195	169	172	179	187	165	151	
167	181	185	171	179	188	155	
172	165	162	195	153	192	197	
178	159	165	189	164	198	166	
195	172	180	188	159	174	186	
164	172	173	192	176	189	162	
176	165	190	195	193	164	153	
198	154	153	184	158	156	183	
189	165	153	162	186	188	152	
153	196	195	169	160	192	190	
176	185	198	170	151	187	180	
150	155	183	190	169	156	165	
195	163	157	159	191	165	171	
185	190	175	173	157	166	169	
187	168	199	186	188	190	152	
170	161	187	159	169	192	179	
167	184	185	183	162	174	189	
185	182	192	160	172	183	166	
177	163	197	175	168	151	164	
196	151	155	165	197	172	193	
178	170	152	177	187	183	164	
176	160	172	196	186	170	154	
195	179	161	174	155	163	197	
154	196	187	157	180	182	158	
172	151	169	166	177	193	157	
150	185	172	176	175	168	186	
158	181	178	151	159	160	188	
153	190	181	184	155	170	166	
174	189	187	190	152	159	156	
173	195	194	196	160	150	151	
187	172	171	189	157	193	176	
188	157	164	173	151	155	187	
183	156	151	154	163	190	199	
187	199	196	163	152	157	179	
183	163	195	193	151	176	153	
187	166	179	181	186	156	177	
160	163	161	154	166	164	189	
156	171	165	172	168	181	194	
161	156	197	186	174	178	190	
170	192	182	157	161	193	178	
163	187	199	169	197	182	189	
192	196	194	177	160	161	171	
198	193	190	188	191	173	174	
174	161	166	184	156	165	175	
198	184	151	158	153	156	190	
202	233	222	217	228	219	208	
243	210	232	225	218	235	223	
208	228	215	232	216	238	241	
206	223	249	239	204	231	221	
240	235	211	208	230	249	203	
248	237	213	227	204	243	217	
208	229	211	203	228	220	240	
224	205	235	207	210	218	214	
248	223	240	200	203	238	216	
216	243	249	230	246	238	206	
244	202	220	248	231	225	212	
220	214	243	225	217	245	213	
219	233	237	201	208	226	200	
212	238	218	235	216	205	221	
220	238	246	201	209	208	234	
218	225	249	221	243	214	234	
248	236	225	228	244	231	234	
204	212	235	217	208	219	216	
242	221	239	207	243	241	248	
200	212	209	239	208	238	228	
215	214	227	224	207	210	239	
227	206	234	215	249	223	243	
227	249	231	217	242	247	222	
212	237	227	217	226	215	211	
232	218	247	215	209	206	202	
213	208	200	228	206	238	240	
247	201	238	228	241	249	226	
211	245	240	207	225	215	217	
210	248	220	225	230	227	219	
242	201	204	243	214	200	246	
243	244	239	249	212	201	241	
217	243	245	221	237	234	228	
239	241	223	201	243	226	217	
240	233	213	244	232	215	221	
207	243	227	216	235	218	204	
209	212	218	213	219	234	242	
215	244	230	210	233	218	245	
219	226	227	213	204	207	201	
215	200	203	227	220	228	214	
201	242	200	245	204	238	214	
213	244	224	201	238	210	211	
217	237	234	235	221	243	232	
245	235	230	206	211	226	224	
249	212	204	242	243	202	240	
207	218	229	206	227	221	231	
229	208	223	213	215	248	232	
217	241	232	203	231	215	247	
201	218	236	243	233	214	238	
247	212	238	200	207	237	225	
201	241	208	209	239	228	221	
270	253	272	281	255	251	277	
287	259	251	264	283	292	276	
297	267	253	291	260	290	282	
266	256	264	294	263	269	271	
260	261	275	280	259	264	267	
269	278	263	273	276	265	267	
272	254	282	279	280	261	285	
277	284	251	255	299	279	295	
294	278	272	260	251	275	256	
260	280	287	285	262	291	288	
262	278	299	277	291	276	250	
294	260	271	256	284	286	258	
253	272	265	266	270	268	296	
267	297	250	282	253	251	269	
270	261	275	280	286	279	295	
296	281	271	262	295	282	275	
295	273	272	290	257	277	291	
260	293	254	266	289	262	277	
283	285	298	265	262	288	251	
253	297	290	281	257	275	256	
260	252	298	262	293	276	292	
265	253	252	250	285	269	272	
257	291	278	284	275	293	264	
270	255	297	287	288	275	269	
292	266	286	256	282	253	271	
256	283	297	282	288	269	265	
272	255	287	258	254	271	298	
286	293	276	282	288	260	252	
275	267	294	289	266	251	258	
260	272	293	255	273	282	274	
277	252	264	295	294	258	274	
253	287	273	268	274	294	296	
277	287	276	266	254	268	292	
278	284	299	275	287	264	296	
262	272	282	270	296	288	290	
266	259	254	263	291	267	264	
296	279	292	285	294	290	260	
277	292	295	289	299	268	276	
259	286	264	253	267	279	282	
298	251	282	252	291	287	286	
275	255	268	252	251	259	263	
296	265	262	272	290	277	251	
258	280	297	250	295	264	284	
284	258	283	285	270	250	266	
277	271	266	256	259	264	270	
269	271	278	293	287	297	254	
262	263	259	275	252	296	292	
261	289	251	269	265	292	279	
280	294	270	278	256	255	276	
254	267	297	259	273	264	278	
321	341	303	339	318	300	324	
327	310	348	329	324	311	314	
308	328	330	311	345	331	318	
303	337	331	349	321	330	339	
317	347	326	339	304	309	334	
308	345	328	305	304	321	300	
324	327	315	311	340	343	323	
337	335	300	306	326	338	318	
303	318	349	302	332	328	347	
319	329	316	326	305	310	312	
318	322	312	328	306	313	345	
301	344	338	326	320	315	336	
314	319	329	331	349	343	318	
316	334	306	327	303	343	301	
308	348	320	319	330	322	302	
306	332	333	312	319	321	323	
341	336	317	316	326	325	327	
301	323	326	335	312	332	304	
320	348	328	334	347	306	329	
345	319	315	337	323	310	339	
302	315	349	334	335	306	318	
317	331	308	341	307	344	316	
313	320	317	329	306	340	322	
307	305	336	324	340	331	314	
307	348	325	318	326	345	312	
332	314	338	300	333	327	303	
345	303	322	306	307	323	314	
309	316	305	310	332	324	322	
313	325	329	306	343	336	300	
317	312	332	349	329	327	336	
321	342	312	310	336	324	346	
304	342	322	311	349	329	327	
344	332	309	346	347	331	301	
317	303	339	322	343	335	318	
336	320	321	311	300	338	302	
338	342	317	348	322	311	329	
306	310	308	325	339	337	335	
349	306	314	316	338	343	337	
323	331	332	314	310	346	337	
309	313	327	312	338	319	301	
319	315	342	305	346	324	314	
342	334	325	326	335	339	322	
301	319	342	312	348	303	330	
345	325	338	339	306	326	329	
309	330	328	346	319	349	322	
306	348	335	344	315	317	316	
346	321	300	323	314	348	320	
334	343	308	329	311	328	323	
312	314	301	319	324	344	326	
334	331	332	311	330	317	309	
359	389	398	376	381	391	372	
366	395	397	391	389	369	368	
355	364	363	380	356	377	378	
360	390	394	391	365	377	351	
387	389	370	367	359	358	382	
374	382	366	399	387	369	389	
357	374	375	370	361	373	364	
378	380	392	369	357	390	363	
356	351	358	399	373	368	395	
381	356	390	354	362	359	391	
353	385	359	355	383	376	357	
386	395	371	359	389	370	353	
351	384	354	382	360	359	378	
363	398	389	393	391	380	352	
354	353	369	381	368	394	366	
371	395	350	391	368	394	389	
374	387	350	381	367	394	376	
353	394	358	370	361	385	351	
360	367	372	370	364	351	376	
365	396	385	378	372	399	386	
383	356	380	389	392	367	365	
375	385	355	377	368	387	351	
395	388	379	381	374	399	391	
392	367	355	379	391	384	378	
399	378	392	390	383	389	379	
378	362	388	396	385	360	390	
364	359	396	393	383	381	376	
369	388	396	375	370	397	377	
388	365	378	361	393	394	360	
383	380	379	358	371	357	356	
358	381	362	374	352	354	363	
361	388	374	398	358	365	360	
387	380	388	355	368	371	392	
362	394	365	359	390	398	387	
368	390	382	365	358	383	396	
358	357	395	353	359	364	387	
359	399	378	393	356	365	392	
387	365	350	393	367	380	377	
363	372	392	358	350	360	356	
371	397	386	389	376	394	355	
366	352	393	359	357	369	398	
380	388	365	373	376	394	397	
390	362	365	355	385	361	350	
350	395	354	390	352	396	372	
383	351	371	376	393	377	388	
371	392	370	361	350	354	387	
393	364	359	376	384	380	394	
371	366	361	396	373	399	364	
387	397	379	371	361	374	395	
386	381	363	397	357	354	393	
437	446	442	416	427	441	448	
425	421	420	435	437	434	400	
419	411	429	445	403	409	421	
430	422	447	429	427	421	423	
428	448	430	407	425	412	429	
435	416	411	400	434	404	420	
437	409	446	416	426	427	436	
403	436	446	418	444	400	429	
402	435	424	447	442	409	446	
431	410	421	400	424	432	435	
405	400	441	422	412	434	443	
408	440	429	439	405	446	401	
414	427	443	428	405	423	424	
413	420	419	438	443	444	421	
443	433	408	401	428	421	413	
401	405	444	418	441	435	406	
403	422	426	421	437	439	447	
402	412	421	411	449	425	434	
410	422	415	425	439	430	406	
434	440	416	423	404	418	415	
439	417	409	445	401	416	449	
440	404	424	435	418	437	443	
445	407	401	413	448	418	402	
445	440	428	421	438	432	403	
421	427	415	440	439	428	412	
415	416	411	430	423	429	433	
407	429	430	437	413	432	416	
449	442	419	435	436	411	429	
422	425	414	404	406	420	409	
436	423	422	431	438	426	440	
416	428	441	418	433	411	449	
440	400	429	411	446	415	448	
431	438	413	407	400	429	433	
434	414	428	411	449	448	424	
408	413	445	429	401	443	428	
412	422	437	427	432	429	434	
423	413	415	408	407	432	434	
418	417	412	405	443	408	407	
403	432	408	423	434	447	437	
442	440	413	429	410	409	418	
431	436	433	438	411	443	424	
438	408	447	427	430	409	423	
420	442	416	432	407	415	404	
433	440	410	441	432	448	405	
422	406	443	428	441	445	448	
431	441	406	409	436	400	402	
419	435	401	415	403	413	405	
431	433	401	445	400	440	449	
404	422	423	436	428	425	421	
403	422	417	407	414	431	423	
466	455	457	465	469	460	471	
477	453	455	460	470	472	461	
482	467	477	461	453	487	466	
489	461	482	495	478	497	469	
486	454	487	475	479	471	455	
498	484	458	483	491	461	465	
455	472	484	489	495	487	457	
468	484	457	482	478	475	490	
484	494	450	488	496	468	471	
486	468	470	465	475	473	458	
464	492	453	462	496	493	477	
471	454	487	473	496	491	489	
490	456	491	469	477	487	453	
484	490	480	493	474	472	489	
460	471	488	475	468	472	499	
453	486	456	491	484	459	478	
489	456	482	469	459	466	461	
478	473	493	463	464	487	484	
490	497	462	496	477	452	457	
496	478	464	454	473	481	487	
456	468	469	482	486	460	473	
497	456	480	481	494	466	455	
483	485	450	455	482	454	474	
494	493	466	478	457	482	462	
477	453	490	465	491	488	497	
499	488	452	473	494	450	497	
489	480	479	457	482	485	455	
473	497	493	481	474	490	468	
461	465	488	475	454	453	477	
472	455	461	466	477	491	492	
486	490	487	497	499	469	452	
459	471	454	469	484	497	468	
496	461	450	489	464	480	454	
464	480	473	485	472	483	459	
494	492	484	487	466	459	485	
463	469	488	459	490	457	494	
450	451	495	464	470	467	487	
496	493	489	474	465	470	475	
476	490	494	493	479	472	477	
465	491	471	457	470	478	459	
463	495	475	476	464	490	477	
460	498	477	475	461	476	462	
472	459	489	466	480	464	494	
492	452	484	477	479	460	462	
462	458	474	471	485	480	483	
465	496	489	495	498	455	457	
472	486	477	467	494	473	484	
471	499	495	454	463	485	464	
482	463	454	488	452	490	496	
476	495	467	479	459	487	463	
31	28	13	41	11	25	26	47	
33	22	29	1	20	36	16	48	
46	13	39	38	7	40	49	26	
47	49	36	27	11	3	42	31	
45	28	25	21	8	29	9	22	
40	42	0	3	38	18	9	10	
36	22	33	2	35	31	16	32	
17	18	34	0	5	37	30	26	
48	19	14	25	7	9	41	20	
46	48	27	40	11	49	37	21	
4	17	3	1	32	42	15	25	
45	15	17	42	20	8	35	7	
2	26	10	42	40	19	32	43	
24	2	3	23	43	6	15	20	
25	29	31	32	42	24	3	14	
44	8	26	37	12	30	4	11	
6	0	37	9	39	45	8	28	
5	12	31	40	38	42	26	22	
27	2	7	40	33	6	38	49	
39	7	46	11	43	26	49	19	
0	25	43	37	1	39	35	8	
45	7	34	26	44	46	30	47	
12	32	6	31	29	44	20	17	
29	4	0	24	14	38	47	45	
16	15	40	36	9	42	0	17	
48	14	11	24	39	4	2	5	
36	0	18	28	22	34	7	43	
5	41	40	46	19	21	25	49	
21	7	48	44	36	14	6	46	
40	35	17	9	28	48	37	22	
23	12	27	37	18	46	21	1	
14	1	7	26	24	35	45	19	
13	32	15	29	22	6	33	25	
38	40	18	30	24	28	13	44	
41	30	14	16	11	42	22	7	
14	33	48	32	46	31	40	9	
21	45	13	41	0	37	3	2	
20	42	30	24	15	39	36	21	
49	5	46	11	6	19	42	36	
3	7	9	39	26	33	20	48	
6	46	31	28	5	22	45	8	
13	29	14	30	45	37	8	10	
0	37	7	16	42	30	20	11	
25	27	24	6	5	12	23	26	
48	44	40	32	49	36	19	23	
38	41	7	40	19	33	25	31	
44	41	22	40	14	11	49	31	
20	6	39	10	47	40	26	44	
47	5	20	6	49	3	40	0	
24	19	6	8	40	3	41	43	
55	65	85	61	54	99	60	94	
90	57	64	53	71	52	60	74	
61	93	59	89	53	78	57	60	
57	76	70	55	77	78	87	67	
68	90	51	70	74	52	76	55	
56	79	93	73	64	59	78	69	
95	54	98	77	75	97	83	82	
65	55	91	61	60	54	79	86	
98	59	73	74	60	64	51	84	
80	58	96	82	94	69	92	63	
57	93	81	54	79	58	84	77	
94	62	63	87	84	89	66	60	
87	78	94	76	95	97	64	99	
51	92	96	82	86	68	90	84	
97	56	53	86	78	88	64	52	
56	62	71	69	94	86	98	64	
62	90	65	78	57	66	76	80	
80	64	71	54	59	50	92	85	
54	78	91	65	52	62	50	82	
80	60	90	96	51	53	97	67	
85	94	92	80	71	79	87	84	
67	97	59	60	90	94	50	73	
52	91	68	93	67	75	61	85	
96	51	52	63	71	89	55	62	
70	95	71	77	88	66	89	86	
81	72	50	74	59	84	88	55	
86	97	61	74	55	71	88	62	
88	72	75	93	56	61	78	63	
67	50	86	89	98	59	76	74	
80	71	90	56	75	91	77	51	
63	56	75	99	84	78	94	70	
97	50	72	61	53	85	78	94	
67	96	81	65	94	83	72	95	
64	93	96	73	51	78	94	89	
94	59	79	70	74	53	82	87	
53	72	68	92	75	77	87	93	
58	70	78	91	55	76	68	65	
98	78	63	81	72	74	93	65	
67	58	89	77	97	95	62	61	
52	76	50	84	58	74	60	88	
50	70	92	63	96	79	54	56	
53	93	70	69	60	84	89	56	
95	64	68	51	63	73	57	79	
89	74	78	98	82	88	68	73	
87	92	93	71	99	69	59	90	
82	68	87	59	52	90	96	70	
76	79	51	53	90	83	92	57	
82	56	72	71	85	70	98	76	
53	68	82	64	70	83	90	62	
54	67	52	93	97	80	88	82	
132	117	126	144	125	131	142	146	
112	132	113	140	144	136	142	129	
109	129	116	114	147	149	133	119	
103	146	128	130	117	115	100	119	
130	114	106	134	104	132	143	136	
133	136	105	128	137	134	100	141	
127	134	115	111	121	137	122	108	
148	133	136	127	141	137	146	143	
129	128	137	146	102	133	134	117	
146	135	142	139	111	110	122	137	
130	144	142	101	112	140	105	119	
135	124	147	120	149	119	121	110	
149	125	110	140	141	107	114	116	
107	113	143	130	132	140	136	118	
126	119	107	141	118	110	132	133	
122	129	143	139	116	144	142	132	
104	146	111	129	147	149	131	106	
139	143	106	131	105	103	138	101	
127	109	138	123	107	139	122	114	
108	147	131	146	104	106	129	118	
128	123	106	122	121	131	102	117	
110	132	147	134	133	146	149	105	
107	111	130	145	143	114	121	131	
146	147	132	130	134	145	128	131	
135	114	146	128	104	133	109	118	
118	107	139	125	145	140	133	100	
140	123	102	148	120	107	129	127	
125	143	120	123	136	138	105	112	
118	103	134	144	136	143	133	130	
104	121	147	114	109	126	120	103	
143	122	111	112	134	125	149	106	
121	130	133	128	115	114	144	143	
100	110	120	134	112	107	140	124	
138	119	104	132	139	141	134	114	
115	109	116	135	106	112	119	102	
103	148	113	119	109	129	106	130	
132	107	135	144	142	106	122	134	
116	113	109	145	144	111	131	146	
101	129	132	106	103	102	127	138	
123	105	129	131	141	104	143	100	
100	128	118	125	134	136	138	107	
125	140	100	109	114	149	132	120	
148	104	129	147	143	141	127	116	
102	129	149	110	146	117	138	115	
148	138	137	141	114	128	109	140	
140	136	125	101	141	143	105	100	
129	113	146	101	144	116	105	106	
106	110	145	103	147	102	146	122	
129	130	103	145	131	112	101	105	
105	112	146	114	133	108	127	147	
190	159	162	194	155	176	187	171	
179	189	165	153	157	156	178	154	
190	195	163	158	184	178	177	157	
193	161	174	163	187	188	158	183	
178	181	156	183	198	188	194	172	
177	174	190	184	182	166	198	159	
185	168	197	166	183	160	171	172	
187	158	179	153	174	186	170	155	
186	188	181	191	150	183	198	151	
161	190	186	175	159	160	192	166	
184	196	161	157	180	171	198	169	
173	176	197	159	180	182	171	194	
186	182	181	166	151	150	185	162	
194	157	184	151	191	180	152	169	
155	176	170	185	177	191	162	164	
188	156	164	161	194	183	163	199	
168	180	165	194	176	190	198	155	
186	168	184	164	166	174	154	173	
166	179	171	175	153	162	199	156	
151	180	177	153	157	172	190	169	
183	175	150	165	172	197	180	181	
172	156	199	174	163	186	178	171	
182	170	165	151	150	167	155	162	
175	192	193	176	154	197	172	199	
177	150	166	153	154	187	182	165	
170	195	199	162	178	185	151	154	
196	152	195	180	194	198	170	199	
194	163	175	158	174	182	169	150	
153	164	183	189	195	180	196	192	
161	171	194	179	183	182	199	187	
159	188	160	161	162	157	175	185	
181	166	177	153	176	194	195	156	
185	176	162	173	174	179	165	196	
199	195	170	167	150	158	185	182	
189	178	190	181	166	192	183	193	
161	156	150	191	189	151	195	187	
177	175	153	189	181	193	166	185	
165	194	157	172	181	176	154	197	
151	178	177	187	189	163	199	197	
184	180	155	185	192	157	152	154	
194	174	151	154	162	170	182	186	
169	175	198	183	190	164	199	181	
198	166	174	192	171	175	164	186	
153	174	188	197	162	173	161	165	
163	196	164	178	191	154	190	150	
158	192	165	198	156	174	163	172	
150	160	174	176	181	151	195	185	
198	199	186	196	161	197	162	159	
165	167	191	160	177	178	151	184	
178	165	172	195	150	161	154	185	
237	202	221	206	222	218	245	212	
242	241	237	243	213	244	203	224	
247	240	213	221	212	206	205	242	
223	232	225	205	227	208	240	238	
201	200	226	215	230	209	203	219	
234	216	222	205	221	202	201	217	
248	247	201	242	214	204	238	236	
236	242	239	209	245	214	221	230	
217	227	202	240	246	209	222	242	
234	217	200	228	213	220	241	244	
201	242	220	219	245	213	235	224	
211	219	204	233	227	235	203	208	
240	246	236	234	216	227	223	242	
205	249	238	216	217	208	240	222	
212	223	245	235	206	207	216	231	
215	248	231	237	235	241	204	205	
208	228	229	219	235	237	231	206	
235	217	227	226	234	220	222	242	
248	207	211	226	244	201	236	210	
237	236	230	215	247	225	244	223	
207	218	203	239	231	220	204	212	
205	206	247	233	243	220	226	248	
243	245	211	214	222	234	229	220	
248	229	238	245	221	205	222	237	
222	247	200	235	228	233	204	221	
243	239	201	222	210	202	223	248	
244	213	220	232	208	226	245	212	
247	248	244	249	243	201	205	220	
240	216	238	237	239	203	230	220	
217	231	227	200	218	234	244	221	
218	247	246	204	226	228	244	231	
240	219	225	210	205	239	208	226	
219	226	217	206	233	204	227	200	
218	232	234	200	243	222	206	240	
241	242	240	217	215	223	231	221	
215	210	246	233	240	248	230	218	
224	249	240	235	244	216	218	217	
246	245	200	206	240	218	219	216	
222	205	236	237	239	214	230	208	
208	232	224	207	237	210	209	218	
218	212	220	231	219	222	243	242	
206	248	214	244	238	236	221	241	
227	235	229	204	224	239	225	243	
200	218	212	213	220	217	203	240	
220	237	211	218	249	238	242	213	
217	236	234	231	223	209	219	205	
230	206	202	226	216	240	239	203	
242	227	246	226	248	235	233	216	
212	242	226	227	246	236	231	219	
205	207	229	212	248	241	227	204	
289	265	272	252	261	299	295	274	
273	251	299	258	279	293	263	283	
293	272	295	251	263	273	296	258	
257	253	287	278	288	295	265	276	
298	250	265	288	286	263	296	280	
272	254	289	270	286	252	293	287	
266	297	275	253	299	261	264	298	
297	295	274	255	263	285	276	275	
298	250	295	284	282	256	299	276	
293	263	265	284	252	266	287	292	
260	280	268	276	290	266	292	275	
293	281	286	297	260	258	261	283	
284	272	267	269	266	253	278	294	
292	284	265	298	264	299	296	268	
273	292	281	250	256	262	252	274	
289	287	293	296	281	285	268	282	
281	282	292	266	285	267	295	294	
263	297	285	257	250	251	288	293	
280	297	292	289	256	270	252	274	
272	292	298	261	276	266	253	251	
272	269	268	273	280	261	276	271	
260	298	272	252	257	275	284	296	
264	280	277	295	290	279	282	253	
297	284	254	287	295	265	293	256	
272	298	295	265	281	258	291	262	
252	280	266	290	277	263	283	259	
268	286	283	278	290	252	261	250	
295	266	277	251	287	256	258	267	
265	288	297	251	286	253	267	296	
252	273	281	299	286	255	294	277	
277	295	280	296	258	256	283	278	
296	278	275	250	284	276	267	274	
252	258	254	251	274	297	277	261	
299	264	274	263	272	289	270	278	
256	254	268	278	259	261	286	288	
269	274	291	260	263	259	254	267	
286	254	295	253	255	257	258	290	
255	284	257	272	299	275	267	271	
291	280	294	285	287	276	266	281	
252	271	286	298	260	269	292	277	
288	254	272	270	258	279	271	252	
280	286	258	255	292	256	259	262	
275	286	285	278	290	262	294	287	
273	271	254	298	259	279	256	269	
271	250	272	297	266	259	277	252	
297	251	265	279	275	273	256	291	
254	278	262	288	286	251	276	295	
264	254	259	292	276	275	265	289	
267	257	285	289	256	278	277	299	
283	261	281	251	288	284	282	295	
319	325	313	340	348	339	316	336	
336	342	309	338	302	339	331	307	
328	346	340	301	343	316	322	334	
317	348	310	333	313	319	307	346	
338	307	324	327	349	302	329	300	
332	339	321	317	306	347	336	331	
322	321	311	340	303	339	320	325	
330	305	336	325	321	331	301	346	
346	341	347	312	327	310	324	336	
332	345	306	340	307	308	320	330	
311	302	325	322	324	343	341	336	
304	306	311	305	329	323	322	324	
327	322	330	340	349	317	329	338	
345	330	328	347	308	343	334	337	
321	330	327	306	315	323	300	342	
348	333	337	343	338	306	349	330	
345	314	304	312	342	340	344	338	
312	329	332	330	309	327	343	324	
348	317	343	344	345	334	328	331	
331	304	313	324	320	300	342	347	
316	308	321	346	327	343	348	313	
337	306	316	331	323	341	321	325	
339	349	344	331	329	311	303	307	
331	347	315	337	342	336	316	341	
338	328	323	335	327	340	304	347	
317	301	349	332	319	327	321	331	
322	345	327	320	330	334	313	340	
317	324	336	309	321	331	318	307	
338	319	306	322	309	337	332	335	
344	315	317	309	342	340	322	314	
341	300	303	338	319	328	318	304	
335	338	333	320	345	314	305	302	
321	336	346	316	330	338	302	339	
334	323	321	318	344	310	337	340	
324	335	311	315	309	346	336	334	
337	303	349	343	341	326	342	322	
310	323	316	332	338	322	307	339	
346	306	348	304	320	329	331	310	
307	304	314	305	310	321	331	348	
334	316	345	301	331	330	344	328	
319	331	323	315	303	326	311	306	
314	337	347	315	340	336	332	346	
322	345	342	347	302	333	332	303	
322	344	340	318	302	311	327	346	
327	344	323	330	304	343	337	345	
332	305	344	319	322	340	311	338	
313	339	342	309	347	328	349	319	
308	338	316	339	334	329	330	324	
339	335	313	337	326	315	348	349	
344	338	335	329	320	330	317	311	
376	379	363	377	395	361	355	397	
372	390	380	370	386	399	368	391	
393	377	367	389	387	353	351	380	
379	366	363	399	364	386	378	397	
357	399	374	366	390	372	391	375	
370	381	351	397	362	355	390	382	
358	398	384	359	366	392	375	364	
357	368	360	387	371	392	386	393	
397	352	351	363	364	381	371	376	
388	367	387	379	394	391	350	376	
383	396	374	372	394	364	398	382	
379	359	384	352	354	395	351	377	
368	377	357	370	383	387	394	395	
350	379	365	351	390	372	370	367	
373	367	361	374	369	362	368	355	
371	357	394	399	389	392	395	377	
358	368	395	374	380	393	392	396	
353	380	373	377	399	370	389	397	
382	374	398	372	381	385	380	367	
355	383	350	386	398	379	358	351	
350	387	380	374	362	363	379	376	
350	378	353	371	369	363	383	375	
361	369	354	377	387	386	380	366	
379	376	357	369	368	395	375	352	
383	356	395	364	389	360	385	368	
352	368	367	358	392	372	370	389	
398	362	364	369	353	370	375	399	
381	360	362	368	353	387	373	376	
360	377	370	372	387	365	394	351	
389	370	388	355	384	381	354	382	
351	381	350	389	363	392	366	390	
368	375	399	383	352	367	371	379	
380	363	371	392	377	393	386	397	
399	358	352	363	366	359	367	375	
381	357	392	356	373	384	360	365	
374	365	370	366	385	350	382	372	
398	355	377	386	360	394	376	389	
367	373	387	380	391	381	364	353	
361	357	394	378	390	391	356	376	
358	350	368	388	399	364	373	354	
359	361	355	369	395	363	389	378	
389	373	391	394	371	359	380	378	
357	398	361	385	370	394	387	386	
379	385	351	371	354	396	395	375	
382	380	372	351	368	361	378	365	
381	368	390	386	364	374	369	360	
379	391	370	367	382	380	353	389	
354	395	389	362	382	381	377	399	
372	374	366	373	390	352	383	375	
371	392	355	385	389	393	358	396	
421	412	409	424	408	436	420	447	
405	448	426	432	423	404	434	419	
407	420	424	444	414	408	409	401	
448	417	424	403	429	400	420	407	
444	407	432	408	400	431	433	416	
426	422	442	409	400	437	436	431	
435	432	433	425	436	442	407	439	
440	419	412	443	420	427	404	411	
436	421	438	424	431	444	413	430	
401	432	444	435	441	447	434	416	
405	428	410	441	443	419	438	421	
416	414	435	434	415	443	449	447	
435	418	409	449	423	421	426	444	
408	435	413	424	418	406	407	429	
406	434	437	431	408	442	402	403	
415	411	438	408	448	431	409	434	
407	424	448	406	404	409	415	420	
434	447	402	405	442	426	430	445	
406	431	424	412	421	434	433	446	
412	440	437	406	427	418	445	404	
416	430	419	408	446	413	414	429	
410	429	436	421	408	413	419	411	
431	443	409	426	448	408	421	423	
436	420	417	401	413	414	411	410	
409	446	449	439	436	427	421	415	
402	434	445	444	415	401	419	422	
432	417	443	407	427	448	430	410	
441	418	437	431	447	438	411	424	
421	445	409	427	433	420	448	415	
441	424	414	436	438	406	405	432	
437	407	421	400	432	434	435	416	
437	413	418	428	401	447	415	422	
414	402	448	425	405	440	445	406	
430	432	441	433	427	438	435	415	
415	435	402	438	443	410	440	449	
417	404	436	406	410	418	437	414	
435	432	402	428	425	409	439	421	
440	433	417	444	420	422	407	430	
420	430	445	438	434	422	415	447	
407	414	420	425	449	403	438	410	
428	409	414	441	437	432	402	426	
413	406	404	418	429	443	415	445	
407	433	408	414	402	421	426	417	
447	435	436	429	418	423	411	425	
429	426	437	409	406	430	420	427	
409	424	431	439	426	417	445	434	
414	417	427	418	448	425	441	416	
417	415	414	403	442	424	429	425	
436	415	429	440	421	423	437	414	
425	426	417	404	405	428	443	430	
477	495	462	451	452	458	455	461	
499	472	469	462	488	495	497	490	
479	483	454	494	490	450	496	459	
478	498	480	491	495	469	460	472	
485	461	496	495	482	453	460	488	
473	487	484	480	498	461	463	495	
488	457	494	478	482	466	472	493	
450	463	498	491	482	481	487	452	
455	477	466	484	485	467	461	486	
491	464	490	492	481	498	467	477	
487	475	485	480	463	476	499	477	
453	461	484	459	474	460	472	471	
479	487	489	488	483	476	451	470	
495	460	453	455	459	477	466	479	
463	490	472	464	487	460	474	467	
459	461	490	487	463	472	465	479	
466	472	487	460	455	473	456	475	
451	455	477	452	456	491	493	497	
469	490	458	453	467	473	489	460	
489	484	475	468	481	451	487	485	
491	467	465	474	468	473	481	466	
481	497	453	475	472	491	454	456	
491	456	479	470	492	496	473	466	
483	453	488	461	492	498	482	474	
456	457	474	454	464	487	476	482	
490	467	454	452	472	469	463	471	
483	453	498	499	465	460	493	474	
472	450	498	480	463	470	459	495	
454	468	459	458	476	482	457	489	
460	454	457	469	468	487	463	498	
473	475	465	454	480	486	471	491	
491	459	453	460	487	495	477	452	
481	455	484	453	467	496	472	499	
450	477	473	459	454	465	486	478	
498	456	462	489	478	476	494	458	
476	458	497	460	473	484	490	481	
484	485	466	469	494	491	480	467	
471	470	476	484	495	490	465	455	
470	499	468	469	481	457	460	476	
497	484	454	472	481	496	493	495	
464	485	487	453	481	450	482	496	
455	497	472	461	488	492	467	453	
462	474	490	492	470	459	450	452	
453	462	454	461	481	490	485	468	
455	499	450	472	474	488	454	470	
487	450	480	465	453	457	489	479	
469	498	492	487	458	478	454	490	
498	480	455	477	499	466	478	497	
496	491	492	474	460	458	489	470	
485	490	472	488	468	462	476	463	
373	303	254	
364	25	372	
385	98	135	
166	328	197	
21	420	282	
312	462	30	
262	441	253	
307	213	29	
395	429	169	
169	166	237	
241	161	221	
487	18	162	
89	220	56	
417	432	383	
352	385	326	
431	6	156	
472	347	110	
416	4	417	
77	494	254	
61	356	345	
235	139	337	
59	310	183	
22	337	340	
200	85	125	
439	5	41	
20	9	291	
309	449	499	
322	17	403	
84	212	264	
344	270	17	
5	230	73	
97	246	98	
62	467	63	
99	335	464	
322	319	188	
338	447	492	
73	78	228	
353	359	234	
68	132	442	
205	493	381	
165	151	315	
290	179	495	
151	381	362	
154	315	101	
306	327	468	
28	396	201	
24	156	264	
210	367	278	
330	361	427	
101	196	69	
335	300	398	
82	307	362	
103	298	497	
201	386	256	
114	316	266	
151	259	417	
210	455	55	
148	466	420	
193	415	173	
175	22	47	
96	121	355	
192	0	303	
20	169	144	
274	482	200	
177	336	144	
34	271	252	
383	448	427	
267	458	224	
169	444	499	
15	73	487	
155	407	471	
24	442	359	
2	117	498	
288	238	333	
479	251	2	
383	221	222	
50	103	40	
330	457	458	
331	187	68	
282	131	191	
132	432	147	
161	135	319	
192	483	450	
189	135	25	
77	475	50	
112	49	252	
55	115	249	
166	156	144	
495	68	19	
302	450	461	
198	62	308	
264	279	80	
488	76	286	
124	194	109	
18	50	479	
437	466	122	
2	253	383	
208	404	118	
128	372	24	
45	85	434	
0	253	280	153	
57	7	136	22	
208	87	421	342	
160	486	84	332	
420	67	339	76	
121	70	214	262	
138	115	152	38	
142	78	169	458	
136	251	484	133	
127	67	466	399	
472	271	55	261	
306	0	130	156	
214	486	208	233	
304	25	364	125	
410	0	259	58	
340	453	88	417	
428	317	225	109	
121	192	334	461	
335	249	164	459	
220	163	347	428	
288	233	160	259	
394	494	177	243	
381	281	330	229	
16	295	469	189	
350	425	287	21	
343	87	216	282	
410	396	68	377	
220	60	465	158	
171	377	436	214	
173	425	15	306	
30	23	315	144	
91	108	95	40	
457	217	173	171	
168	263	485	135	
467	106	485	277	
213	456	242	303	
375	120	42	468	
207	448	465	19	
130	59	409	467	
293	340	344	221	
454	461	4	475	
357	260	79	143	
270	441	192	316	
251	401	190	29	
74	236	325	461	
315	88	32	143	
492	160	467	32	
154	140	171	359	
317	323	13	186	
485	458	373	235	
404	400	86	452	
84	301	479	299	
313	319	219	93	
407	238	74	182	
334	160	341	37	
276	205	388	164	
453	174	478	84	
319	422	420	44	
267	65	459	60	
11	322	262	360	
194	270	354	316	
302	132	3	35	
453	129	142	178	
219	171	125	41	
222	89	470	277	
382	225	436	460	
161	281	75	368	
162	125	434	365	
357	115	186	260	
433	478	291	201	
447	22	250	90	
149	321	430	315	
329	441	231	456	
101	180	8	39	
397	494	276	108	
284	234	353	433	
381	165	63	325	
437	410	317	83	
255	127	446	328	
214	22	30	175	
494	25	276	457	
226	283	426	366	
64	110	309	402	
158	169	332	315	
250	318	383	181	
73	10	179	198	
28	443	398	464	
222	351	370	458	
247	143	115	347	
358	109	190	494	
444	355	167	441	
410	350	46	86	
154	100	21	368	
311	133	480	388	
406	4	168	265	
46	467	193	47	
470	308	160	413	
114	255	204	461	
471	25	455	497	
27	397	91	351	
26	84	415	360	456	
182	106	95	453	379	
109	157	131	448	64	
304	122	316	156	467	
333	60	286	119	130	
138	97	56	409	172	
55	2	417	410	105	
16	300	169	196	311	
159	211	192	312	162	
481	76	130	283	20	
356	357	345	387	106	
391	253	165	210	350	
439	375	434	497	39	
453	151	253	414	447	
417	441	329	75	62	
122	191	314	290	273	
134	294	335	195	484	
80	340	398	158	198	
60	406	262	124	113	
216	497	327	430	485	
359	199	222	284	421	
410	79	311	159	481	
488	326	463	383	47	
249	232	350	445	93	
47	259	193	342	27	
178	4	213	3	307	
307	377	410	225	315	
22	74	149	19	127	
157	232	300	426	269	
104	11	410	259	228	
437	295	239	428	372	
158	250	12	59	402	
338	67	405	41	415	
109	301	427	444	32	
355	348	160	132	306	
91	20	65	240	72	
439	423	37	160	94	
232	106	290	323	499	
430	59	113	465	56	
144	417	147	336	41	
479	369	101	290	43	
415	494	444	429	136	
89	217	358	163	207	
385	336	419	108	87	
435	189	486	366	248	
398	171	269	331	1	
223	408	9	179	205	
409	281	453	373	316	
240	127	368	186	264	
30	167	408	101	406	
143	22	371	32	420	
466	243	211	385	256	
69	306	186	214	460	
169	408	149	140	168	
97	400	456	460	8	
232	19	305	427	468	
112	171	184	152	180	
398	146	206	291	190	
28	25	84	17	77	
368	436	485	373	479	
155	280	298	64	420	
212	262	270	176	95	
155	261	238	413	320	
426	162	209	188	199	
353	117	340	227	408	
239	234	325	337	449	
323	352	383	486	483	
65	489	479	10	401	
452	490	340	464	68	
321	469	429	482	208	
14	407	314	469	51	
82	422	46	432	97	
104	289	87	325	399	
286	332	298	334	173	
473	446	2	171	147	
399	499	365	109	270	
20	11	101	176	353	
223	226	348	3	72	
69	454	328	231	380	
41	73	14	103	280	
176	347	139	265	39	
147	342	446	167	12	
272	366	29	247	399	
336	386	244	307	313	
126	416	467	171	411	
400	13	224	315	17	
487	112	463	192	324	
309	196	151	375	227	
75	90	252	404	139	
368	103	463	360	349	
187	484	164	0	94	
428	335	231	372	309	
429	459	395	156	319	
311	232	360	156	119	
355	368	181	456	110	
222	237	376	120	303	
393	28	43	61	387	
124	381	358	23	113	
242	176	312	156	447	
233	143	40	238	466	
