31	24	15	28	9	20	
31	38	13	18	12	27	
42	8	6	49	32	46	
12	21	39	44	6	34	
23	48	6	5	31	7	
49	8	44	29	38	16	
37	39	32	48	18	36	
0	46	47	20	18	14	
9	47	48	35	7	21	
39	8	48	10	25	17	
2	39	17	42	35	36	
40	33	41	22	4	48	
36	15	25	24	34	44	
6	38	33	4	8	5	
32	27	13	36	12	49	
38	23	25	26	36	24	
3	42	43	19	7	25	
40	5	18	37	3	19	
22	47	27	7	42	3	
14	7	0	44	21	46	
8	24	15	41	2	17	
24	25	36	44	5	4	
22	43	33	32	20	47	
37	14	31	44	27	6	
9	11	45	14	17	38	
47	31	48	3	25	37	
8	32	38	6	17	29	
41	5	24	3	33	7	
44	40	31	32	22	23	
2	26	45	15	33	21	
19	5	48	4	25	30	
34	7	46	37	28	14	
38	25	39	21	8	42	
47	13	25	6	17	29	
48	33	16	23	21	25	
21	33	28	46	35	47	
27	24	36	25	6	38	
3	1	16	33	10	18	
10	39	17	31	4	18	
30	28	37	29	26	5	
32	8	36	38	15	4	
4	31	11	23	3	13	
37	33	10	7	17	2	
31	40	18	12	47	32	
28	29	7	4	35	24	
39	28	0	27	13	37	
11	17	40	18	12	35	
31	28	7	42	38	2	
16	47	24	1	44	3	
0	32	36	43	23	26	
96	56	92	57	65	69	
53	74	79	94	81	71	
68	73	64	50	94	97	
87	76	55	64	84	92	
60	82	94	95	59	74	
91	99	71	77	98	50	
55	87	68	59	83	63	
54	83	69	64	53	57	
53	84	59	92	82	96	
82	84	86	78	99	85	
60	81	96	56	73	84	
98	90	92	86	64	83	
80	99	56	63	67	53	
79	81	80	58	53	55	
91	94	99	93	98	78	
83	78	74	93	76	81	
85	58	76	80	65	72	
89	82	56	78	67	59	
74	92	60	84	97	52	
78	88	91	65	89	70	
81	50	68	60	63	88	
98	90	93	50	94	81	
85	55	95	59	68	67	
99	53	56	79	80	91	
91	98	57	74	79	73	
98	83	55	77	97	91	
68	93	81	67	74	69	
78	59	95	94	68	99	
57	56	79	72	82	55	
62	92	78	82	75	51	
87	85	59	74	77	58	
96	90	70	94	75	51	
88	51	63	81	55	79	
92	60	84	69	67	62	
56	90	57	94	92	61	
89	55	72	86	61	75	
78	88	79	51	93	97	
77	62	52	66	65	91	
56	92	71	97	81	77	
63	67	98	51	82	68	
66	70	57	68	53	92	
70	93	60	95	58	71	
91	86	92	51	57	52	
93	92	58	54	60	66	
96	59	98	82	66	90	
53	96	60	92	59	83	
66	67	69	73	63	84	
73	50	89	74	92	55	
70	50	89	69	66	54	
87	80	64	66	73	81	
125	104	142	133	128	108	
118	127	102	147	110	134	
112	111	119	149	116	145	
104	112	137	103	107	133	
137	126	111	115	128	117	
130	131	116	122	141	117	
110	129	103	130	137	140	
141	145	103	123	139	115	
135	136	123	126	116	132	
136	108	125	101	122	106	
142	132	122	115	105	103	
104	144	117	118	114	123	
119	137	123	141	101	129	
125	123	106	129	144	104	
121	127	122	142	143	101	
132	140	107	129	125	106	
122	135	127	139	128	112	
128	105	147	123	100	120	
123	145	126	128	108	112	
119	107	126	116	138	142	
116	114	138	143	127	147	
146	109	148	121	101	139	
133	117	134	141	104	125	
134	136	144	113	102	149	
125	148	140	111	133	117	
146	136	103	137	127	121	
109	102	144	145	124	137	
102	143	141	146	116	131	
124	107	134	139	120	126	
113	128	146	108	141	131	
144	110	121	135	128	132	
121	142	107	113	101	114	
112	139	116	145	123	137	
146	134	114	104	138	130	
109	117	125	123	127	113	
119	134	148	129	146	121	
114	130	118	119	100	107	
115	130	135	116	120	147	
147	101	111	140	121	145	
137	114	120	108	109	119	
119	141	126	145	106	104	
144	113	127	100	132	146	
136	104	129	125	146	109	
101	100	113	105	110	137	
148	131	135	122	107	114	
146	105	131	148	111	125	
115	141	107	105	125	109	
115	130	149	131	139	100	
128	103	140	138	105	142	
135	149	127	113	147	144	
186	157	179	177	159	169	
154	182	156	169	186	171	
150	177	188	152	160	167	
168	191	152	198	169	197	
184	151	185	187	167	195	
168	181	171	154	167	197	
196	195	187	168	151	181	
195	192	151	191	187	178	
179	188	176	152	186	157	
179	198	199	163	188	185	
182	163	165	169	184	158	
190	157	172	171	167	181	
195	185	155	152	175	158	
187	182	174	151	194	177	
173	167	193	171	159	157	
157	161	152	158	197	188	
170	186	197	189	182	161	
150	173	161	174	185	156	
199	150	178	167	186	180	
191	186	190	168	184	192	
198	165	153	173	166	190	
177	159	158	180	187	173	
157	160	156	190	195	181	
166	161	153	152	173	181	
179	172	176	183	189	193	
176	191	152	182	151	192	
194	172	167	184	175	192	
180	198	159	165	191	182	
196	173	156	176	151	186	
185	191	184	151	176	186	
162	189	179	160	168	172	
179	162	161	150	172	174	
177	150	198	190	163	154	
184	171	156	167	168	151	
180	168	166	173	164	179	
176	172	178	174	188	152	
188	181	180	164	171	169	
189	179	186	175	191	150	
198	173	169	159	193	176	
173	155	164	188	186	178	
185	178	180	184	181	152	
167	172	168	192	165	170	
153	183	190	171	164	157	
158	189	186	152	154	179	
190	166	177	181	154	186	
188	196	189	197	154	195	
169	157	181	167	152	190	
160	173	158	188	159	189	
170	177	178	169	174	158	
170	177	172	167	174	196	
221	238	240	211	236	232	
248	213	214	236	241	243	
247	209	211	243	201	208	
238	200	244	216	242	210	
206	217	230	223	210	221	
221	209	247	230	211	248	
219	247	202	220	248	246	
236	210	233	232	209	219	
219	206	221	208	235	245	
204	233	210	248	241	232	
246	248	245	243	220	217	
218	228	227	201	200	221	
234	202	221	236	206	239	
245	218	237	242	202	219	
207	246	222	249	241	230	
232	228	243	231	221	224	
213	207	238	201	229	209	
246	233	213	229	225	235	
247	210	214	248	201	232	
202	218	215	223	216	245	
212	237	211	249	232	236	
206	214	201	247	211	224	
231	213	236	233	210	229	
228	210	213	237	206	240	
222	200	225	224	220	214	
239	233	217	215	224	228	
240	235	220	219	227	223	
207	243	214	231	213	223	
246	204	200	227	223	229	
233	210	232	204	216	211	
222	227	210	204	216	218	
213	244	222	210	237	243	
223	213	227	225	203	216	
217	218	228	225	238	210	
212	210	248	202	247	204	
243	224	222	213	244	238	
224	218	214	235	220	213	
214	221	240	211	243	206	
229	233	212	238	248	203	
222	214	205	245	231	215	
244	232	213	202	229	238	
205	202	249	246	201	239	
219	204	225	221	213	224	
221	227	228	234	214	243	
228	239	233	210	204	217	
220	211	216	240	245	249	
203	232	246	223	235	228	
221	218	244	245	214	202	
200	206	231	242	229	236	
233	226	222	242	225	212	
275	279	291	251	284	266	
253	299	264	287	256	265	
258	299	297	256	271	267	
256	298	295	288	251	296	
268	296	298	287	262	252	
269	266	276	281	265	284	
254	257	299	287	258	272	
266	251	253	256	293	260	
289	265	274	251	278	279	
268	274	267	276	291	284	
298	265	263	297	282	262	
265	266	263	272	291	281	
299	269	290	250	293	291	
277	299	284	260	265	296	
267	270	293	285	294	256	
254	281	278	285	275	283	
262	296	251	265	295	287	
286	297	264	277	284	261	
250	254	281	289	252	253	
269	275	279	287	267	288	
271	274	269	260	264	262	
293	259	270	254	262	264	
292	285	260	299	270	272	
267	277	284	262	276	270	
293	253	261	276	289	299	
272	296	265	255	258	285	
276	288	291	287	254	277	
274	254	288	295	281	299	
287	290	264	267	276	296	
269	251	258	260	285	293	
260	272	273	257	282	269	
263	270	280	269	262	250	
266	254	267	294	290	269	
277	272	252	271	268	275	
261	287	252	264	272	281	
269	296	299	278	280	258	
270	251	282	288	294	278	
289	252	290	276	287	251	
253	288	272	250	296	268	
273	291	260	282	259	256	
255	254	257	265	278	284	
274	276	258	298	263	287	
254	287	292	271	263	278	
272	252	250	298	268	257	
270	251	286	284	263	258	
277	279	290	251	255	257	
288	274	265	269	271	256	
273	258	275	272	274	264	
263	264	253	293	299	273	
275	284	297	294	272	258	
334	333	301	325	306	346	
317	312	332	334	301	309	
344	317	349	316	313	346	
325	321	347	341	319	345	
316	338	301	329	346	313	
325	302	348	308	331	327	
315	337	346	311	323	343	
309	304	336	338	303	347	
342	345	308	325	339	323	
317	337	305	344	301	302	
307	338	306	316	349	300	
334	307	311	332	323	319	
344	307	331	337	327	306	
326	331	303	347	316	336	
340	345	304	348	302	300	
304	310	318	321	343	307	
315	343	335	313	302	312	
321	323	327	349	339	333	
319	306	348	325	344	334	
325	339	320	326	316	312	
344	315	345	318	349	322	
303	348	305	313	349	306	
323	339	305	349	315	307	
341	307	304	303	340	317	
303	346	306	322	334	341	
308	303	335	329	302	314	
314	335	305	307	349	309	
347	329	334	330	309	317	
313	311	349	308	339	302	
326	327	303	317	339	312	
325	305	330	323	308	314	
317	339	330	325	333	323	
339	346	344	318	312	308	
307	306	314	308	346	305	
303	312	316	327	349	326	
342	317	301	307	348	340	
327	315	340	344	314	308	
349	329	303	307	343	333	
335	329	323	318	310	336	
333	345	323	311	319	332	
331	345	306	313	344	328	
335	342	332	301	329	320	
335	326	308	302	316	338	
314	349	322	332	340	316	
316	332	321	303	304	348	
332	310	317	307	315	313	
344	306	332	330	313	349	
314	322	319	311	318	305	
331	340	322	311	336	332	
313	307	344	326	316	335	
374	388	362	392	360	352	
397	394	392	367	368	386	
384	359	370	375	378	395	
388	351	385	360	354	391	
376	398	381	383	355	369	
393	389	396	353	378	372	
391	373	368	366	390	359	
384	389	367	357	365	399	
357	353	397	387	381	351	
350	384	394	381	385	390	
350	351	364	366	363	359	
370	383	352	376	388	393	
399	398	351	395	389	382	
391	350	385	390	362	366	
385	361	375	379	384	378	
361	351	370	355	399	378	
368	382	364	360	383	374	
395	372	355	391	354	350	
392	377	378	390	355	380	
355	370	361	390	383	382	
359	396	374	392	354	391	
384	352	390	389	395	381	
375	384	385	372	379	376	
382	352	377	391	376	359	
395	398	389	363	361	391	
371	380	369	399	377	379	
358	355	367	379	365	373	
385	387	372	396	398	356	
389	354	368	387	366	378	
382	350	390	362	386	375	
376	362	351	379	370	397	
383	382	354	395	355	357	
379	372	351	361	377	373	
393	388	368	399	380	358	
383	362	356	378	395	391	
390	373	356	366	367	392	
382	364	358	368	393	350	
375	392	380	387	373	354	
367	381	395	383	373	386	
375	351	381	350	371	396	
358	397	363	360	371	352	
388	389	366	356	365	372	
351	396	375	380	359	364	
379	387	364	390	383	353	
379	360	391	369	398	393	
396	395	361	371	364	394	
351	367	366	370	379	350	
359	390	396	379	377	380	
390	354	371	364	392	384	
367	399	360	387	372	391	
433	421	402	439	410	448	
448	422	403	400	414	427	
403	428	443	440	408	400	
423	447	416	425	407	421	
418	409	414	439	449	447	
425	436	422	416	446	400	
431	409	436	401	418	435	
433	434	425	445	426	440	
416	406	413	441	436	408	
439	431	437	413	400	447	
425	430	435	446	418	407	
429	412	444	428	409	426	
428	412	407	439	408	410	
445	431	412	420	423	444	
408	433	419	431	407	443	
426	416	415	402	448	438	
423	419	411	403	404	441	
422	412	443	432	408	425	
411	406	404	437	409	448	
404	413	415	410	443	417	
410	419	449	444	429	401	
415	444	409	402	442	428	
418	406	411	429	407	409	
423	417	439	440	448	413	
413	445	441	438	424	444	
434	444	445	441	401	414	
441	427	416	444	405	407	
406	433	405	401	426	417	
445	437	446	440	415	410	
431	424	420	430	432	415	
445	425	441	411	422	418	
442	422	421	426	444	447	
411	412	442	408	448	416	
446	441	404	424	420	410	
438	447	425	421	431	443	
445	419	436	418	448	413	
400	424	419	438	445	446	
404	422	438	433	445	401	
406	409	430	442	434	424	
437	412	441	425	430	444	
418	446	438	428	434	421	
414	410	441	419	408	430	
402	400	436	405	440	441	
437	400	419	446	441	422	
443	449	441	439	446	429	
411	444	446	447	438	449	
446	434	428	435	425	436	
443	444	447	439	407	421	
409	416	441	448	425	402	
407	404	412	425	426	419	
463	482	498	489	491	450	
479	489	486	459	450	495	
499	497	483	498	489	495	
455	467	492	480	456	479	
457	479	472	486	469	484	
499	462	454	497	496	467	
471	463	453	491	497	469	
491	490	489	455	451	462	
478	477	495	473	464	457	
470	451	453	487	450	486	
487	481	450	486	497	455	
456	489	466	452	474	487	
451	465	470	480	496	484	
486	499	468	456	463	487	
474	493	470	499	453	450	
472	454	463	479	474	476	
465	496	494	450	463	487	
489	493	495	498	494	497	
488	483	451	468	498	466	
476	489	462	488	475	467	
465	493	457	487	478	462	
499	453	479	468	456	498	
450	488	475	460	467	490	
470	466	494	492	460	491	
473	450	479	465	478	487	
489	464	495	491	461	456	
487	474	497	461	482	488	
469	473	498	486	480	456	
475	477	496	491	466	482	
487	480	485	471	466	455	
484	499	493	473	480	463	
454	481	486	478	450	495	
486	471	477	485	456	457	
481	473	459	497	482	476	
479	477	466	452	468	492	
493	451	461	494	499	472	
499	463	490	479	494	468	
458	465	486	463	492	464	
489	473	486	452	479	467	
486	496	476	489	484	481	
474	486	488	495	456	482	
499	492	455	459	460	496	
481	468	487	455	463	459	
483	484	489	453	456	482	
463	454	450	456	485	475	
453	498	484	496	488	459	
495	464	493	487	499	460	
478	452	469	475	490	487	
477	450	458	480	460	467	
454	450	493	485	453	479	
29	34	28	14	36	2	8	
21	42	3	8	34	37	35	
40	11	48	8	14	15	5	
37	27	24	48	6	13	32	
43	20	2	16	25	19	6	
2	13	16	39	27	3	22	
4	46	44	49	23	8	11	
5	10	44	1	48	9	30	
14	20	24	2	34	0	22	
12	26	38	3	40	19	45	
48	43	1	23	15	31	30	
27	38	21	41	13	20	44	
7	25	19	45	32	15	16	
25	40	42	19	9	7	12	
42	24	11	28	35	26	8	
30	1	18	47	46	8	20	
12	47	1	26	4	6	22	
30	13	19	44	36	17	24	
25	47	15	35	45	22	27	
23	10	11	45	17	4	27	
22	7	5	29	43	10	2	
48	16	9	13	42	46	40	
20	36	12	7	49	19	21	
33	29	18	31	32	37	41	
47	24	23	20	27	13	25	
23	11	7	27	21	45	29	
31	26	35	20	29	9	24	
44	43	31	30	8	36	14	
5	29	12	36	26	14	19	
17	6	9	43	7	26	38	
17	18	30	29	37	44	11	
47	14	41	12	21	26	32	
10	40	30	29	9	15	3	
12	47	21	33	4	8	26	
18	1	21	35	25	37	2	
36	16	25	10	6	28	22	
0	9	18	35	29	30	37	
31	13	41	14	3	25	40	
12	9	42	21	1	2	10	
1	44	13	10	42	7	6	
34	16	45	41	43	32	36	
8	18	21	28	31	1	0	
40	18	7	3	48	22	34	
46	22	5	23	37	4	19	
18	26	19	45	14	5	4	
11	45	39	37	16	0	32	
5	37	24	19	29	12	1	
15	10	47	6	2	38	17	
32	31	38	1	14	20	33	
43	23	24	8	28	46	31	
54	90	50	86	73	69	58	
96	98	50	75	94	72	89	
83	59	60	97	73	94	90	
87	68	53	62	90	79	92	
51	71	66	56	93	57	84	
92	86	95	71	98	53	99	
98	79	52	78	74	51	86	
65	76	74	86	60	75	52	
92	67	55	98	96	71	99	
70	64	73	81	94	54	86	
62	59	86	93	66	55	74	
73	86	56	59	81	55	99	
98	79	51	77	61	67	60	
98	67	66	78	86	54	96	
68	54	99	97	90	86	79	
64	50	95	67	82	63	73	
84	93	70	71	85	51	55	
84	77	73	67	94	90	62	
91	85	86	87	59	53	66	
88	85	75	86	56	54	60	
83	56	81	80	73	99	79	
82	76	81	87	59	67	79	
71	62	75	55	86	53	76	
56	65	50	99	52	86	53	
70	60	68	69	80	91	65	
56	53	61	97	90	82	95	
90	50	92	61	89	51	64	
79	69	80	75	86	56	61	
99	82	88	94	71	66	63	
51	57	98	71	60	91	86	
75	95	58	57	68	82	85	
83	52	77	68	55	62	99	
87	66	63	82	57	81	60	
79	67	65	88	74	70	53	
62	81	59	60	50	54	86	
67	60	55	53	87	70	75	
68	89	94	81	92	93	50	
50	89	57	83	71	56	55	
70	85	93	90	94	91	56	
95	94	87	80	51	56	85	
94	87	99	91	57	67	54	
98	56	60	59	81	94	93	
63	72	82	86	59	75	65	
85	84	78	63	68	54	88	
68	63	67	71	80	98	89	
78	86	98	66	73	72	92	
67	71	68	87	72	57	80	
94	86	65	88	87	52	67	
60	71	93	75	76	63	58	
88	83	76	71	60	90	56	
128	139	124	107	143	136	110	
106	105	104	115	133	117	126	
113	114	132	123	110	108	122	
100	133	143	139	144	148	109	
120	112	147	113	137	106	143	
141	122	101	102	144	145	121	
110	114	105	137	101	149	126	
113	138	143	133	108	114	102	
147	118	134	140	119	138	104	
130	135	108	110	109	128	105	
117	129	101	141	122	137	104	
144	143	110	119	139	135	105	
141	107	137	146	122	131	123	
131	149	145	132	119	140	120	
139	134	100	120	135	103	121	
130	138	102	120	135	132	148	
134	145	116	126	117	105	100	
137	145	139	101	100	106	131	
124	140	107	115	122	100	113	
101	140	111	102	123	119	148	
103	111	120	140	114	142	122	
113	102	128	109	149	115	121	
116	117	120	119	100	144	142	
124	123	146	140	144	116	127	
140	125	123	114	149	136	121	
113	110	140	100	129	148	136	
133	121	143	124	134	129	125	
140	143	122	125	149	132	137	
111	108	107	138	106	103	147	
134	135	131	106	137	125	101	
144	112	117	128	108	121	133	
139	125	115	108	118	141	110	
119	130	126	131	133	148	138	
106	111	100	116	146	102	148	
126	116	141	101	119	129	100	
142	143	130	104	101	105	141	
124	134	132	111	103	120	110	
112	120	142	117	145	105	116	
138	102	142	125	129	147	134	
115	139	145	129	138	114	118	
133	107	139	146	147	125	116	
104	120	105	129	134	109	137	
122	105	148	131	102	118	134	
116	128	140	139	122	114	146	
107	132	103	129	146	104	115	
104	131	125	103	128	109	136	
102	148	142	118	128	134	138	
145	124	131	104	109	121	143	
108	145	126	110	135	140	130	
116	128	145	111	118	123	142	
154	168	175	163	161	169	153	
197	157	152	158	153	154	180	
164	158	196	168	195	180	182	
169	196	163	158	190	180	188	
170	151	186	178	177	153	189	
180	159	185	197	161	170	167	
153	182	168	185	173	192	194	
150	159	177	162	187	183	164	
172	156	181	178	165	157	151	
190	188	154	191	171	178	181	
174	154	168	170	153	194	158	
178	167	160	159	189	152	173	
183	190	172	174	177	157	151	
155	153	197	172	195	156	193	
154	164	152	153	179	194	176	
157	193	182	180	198	163	190	
186	171	155	182	164	156	193	
196	160	186	171	185	159	184	
187	179	173	169	199	166	167	
150	166	174	194	161	177	169	
194	188	168	156	159	158	181	
167	155	189	180	169	154	188	
192	197	169	163	199	175	198	
190	189	182	152	150	185	194	
164	184	167	176	151	150	187	
189	181	166	167	169	186	185	
192	152	197	158	157	153	191	
167	179	154	174	185	156	178	
167	150	178	197	188	151	162	
159	150	178	160	174	196	158	
194	197	193	158	174	166	187	
175	174	194	196	154	164	177	
195	177	190	169	159	165	150	
152	163	169	150	182	198	167	
169	161	190	164	152	167	163	
182	169	185	160	178	177	152	
166	187	181	197	162	191	196	
183	160	175	182	151	155	181	
197	193	185	168	159	154	161	
175	189	164	196	190	186	152	
183	190	151	187	154	150	188	
176	180	177	159	193	151	166	
151	187	156	163	192	157	153	
193	196	162	189	167	165	157	
156	173	163	177	152	196	155	
193	157	150	184	165	188	195	
165	182	156	198	187	189	186	
197	179	180	199	159	161	185	
179	159	155	195	199	188	184	
158	161	164	163	175	183	160	
227	218	216	219	215	205	220	
216	208	235	222	229	214	236	
230	238	210	246	208	213	226	
221	234	213	245	233	222	218	
223	236	202	232	218	247	227	
223	227	245	208	218	200	228	
227	223	217	244	202	219	230	
247	245	208	235	236	242	224	
241	226	227	244	247	211	225	
248	222	236	209	228	244	230	
216	249	247	238	246	243	244	
239	213	249	224	244	228	236	
215	218	243	249	207	217	234	
246	215	218	203	242	202	227	
223	229	246	231	202	243	226	
241	244	206	211	249	204	222	
228	238	219	223	215	230	242	
204	238	240	202	222	217	249	
200	222	211	212	231	236	245	
213	208	247	248	204	246	202	
218	247	242	205	239	207	235	
224	235	242	214	221	232	249	
200	219	228	247	231	207	249	
239	223	200	213	241	202	218	
211	202	237	206	212	210	232	
239	245	238	209	225	204	233	
216	226	232	219	240	242	223	
242	245	234	223	222	211	243	
201	242	234	218	204	246	232	
230	201	231	216	246	208	207	
207	220	234	215	240	214	249	
214	224	233	206	237	238	248	
205	219	215	225	208	228	222	
209	241	229	220	208	207	205	
231	211	216	204	209	235	215	
249	210	208	207	246	200	243	
228	216	243	205	213	217	239	
206	221	235	205	207	209	216	
204	219	239	240	220	226	214	
209	223	235	211	210	200	225	
243	241	201	219	213	239	222	
220	213	204	203	209	241	210	
228	246	236	201	223	248	215	
239	227	240	233	202	221	214	
211	232	243	223	226	249	241	
207	246	222	200	225	219	226	
226	240	241	223	209	216	227	
229	216	228	214	225	200	227	
210	203	216	205	233	242	239	
239	206	241	223	232	243	245	
275	257	266	286	273	299	276	
288	295	296	254	263	260	252	
265	269	281	283	255	272	279	
268	296	262	264	257	255	267	
279	256	259	285	273	297	282	
292	259	277	267	281	263	285	
278	264	257	252	260	272	265	
281	289	272	278	285	270	258	
263	279	256	286	264	276	292	
263	271	275	257	253	298	280	
258	282	289	255	266	265	287	
278	288	277	252	285	268	264	
263	286	280	262	289	274	297	
259	260	252	278	286	263	257	
279	278	263	251	298	294	277	
294	273	287	289	276	275	250	
278	287	282	257	290	256	255	
264	278	253	274	286	271	250	
278	276	279	281	299	282	288	
262	287	264	270	277	258	296	
251	271	262	266	281	250	260	
287	283	294	272	296	293	279	
296	272	292	257	258	259	278	
284	252	262	257	261	270	292	
261	273	250	263	294	297	268	
273	296	276	272	282	266	284	
286	264	263	292	285	271	294	
268	298	261	279	266	255	281	
273	288	260	259	289	255	295	
287	286	254	275	261	260	295	
262	270	268	254	261	273	263	
250	288	252	263	274	290	285	
282	281	268	296	298	276	254	
295	284	265	296	291	286	251	
276	288	260	269	253	264	261	
289	269	252	263	297	272	279	
284	295	273	261	274	287	253	
272	299	254	276	287	275	296	
252	262	263	266	256	277	283	
275	281	296	286	266	257	262	
293	252	262	291	298	292	272	
291	252	286	283	259	263	288	
295	251	264	292	297	267	293	
254	278	250	282	280	258	269	
297	288	260	272	283	264	255	
277	264	265	260	271	250	291	
260	269	281	259	271	264	255	
268	250	264	252	279	286	266	
298	251	264	287	286	255	283	
265	259	251	268	269	260	292	
347	348	336	344	334	331	338	
338	327	326	333	324	320	349	
326	343	332	311	304	319	348	
326	310	306	329	303	336	300	
327	315	320	343	321	339	326	
325	337	331	312	302	323	340	
311	304	340	305	315	302	348	
346	339	335	333	311	324	315	
335	322	315	312	339	338	311	
347	337	324	335	340	318	316	
340	320	314	326	332	336	341	
320	339	329	341	301	313	322	
330	320	306	325	347	304	301	
344	342	327	314	318	343	313	
319	303	306	343	337	332	302	
337	307	321	312	311	314	318	
320	346	343	313	334	340	322	
326	327	308	303	316	324	348	
348	341	318	310	344	335	300	
312	307	329	318	335	327	347	
304	331	336	348	347	307	317	
309	322	311	342	334	300	310	
313	342	326	349	318	307	331	
325	322	313	338	321	327	308	
342	313	338	348	314	315	303	
344	306	310	323	328	338	302	
334	317	307	348	320	309	347	
347	344	341	328	313	349	310	
348	329	314	342	318	320	325	
327	306	304	346	320	343	336	
343	303	325	324	340	300	319	
325	331	315	307	316	340	335	
332	300	339	305	319	345	344	
333	336	326	315	313	342	337	
335	302	327	338	320	303	326	
321	328	331	305	349	308	341	
318	312	330	341	315	302	344	
305	326	316	304	311	339	341	
315	314	316	313	306	302	348	
327	338	307	329	303	317	324	
347	336	333	346	300	324	308	
324	300	302	325	314	338	323	
344	345	330	334	307	300	322	
348	346	326	324	325	336	335	
343	323	333	315	324	313	345	
333	346	324	335	336	328	322	
329	310	312	304	327	313	348	
329	338	310	349	302	339	340	
328	327	300	342	316	344	314	
339	309	335	300	331	308	337	
398	396	359	386	369	361	358	
397	380	391	396	389	373	356	
372	354	386	384	381	363	370	
381	360	364	357	390	378	355	
367	369	366	371	387	392	396	
351	369	393	357	388	380	356	
367	361	355	393	382	373	389	
370	377	387	367	357	395	360	
384	395	373	358	363	352	377	
397	377	398	399	371	364	365	
352	351	361	382	393	396	357	
395	394	369	359	356	362	353	
381	376	364	380	374	352	395	
383	386	360	389	377	353	359	
358	372	351	361	373	388	384	
396	358	363	382	392	391	370	
352	383	389	355	384	396	388	
376	384	375	370	367	386	369	
369	383	355	390	360	392	386	
374	357	350	387	385	366	376	
366	380	372	371	359	370	387	
355	388	373	378	369	362	371	
373	374	359	382	350	358	396	
351	352	367	356	365	382	388	
356	359	378	357	353	376	373	
387	395	359	362	382	384	353	
373	350	359	379	396	375	377	
391	375	377	364	352	384	363	
385	399	394	395	360	389	379	
361	373	360	394	358	378	374	
357	354	378	381	353	390	397	
350	379	394	364	370	366	383	
370	378	377	380	359	399	394	
378	382	393	381	353	390	374	
375	372	360	352	371	356	396	
351	398	388	393	386	358	362	
397	352	394	370	379	396	388	
384	386	392	364	357	394	355	
359	382	385	364	367	365	391	
360	394	386	368	387	351	374	
380	362	386	389	374	376	365	
359	357	397	358	382	371	366	
370	371	367	350	378	385	386	
372	396	362	393	375	367	397	
386	390	379	369	359	387	368	
375	392	386	350	399	378	360	
371	356	374	351	388	390	358	
371	364	389	394	354	361	370	
394	370	398	399	356	391	371	
366	392	376	399	371	386	363	
420	445	444	405	438	432	414	
437	441	431	448	416	423	424	
411	427	432	418	424	407	430	
408	414	440	425	431	429	436	
445	439	444	414	410	446	436	
439	434	424	421	446	433	423	
416	414	426	419	427	442	446	
412	426	428	413	449	434	416	
432	409	437	420	404	419	411	
427	438	433	408	449	417	409	
431	433	436	416	438	414	421	
420	400	432	423	429	421	425	
434	411	413	441	430	410	404	
400	446	430	418	409	442	408	
415	430	443	427	404	420	424	
432	406	414	444	445	401	411	
435	448	408	444	407	441	414	
405	416	409	430	424	401	413	
442	430	445	412	409	439	413	
440	432	433	409	438	445	427	
422	405	426	416	400	425	420	
402	413	447	432	421	418	435	
420	400	416	444	438	447	418	
406	432	445	418	448	426	421	
449	422	437	402	415	424	407	
426	433	438	422	427	405	404	
448	438	434	416	441	419	407	
407	400	437	447	418	409	426	
439	432	413	419	423	415	407	
424	402	407	439	444	417	425	
418	421	437	425	439	405	427	
440	422	446	429	410	405	438	
428	435	433	415	446	439	400	
427	446	408	439	412	440	419	
419	402	426	415	421	413	432	
406	424	429	431	405	427	422	
424	442	402	403	440	405	407	
414	449	409	445	439	421	422	
413	401	411	414	441	443	448	
410	443	434	427	413	440	407	
434	400	420	415	403	411	412	
412	415	442	425	431	423	410	
422	437	414	432	447	429	420	
403	411	427	426	415	416	443	
404	447	449	416	413	417	415	
447	446	413	421	408	431	417	
442	436	435	432	419	412	403	
432	448	438	407	427	431	449	
423	444	431	418	442	430	432	
411	409	434	412	403	406	443	
475	459	463	485	488	457	454	
463	491	483	469	461	479	451	
489	469	473	465	487	479	488	
453	478	489	455	483	496	487	
482	466	478	488	483	457	473	
495	481	475	459	472	499	487	
457	467	489	453	473	462	485	
476	451	482	467	485	473	455	
474	492	482	466	458	450	455	
469	481	450	458	499	483	473	
473	469	482	483	484	498	494	
450	488	495	461	469	472	454	
494	452	468	471	469	482	499	
471	490	453	451	486	452	494	
474	479	450	488	471	494	455	
475	450	497	468	461	486	496	
497	499	453	478	463	457	461	
494	468	465	461	480	492	471	
476	499	453	483	480	481	484	
479	459	475	471	478	476	472	
462	473	495	467	481	493	469	
469	486	462	450	464	473	485	
464	485	489	474	480	473	499	
457	475	467	468	464	466	484	
458	474	455	488	479	482	468	
467	492	470	471	487	488	495	
469	494	463	466	485	468	467	
453	476	475	464	456	472	454	
496	464	462	454	459	484	485	
476	489	482	455	471	497	473	
451	497	460	463	459	465	483	
493	486	482	466	485	491	469	
485	458	496	488	467	468	498	
450	499	481	452	473	496	458	
493	467	451	484	471	463	499	
459	466	468	456	486	461	485	
468	460	480	450	463	465	472	
489	487	480	479	474	461	499	
497	492	489	473	494	456	454	
488	474	459	450	464	496	480	
472	452	455	477	485	488	469	
459	469	468	458	483	490	482	
460	451	474	465	492	484	479	
493	464	458	486	480	474	472	
450	456	475	486	493	462	451	
464	497	489	461	483	473	479	
458	451	469	480	489	454	471	
496	492	467	455	450	480	495	
481	485	456	459	462	495	494	
457	493	474	485	478	486	483	
21	42	0	28	46	20	32	36	
7	28	11	6	9	1	41	12	
24	15	35	27	43	12	19	34	
40	21	48	9	30	47	0	35	
17	39	34	8	3	12	23	48	
41	0	5	48	23	31	9	43	
25	35	20	12	8	29	47	27	
21	33	39	4	29	13	16	7	
10	39	18	16	13	40	42	15	
34	13	18	27	40	31	9	1	
1	45	33	21	12	13	30	10	
20	9	16	0	47	31	40	34	
46	10	26	44	41	38	4	0	
33	25	27	26	7	11	37	49	
0	5	29	25	1	49	46	15	
18	21	13	7	0	44	46	30	
6	26	18	27	22	48	37	29	
11	12	47	29	39	1	13	15	
10	6	41	37	44	20	0	31	
3	39	20	44	12	21	30	4	
6	4	32	8	44	5	45	41	
34	31	1	45	19	17	40	8	
32	45	43	47	0	31	34	46	
48	21	38	44	28	11	9	12	
33	39	7	4	32	10	5	44	
47	6	14	21	38	42	8	36	
33	25	16	30	43	23	7	11	
9	24	32	37	1	44	47	6	
14	1	49	12	3	43	20	11	
6	41	21	40	16	44	0	9	
7	0	14	11	15	40	27	17	
18	22	2	24	43	16	3	19	
37	28	26	31	20	30	41	4	
36	49	20	48	27	37	44	7	
25	33	26	21	29	31	41	44	
27	49	37	22	32	8	2	5	
7	44	26	37	39	35	5	38	
45	49	1	28	21	22	44	46	
0	7	5	15	23	10	49	26	
15	14	7	21	24	9	42	40	
0	18	43	15	23	28	37	45	
46	6	40	20	22	5	41	4	
4	36	29	6	37	16	33	21	
27	15	4	38	21	34	29	28	
35	29	10	19	47	4	44	24	
49	43	35	10	26	5	29	1	
10	36	14	48	41	6	34	28	
8	20	37	14	4	33	36	16	
30	14	44	12	9	18	48	23	
1	36	4	14	26	28	15	13	
60	78	58	97	63	50	96	65	
79	87	77	61	88	97	71	90	
99	96	85	82	80	53	79	67	
93	99	72	88	94	76	61	53	
67	99	77	54	51	73	69	70	
55	52	74	98	91	82	97	60	
67	91	99	84	63	56	54	90	
97	98	67	76	78	60	68	94	
76	77	79	52	88	61	74	75	
91	74	61	83	82	59	94	52	
86	77	89	59	69	97	82	57	
59	80	97	88	63	81	94	90	
64	68	85	77	78	84	99	55	
62	66	50	85	67	71	54	87	
59	91	53	66	62	56	79	58	
67	59	63	95	87	88	82	62	
77	74	80	66	61	81	56	83	
68	86	81	90	69	84	66	57	
78	81	95	57	65	84	61	80	
55	74	96	87	83	50	79	69	
61	60	56	55	94	75	67	50	
86	62	64	77	94	61	68	52	
64	70	85	50	54	67	97	78	
55	83	71	87	68	52	76	60	
57	94	68	58	90	96	97	63	
50	63	91	60	92	71	51	96	
59	94	93	64	97	72	86	74	
87	97	56	76	89	63	98	57	
83	87	54	84	52	51	90	94	
83	81	55	57	74	54	90	72	
53	86	90	52	61	75	67	68	
73	67	84	87	98	61	50	63	
80	94	50	73	84	72	66	65	
94	51	54	84	53	96	87	62	
66	70	55	54	83	61	75	58	
67	57	65	92	68	82	86	85	
60	99	87	86	89	91	72	63	
76	58	98	62	60	78	99	72	
59	66	77	50	55	73	68	57	
69	60	83	84	93	87	53	81	
78	68	93	58	62	59	84	98	
73	55	74	59	69	68	95	98	
70	86	74	82	68	59	79	98	
69	55	88	87	95	81	94	51	
89	58	96	90	74	83	52	62	
87	71	59	68	67	57	91	73	
62	95	91	70	80	71	88	78	
60	93	81	80	64	99	55	74	
67	98	94	87	58	78	53	85	
70	66	69	62	91	82	71	86	
128	100	133	115	122	109	145	114	
124	136	135	116	115	121	146	112	
116	108	114	113	121	106	137	109	
121	144	149	134	112	133	114	122	
141	115	122	109	136	143	148	138	
100	107	117	145	112	103	142	106	
142	122	148	131	120	102	128	123	
125	123	140	146	105	129	116	111	
144	127	105	132	101	146	110	139	
133	138	108	114	101	146	139	104	
113	137	135	128	119	142	141	140	
110	143	119	145	137	105	116	122	
127	120	129	108	136	131	142	143	
115	119	141	136	140	117	106	108	
145	149	128	133	134	118	127	135	
134	127	145	114	143	115	135	103	
147	117	109	121	136	142	118	111	
116	115	144	125	142	134	112	139	
123	106	148	113	105	135	108	126	
100	110	137	124	118	120	147	132	
134	105	142	103	136	116	122	144	
148	108	112	116	125	123	103	128	
126	109	106	114	121	123	139	129	
123	113	133	112	124	134	109	105	
138	120	118	106	130	117	111	146	
134	109	102	112	120	128	136	143	
112	147	117	130	110	124	104	141	
120	140	126	149	123	143	141	135	
129	116	119	149	139	146	125	109	
102	107	106	111	128	132	129	100	
145	105	124	132	101	133	130	135	
140	112	129	138	137	125	102	126	
100	117	119	146	125	148	142	109	
132	148	111	118	119	120	137	107	
119	141	149	120	108	136	113	138	
101	118	108	109	139	132	122	148	
149	123	147	131	148	143	100	104	
141	109	118	134	149	106	144	111	
101	103	136	118	123	120	125	106	
143	137	135	112	122	139	101	127	
104	117	135	130	131	127	139	145	
114	118	146	127	140	137	129	121	
113	131	137	135	148	119	136	122	
100	148	102	116	147	137	123	105	
142	149	110	143	125	109	148	145	
123	122	124	120	143	104	133	109	
110	109	141	107	129	147	124	118	
144	135	101	119	109	106	118	113	
140	129	112	121	102	134	103	142	
132	120	143	119	112	146	144	148	
159	170	181	179	172	152	175	182	
166	152	193	181	191	175	179	160	
179	186	162	163	159	157	154	196	
180	188	198	185	173	179	159	174	
190	153	178	180	196	189	162	185	
160	151	176	196	153	165	150	191	
185	179	184	182	153	180	167	171	
165	150	152	164	160	151	185	177	
171	173	183	164	155	184	154	181	
187	178	160	194	151	195	180	190	
165	177	198	193	188	194	184	162	
187	193	194	171	154	158	160	175	
165	196	190	152	174	166	199	185	
192	187	184	185	176	186	172	180	
178	158	162	171	198	169	163	168	
175	190	194	185	155	152	179	178	
194	163	192	199	196	171	154	160	
169	162	187	197	153	160	198	157	
160	176	173	150	154	157	171	177	
158	177	197	199	174	162	169	193	
181	175	158	185	168	186	191	195	
162	190	172	188	176	166	194	197	
182	176	157	164	183	191	151	185	
182	180	184	157	158	161	160	168	
166	157	189	197	181	153	185	165	
157	163	167	174	159	168	169	198	
194	189	181	173	155	196	178	192	
160	192	180	169	175	157	165	153	
154	158	189	187	181	176	172	182	
160	162	178	157	165	173	158	153	
159	181	187	188	192	173	170	151	
157	176	175	187	168	181	169	191	
171	182	158	194	168	165	178	175	
172	183	165	164	166	176	159	171	
174	187	180	176	192	160	196	182	
188	156	155	150	159	162	171	192	
187	189	177	167	183	166	175	195	
165	160	186	193	167	198	190	164	
168	167	177	176	192	186	154	164	
175	174	170	164	184	190	166	186	
182	162	165	179	170	196	190	164	
164	162	190	188	158	195	171	168	
181	167	169	191	157	175	160	156	
195	183	176	179	153	180	185	172	
186	150	168	159	169	199	166	172	
162	177	152	185	196	176	189	182	
174	191	164	153	155	195	177	166	
199	157	172	176	189	170	167	184	
155	158	172	152	195	188	162	191	
186	150	174	196	184	188	156	175	
228	215	233	206	232	209	225	246	
216	222	247	228	230	214	201	231	
209	201	242	214	240	230	212	229	
218	243	220	208	206	209	244	239	
223	230	232	242	249	245	219	217	
234	236	246	203	248	223	215	211	
240	207	232	239	219	224	203	241	
225	218	243	207	234	236	219	216	
248	202	219	239	221	207	240	200	
208	240	234	203	224	236	244	207	
219	212	204	215	225	211	201	243	
235	238	211	205	214	216	236	241	
219	217	226	244	207	223	212	201	
232	244	221	226	228	227	242	240	
233	228	232	244	226	247	243	220	
243	234	246	237	217	206	239	216	
245	208	229	248	226	213	220	205	
221	209	211	216	236	228	239	205	
247	212	226	239	244	209	215	211	
207	244	245	224	221	232	204	249	
242	243	231	204	236	211	207	234	
220	233	249	213	247	224	234	228	
239	225	227	224	211	238	205	245	
241	223	248	249	217	220	200	243	
207	206	244	203	240	233	229	205	
248	209	201	245	243	233	222	221	
224	228	245	213	236	227	246	211	
218	217	236	242	212	238	213	209	
247	224	229	238	220	209	243	222	
210	213	204	238	231	221	239	218	
208	245	207	218	217	248	236	225	
229	203	213	247	219	246	205	218	
201	239	248	236	205	232	204	219	
235	205	215	234	202	204	229	203	
248	209	237	214	202	216	212	238	
228	217	213	249	227	235	239	243	
208	223	211	248	219	235	206	240	
211	219	223	238	233	208	203	207	
234	209	237	227	220	203	230	213	
215	231	248	236	249	208	243	230	
245	213	217	241	204	205	233	237	
248	241	227	201	222	221	229	216	
239	227	209	246	202	233	235	234	
226	247	248	230	209	237	220	238	
242	206	245	238	213	249	228	205	
241	223	239	228	206	236	244	224	
220	200	216	233	202	229	204	207	
223	239	249	231	248	217	212	230	
203	243	248	231	212	244	202	246	
248	222	202	232	241	234	243	210	
260	264	279	258	254	291	282	257	
277	275	284	291	255	267	280	253	
278	260	270	255	277	251	298	274	
274	258	251	294	262	269	265	250	
263	294	282	259	290	253	299	279	
259	270	258	266	276	271	289	299	
286	253	270	267	291	281	254	262	
278	262	254	289	263	257	265	291	
295	273	286	270	281	265	271	255	
279	266	270	261	260	288	297	256	
264	293	260	286	281	295	290	251	
275	298	267	272	280	273	263	271	
295	260	276	264	262	286	253	299	
254	266	296	267	282	262	271	289	
267	299	281	256	265	255	282	294	
264	266	259	288	274	281	255	287	
266	265	259	282	264	251	277	279	
295	263	298	293	255	270	290	266	
293	261	275	296	259	289	285	268	
250	278	271	266	259	264	284	263	
281	278	283	274	269	298	255	270	
277	289	258	293	286	297	257	275	
299	279	297	280	251	261	288	256	
284	296	297	254	279	294	274	265	
264	259	288	253	274	279	299	294	
266	252	269	258	272	298	289	254	
299	293	271	274	275	295	266	265	
251	266	274	277	286	255	250	269	
289	284	264	297	260	298	275	268	
266	254	261	298	290	255	265	285	
277	251	281	296	253	287	261	272	
291	297	250	262	280	267	287	264	
293	282	262	266	296	269	295	299	
251	253	290	282	257	252	297	259	
283	257	267	282	261	280	297	288	
258	272	296	262	293	292	273	289	
281	294	272	251	254	271	265	298	
279	268	250	287	299	266	293	297	
262	259	252	282	265	280	260	253	
294	278	260	264	267	287	271	295	
281	283	261	289	252	259	260	286	
291	268	271	260	253	276	258	287	
253	275	292	250	265	295	288	276	
276	299	297	275	252	272	263	268	
285	276	265	299	263	251	252	271	
287	252	267	266	257	278	264	297	
280	285	277	291	293	251	275	262	
262	261	267	284	291	289	256	299	
265	252	277	286	255	291	270	288	
293	273	292	286	251	259	278	279	
309	329	347	345	321	301	308	340	
309	323	315	332	302	329	340	341	
325	336	328	332	308	322	316	312	
305	342	319	302	341	337	323	325	
344	315	304	319	311	313	336	306	
331	320	343	332	314	315	329	312	
332	333	339	315	340	328	345	320	
341	347	336	309	313	310	325	307	
342	345	314	348	319	329	328	304	
303	317	323	305	315	322	312	313	
342	335	341	339	326	302	312	324	
334	337	329	321	314	318	336	332	
329	339	312	309	330	306	332	300	
331	313	329	300	342	318	316	337	
319	302	309	318	312	340	346	347	
337	316	326	335	317	328	311	318	
307	340	326	319	331	312	347	339	
335	349	345	300	321	343	304	337	
315	320	340	327	311	325	314	328	
316	339	301	326	312	346	334	323	
341	344	303	325	313	337	327	301	
329	316	304	343	349	313	301	303	
348	311	325	315	307	314	320	335	
345	317	303	344	330	326	325	327	
339	316	315	335	303	327	331	329	
322	335	338	301	327	320	340	304	
345	326	322	324	309	332	328	313	
327	326	313	337	342	300	348	312	
327	315	320	316	347	312	306	323	
334	322	348	330	345	305	307	349	
315	335	339	343	336	304	341	322	
346	310	344	324	314	332	330	325	
302	349	309	343	340	300	338	313	
340	314	304	309	324	344	322	310	
334	307	342	311	340	326	332	339	
306	335	323	345	332	321	317	333	
344	314	330	346	341	329	326	321	
339	336	311	323	307	332	342	328	
315	326	302	345	313	304	324	333	
327	317	335	311	349	342	332	328	
342	309	328	338	320	311	336	300	
304	348	313	315	316	323	314	338	
327	315	338	335	321	330	304	320	
316	348	311	340	303	313	310	319	
325	329	324	342	335	340	316	310	
306	311	310	339	321	302	342	326	
319	345	341	306	336	310	301	311	
333	338	331	339	326	335	343	309	
332	331	334	315	309	345	344	316	
318	337	322	315	301	300	336	309	
361	385	388	386	372	356	396	353	
355	394	373	381	375	387	372	397	
355	367	399	360	378	374	365	395	
376	374	394	390	383	351	382	358	
392	357	354	394	379	373	383	378	
369	395	377	396	360	376	352	382	
387	399	361	388	380	393	354	359	
392	393	382	370	371	379	360	387	
399	360	370	365	388	383	351	390	
364	377	368	382	362	387	385	357	
362	363	393	386	374	366	370	390	
387	394	362	393	364	378	385	388	
394	397	391	354	368	372	392	360	
378	394	366	359	372	386	362	380	
396	363	386	387	395	375	366	390	
373	380	361	385	394	359	379	351	
393	382	391	395	358	384	379	360	
366	371	368	384	377	351	350	364	
360	362	381	367	357	369	376	399	
358	370	399	371	363	375	372	387	
384	393	368	356	371	390	360	396	
351	389	390	365	360	366	398	350	
393	358	354	366	364	356	382	376	
361	365	376	389	382	381	363	374	
381	379	390	388	394	399	369	359	
387	373	389	375	376	371	378	370	
365	362	391	382	383	395	372	371	
383	382	351	354	368	391	384	386	
397	390	359	365	379	364	373	399	
364	372	369	397	357	389	395	371	
350	377	366	374	385	364	382	379	
373	387	378	396	390	367	360	354	
372	357	368	350	371	363	353	360	
394	369	387	366	370	385	398	399	
386	367	355	375	363	362	389	369	
354	378	363	358	396	372	361	384	
382	374	352	399	379	392	380	366	
387	385	364	381	363	391	377	394	
395	377	360	364	390	359	356	378	
396	352	361	394	353	365	375	357	
383	387	364	381	367	399	350	380	
395	369	390	370	365	379	393	354	
361	397	363	379	370	360	387	376	
392	379	380	376	381	368	382	364	
367	365	377	366	361	358	359	350	
381	390	372	360	364	386	350	391	
386	388	397	383	361	364	356	381	
369	385	371	368	383	359	393	382	
353	368	395	363	355	381	358	367	
384	361	363	390	371	381	362	366	
448	435	401	444	415	420	436	427	
409	446	419	435	401	432	422	410	
444	443	442	438	421	437	425	428	
448	436	415	447	419	406	443	439	
421	409	418	429	445	400	403	420	
447	428	408	429	405	400	401	442	
424	431	429	433	413	446	441	401	
445	414	422	429	443	431	411	410	
437	435	401	415	429	445	412	414	
424	410	411	416	423	415	413	403	
439	414	404	444	429	407	433	431	
444	427	446	411	423	449	413	437	
411	426	408	435	412	415	404	448	
411	410	424	443	407	435	429	400	
423	421	414	415	412	400	427	428	
408	440	427	401	405	438	409	447	
431	433	413	445	428	400	425	423	
414	415	424	400	449	402	411	413	
444	416	445	448	433	405	449	431	
430	445	402	405	446	403	416	434	
400	437	449	436	405	443	438	415	
446	436	441	400	442	411	413	407	
427	415	446	418	420	438	412	440	
416	433	420	414	426	400	443	415	
412	422	408	403	409	449	445	425	
426	414	400	432	401	411	433	410	
408	402	432	417	428	407	415	438	
401	442	428	409	426	427	436	403	
419	411	409	423	426	435	430	429	
416	426	445	431	407	408	433	405	
447	416	410	448	434	443	441	407	
436	435	438	410	409	404	428	402	
429	413	426	416	410	432	444	423	
406	409	444	441	423	402	422	426	
416	429	401	408	445	422	405	403	
433	427	439	432	422	413	421	428	
444	417	439	405	442	401	447	402	
436	424	406	449	407	446	421	440	
436	406	424	429	441	443	414	401	
407	436	415	425	418	411	404	448	
409	402	448	429	433	435	422	423	
412	429	438	436	433	411	413	445	
416	402	431	404	401	417	439	442	
437	445	414	420	410	405	436	444	
433	410	419	413	426	412	449	424	
407	401	440	432	420	424	442	421	
420	406	439	404	438	415	422	443	
429	449	433	402	420	405	444	401	
411	414	422	441	439	404	435	432	
442	403	404	432	415	430	412	425	
474	465	483	487	485	467	463	455	
482	451	457	490	474	471	495	469	
466	455	499	474	492	457	494	460	
461	490	473	489	450	470	454	456	
450	468	497	486	482	485	465	478	
488	470	476	465	466	468	477	473	
492	458	462	471	490	489	467	451	
478	475	495	461	451	457	454	450	
495	450	464	453	469	472	456	474	
476	470	493	487	488	481	472	475	
488	496	469	454	477	461	489	462	
499	455	489	456	476	452	474	461	
460	480	459	491	495	485	492	468	
481	451	462	476	479	487	467	471	
492	464	479	469	484	495	482	485	
454	474	451	488	461	465	456	466	
496	491	492	476	484	471	489	493	
494	470	464	499	468	473	475	452	
457	474	473	451	497	489	481	477	
486	478	473	457	480	477	462	466	
477	460	452	454	471	494	451	478	
456	488	484	465	476	474	491	496	
472	482	455	453	473	485	479	488	
452	494	485	491	472	476	456	470	
476	472	486	492	480	453	491	454	
455	468	493	481	478	476	490	487	
455	456	472	461	493	466	465	460	
469	499	450	498	454	460	483	493	
498	497	483	475	454	461	477	450	
460	473	493	461	499	480	454	479	
494	479	467	459	460	458	487	469	
457	450	458	490	497	478	468	469	
494	489	478	497	452	480	461	462	
452	494	460	450	478	457	474	470	
483	480	491	496	479	485	455	482	
494	468	476	453	470	463	473	452	
488	453	492	485	494	464	457	497	
451	450	464	489	478	452	453	486	
461	496	474	453	491	458	487	494	
464	493	471	473	483	467	484	480	
483	481	464	479	482	495	453	493	
481	474	490	454	460	496	453	485	
482	453	478	469	490	477	458	467	
499	479	463	484	481	450	467	459	
471	492	495	469	464	486	455	488	
498	470	489	472	454	493	492	451	
488	474	492	463	460	459	478	486	
484	481	482	451	465	488	478	468	
486	462	454	461	482	458	485	455	
479	468	493	463	453	465	471	495	
32	55	344	
112	495	41	
88	400	490	
482	107	31	
462	273	41	
341	392	370	
140	479	345	
208	296	77	
165	194	195	
132	274	32	
229	467	3	
322	263	466	
297	6	492	
170	174	365	
477	377	298	
143	72	14	
143	83	105	
487	139	480	
448	270	256	
274	36	46	
355	277	379	
7	220	453	
211	163	221	
444	136	250	
67	445	113	
62	248	340	
394	93	37	
187	324	247	
116	1	180	
179	180	280	
229	330	227	
20	65	349	
34	18	467	
129	209	410	
188	218	412	
285	289	119	
404	51	486	
176	250	68	
54	473	272	
191	183	276	
88	144	167	
192	238	359	
69	15	378	
410	188	265	
477	163	405	
336	307	418	
427	400	499	
124	157	151	
122	42	225	
462	373	314	
71	325	496	204	
178	21	451	89	
470	211	207	231	
217	434	100	41	
7	333	429	113	
86	488	46	346	
377	266	465	408	
227	287	390	88	
346	343	97	9	
110	116	341	122	
83	280	43	441	
294	447	68	64	
168	121	278	394	
469	146	230	446	
420	43	50	423	
401	116	108	329	
100	68	207	160	
194	10	410	316	
425	13	200	438	
136	248	450	278	
280	435	216	221	
376	304	454	233	
322	78	192	470	
292	166	363	430	
446	155	249	2	
394	81	32	230	
474	55	479	494	
126	228	236	24	
254	130	26	110	
435	223	490	283	
305	311	159	21	
341	415	11	193	
211	227	374	48	
395	282	246	129	
391	346	330	386	
347	406	338	267	
177	217	317	390	
375	421	360	200	
380	27	161	89	
226	90	371	496	
71	480	149	337	
82	35	334	177	
133	185	377	95	
192	10	16	320	
122	259	216	140	
280	112	395	101	
482	151	419	120	
429	116	61	479	
16	179	423	74	
348	294	485	218	
131	299	464	147	308	
164	477	55	128	117	
3	47	300	12	218	
178	115	312	42	127	
328	442	49	4	254	
51	98	78	160	118	
346	139	38	50	292	
326	246	159	491	363	
462	409	60	85	256	
264	305	222	205	190	
5	424	214	148	69	
360	450	47	229	18	
282	178	312	188	10	
331	255	161	420	349	
40	304	103	498	186	
166	268	214	294	248	
41	78	482	239	224	
465	405	103	290	46	
14	206	371	296	47	
76	27	68	59	4	
486	86	154	395	334	
35	193	95	450	452	
65	103	441	442	407	
108	194	165	196	349	
429	241	211	273	410	
148	106	327	269	418	
129	192	187	424	9	
390	251	374	381	23	
381	67	276	114	365	
118	160	377	378	169	
339	201	328	21	68	
196	172	43	485	383	
125	307	405	8	462	
20	62	401	380	424	
341	346	197	438	359	
485	482	294	446	128	
231	414	491	28	467	
109	182	277	68	9	
94	465	9	314	381	
346	309	381	412	85	
186	183	71	185	328	
150	234	257	33	123	
112	480	37	353	119	
350	474	416	279	143	
9	433	391	488	230	
277	481	291	110	433	
357	273	406	434	391	
424	125	495	469	346	
27	366	228	439	177	
451	41	259	307	405	
