37	17	26	0	31	9	
11	12	38	47	19	9	
27	29	40	17	2	37	
4	20	34	17	44	10	
31	47	6	38	28	17	
6	40	45	22	41	4	
30	39	29	38	8	0	
21	2	27	15	28	32	
47	22	27	8	13	11	
42	21	20	17	41	25	
2	7	21	37	6	49	
39	14	43	48	7	49	
27	35	19	26	43	32	
17	48	11	29	19	34	
20	1	23	47	26	30	
16	45	46	33	1	4	
16	40	6	43	42	28	
10	16	22	6	39	28	
4	33	32	2	7	14	
41	15	1	23	0	20	
33	3	2	30	45	49	
34	47	6	38	15	35	
16	39	40	29	15	5	
28	23	5	33	9	22	
1	47	3	41	2	35	
21	4	7	32	15	34	
10	18	15	28	16	23	
34	39	49	3	37	32	
23	17	39	8	24	9	
31	3	45	17	15	12	
22	33	7	21	43	16	
23	44	27	2	16	45	
3	49	43	44	47	24	
27	15	48	25	49	7	
6	26	34	35	48	18	
16	48	23	11	6	32	
19	26	25	29	1	9	
43	11	26	31	28	5	
4	28	3	22	32	30	
32	42	31	43	39	30	
38	45	23	28	43	19	
6	29	11	17	46	9	
30	13	7	0	46	18	
42	30	18	29	41	13	
1	30	28	27	11	31	
0	24	3	14	16	13	
36	39	33	26	15	6	
46	22	18	45	38	2	
7	2	45	36	9	11	
49	43	40	35	32	10	
57	82	70	91	50	81	
90	95	66	88	59	57	
94	95	64	79	69	70	
62	57	53	84	63	97	
59	57	83	92	77	78	
51	90	56	72	95	63	
50	93	58	98	67	70	
60	74	96	70	69	53	
66	90	67	71	86	95	
65	78	99	58	68	94	
97	81	59	50	62	57	
62	69	57	95	77	68	
96	69	63	68	72	90	
89	67	51	50	94	75	
82	98	65	72	59	84	
74	99	67	96	51	82	
85	62	74	67	83	57	
52	90	98	54	80	94	
66	67	61	72	50	83	
57	69	51	95	90	59	
78	93	74	76	88	75	
50	95	63	62	86	74	
53	62	63	82	72	78	
88	69	97	61	95	71	
97	73	83	96	50	93	
60	53	91	63	57	74	
55	65	61	95	56	99	
93	79	96	63	87	77	
56	87	59	93	92	61	
53	54	60	67	68	65	
84	71	86	82	95	93	
63	66	93	50	82	61	
87	88	97	71	65	51	
92	99	76	70	59	65	
73	76	71	78	58	87	
97	98	50	53	78	86	
82	91	55	90	92	62	
71	61	72	84	74	78	
84	95	56	76	65	93	
51	78	71	53	92	63	
98	65	81	53	88	60	
85	58	69	55	91	87	
94	68	55	93	97	74	
87	80	78	97	66	62	
61	88	50	97	83	77	
52	50	74	99	78	85	
89	54	50	64	58	91	
67	82	85	98	70	54	
88	58	80	77	52	56	
96	92	95	55	80	88	
127	110	107	142	104	144	
103	146	122	138	128	109	
132	146	130	112	102	104	
124	129	108	146	123	143	
136	149	124	137	133	148	
139	141	138	121	108	144	
137	121	139	114	140	133	
111	107	140	122	115	145	
149	122	133	106	140	108	
141	149	121	109	105	123	
144	120	146	140	145	109	
104	117	109	105	139	131	
123	104	111	147	146	133	
122	125	129	108	141	112	
148	100	137	139	144	108	
111	129	117	126	116	113	
124	107	101	125	126	149	
143	115	114	125	101	121	
112	125	111	108	145	130	
145	128	111	140	131	107	
122	120	141	133	123	101	
122	148	111	138	145	110	
136	134	131	133	122	110	
136	146	103	105	148	101	
121	144	125	141	127	138	
140	108	145	148	114	120	
114	113	147	149	133	109	
119	143	117	104	100	114	
116	128	135	144	125	142	
134	126	112	110	113	121	
135	144	128	110	140	137	
148	116	120	110	137	117	
104	120	134	115	117	108	
126	132	112	106	137	128	
126	128	105	114	127	112	
141	114	132	123	103	113	
107	146	111	117	127	103	
137	139	148	142	143	104	
141	129	121	119	110	115	
139	143	131	124	140	100	
103	126	127	148	112	143	
139	110	129	109	134	111	
119	120	132	141	121	108	
141	127	102	109	110	104	
134	104	123	101	107	147	
128	139	111	132	110	140	
137	107	138	124	133	130	
133	118	129	117	114	143	
117	128	126	106	101	107	
129	124	143	135	101	136	
158	198	171	187	160	175	
191	151	184	158	180	178	
193	179	185	161	168	189	
185	187	183	159	150	166	
196	172	197	161	159	165	
159	158	196	189	179	178	
176	194	186	173	183	192	
164	178	159	180	183	173	
194	150	168	167	151	177	
181	150	152	151	190	189	
158	165	168	155	162	188	
181	198	159	173	178	154	
187	159	191	197	167	189	
189	183	153	161	163	187	
153	175	174	170	166	171	
192	164	158	178	172	197	
166	194	196	187	165	179	
177	171	161	164	183	160	
187	192	195	162	172	182	
196	154	170	162	180	159	
153	184	194	180	185	199	
158	174	196	167	155	151	
192	165	159	158	191	161	
152	181	197	165	154	190	
161	154	199	178	166	153	
158	195	198	164	172	180	
199	161	187	195	163	150	
198	162	174	172	183	157	
185	182	160	190	184	173	
180	166	163	197	151	158	
176	182	183	168	199	172	
159	185	154	194	190	175	
150	182	195	189	193	185	
182	190	167	188	170	196	
162	173	155	189	183	153	
161	199	170	178	191	155	
168	195	189	159	187	182	
192	182	186	175	158	185	
184	176	193	151	185	183	
171	182	180	188	199	186	
170	158	155	171	191	199	
164	195	181	163	183	152	
158	154	198	196	176	194	
170	158	195	159	197	198	
167	176	154	181	168	185	
187	162	151	192	165	152	
179	173	191	165	199	186	
178	192	189	160	195	159	
188	186	195	160	170	164	
163	191	166	156	186	162	
203	240	219	201	222	215	
224	227	203	217	207	243	
210	202	207	217	203	245	
214	219	202	241	203	211	
222	228	247	239	210	240	
232	206	222	244	209	233	
225	216	211	201	238	249	
217	231	227	220	203	208	
225	218	208	232	217	212	
221	208	228	210	209	214	
216	211	222	229	221	225	
238	206	201	231	233	212	
228	202	243	206	240	200	
207	204	222	249	217	224	
217	249	246	227	228	203	
205	249	226	203	237	201	
204	201	243	246	200	224	
240	227	222	243	207	242	
222	235	202	228	233	220	
217	243	244	228	237	206	
246	227	200	216	249	215	
211	242	219	212	205	215	
247	249	237	233	226	202	
240	243	245	201	203	229	
228	245	229	201	243	227	
239	229	247	243	237	216	
212	220	208	221	235	243	
218	246	240	247	213	215	
229	234	215	211	240	223	
225	237	218	210	221	247	
232	220	222	228	208	216	
218	212	217	234	219	248	
215	216	202	211	236	244	
200	221	230	203	206	237	
217	243	205	248	237	204	
217	233	242	218	243	220	
226	215	238	231	247	245	
243	247	246	223	249	222	
202	232	207	235	225	245	
240	207	200	227	239	230	
202	220	218	244	206	209	
245	200	222	210	236	203	
212	246	201	200	247	211	
226	202	200	210	211	240	
244	234	201	224	248	203	
220	216	241	233	246	229	
209	242	244	224	222	212	
232	248	246	212	227	202	
228	215	221	236	224	220	
200	216	214	208	228	202	
266	297	299	263	286	279	
277	260	293	275	269	284	
261	296	280	269	276	265	
285	270	263	281	265	262	
265	292	282	267	251	296	
258	297	265	289	288	287	
263	254	251	257	274	279	
291	292	288	285	298	276	
263	261	257	292	284	270	
264	280	293	278	255	289	
267	278	294	284	281	253	
298	260	279	268	273	275	
291	253	262	266	254	289	
299	254	252	287	279	293	
276	289	278	277	261	294	
285	255	292	278	295	282	
264	252	250	263	286	283	
253	279	275	269	256	299	
268	255	269	296	251	288	
269	266	268	294	259	271	
266	251	273	274	296	250	
294	255	284	252	257	269	
267	280	283	290	274	279	
274	251	280	267	250	288	
259	276	286	293	255	264	
258	268	291	289	252	255	
254	270	275	282	297	278	
259	251	286	280	270	271	
275	273	257	269	274	258	
279	273	263	298	289	296	
287	291	257	292	267	296	
280	276	265	299	279	263	
269	261	254	275	260	257	
291	286	293	284	250	267	
269	277	254	292	298	286	
250	292	278	297	267	263	
286	260	287	279	258	299	
271	261	268	292	270	287	
291	297	260	272	282	283	
278	271	266	261	286	263	
284	280	293	259	264	295	
286	267	296	295	272	288	
254	279	281	270	272	256	
278	275	287	263	283	291	
272	254	282	279	293	283	
285	282	269	255	283	278	
252	261	260	254	272	279	
280	268	286	261	289	292	
260	268	285	280	287	252	
255	281	271	254	264	252	
312	322	329	310	301	327	
349	321	327	329	326	335	
322	344	306	300	308	302	
339	338	332	308	319	331	
319	309	347	346	348	339	
301	318	345	348	349	319	
332	347	321	312	327	334	
314	307	335	324	338	342	
339	320	331	328	348	317	
304	339	303	302	301	349	
347	302	324	336	328	314	
338	304	308	344	321	302	
331	310	333	319	303	305	
305	328	311	340	314	327	
346	306	344	305	331	304	
315	326	305	333	341	331	
304	306	324	305	323	300	
339	320	342	337	343	328	
339	311	301	314	317	300	
337	343	328	317	306	315	
348	314	346	334	343	309	
328	325	338	327	309	317	
336	339	313	310	330	334	
322	347	315	344	328	332	
316	342	345	308	340	303	
342	316	337	344	325	347	
335	333	313	328	331	346	
347	336	324	329	331	311	
312	333	340	349	329	307	
333	302	346	320	316	300	
344	315	309	308	319	323	
303	319	330	345	340	307	
313	338	331	332	303	316	
313	325	316	310	343	314	
328	313	334	318	329	347	
337	316	327	306	333	328	
337	301	348	341	328	343	
325	306	303	305	326	317	
308	301	329	346	348	314	
339	338	346	318	303	348	
342	315	316	340	301	333	
317	313	302	332	347	345	
317	335	322	345	309	311	
311	307	308	306	330	304	
338	347	331	301	313	306	
319	342	326	300	320	341	
345	342	314	310	340	326	
325	343	305	317	326	319	
322	336	306	316	327	309	
337	326	327	300	313	320	
381	383	370	397	352	355	
358	381	365	372	373	390	
357	364	374	391	386	383	
395	380	385	397	358	378	
391	398	378	374	390	386	
366	364	352	390	356	358	
379	389	384	354	396	377	
379	356	358	373	387	396	
374	373	356	355	365	361	
387	353	377	365	394	369	
392	372	370	375	397	351	
388	358	366	355	378	362	
360	399	398	377	381	394	
399	359	383	398	374	390	
372	364	359	375	396	376	
381	391	396	377	352	356	
396	382	390	368	376	383	
366	380	395	356	365	360	
369	370	378	398	366	350	
385	384	397	392	369	378	
393	398	352	382	365	364	
377	399	381	388	389	392	
357	396	392	393	351	383	
380	375	350	366	359	377	
374	387	385	355	397	369	
395	398	380	370	367	392	
354	359	355	381	380	377	
380	369	377	395	382	359	
374	392	355	389	383	386	
385	374	365	359	366	384	
394	387	367	386	372	360	
352	353	391	367	365	381	
395	380	386	355	359	397	
367	364	368	373	378	381	
368	361	394	377	381	379	
381	359	375	355	373	391	
388	360	357	373	363	364	
357	368	363	387	370	397	
371	356	393	385	384	383	
391	374	381	371	355	358	
385	351	358	399	353	362	
378	375	354	369	387	392	
398	389	355	373	356	376	
391	393	366	370	364	356	
397	382	369	350	388	355	
367	381	366	355	377	378	
360	378	354	391	368	380	
351	370	361	379	355	385	
351	377	391	393	378	352	
374	384	381	367	366	393	
409	434	413	433	421	406	
413	443	447	405	406	428	
436	443	414	448	419	403	
412	433	427	421	424	440	
436	400	438	415	422	426	
404	406	403	441	448	402	
424	434	447	420	415	402	
418	443	432	410	408	426	
449	416	407	410	400	405	
424	449	401	411	433	446	
403	446	434	409	422	441	
415	420	409	405	444	439	
408	431	401	419	413	410	
411	412	414	431	445	401	
444	426	448	438	442	417	
402	449	442	445	418	422	
415	419	440	428	410	418	
441	431	444	428	427	402	
413	436	403	421	402	428	
413	427	430	434	417	441	
447	412	410	428	421	425	
444	400	437	411	430	440	
407	404	449	421	440	433	
423	417	429	434	405	444	
448	421	418	424	407	412	
429	408	434	415	401	420	
415	403	432	409	424	400	
443	402	404	422	420	411	
447	406	432	407	443	422	
414	440	418	411	429	422	
434	432	429	426	401	430	
418	449	431	435	422	445	
442	425	416	447	446	427	
420	435	414	402	437	400	
446	443	409	449	441	439	
410	418	447	412	403	438	
435	404	405	414	442	449	
406	400	433	421	447	432	
411	407	406	432	417	426	
437	400	415	426	410	447	
425	432	419	400	411	433	
430	439	431	444	412	441	
401	436	439	429	407	420	
405	436	414	428	445	407	
421	404	425	407	426	403	
417	409	432	405	420	422	
423	439	437	407	445	426	
401	432	420	431	410	428	
405	437	449	408	406	418	
406	423	425	400	404	447	
475	460	491	490	469	451	
483	455	499	484	452	471	
459	455	451	463	495	493	
499	498	480	487	454	468	
477	487	470	499	467	472	
496	450	481	480	462	498	
456	457	494	499	455	485	
477	453	482	476	469	498	
489	476	499	485	477	473	
476	458	453	479	466	467	
496	470	450	499	480	466	
477	468	489	484	491	462	
459	484	457	466	456	463	
451	483	486	455	484	492	
467	459	488	491	489	476	
482	465	471	495	462	483	
486	476	470	494	469	491	
491	485	480	463	471	487	
475	480	479	489	494	454	
466	484	462	463	481	477	
473	459	488	451	465	456	
458	457	455	487	456	488	
491	455	475	460	485	483	
492	454	489	480	462	497	
450	495	461	493	483	451	
465	478	463	458	498	484	
454	495	468	480	459	494	
492	461	496	494	495	473	
472	470	496	469	491	465	
462	478	475	494	453	468	
472	456	492	497	464	486	
454	488	492	484	453	478	
494	478	476	460	453	461	
483	491	453	482	451	497	
489	474	451	463	479	497	
487	466	489	463	474	488	
487	489	465	471	484	469	
481	482	487	474	475	491	
463	451	479	466	457	496	
496	488	486	464	456	477	
488	486	454	477	491	470	
498	476	473	488	471	480	
476	491	475	473	485	479	
466	478	474	496	475	486	
493	497	495	486	462	476	
479	465	482	478	463	455	
458	477	472	467	492	456	
453	472	466	473	455	459	
478	453	460	485	492	487	
490	499	470	492	487	474	
21	18	42	12	19	44	23	
22	24	21	27	1	25	47	
16	46	4	24	49	0	11	
25	7	12	31	43	27	9	
23	13	34	2	8	0	3	
29	47	39	14	4	23	11	
35	18	6	31	28	45	46	
31	19	28	43	42	21	17	
47	2	26	21	41	8	29	
30	44	43	23	10	26	39	
15	29	27	20	40	8	21	
37	27	22	3	35	7	36	
38	25	13	22	26	1	7	
45	41	30	12	3	19	11	
24	34	37	28	12	5	13	
44	30	36	40	28	6	0	
16	39	17	43	12	10	45	
48	14	1	17	47	18	11	
7	20	37	40	21	35	1	
3	42	34	25	21	31	27	
34	10	6	29	16	44	39	
46	6	10	32	35	1	38	
1	3	10	27	33	24	43	
5	35	40	15	24	37	25	
31	13	15	7	0	46	30	
39	34	38	42	36	35	24	
37	35	27	49	45	15	47	
0	4	23	11	48	42	45	
9	15	44	34	45	35	28	
25	16	46	40	14	20	6	
36	35	32	30	48	40	34	
7	15	21	30	14	45	13	
27	20	11	10	34	5	26	
32	24	49	40	38	37	13	
25	27	46	15	20	17	19	
29	6	43	46	21	45	10	
10	5	0	37	49	36	12	
9	37	27	31	41	43	26	
4	14	35	34	0	25	27	
30	44	15	27	19	8	29	
36	15	10	44	7	38	13	
37	24	35	15	9	11	23	
14	12	4	47	17	18	24	
25	16	35	21	10	33	4	
42	9	12	48	47	14	5	
40	29	47	33	7	14	20	
47	4	44	2	22	18	11	
14	13	27	8	47	15	21	
40	48	12	44	37	45	9	
20	11	37	48	43	25	5	
84	89	59	65	70	73	56	
67	56	55	53	93	74	61	
72	84	86	74	94	92	82	
82	91	77	83	51	69	65	
70	52	55	76	88	72	79	
75	71	51	68	89	64	57	
59	55	87	84	67	58	56	
76	72	83	81	91	56	50	
56	90	67	87	88	99	69	
94	70	65	59	97	73	57	
91	58	95	79	81	57	66	
91	93	69	68	90	50	57	
82	53	90	81	66	52	87	
72	64	52	88	81	93	62	
65	51	83	88	78	81	67	
90	70	79	71	80	72	56	
66	72	56	67	70	92	52	
89	64	88	96	93	57	85	
64	65	97	83	98	77	74	
99	64	89	92	78	77	85	
66	61	98	51	70	64	90	
92	79	81	65	67	55	84	
69	96	73	50	86	63	97	
50	96	51	72	76	58	83	
66	62	57	60	69	84	95	
81	80	88	69	95	91	74	
98	73	51	86	85	80	83	
83	78	69	88	92	95	96	
60	70	79	61	77	65	96	
77	89	72	55	73	56	69	
81	61	94	56	74	83	68	
58	69	73	86	91	52	82	
80	77	96	89	94	55	66	
54	58	96	57	78	97	88	
76	57	60	63	83	74	82	
54	86	55	72	73	61	91	
73	87	62	86	90	85	61	
70	95	51	58	61	55	91	
96	84	95	75	54	79	83	
81	62	86	78	84	63	99	
54	86	75	78	92	94	73	
77	53	84	61	76	79	71	
69	58	82	93	91	71	98	
94	65	93	75	87	52	89	
99	77	83	74	68	78	92	
82	80	84	72	69	65	51	
96	72	71	90	84	52	77	
86	80	52	74	65	85	64	
54	67	64	69	58	78	96	
84	57	83	81	95	67	71	
107	100	120	140	101	119	142	
114	139	117	101	129	141	119	
129	128	126	115	102	108	149	
106	101	103	111	138	141	114	
125	103	114	142	148	139	136	
128	105	131	124	144	133	104	
138	116	113	147	135	109	128	
143	131	119	137	129	121	118	
126	101	139	130	119	120	122	
121	129	120	107	119	106	130	
122	123	101	100	108	120	121	
108	104	119	125	138	112	111	
149	104	144	105	127	123	136	
120	112	139	129	116	133	132	
149	119	116	106	101	139	147	
131	130	133	141	106	111	104	
114	141	115	136	117	123	121	
125	127	137	143	104	142	139	
106	101	133	134	138	130	122	
117	122	134	141	138	131	142	
123	111	134	115	142	149	130	
104	108	122	145	112	125	109	
116	136	105	108	112	140	115	
124	107	103	117	149	137	118	
135	127	121	146	118	147	136	
106	127	138	126	111	149	103	
129	141	117	140	120	142	118	
134	113	109	136	130	140	142	
139	108	131	110	149	118	111	
110	120	126	113	134	102	111	
138	100	106	110	147	105	120	
100	116	102	112	122	136	149	
123	119	109	136	146	116	120	
110	138	142	130	122	127	114	
119	106	116	125	115	112	130	
140	111	148	147	129	142	141	
123	104	138	139	147	137	134	
144	114	111	118	146	100	122	
120	147	142	144	118	133	107	
115	122	147	120	118	100	111	
108	127	118	134	113	120	114	
145	139	148	118	123	108	144	
109	145	118	133	146	116	147	
147	112	109	137	100	106	126	
145	118	128	148	149	146	101	
144	124	129	118	149	147	137	
136	117	120	138	132	115	128	
123	146	113	104	121	136	133	
141	144	135	133	116	126	112	
109	116	114	130	140	127	119	
160	184	194	191	167	185	164	
182	187	197	195	170	193	161	
155	161	150	190	170	199	156	
193	195	155	190	170	153	172	
161	194	167	179	170	169	188	
162	177	166	178	170	183	175	
162	185	156	177	170	163	189	
195	153	198	177	176	165	150	
194	187	182	184	151	176	175	
178	183	174	163	190	176	155	
195	163	175	180	160	185	157	
172	189	159	184	161	164	158	
177	158	182	190	162	170	199	
159	164	189	154	197	150	178	
153	196	160	184	164	173	165	
156	173	186	161	190	188	192	
169	199	190	161	160	168	156	
180	178	197	186	156	195	157	
180	193	176	166	172	184	188	
176	171	194	178	198	167	154	
167	177	181	158	184	166	192	
173	157	151	176	163	180	153	
192	190	157	173	159	174	171	
186	175	165	161	185	166	195	
199	181	166	159	197	155	179	
169	173	164	172	167	168	154	
150	159	153	165	151	193	191	
158	165	193	157	198	187	175	
183	186	176	190	163	164	185	
186	184	189	188	158	150	187	
167	169	152	151	156	166	199	
153	174	198	189	171	159	156	
175	178	160	169	184	177	190	
169	197	175	173	159	183	168	
166	199	154	192	187	182	153	
174	199	156	188	191	166	168	
165	188	176	189	170	157	186	
172	181	190	164	161	187	152	
161	173	167	162	168	195	171	
194	163	178	154	199	162	182	
187	161	156	157	192	153	193	
165	190	158	186	182	193	199	
193	184	177	152	192	191	188	
196	185	179	167	153	197	162	
176	199	185	182	192	161	183	
164	195	170	194	187	157	184	
179	181	168	155	163	196	172	
158	153	179	194	166	188	183	
152	184	151	178	181	159	191	
169	160	187	155	183	180	153	
200	213	207	235	231	244	212	
205	208	202	229	207	218	203	
236	208	247	248	231	226	204	
244	247	217	226	236	221	223	
221	227	231	249	232	239	240	
241	233	203	230	231	209	224	
217	240	200	237	235	213	238	
248	221	244	213	242	233	236	
228	233	214	225	217	211	245	
242	219	225	230	222	239	215	
247	245	246	220	205	232	221	
219	240	235	241	206	200	226	
226	213	238	223	242	203	202	
240	212	242	200	229	243	237	
248	203	233	246	235	202	224	
215	233	220	209	241	222	246	
248	227	238	244	203	230	223	
204	200	246	239	232	235	233	
230	246	235	229	224	239	248	
208	218	209	248	240	244	211	
207	235	241	220	247	211	249	
210	208	201	230	243	226	244	
204	212	215	220	235	222	247	
228	211	224	210	220	235	232	
214	203	217	230	229	242	202	
235	211	246	248	228	239	214	
204	232	223	219	249	220	203	
227	238	245	240	203	244	239	
218	212	222	229	231	205	233	
246	210	208	215	224	209	233	
211	208	232	242	219	236	230	
209	211	226	227	246	236	249	
209	201	242	230	204	249	233	
235	213	232	204	209	208	212	
226	216	217	229	235	211	221	
213	231	219	205	249	204	240	
212	211	231	248	222	236	227	
223	227	211	229	206	204	236	
212	225	235	200	243	222	224	
220	206	237	231	234	211	215	
208	205	235	247	233	217	226	
222	238	233	214	227	246	221	
202	238	205	200	231	215	233	
224	246	227	208	202	213	233	
239	237	240	233	210	218	248	
212	249	204	201	234	223	245	
227	200	209	247	243	233	203	
205	241	200	243	204	217	216	
232	214	220	222	244	216	210	
249	213	236	233	204	242	238	
268	254	259	256	252	283	282	
280	291	275	257	285	265	298	
299	269	292	270	262	298	284	
282	281	299	262	280	298	260	
254	284	252	251	265	274	259	
257	277	281	279	253	298	283	
262	254	299	270	258	256	269	
269	273	250	255	281	257	271	
275	270	271	272	262	278	284	
293	271	262	256	279	289	273	
263	282	272	261	253	289	286	
278	288	268	297	269	281	250	
297	274	293	295	252	253	286	
254	266	292	297	294	257	272	
286	295	271	281	261	273	293	
267	284	296	253	258	293	254	
257	252	262	295	297	280	281	
274	273	261	291	288	282	279	
298	285	268	299	279	290	278	
270	262	276	288	295	284	286	
286	269	267	293	268	265	289	
298	269	284	251	263	280	297	
266	255	285	265	282	283	296	
288	296	276	270	292	260	268	
254	262	268	291	277	260	282	
254	250	264	260	267	279	286	
288	275	262	272	287	298	261	
267	281	294	273	292	263	275	
255	297	286	280	250	288	291	
262	287	294	275	273	272	274	
286	283	280	263	261	285	267	
257	282	291	252	266	277	272	
296	285	274	256	252	297	257	
278	279	263	293	265	276	289	
256	260	296	285	259	299	298	
279	296	289	250	255	259	288	
289	292	285	299	269	272	279	
287	273	298	262	258	275	260	
274	293	277	286	256	296	265	
272	280	266	292	269	293	255	
255	294	278	265	276	296	260	
282	272	269	280	278	288	261	
284	285	294	298	257	278	253	
279	288	283	264	259	278	276	
266	272	292	271	287	275	263	
297	250	286	277	260	275	254	
297	275	282	287	267	272	255	
265	296	258	257	278	271	283	
266	284	296	287	291	250	268	
250	288	284	265	264	256	269	
331	332	341	322	338	320	327	
343	327	303	342	337	311	318	
313	349	335	302	310	304	345	
339	300	308	320	304	303	347	
340	310	302	329	307	338	324	
343	331	308	347	342	321	310	
312	308	323	342	315	321	327	
338	328	320	325	323	310	345	
318	327	328	320	346	303	319	
340	346	300	303	320	314	341	
310	336	325	302	342	314	340	
304	301	300	331	330	321	332	
322	339	340	308	335	326	318	
338	344	321	332	304	326	337	
318	337	340	323	308	341	349	
337	321	316	344	322	346	315	
329	321	326	346	345	335	318	
349	308	335	327	329	307	300	
341	304	323	312	343	347	319	
310	326	329	342	340	320	349	
318	319	330	322	313	329	306	
305	302	311	331	321	343	323	
317	306	311	335	301	347	325	
309	325	301	318	348	349	327	
307	304	332	308	326	335	321	
345	343	340	330	326	323	303	
310	339	324	321	314	304	313	
309	328	323	336	322	333	344	
324	342	329	325	332	323	302	
319	323	309	321	328	345	329	
304	339	345	338	334	302	328	
344	323	343	313	330	339	309	
300	309	317	342	328	304	316	
322	311	307	301	339	329	320	
322	346	316	330	312	334	310	
337	321	314	324	343	303	302	
340	336	339	306	333	302	334	
349	347	333	307	324	323	320	
343	315	327	334	338	316	313	
325	340	348	308	322	304	344	
342	323	344	310	339	328	329	
325	315	348	349	345	305	309	
309	349	343	328	336	330	326	
346	310	331	320	324	328	341	
345	313	346	314	335	329	340	
341	331	323	309	326	317	346	
325	338	328	342	332	316	340	
317	310	341	318	327	345	306	
307	318	325	330	342	331	338	
304	305	302	328	301	348	307	
399	395	376	386	363	374	367	
369	353	399	377	371	357	352	
380	353	361	368	369	381	397	
351	377	369	353	382	354	355	
360	371	392	350	397	375	395	
372	382	398	388	364	375	368	
362	361	399	392	389	372	360	
376	371	393	380	366	387	363	
377	381	399	376	379	361	358	
374	372	371	382	386	358	395	
380	355	362	395	352	399	381	
362	350	384	382	386	370	399	
368	350	366	379	380	376	382	
356	351	358	386	379	377	394	
374	388	353	379	383	384	369	
363	368	387	358	380	372	359	
399	355	361	362	354	368	392	
365	384	396	356	361	375	399	
399	360	366	393	363	361	379	
396	395	365	372	363	384	356	
361	367	357	366	355	363	351	
369	397	389	380	368	393	376	
364	377	395	361	367	371	378	
367	385	383	393	361	379	351	
372	368	392	373	350	381	360	
371	382	354	360	376	367	374	
361	376	381	379	391	350	378	
350	355	365	377	391	367	398	
354	367	383	362	358	371	359	
378	389	351	386	376	379	352	
354	399	376	371	391	382	387	
379	357	392	394	351	380	383	
366	351	390	361	369	382	397	
393	354	395	388	363	368	376	
393	399	387	356	388	380	366	
370	382	385	394	360	367	383	
396	354	398	385	392	379	362	
383	353	363	398	380	399	366	
386	392	381	387	375	362	359	
388	351	375	370	385	394	362	
397	361	366	362	375	393	382	
383	360	358	387	375	355	389	
372	366	350	394	354	371	353	
386	377	373	392	355	391	363	
396	365	371	394	389	358	374	
361	356	371	388	357	381	382	
369	351	390	358	383	355	364	
396	379	353	398	389	361	386	
368	357	361	370	396	356	359	
383	386	365	376	381	368	390	
424	411	407	449	442	440	402	
425	438	429	442	416	405	402	
421	440	432	406	405	430	449	
420	445	443	407	409	436	415	
448	444	435	431	419	446	418	
408	448	400	429	403	409	401	
416	442	430	438	421	418	400	
409	403	413	419	423	431	418	
425	449	427	406	426	430	429	
410	448	433	422	409	438	437	
442	440	444	405	404	448	434	
449	432	431	439	427	401	420	
434	430	436	413	405	412	445	
410	427	434	400	419	446	447	
401	435	434	428	439	449	425	
425	433	447	436	409	412	404	
435	429	411	417	414	403	421	
440	441	443	413	445	433	401	
424	401	442	446	439	423	421	
422	419	432	414	445	428	410	
423	446	421	430	401	426	402	
430	437	415	440	438	402	400	
449	418	432	439	442	446	431	
403	412	435	446	404	406	427	
418	431	434	409	412	419	446	
422	416	439	404	412	418	409	
425	438	408	416	405	404	443	
405	412	430	413	426	437	410	
448	413	442	431	403	433	428	
428	440	414	420	412	435	448	
411	442	401	446	402	420	418	
436	401	408	443	445	412	441	
449	421	420	447	425	428	439	
444	418	434	413	405	430	415	
408	430	436	447	425	422	445	
419	443	447	442	411	438	418	
432	415	446	414	419	433	410	
425	445	409	401	412	447	418	
444	441	414	431	418	443	416	
416	449	400	423	402	440	412	
408	432	437	430	446	419	405	
433	417	405	442	444	426	407	
448	431	437	418	415	438	429	
415	419	402	431	411	426	401	
423	404	446	427	408	419	436	
442	441	413	414	406	434	402	
425	400	407	417	432	415	412	
445	406	420	447	434	411	449	
418	443	435	412	405	449	433	
430	416	404	421	414	423	444	
459	491	489	492	475	496	455	
479	461	451	457	456	489	454	
456	488	487	476	454	490	484	
484	470	456	474	498	464	458	
497	499	477	455	467	486	479	
496	495	489	459	463	498	467	
464	482	495	454	451	480	474	
476	484	475	466	458	483	491	
489	472	491	485	466	459	463	
452	486	478	466	477	462	481	
477	472	458	453	478	476	488	
480	489	456	465	478	458	485	
493	465	462	482	469	463	486	
489	459	471	493	486	497	474	
465	454	456	450	482	472	485	
473	458	484	459	490	469	453	
455	491	465	477	484	462	499	
483	487	498	458	457	471	467	
492	452	477	484	473	454	461	
460	477	473	467	456	451	487	
481	479	488	456	484	475	459	
473	494	488	466	474	452	468	
487	490	459	469	493	453	486	
470	488	474	498	458	483	490	
493	456	474	499	473	487	471	
460	461	467	459	491	463	452	
458	491	471	457	485	494	488	
472	495	464	457	466	485	497	
465	493	472	488	497	480	481	
499	466	495	461	470	476	454	
460	471	498	492	499	456	468	
452	471	472	467	458	493	476	
453	462	482	461	495	459	454	
497	452	455	499	483	468	458	
495	474	478	498	481	451	489	
483	487	457	463	496	475	485	
476	478	482	485	480	473	484	
494	468	454	490	481	462	483	
468	450	499	486	452	467	456	
483	467	459	481	482	464	478	
477	459	473	480	495	463	485	
488	452	495	492	469	472	463	
493	466	473	460	477	455	482	
493	480	456	463	482	461	453	
457	476	482	450	462	453	470	
468	451	497	494	454	460	483	
462	453	470	455	491	456	488	
458	469	452	453	474	481	495	
491	492	470	496	489	484	490	
498	474	459	452	486	489	462	
39	35	28	45	41	10	37	40	
20	43	28	38	30	48	22	1	
43	8	19	10	36	40	34	30	
2	27	21	25	23	16	9	17	
43	28	26	6	36	41	19	0	
43	13	9	7	20	42	30	15	
18	28	48	11	14	19	12	49	
29	13	24	41	18	23	33	46	
49	13	32	20	24	26	42	19	
26	29	28	34	49	33	17	22	
48	10	4	20	42	34	35	13	
17	29	9	49	31	47	43	12	
46	18	17	1	39	40	21	15	
17	23	39	44	37	43	8	33	
11	18	2	5	12	0	26	37	
14	38	12	16	29	17	4	23	
6	28	48	19	18	8	1	20	
15	37	17	41	44	5	29	33	
11	1	48	8	3	31	41	23	
18	23	33	49	40	20	9	0	
34	42	0	39	21	5	43	49	
0	33	39	1	2	47	24	40	
17	13	38	7	47	9	41	10	
26	39	45	18	49	27	22	2	
11	46	6	32	36	49	26	48	
31	33	40	48	13	22	25	42	
37	30	10	1	29	21	0	47	
26	5	38	39	49	46	4	47	
14	18	13	47	6	17	37	2	
48	7	35	31	29	13	36	39	
37	30	46	13	33	1	34	4	
18	44	25	19	26	6	28	38	
17	25	48	0	6	13	30	18	
19	27	43	41	46	13	4	9	
7	17	32	31	39	44	29	35	
35	1	25	4	33	39	3	26	
39	7	1	28	19	45	37	22	
48	9	11	47	27	34	43	39	
19	8	43	48	34	3	6	45	
18	20	43	2	0	37	47	35	
9	13	6	36	4	12	21	16	
11	21	7	48	44	23	30	26	
19	49	11	42	26	28	43	39	
40	28	13	45	12	18	49	21	
42	30	1	19	3	49	29	26	
37	44	14	11	25	1	27	34	
31	35	30	3	18	16	36	4	
19	38	11	43	16	9	48	28	
24	15	3	48	46	17	2	5	
45	29	39	2	8	21	24	47	
70	61	77	98	81	92	55	85	
84	94	55	68	59	64	89	73	
53	56	83	73	88	82	62	55	
95	57	93	58	96	69	74	66	
55	68	53	67	83	62	90	94	
51	55	73	91	89	50	86	67	
68	94	90	61	95	81	66	63	
98	77	59	82	93	89	84	70	
93	81	91	83	58	98	54	84	
99	84	70	67	83	60	89	88	
82	53	67	63	91	76	78	51	
81	91	75	74	69	73	80	93	
69	52	72	60	71	95	66	70	
51	89	84	99	96	59	50	97	
85	62	64	82	80	93	78	66	
54	85	84	82	91	65	78	90	
88	59	99	60	56	84	73	86	
71	98	89	50	57	72	85	82	
51	70	89	95	68	64	93	80	
69	90	70	93	64	96	68	75	
76	83	92	64	79	53	61	58	
64	91	76	77	58	94	99	78	
68	99	54	87	81	51	55	67	
95	70	87	65	84	83	55	90	
57	79	65	89	77	55	99	81	
67	82	75	70	58	66	60	69	
58	79	56	74	95	66	86	97	
78	61	73	95	52	87	57	85	
80	65	98	87	99	67	69	76	
84	87	90	80	91	74	98	58	
56	94	93	73	78	61	59	99	
98	95	68	96	94	97	57	87	
51	83	70	54	81	68	88	73	
61	86	66	97	81	63	64	94	
70	72	83	62	88	87	96	94	
56	77	85	50	82	66	65	97	
96	70	63	65	51	66	80	77	
79	63	53	64	85	96	55	65	
87	85	50	89	53	92	67	58	
56	89	68	66	51	93	55	83	
78	77	96	71	62	57	50	51	
68	98	80	60	89	88	73	91	
50	60	64	57	72	95	89	73	
60	88	97	56	68	55	75	54	
66	57	88	55	52	84	60	92	
74	69	72	89	80	73	61	85	
85	86	75	66	87	50	81	63	
77	87	63	74	83	68	64	98	
79	64	51	56	53	98	59	75	
80	75	93	98	79	82	74	91	
104	121	130	134	100	120	106	102	
121	123	110	113	103	101	117	149	
144	107	135	112	116	118	123	148	
118	106	134	135	108	114	131	120	
108	135	124	134	106	113	146	110	
123	105	103	139	122	109	110	143	
107	106	136	148	143	144	119	135	
125	142	113	146	132	148	107	124	
101	122	123	100	113	135	127	138	
129	125	112	142	116	136	123	102	
124	119	143	149	129	104	131	140	
141	128	118	101	124	108	110	132	
149	140	124	107	129	146	111	103	
119	104	121	134	136	115	146	138	
118	117	133	123	101	120	115	105	
149	112	133	101	146	130	135	147	
106	119	146	103	108	148	117	116	
105	118	140	107	117	116	100	110	
148	100	122	143	117	126	123	118	
149	145	111	123	121	110	139	101	
146	101	115	107	123	138	136	147	
145	100	102	108	132	141	115	148	
140	103	144	127	129	109	117	125	
116	110	102	121	105	117	142	138	
121	134	149	132	106	123	116	146	
137	106	149	129	132	112	104	121	
101	133	116	111	143	122	138	110	
118	116	132	102	130	111	122	104	
109	121	124	111	142	117	107	147	
136	126	111	125	146	134	115	121	
144	139	103	108	136	127	129	110	
123	130	145	115	143	138	149	140	
112	103	108	145	106	109	102	119	
111	122	146	130	126	104	124	119	
126	138	109	144	123	111	112	113	
105	132	128	126	147	112	145	118	
101	112	117	138	130	111	143	125	
102	110	127	148	134	101	146	122	
120	125	132	130	109	131	121	147	
132	107	146	108	133	138	103	140	
102	107	139	145	132	136	141	123	
119	128	130	127	140	112	124	143	
102	123	139	142	145	135	107	129	
117	113	134	102	126	133	121	116	
141	112	114	103	115	120	110	126	
129	118	122	126	106	146	125	135	
121	119	105	139	146	135	136	127	
136	134	144	121	115	139	146	135	
101	122	132	141	117	123	136	133	
117	102	111	126	114	105	130	120	
176	164	181	150	198	183	159	156	
184	154	155	180	195	190	188	175	
167	183	194	190	150	171	161	176	
184	175	168	182	160	166	198	161	
185	191	198	180	166	163	152	156	
172	165	168	150	196	178	157	160	
172	151	185	171	191	180	188	153	
164	169	151	190	167	166	186	198	
192	199	197	152	170	196	169	187	
168	179	162	199	180	184	176	191	
187	183	165	198	155	154	185	174	
158	163	181	178	169	195	175	172	
156	187	168	180	170	163	166	153	
190	170	184	196	194	185	192	181	
175	178	183	179	199	168	196	192	
172	189	188	151	163	174	187	194	
187	152	163	157	186	166	193	189	
197	193	168	189	177	196	195	151	
160	181	183	168	193	169	176	167	
158	187	169	171	162	183	165	154	
187	196	199	160	178	188	168	161	
160	173	152	193	156	167	171	159	
175	162	170	181	192	189	198	158	
185	169	154	174	152	153	197	181	
181	163	178	173	179	170	177	174	
197	166	171	180	163	170	181	172	
150	198	194	197	199	185	189	163	
172	164	174	167	163	157	198	179	
195	155	177	182	173	174	162	189	
186	183	153	152	177	196	175	181	
179	190	171	191	159	170	150	173	
151	199	178	170	168	174	166	169	
162	177	199	160	165	159	158	180	
157	166	186	161	154	194	171	174	
160	183	165	195	177	199	159	187	
164	150	170	179	153	157	163	186	
160	173	161	198	197	174	171	184	
188	163	172	178	151	173	175	192	
162	170	181	195	151	168	152	191	
184	178	152	161	187	185	163	177	
158	176	196	152	170	168	173	188	
151	174	169	150	193	152	170	192	
190	158	160	198	168	167	150	161	
199	173	161	171	174	150	182	169	
198	194	157	164	175	187	196	184	
185	155	150	193	168	183	196	179	
157	155	178	184	151	197	188	180	
164	177	170	156	175	180	191	152	
192	197	173	191	158	182	175	188	
180	157	185	172	184	195	165	175	
217	212	249	213	225	207	232	209	
221	237	239	228	211	245	209	247	
211	223	225	247	244	237	214	204	
246	205	217	220	224	235	232	216	
222	208	202	247	243	211	219	239	
219	237	210	211	212	208	205	203	
235	226	245	207	223	249	240	234	
234	225	233	239	247	221	246	201	
238	218	202	234	237	233	214	248	
216	208	200	221	210	236	202	219	
225	202	205	207	227	230	220	203	
232	239	224	233	217	235	225	220	
200	239	230	223	241	238	202	219	
224	223	210	215	208	232	228	217	
243	237	236	201	221	215	203	209	
217	239	220	205	216	245	227	223	
216	230	212	242	217	218	236	214	
248	206	209	232	208	215	218	216	
205	237	230	241	209	229	217	212	
201	233	249	229	203	207	220	212	
201	245	239	214	200	220	210	217	
219	205	226	200	245	220	232	201	
235	244	239	233	241	240	210	237	
205	227	213	209	234	249	223	219	
212	236	231	220	219	247	237	207	
239	212	200	248	222	204	216	203	
229	249	200	233	239	204	237	215	
219	235	207	231	210	244	237	213	
233	217	213	234	210	241	246	232	
231	225	238	239	233	245	200	222	
239	224	218	207	234	233	211	217	
205	234	233	217	211	249	222	237	
214	230	236	209	203	249	233	240	
240	232	222	229	246	241	230	243	
206	219	221	230	244	239	232	225	
237	247	231	223	200	214	226	202	
211	222	220	216	231	209	208	213	
217	240	231	234	248	236	243	214	
225	226	232	247	217	211	223	238	
240	244	241	208	230	204	222	216	
211	242	218	212	203	213	206	208	
203	231	204	212	219	243	249	202	
210	226	200	203	245	229	204	232	
208	234	226	214	238	211	225	219	
217	206	239	242	204	235	201	213	
231	249	211	238	237	229	222	230	
243	240	225	219	205	230	210	239	
229	232	231	243	223	249	239	208	
220	239	204	230	235	222	208	236	
225	220	247	230	229	246	207	245	
297	277	256	294	271	263	281	268	
269	273	261	298	290	268	271	256	
280	279	282	292	261	281	293	252	
266	297	255	262	257	279	264	272	
296	291	262	285	270	274	288	283	
282	257	273	254	297	251	280	272	
268	299	283	288	261	270	290	287	
267	266	272	292	257	258	254	279	
254	269	299	255	268	261	252	281	
278	283	292	276	275	293	287	252	
284	278	292	291	274	262	269	256	
274	257	272	289	292	263	266	265	
274	296	269	277	292	253	255	290	
266	291	282	286	297	277	290	260	
268	283	288	282	281	256	272	296	
272	291	289	279	288	277	296	285	
261	297	267	291	298	285	279	258	
283	292	263	256	294	287	258	264	
261	265	272	293	266	264	259	276	
271	285	294	288	270	289	252	290	
292	296	285	295	264	277	261	293	
287	285	288	262	276	278	281	254	
275	292	278	284	293	257	290	291	
296	267	251	266	285	255	259	273	
292	283	261	286	279	274	253	273	
267	283	288	281	261	256	282	255	
268	274	282	256	271	273	279	251	
263	273	270	275	260	286	297	292	
272	277	273	297	253	263	290	283	
252	259	276	298	275	293	260	251	
273	293	260	297	294	277	265	295	
270	267	285	278	273	258	292	298	
273	252	284	267	256	277	253	296	
273	282	287	278	250	258	251	271	
269	266	291	255	274	265	250	279	
257	297	274	288	256	261	294	293	
267	255	271	256	289	272	251	257	
269	261	266	285	291	296	298	299	
292	257	296	277	274	293	268	269	
272	261	267	290	260	255	298	279	
254	281	261	263	295	292	253	274	
260	292	255	268	273	266	299	278	
253	250	263	272	289	275	271	269	
275	295	277	297	250	266	273	272	
297	267	290	266	285	255	250	263	
282	286	292	280	260	251	278	289	
285	279	262	264	296	252	280	265	
283	289	287	252	296	276	266	254	
265	294	276	291	267	281	263	272	
274	260	259	271	294	275	266	289	
311	346	322	313	344	331	303	312	
336	345	331	315	311	303	333	306	
341	318	348	326	304	331	307	329	
318	308	326	313	324	331	320	325	
312	322	314	337	319	324	309	302	
339	342	344	334	309	313	303	346	
323	313	334	305	342	339	344	326	
339	322	335	330	303	318	326	337	
327	341	305	324	308	310	313	347	
325	327	302	346	345	313	335	343	
334	316	341	329	333	305	302	309	
313	315	330	338	319	304	324	346	
335	306	320	312	326	302	329	347	
337	320	339	301	341	335	329	303	
317	349	324	321	339	344	329	328	
338	347	308	312	325	322	327	306	
301	326	303	343	328	324	310	307	
320	312	319	339	304	318	307	300	
301	321	326	320	346	314	332	341	
336	323	306	345	349	303	328	342	
348	343	331	344	336	327	312	332	
301	338	332	319	347	341	316	314	
303	340	311	341	333	322	316	307	
337	321	331	346	304	335	328	327	
332	347	330	338	344	302	331	346	
346	329	332	310	327	300	324	317	
341	321	335	340	308	349	307	314	
343	306	317	345	344	339	303	305	
313	324	315	307	333	327	300	302	
308	349	333	334	343	342	306	338	
332	313	309	333	340	318	312	307	
306	314	308	315	346	347	302	334	
336	330	349	319	313	335	339	311	
314	337	327	334	317	305	313	343	
331	330	342	319	326	337	313	309	
300	314	334	344	323	349	333	315	
340	304	317	300	311	322	334	321	
309	311	321	303	330	337	348	315	
316	341	323	308	347	312	319	303	
346	308	328	349	323	302	340	330	
324	320	321	307	334	328	332	308	
331	319	335	325	338	326	324	303	
314	325	339	321	329	315	344	333	
301	310	346	321	339	300	340	343	
306	339	320	327	335	337	317	345	
311	346	341	317	305	309	334	314	
321	342	344	311	331	325	303	349	
328	338	330	309	306	303	335	314	
328	340	302	315	334	348	304	309	
315	333	325	341	347	310	307	327	
360	395	392	384	375	398	373	354	
373	353	363	391	390	364	395	389	
361	358	390	383	364	354	391	389	
377	358	362	390	354	370	395	368	
399	364	389	390	377	381	386	393	
350	354	351	356	362	367	360	364	
373	368	365	366	389	381	380	374	
378	391	395	396	374	370	397	366	
399	361	366	355	392	374	372	371	
373	378	382	397	351	399	350	394	
396	374	380	351	368	397	376	395	
357	394	363	383	359	355	381	389	
386	373	357	391	376	395	399	393	
356	386	368	390	395	358	357	393	
380	370	386	393	364	356	397	371	
397	378	384	374	399	355	365	373	
384	387	392	399	370	350	388	378	
398	350	376	366	362	356	377	373	
390	352	399	397	383	393	364	391	
387	399	372	389	358	393	357	379	
381	370	390	371	360	352	367	396	
390	380	392	387	375	367	350	377	
385	369	379	393	356	375	359	367	
390	396	377	368	354	353	351	379	
372	398	394	356	368	358	371	364	
372	382	352	356	379	390	377	362	
389	382	368	369	373	386	350	353	
350	398	394	353	352	388	359	369	
386	368	377	389	398	394	365	383	
366	351	355	370	389	356	353	376	
391	367	396	399	365	351	386	370	
376	357	356	384	381	362	371	380	
351	374	396	397	362	390	393	357	
354	378	380	351	363	389	381	393	
379	373	372	390	363	370	377	360	
375	370	378	366	376	354	382	377	
362	394	356	391	361	367	383	358	
366	397	390	368	398	375	385	389	
366	369	395	362	367	397	385	396	
379	387	395	377	376	382	390	356	
399	362	377	363	388	393	356	353	
397	387	395	357	396	360	356	380	
362	352	365	363	354	399	350	368	
375	387	384	398	364	366	368	373	
355	367	356	369	362	390	393	368	
393	376	394	366	375	351	364	398	
380	396	369	359	363	364	352	376	
385	351	361	386	366	376	353	379	
389	356	377	366	378	363	384	374	
395	380	389	363	394	387	373	398	
416	407	431	413	448	445	408	442	
440	415	443	402	437	404	422	409	
415	448	425	449	412	438	428	441	
435	403	430	407	409	423	419	438	
439	440	402	448	408	405	414	449	
436	416	407	409	434	448	424	413	
403	448	416	444	449	401	411	435	
438	423	410	425	414	419	429	402	
406	404	420	426	438	403	407	411	
401	409	424	431	418	427	419	441	
441	412	418	449	436	407	411	406	
447	419	445	402	432	424	442	443	
438	403	418	442	410	416	434	412	
401	413	403	402	439	442	400	404	
446	417	437	444	411	420	424	432	
421	431	440	406	434	436	443	408	
419	441	408	417	431	448	446	438	
420	444	428	437	439	410	443	402	
437	441	419	442	413	436	421	425	
413	424	444	409	439	440	441	430	
447	428	420	425	442	449	429	415	
434	438	433	443	426	436	428	410	
406	442	432	423	427	436	425	441	
423	426	416	400	421	434	406	436	
420	427	434	439	407	444	436	433	
448	437	421	428	400	420	412	445	
438	416	419	422	448	400	406	405	
415	405	419	403	449	404	402	438	
445	447	449	412	434	429	439	438	
401	431	432	448	426	436	433	409	
446	407	422	439	403	402	427	419	
400	433	439	426	428	415	419	449	
432	412	406	433	429	413	403	447	
432	411	448	436	419	439	427	445	
404	437	425	417	435	403	424	448	
448	437	426	449	439	434	443	400	
427	448	409	439	429	407	438	446	
417	405	438	447	431	404	401	414	
403	416	412	402	404	431	449	425	
408	434	441	404	405	443	401	440	
434	428	449	444	419	441	437	429	
409	417	418	443	427	412	407	415	
448	442	419	408	422	405	418	412	
407	439	436	428	411	410	444	414	
416	410	433	443	400	413	415	406	
418	413	436	425	410	438	445	415	
440	437	405	422	416	411	407	401	
401	415	448	439	440	442	418	443	
424	409	446	433	445	412	401	436	
422	420	410	419	407	408	427	400	
459	476	485	483	490	499	491	477	
471	484	489	494	477	467	481	496	
465	466	486	471	484	478	456	452	
482	460	489	484	462	477	492	475	
458	456	470	499	491	490	473	489	
459	464	498	486	489	466	479	469	
468	460	452	463	469	491	455	457	
460	482	455	462	484	491	483	464	
462	470	456	495	494	483	453	492	
474	465	479	466	473	482	497	468	
475	496	461	470	465	484	460	472	
488	472	450	473	490	485	492	471	
487	467	465	471	493	474	462	461	
455	471	474	469	465	478	496	476	
498	473	481	488	468	463	460	484	
498	450	475	495	466	470	482	469	
453	482	475	481	483	486	458	466	
498	486	477	483	457	455	465	475	
481	460	480	483	464	497	450	487	
467	487	476	454	474	457	492	470	
468	469	463	465	478	457	481	452	
498	464	466	459	490	468	473	458	
491	490	477	479	465	483	487	498	
456	468	465	488	483	460	452	480	
460	470	496	471	474	488	492	491	
486	473	493	485	489	450	462	470	
492	457	452	489	476	456	498	473	
465	467	483	486	470	493	476	482	
468	488	470	457	459	453	476	454	
488	467	450	453	463	462	456	459	
484	493	459	455	478	456	491	469	
458	481	471	487	457	464	477	463	
461	469	487	463	476	457	450	475	
457	455	465	453	458	472	461	469	
455	489	485	493	486	457	497	494	
476	493	484	452	481	469	475	464	
468	457	458	476	453	470	472	496	
462	470	464	476	472	451	479	455	
479	474	464	454	460	458	468	476	
486	479	452	473	453	485	475	488	
477	450	471	469	498	496	463	465	
484	475	468	479	492	496	477	464	
472	466	496	464	481	497	492	478	
489	468	462	492	480	470	466	461	
497	463	461	457	464	473	468	460	
476	454	467	472	493	468	477	486	
480	483	458	473	453	488	495	482	
498	452	466	461	496	467	456	497	
461	474	467	476	489	451	452	485	
488	457	477	478	494	496	479	484	
