42	47	0	19	34	46	
29	20	1	24	33	45	
16	2	0	1	25	7	
44	1	47	35	8	43	
49	16	38	11	3	8	
18	6	19	33	4	22	
6	47	33	37	36	43	
21	19	45	37	36	5	
29	22	47	33	27	36	
25	32	21	31	28	27	
41	23	6	29	13	24	
49	30	23	17	32	6	
25	30	2	23	36	46	
44	30	22	48	6	0	
20	22	6	18	29	25	
20	10	27	8	36	22	
20	41	18	5	35	15	
38	14	0	3	8	45	
18	14	13	41	21	37	
28	21	46	12	29	2	
25	49	22	7	48	15	
22	13	2	0	31	11	
16	1	46	49	21	3	
25	3	43	40	12	11	
42	48	28	43	49	37	
38	44	30	22	6	31	
42	47	49	5	35	32	
4	7	41	27	6	5	
46	17	24	47	11	37	
46	49	23	33	29	9	
11	35	19	20	46	12	
39	1	34	14	6	30	
26	40	36	18	42	11	
18	6	43	35	27	3	
4	9	12	38	20	41	
45	41	38	5	31	22	
11	3	26	16	37	42	
34	38	8	18	24	7	
14	23	40	7	32	12	
11	45	17	34	24	30	
14	19	37	9	48	39	
33	0	21	22	29	49	
15	25	17	41	48	31	
11	19	22	25	41	17	
10	26	47	44	3	40	
11	8	15	47	26	13	
41	1	29	13	49	42	
38	1	44	48	5	37	
1	38	36	32	40	5	
29	0	1	15	22	46	
96	91	82	71	83	65	
53	97	91	79	92	68	
96	88	52	87	51	86	
69	78	92	99	52	83	
55	51	75	72	54	96	
94	58	68	52	82	67	
82	91	93	90	77	68	
99	98	87	89	55	84	
90	85	57	94	64	56	
79	72	90	86	82	50	
73	66	59	62	61	67	
52	72	83	62	50	55	
68	99	66	78	72	56	
92	91	57	50	85	58	
65	71	89	74	98	80	
99	70	62	75	92	87	
82	77	99	71	89	55	
73	82	64	77	81	66	
58	87	99	80	53	67	
74	92	55	82	70	59	
95	51	71	81	73	84	
64	97	52	73	51	95	
95	65	55	71	73	84	
84	91	55	73	99	72	
72	83	66	61	95	58	
53	75	87	74	52	56	
94	79	82	86	64	72	
65	95	94	56	61	80	
80	55	96	84	53	87	
84	86	90	59	54	50	
96	88	72	62	71	58	
60	50	93	71	86	97	
94	67	60	88	91	59	
56	60	89	86	99	72	
57	68	75	94	98	87	
53	96	66	71	76	75	
71	76	82	86	97	51	
91	52	92	69	77	90	
79	95	52	63	68	77	
69	53	96	76	78	94	
95	69	52	65	89	71	
77	56	87	72	70	63	
58	59	53	83	65	71	
86	82	61	76	77	71	
99	61	64	93	80	82	
99	53	60	65	79	85	
78	50	74	85	86	58	
71	69	55	67	91	92	
53	69	78	67	93	54	
62	70	69	76	77	75	
111	118	148	131	125	121	
136	129	145	138	130	134	
104	136	115	135	130	107	
114	138	148	119	110	115	
130	143	137	148	128	120	
142	149	147	124	126	120	
101	138	119	140	134	100	
114	146	105	143	115	117	
117	123	100	105	128	127	
130	140	127	136	133	135	
133	138	111	130	125	113	
114	145	129	132	105	131	
121	123	129	148	143	127	
141	134	106	136	101	142	
127	109	115	107	122	148	
108	133	106	102	145	104	
137	101	130	120	132	142	
148	122	102	131	119	108	
137	132	111	134	139	125	
121	124	119	126	107	125	
105	145	100	144	113	140	
138	118	146	102	133	148	
134	124	119	106	110	123	
149	135	106	115	120	118	
114	103	135	116	100	147	
121	114	107	124	129	118	
143	109	136	119	112	134	
111	102	149	109	132	142	
108	149	100	120	112	116	
127	149	126	123	105	133	
129	122	119	116	128	132	
100	101	146	124	112	141	
135	106	104	102	117	112	
105	136	108	104	146	133	
145	120	104	108	105	143	
115	110	121	127	101	111	
108	111	136	142	127	110	
142	133	147	130	109	108	
144	120	102	126	133	107	
127	109	136	149	115	106	
118	138	101	143	120	114	
145	139	146	104	106	126	
142	144	139	134	100	108	
101	128	131	123	127	107	
136	104	124	105	149	142	
123	144	101	103	106	127	
130	139	122	149	101	143	
148	116	132	149	133	108	
109	104	108	134	121	123	
108	139	117	134	125	112	
192	172	194	165	181	195	
164	151	198	175	166	183	
152	161	164	163	150	180	
182	172	156	157	165	163	
171	155	197	167	183	157	
162	159	168	174	158	176	
153	189	158	179	186	167	
151	157	174	163	194	198	
169	166	157	168	182	165	
159	191	178	156	176	190	
176	184	163	156	153	182	
174	171	155	165	184	175	
163	169	171	180	181	192	
169	193	177	195	179	170	
184	181	150	188	157	179	
156	161	190	170	167	189	
167	186	173	189	156	193	
181	156	185	169	172	191	
170	175	160	178	171	192	
171	193	163	153	160	167	
169	194	198	152	157	151	
199	196	173	163	171	183	
154	199	173	193	152	192	
178	159	181	177	151	179	
152	167	154	168	186	194	
160	166	171	179	173	177	
184	178	172	158	171	188	
194	159	160	165	172	154	
150	184	187	197	160	154	
193	164	153	178	177	176	
165	195	157	166	180	155	
151	194	150	171	170	172	
179	160	193	186	150	155	
184	173	160	163	161	183	
181	165	188	179	176	180	
186	152	181	156	197	199	
171	154	188	165	167	192	
189	162	197	196	171	168	
158	187	191	166	157	192	
185	190	193	183	176	165	
150	187	168	193	186	194	
155	161	179	166	167	188	
161	190	155	191	185	157	
163	184	162	192	194	197	
198	194	182	197	162	181	
175	182	174	194	166	183	
193	160	159	186	155	183	
191	157	171	195	174	197	
161	195	188	173	162	150	
189	164	153	187	155	166	
238	223	202	209	221	231	
226	216	202	211	208	232	
238	224	233	240	245	222	
217	227	209	249	231	226	
237	200	207	232	216	213	
228	210	232	225	206	215	
236	233	205	217	246	206	
235	226	228	244	233	218	
216	244	236	204	219	247	
230	228	247	229	240	215	
206	219	232	217	244	202	
218	239	241	205	226	249	
235	234	242	206	223	240	
211	224	204	200	227	220	
208	230	229	204	247	216	
200	235	205	227	246	208	
204	242	237	205	235	222	
239	204	213	221	241	229	
237	227	202	230	216	217	
208	209	243	207	220	221	
204	213	244	223	200	238	
242	212	203	213	228	208	
227	233	248	245	228	211	
215	232	243	207	248	227	
230	233	240	205	222	232	
202	226	220	205	211	238	
207	217	211	241	230	238	
247	201	232	211	219	222	
214	230	235	218	242	224	
216	208	227	212	206	224	
243	206	217	204	223	216	
230	201	246	216	232	204	
201	239	212	248	221	214	
210	206	212	225	242	222	
217	235	213	206	233	234	
220	234	228	243	226	245	
218	202	230	220	206	236	
205	234	236	225	218	222	
221	223	239	207	233	242	
227	219	235	242	238	243	
232	204	233	220	217	224	
203	247	214	212	243	209	
206	208	231	225	248	237	
204	228	248	243	225	200	
241	218	223	214	201	210	
225	228	211	233	212	246	
206	219	218	221	248	213	
229	247	209	207	244	238	
242	224	202	206	243	244	
221	249	217	219	233	246	
285	259	255	273	288	272	
272	299	252	295	293	271	
269	281	263	293	252	274	
278	257	264	293	294	279	
293	269	292	278	254	284	
287	293	266	258	290	277	
254	262	253	276	266	265	
270	292	286	296	268	289	
292	276	255	290	281	250	
271	255	284	278	272	258	
297	267	258	269	261	292	
287	255	282	259	272	256	
298	258	277	264	259	281	
256	266	271	288	291	283	
282	272	296	256	252	294	
276	274	269	270	253	271	
295	280	289	298	269	268	
282	266	274	290	295	288	
295	261	297	288	285	274	
260	286	268	251	252	271	
285	286	274	270	296	295	
280	282	273	263	275	299	
272	251	278	275	277	256	
267	298	272	252	268	269	
254	273	264	269	257	258	
282	290	293	291	262	277	
254	260	269	258	292	295	
266	294	296	265	269	293	
287	272	267	279	260	299	
269	294	295	293	299	266	
278	270	250	296	286	290	
275	281	283	257	276	259	
264	267	295	289	273	281	
296	254	282	299	260	276	
254	274	295	257	297	279	
279	270	260	293	258	259	
274	254	259	277	264	272	
299	292	278	289	272	262	
297	276	274	250	273	277	
291	287	255	283	263	282	
253	259	266	287	268	276	
267	287	271	281	283	269	
295	262	284	285	274	286	
287	296	268	273	288	266	
252	287	289	270	272	269	
250	269	252	265	293	286	
277	261	276	251	250	298	
265	294	280	291	282	256	
250	273	270	285	278	253	
281	258	285	290	272	295	
345	331	316	318	321	308	
316	325	342	315	306	303	
307	342	345	314	325	335	
303	311	302	308	315	334	
318	327	310	322	333	300	
345	323	310	326	311	334	
314	311	340	328	323	342	
332	347	342	308	322	314	
311	301	303	346	338	327	
322	307	342	302	300	321	
312	317	328	340	344	347	
308	323	319	345	347	322	
315	339	329	324	321	318	
338	343	339	337	304	308	
320	331	318	301	316	306	
348	344	309	307	330	331	
308	347	344	312	337	321	
311	328	343	344	339	302	
308	325	328	314	307	311	
336	335	322	343	338	329	
307	317	331	335	348	318	
326	311	339	341	334	303	
332	328	312	308	342	325	
348	337	311	338	341	343	
302	308	315	329	343	304	
324	339	345	331	347	348	
322	311	314	333	326	341	
310	329	334	315	316	323	
344	349	306	310	343	312	
303	320	308	343	345	340	
312	309	300	323	306	337	
329	342	325	312	340	304	
314	302	307	315	349	325	
323	305	339	315	311	336	
314	339	348	327	325	345	
328	300	337	349	339	318	
302	319	324	331	325	308	
338	337	349	343	300	323	
304	328	313	324	347	342	
348	328	319	349	344	303	
332	335	344	308	309	323	
335	337	304	330	315	306	
326	347	327	336	310	344	
310	317	313	316	305	326	
342	336	348	324	330	301	
301	305	326	330	343	341	
327	326	300	345	316	314	
308	345	335	319	322	330	
331	326	320	339	348	349	
306	344	324	340	325	338	
367	368	361	385	386	374	
374	377	399	388	362	372	
381	353	352	380	385	357	
392	397	365	387	395	389	
389	373	353	394	360	395	
382	383	361	369	389	367	
398	386	353	362	359	361	
364	365	377	396	399	372	
359	376	390	353	362	373	
396	380	372	381	352	364	
379	357	365	383	394	390	
372	398	391	376	356	354	
377	365	357	356	367	371	
369	394	393	354	380	367	
382	366	357	384	356	383	
396	368	391	374	362	395	
352	356	372	386	350	362	
367	356	364	393	354	362	
389	392	396	394	372	371	
398	375	399	365	384	392	
375	357	366	353	381	362	
380	370	381	376	394	371	
395	377	365	358	393	351	
353	356	387	380	360	354	
399	389	397	395	353	358	
364	384	387	356	375	377	
372	387	383	356	370	369	
359	363	353	389	362	394	
364	388	358	374	373	397	
395	354	373	397	377	362	
365	364	391	376	384	373	
369	350	391	377	386	359	
399	353	380	392	362	373	
359	355	366	390	387	376	
387	396	377	390	378	369	
350	390	379	389	371	366	
370	352	355	371	357	379	
395	373	381	360	399	385	
380	387	388	389	395	394	
364	367	351	352	392	366	
359	369	375	377	357	373	
398	382	364	397	389	368	
386	390	395	375	368	378	
389	380	363	364	387	357	
376	369	360	352	396	354	
381	382	367	359	377	392	
378	396	373	394	361	386	
357	391	393	394	363	371	
376	351	374	380	373	396	
356	362	353	387	385	399	
422	414	413	430	447	448	
412	422	423	430	424	442	
421	422	432	407	444	433	
428	418	438	444	408	409	
433	427	417	403	413	409	
415	440	417	425	428	419	
436	435	445	414	404	421	
406	444	402	404	413	440	
412	430	429	435	437	434	
429	433	416	424	448	421	
431	440	443	432	418	404	
435	437	436	406	407	420	
403	408	437	415	421	430	
431	430	410	411	434	416	
438	416	431	448	442	414	
400	413	443	425	426	442	
444	403	430	417	448	420	
434	408	414	410	447	403	
426	436	428	423	429	406	
435	425	424	421	420	407	
404	418	423	413	429	445	
411	422	401	434	402	439	
422	432	402	436	425	403	
445	440	442	411	403	437	
416	440	432	429	403	406	
438	424	418	445	404	409	
447	446	408	437	445	431	
404	426	408	401	423	433	
413	421	405	429	425	442	
401	404	442	434	428	409	
439	412	434	421	430	402	
425	400	448	442	439	405	
409	408	400	411	433	446	
420	440	434	415	408	424	
434	444	415	446	405	407	
435	405	448	444	431	417	
435	433	434	411	400	444	
417	441	406	439	404	414	
409	435	412	428	414	437	
418	416	405	432	408	425	
437	436	423	411	410	440	
410	415	432	417	411	437	
444	431	421	422	440	435	
426	440	400	439	411	425	
413	428	407	401	405	409	
405	447	406	427	434	436	
409	441	426	424	431	442	
448	447	410	439	430	420	
419	402	445	438	409	449	
440	431	412	442	405	437	
479	484	476	465	493	466	
458	489	481	477	452	488	
452	485	486	461	467	454	
460	454	496	450	455	492	
474	473	463	495	496	460	
492	483	470	473	498	482	
452	490	477	499	471	479	
476	479	482	484	459	452	
485	496	470	484	483	452	
483	490	494	458	480	467	
456	475	492	464	450	459	
456	482	485	462	464	487	
489	460	478	455	477	492	
497	482	476	488	481	474	
451	498	456	491	477	487	
487	477	496	471	465	492	
498	452	467	483	461	474	
482	485	450	480	469	479	
474	464	452	492	484	499	
491	463	458	480	495	468	
460	479	471	470	452	486	
482	458	463	468	490	493	
464	474	455	481	466	489	
467	461	487	451	462	497	
499	494	451	469	452	479	
472	466	455	468	481	492	
475	481	499	457	486	489	
486	493	489	457	466	496	
495	476	480	489	459	457	
476	483	484	467	495	499	
463	452	459	485	496	454	
488	475	450	458	462	490	
457	491	454	465	470	496	
488	478	493	487	476	475	
452	460	492	463	458	450	
453	472	469	486	479	494	
499	468	480	491	460	467	
474	475	477	467	465	486	
458	459	463	478	454	483	
464	460	472	461	475	499	
472	498	482	457	485	458	
468	486	493	467	460	464	
471	494	453	454	480	464	
480	451	479	488	482	477	
485	463	452	498	478	455	
477	455	460	498	473	490	
490	486	496	482	499	462	
457	454	493	463	489	455	
461	470	476	477	460	462	
479	478	494	497	481	452	
38	1	27	12	39	7	34	
18	27	13	25	2	6	0	
11	47	6	29	10	20	42	
36	43	33	45	10	7	12	
14	30	7	1	41	10	38	
41	22	14	36	18	11	44	
0	28	23	15	47	48	3	
42	10	43	34	36	4	12	
6	24	29	12	11	30	18	
22	43	26	28	16	21	4	
6	13	15	19	39	12	43	
12	43	41	8	16	27	10	
48	0	37	23	12	22	43	
2	31	41	8	29	5	32	
45	34	5	26	32	14	41	
28	16	39	14	29	15	27	
46	32	29	42	38	20	1	
49	5	23	40	2	8	14	
27	16	29	2	31	9	26	
9	32	41	0	44	27	17	
21	49	6	28	9	20	10	
36	10	23	29	37	9	30	
15	0	46	41	22	23	18	
40	33	26	13	23	45	6	
28	37	12	17	31	7	41	
39	25	45	12	22	41	5	
18	1	42	45	24	6	15	
22	10	3	11	9	26	44	
34	28	4	8	1	44	38	
38	8	42	46	30	39	13	
37	10	31	9	43	46	30	
19	18	11	14	37	29	3	
30	16	4	34	10	13	15	
35	11	48	49	7	1	22	
37	30	33	17	47	0	12	
29	6	19	17	5	26	14	
39	16	11	8	2	49	28	
8	35	49	45	44	47	24	
47	28	18	20	7	1	30	
40	21	19	14	13	20	44	
47	29	3	10	25	16	18	
5	22	3	10	23	39	0	
43	23	35	26	8	14	9	
41	10	45	11	44	20	4	
10	32	18	1	7	11	17	
24	13	47	3	42	18	49	
5	16	19	45	14	13	8	
26	9	17	39	3	35	14	
48	25	21	27	1	19	22	
6	15	7	10	36	34	24	
59	94	51	95	61	92	86	
76	55	50	66	51	89	62	
61	78	69	80	90	77	65	
80	66	78	72	65	93	70	
58	54	69	87	84	80	96	
87	54	69	75	63	86	56	
76	74	86	65	73	68	62	
72	86	77	90	87	79	84	
87	99	65	54	51	67	77	
90	74	58	96	88	81	97	
93	63	91	73	77	69	83	
95	51	83	53	66	67	59	
93	58	95	67	97	83	73	
77	69	67	74	52	92	72	
59	63	92	85	84	54	68	
86	75	94	91	58	95	90	
92	76	88	77	66	59	94	
87	72	83	56	99	65	90	
84	72	85	56	67	51	66	
74	56	85	82	67	73	88	
53	75	66	68	88	91	64	
54	55	64	51	62	66	81	
73	88	86	65	66	82	76	
88	93	57	65	89	75	66	
71	95	68	86	77	55	67	
69	58	53	68	75	82	61	
99	91	78	87	57	65	97	
99	71	69	75	96	72	97	
62	60	91	93	90	92	71	
55	79	91	53	66	69	82	
67	90	95	60	76	57	78	
59	85	98	51	84	83	64	
70	69	58	85	63	74	54	
97	79	87	82	88	72	95	
50	80	75	82	94	90	96	
87	77	81	69	89	53	52	
69	91	93	64	80	75	79	
77	75	99	51	58	78	72	
51	63	73	59	87	71	68	
94	96	62	71	74	52	97	
73	89	63	62	59	50	77	
59	52	53	78	89	74	56	
95	92	53	65	93	97	59	
50	65	95	68	59	64	54	
76	75	60	79	87	64	61	
56	54	57	51	68	79	70	
53	58	70	73	61	56	79	
88	95	85	63	98	82	89	
80	58	74	84	90	67	65	
71	80	63	99	66	81	79	
127	142	117	146	105	101	139	
138	119	125	147	143	134	133	
119	120	131	109	125	126	144	
131	140	123	144	134	139	148	
138	128	118	101	113	116	108	
146	121	107	112	114	110	127	
127	134	143	115	128	100	144	
118	113	126	102	110	132	140	
125	103	141	136	130	102	123	
120	146	100	134	131	127	122	
136	142	144	114	139	146	125	
122	141	113	129	104	146	117	
102	137	134	115	139	119	117	
108	107	139	102	142	117	123	
114	135	107	122	139	105	144	
141	144	149	116	107	132	145	
128	132	147	126	135	118	127	
109	126	123	102	104	132	121	
132	104	146	114	123	101	124	
144	149	130	135	103	125	100	
122	106	112	138	135	117	140	
114	120	140	115	132	141	135	
110	103	106	139	142	105	138	
136	128	130	146	114	122	143	
133	112	115	138	113	126	141	
140	146	111	148	101	105	123	
106	109	121	126	139	128	136	
148	117	106	142	136	126	119	
139	126	110	134	124	115	132	
102	100	123	113	126	104	134	
116	121	120	105	111	143	129	
117	124	128	143	122	149	130	
115	142	117	102	118	132	126	
107	134	135	130	121	142	149	
123	103	105	134	140	144	102	
137	129	143	113	126	135	110	
109	144	126	148	101	129	113	
108	115	130	133	113	137	118	
136	138	133	108	142	131	102	
104	136	115	139	125	128	108	
145	115	123	106	136	119	121	
109	110	103	141	132	125	106	
132	147	123	105	115	146	109	
142	129	112	134	116	141	126	
110	112	144	145	130	146	132	
134	131	145	138	146	113	102	
132	126	149	137	144	118	108	
105	138	112	131	146	106	141	
115	112	106	129	100	120	145	
113	109	135	125	146	147	117	
167	189	156	172	192	191	163	
153	177	159	164	199	152	184	
150	185	158	163	173	180	168	
172	164	176	198	182	185	153	
156	192	188	177	178	151	158	
164	174	197	177	165	187	184	
183	159	157	191	169	192	178	
185	176	181	160	172	194	170	
162	189	172	187	198	163	186	
170	172	193	161	164	176	177	
154	173	151	191	156	188	176	
152	161	173	194	191	174	181	
179	191	159	168	154	177	162	
173	164	150	196	194	197	187	
183	198	150	189	154	187	167	
177	172	157	189	156	196	191	
150	176	178	175	163	187	172	
194	164	154	185	168	167	170	
164	178	194	152	195	191	176	
151	174	190	171	192	195	191	
189	179	194	198	181	155	164	
188	151	180	185	186	192	181	
179	159	181	157	171	152	187	
172	162	161	193	163	159	174	
188	155	171	179	182	196	172	
168	156	191	199	161	186	162	
182	171	194	192	175	189	187	
152	188	186	177	169	160	179	
176	185	163	188	174	180	195	
191	178	164	171	192	177	165	
182	198	172	150	170	188	161	
190	159	191	188	193	176	158	
183	162	164	170	169	150	196	
150	152	182	198	191	167	164	
187	199	177	152	186	183	179	
176	178	170	196	166	163	165	
169	154	186	191	161	172	151	
164	161	191	159	194	199	183	
178	159	163	186	179	174	158	
157	172	160	198	176	187	164	
186	184	157	160	180	159	170	
185	184	158	164	171	150	155	
150	156	183	180	197	181	195	
176	180	150	196	162	175	199	
197	178	185	164	194	175	153	
150	191	182	166	177	193	178	
193	190	196	170	163	180	189	
153	152	186	195	160	182	184	
194	195	185	178	180	182	172	
167	190	176	166	180	160	178	
237	243	229	249	200	228	247	
206	240	204	228	233	219	235	
236	245	210	203	213	244	248	
241	243	228	231	225	240	227	
243	210	233	242	204	234	229	
212	245	201	231	219	221	215	
227	244	216	249	208	247	241	
221	249	220	208	226	235	203	
210	230	238	228	212	246	217	
247	246	230	224	213	233	238	
218	245	200	232	216	244	236	
202	232	247	209	227	218	241	
200	238	224	230	247	210	213	
245	202	221	201	216	247	217	
219	247	214	209	224	243	225	
242	238	246	228	237	234	207	
217	242	231	210	230	244	228	
226	223	211	236	249	201	227	
240	238	241	243	237	220	248	
225	207	213	217	231	232	200	
216	225	239	248	228	210	207	
208	223	214	229	210	212	226	
238	226	239	248	223	246	233	
249	202	222	228	217	246	214	
224	223	207	246	216	248	236	
231	203	238	235	220	215	227	
238	232	204	223	220	248	240	
214	239	204	228	208	232	246	
234	236	224	235	241	249	230	
248	239	243	232	210	216	213	
246	218	203	231	207	209	240	
207	214	225	244	241	242	247	
220	225	218	212	216	222	241	
214	248	236	247	209	243	202	
235	213	249	234	205	217	229	
214	237	239	228	219	226	245	
246	215	234	226	223	238	227	
211	217	213	203	208	228	220	
232	246	209	244	203	204	228	
248	247	239	246	223	201	206	
207	218	244	208	227	239	243	
249	243	242	202	235	218	241	
212	243	201	215	209	237	232	
235	219	249	211	233	226	218	
239	209	218	217	219	226	234	
231	200	218	208	203	204	226	
207	246	216	210	202	204	200	
242	200	248	214	230	226	241	
237	231	239	246	242	228	227	
247	232	211	214	221	220	229	
267	287	259	278	266	298	289	
285	256	275	271	289	265	280	
267	271	254	289	276	291	284	
251	296	260	299	298	297	253	
270	290	258	294	256	276	292	
253	251	264	265	277	270	280	
260	292	274	270	279	267	261	
267	271	275	266	290	278	293	
255	261	296	282	274	289	267	
281	264	253	282	279	250	290	
256	269	265	264	295	285	254	
282	272	263	296	288	268	280	
256	270	268	298	277	285	259	
280	291	275	282	285	265	283	
288	251	282	285	287	258	271	
276	251	252	282	270	283	296	
267	283	258	287	272	289	270	
297	276	299	265	275	258	261	
285	273	286	258	288	297	293	
264	272	282	261	290	257	254	
293	265	282	256	295	275	297	
275	299	259	283	289	258	269	
270	286	262	266	255	288	253	
252	262	259	267	298	276	299	
280	296	274	270	281	263	273	
276	258	251	274	285	252	266	
257	273	272	290	259	274	250	
259	273	262	298	282	280	294	
289	261	279	264	254	292	285	
261	285	297	260	255	273	268	
266	289	281	297	252	298	270	
298	273	281	284	259	263	286	
273	257	291	296	283	250	267	
260	285	273	256	298	295	255	
262	299	295	280	261	282	270	
292	268	271	290	256	258	263	
292	268	271	253	280	262	294	
259	252	278	285	264	294	260	
270	290	266	286	297	250	280	
273	288	291	258	278	279	252	
279	264	252	284	251	268	290	
295	284	276	285	264	281	291	
282	290	284	272	274	299	292	
285	286	291	297	258	278	296	
274	261	284	299	296	291	258	
250	292	261	276	255	279	298	
293	271	283	261	254	277	264	
282	261	258	288	273	263	296	
252	273	293	279	260	259	283	
266	290	289	265	297	275	280	
340	314	307	310	342	301	320	
308	331	316	328	334	341	349	
328	336	315	326	334	331	325	
316	300	320	340	338	307	327	
314	345	311	336	308	315	334	
330	312	306	336	308	334	331	
333	337	347	309	322	332	336	
319	346	331	321	332	322	315	
304	306	309	342	300	301	344	
306	323	310	327	347	331	318	
328	329	348	344	319	300	310	
311	325	315	322	332	302	337	
346	347	340	322	319	345	316	
313	341	338	340	343	322	314	
332	301	303	304	321	305	324	
331	303	328	340	333	301	334	
301	347	349	318	312	309	344	
318	316	331	300	311	305	333	
315	325	312	321	346	336	348	
331	330	334	303	327	314	313	
341	337	333	321	340	335	336	
303	346	312	320	327	344	336	
317	336	338	335	326	307	329	
340	312	305	332	301	319	306	
335	346	348	315	303	336	306	
314	305	345	309	302	344	329	
338	336	308	345	302	337	309	
312	326	304	328	308	321	343	
301	315	308	312	303	334	339	
322	333	340	305	329	347	342	
311	310	301	304	312	335	302	
301	302	336	316	319	344	329	
320	334	327	339	314	325	321	
330	319	310	321	328	327	343	
327	324	316	315	348	313	345	
305	326	302	348	312	328	335	
318	337	330	317	339	338	336	
323	333	349	346	304	331	310	
305	306	319	300	348	303	345	
314	320	315	344	321	310	348	
301	330	329	321	305	335	347	
300	310	346	341	302	327	335	
339	307	312	325	311	306	316	
331	348	319	342	317	304	327	
326	316	302	305	327	348	342	
322	333	340	321	304	320	305	
305	340	321	349	343	344	317	
347	346	338	305	349	302	342	
344	325	336	308	317	332	301	
334	339	304	342	327	340	306	
391	355	382	388	365	367	380	
369	372	355	395	351	378	370	
350	370	380	357	374	381	360	
372	350	369	375	390	358	398	
382	389	399	371	353	375	358	
396	365	373	387	388	379	350	
397	377	385	392	355	381	396	
377	394	391	399	364	354	386	
359	371	377	387	361	360	391	
396	363	387	378	355	358	394	
390	367	396	350	383	395	359	
391	395	379	370	385	373	398	
355	352	372	371	393	383	390	
350	360	377	397	366	357	364	
366	352	399	389	357	371	365	
358	360	359	397	389	375	376	
377	358	395	378	352	364	374	
358	396	381	395	380	366	352	
384	378	355	363	387	361	369	
392	398	365	381	351	399	350	
367	375	388	399	364	378	389	
386	394	388	375	382	372	367	
369	358	393	392	352	357	378	
351	354	376	352	371	383	382	
393	367	368	353	395	388	360	
394	370	386	374	396	376	393	
372	355	387	369	365	398	373	
389	380	375	379	381	359	360	
364	385	361	395	383	371	390	
385	358	377	366	356	372	398	
382	367	356	385	374	389	351	
364	389	395	390	393	367	359	
396	362	394	359	361	358	382	
399	381	382	392	389	354	350	
355	359	399	391	394	375	365	
388	396	364	372	351	384	359	
376	377	393	382	357	396	359	
375	366	377	395	386	355	383	
376	350	364	351	368	394	353	
387	398	397	355	372	385	350	
364	366	391	357	365	372	354	
365	364	376	399	379	372	359	
381	371	359	368	357	394	383	
395	378	363	384	391	393	368	
393	373	353	370	355	388	372	
350	371	383	355	366	351	377	
354	392	376	365	379	385	393	
360	353	377	367	392	389	398	
391	378	396	389	370	364	388	
355	394	383	373	375	358	369	
439	423	449	403	433	445	420	
401	445	441	431	439	402	416	
402	437	418	427	446	444	449	
427	433	438	400	414	406	445	
432	436	405	438	439	431	426	
404	439	445	413	420	419	416	
427	402	438	418	409	449	447	
437	423	400	422	403	432	430	
441	412	435	413	410	446	440	
405	413	419	402	404	412	401	
420	444	410	433	435	412	405	
415	400	442	420	426	413	423	
434	403	432	443	401	430	418	
414	448	420	432	444	412	407	
428	439	431	401	448	445	410	
409	435	445	412	406	408	449	
409	446	439	425	430	415	413	
411	422	412	445	402	425	408	
438	424	426	444	410	411	407	
410	423	447	400	403	428	444	
403	405	434	428	402	438	440	
420	440	447	438	418	425	437	
401	417	415	419	413	408	402	
413	401	434	406	412	432	402	
417	407	445	443	419	437	439	
410	449	421	420	431	439	433	
445	417	404	435	400	402	431	
427	441	422	444	420	406	429	
401	429	444	420	434	407	404	
435	406	420	433	444	447	425	
423	407	421	441	431	436	432	
446	435	444	407	422	412	434	
423	432	418	410	424	430	437	
435	434	420	429	408	410	400	
418	403	414	442	408	448	426	
427	429	419	440	426	405	417	
413	449	414	438	436	437	444	
415	433	413	420	421	442	404	
420	414	440	426	446	448	428	
428	433	432	417	447	425	427	
422	407	444	436	428	434	418	
444	446	440	417	436	412	438	
437	432	417	409	431	430	447	
416	426	432	405	410	445	448	
419	444	447	427	446	422	437	
414	430	401	435	423	412	433	
422	404	414	436	433	439	409	
402	444	443	405	408	433	425	
440	439	433	417	415	402	435	
442	411	443	434	408	414	405	
488	457	483	497	455	477	459	
481	457	476	463	470	452	451	
463	467	455	486	456	494	472	
491	486	474	489	456	480	457	
467	481	493	470	473	476	492	
476	488	455	461	480	450	451	
456	460	493	477	492	481	458	
473	453	495	484	489	478	490	
474	483	460	475	469	455	482	
476	492	471	465	497	496	483	
489	470	491	497	459	498	495	
499	469	463	481	452	458	484	
470	496	456	452	462	494	483	
472	453	454	494	471	481	457	
474	450	485	467	455	461	480	
470	466	456	458	467	471	455	
480	451	467	499	485	462	478	
482	473	476	481	487	477	495	
457	452	484	463	481	476	483	
456	497	472	485	470	498	471	
474	492	472	469	460	471	464	
474	485	498	484	454	456	471	
498	450	473	472	490	452	480	
491	474	481	472	463	490	485	
450	489	481	498	482	457	452	
494	480	453	485	497	455	498	
487	453	496	490	455	485	472	
497	479	499	487	474	475	461	
488	493	457	466	467	459	470	
453	461	455	451	476	454	468	
479	493	470	454	461	467	483	
464	497	481	484	451	453	460	
485	484	487	462	490	452	488	
466	469	498	487	464	472	496	
480	459	450	451	474	458	489	
473	470	499	457	467	485	490	
452	463	451	496	477	478	494	
479	462	476	453	474	490	454	
487	461	465	481	455	476	498	
468	482	461	474	472	455	493	
461	479	463	470	472	457	454	
492	467	461	454	457	468	494	
490	474	466	492	494	483	485	
464	478	462	457	465	460	477	
454	486	463	490	496	478	494	
496	459	481	465	484	461	495	
474	461	491	452	478	499	456	
484	468	469	450	481	456	474	
473	498	458	465	468	451	475	
459	460	499	485	471	451	454	
37	6	8	21	48	46	10	19	
17	0	44	13	6	8	3	39	
19	1	29	13	26	0	49	43	
5	33	28	15	18	20	22	45	
36	5	19	14	22	44	20	45	
47	29	40	7	41	43	18	31	
20	11	44	19	4	3	48	0	
45	27	4	9	15	18	49	29	
40	12	0	35	25	3	19	46	
14	47	30	18	6	20	38	4	
17	28	29	16	31	35	9	0	
12	44	42	0	38	17	10	45	
8	39	12	15	6	43	41	20	
41	22	4	25	12	47	24	32	
29	7	10	24	2	16	19	14	
30	43	34	24	8	15	35	18	
1	2	4	25	8	5	34	33	
10	24	1	30	47	46	3	36	
18	45	14	21	10	17	12	39	
22	17	24	15	2	9	32	48	
15	13	29	27	26	16	19	9	
0	26	37	36	45	34	23	3	
46	22	9	12	0	11	47	18	
43	36	44	35	39	25	28	30	
39	43	28	7	40	11	41	31	
49	37	16	29	10	39	6	21	
0	4	24	20	8	2	19	25	
25	49	11	37	43	17	16	34	
40	42	1	21	38	4	28	5	
10	8	28	12	48	2	15	25	
41	6	38	48	31	15	24	21	
22	20	3	36	24	9	14	12	
12	10	25	6	30	20	43	24	
6	48	11	4	13	1	16	36	
16	45	1	9	42	15	22	38	
34	30	36	28	5	47	7	39	
36	18	15	49	32	9	8	1	
1	38	18	29	5	34	8	19	
3	47	6	7	26	2	37	21	
44	43	23	27	28	20	10	6	
4	20	26	47	41	49	18	15	
3	36	46	15	8	19	47	0	
37	0	3	33	45	34	19	11	
25	44	20	19	10	26	35	5	
34	32	31	17	0	19	41	44	
1	19	35	18	27	28	31	23	
12	11	32	0	5	48	20	19	
36	48	28	35	21	16	42	34	
17	40	42	9	13	30	49	24	
42	36	27	43	34	23	12	26	
89	55	53	92	72	70	82	54	
77	81	59	70	73	85	71	72	
92	86	98	69	59	57	87	65	
87	74	92	73	62	65	53	77	
76	59	62	79	71	87	85	63	
93	99	77	56	96	80	50	97	
96	71	60	56	90	84	80	91	
75	94	63	58	66	82	51	57	
59	96	58	63	57	51	92	82	
98	97	59	95	52	93	69	74	
96	65	80	94	61	62	89	73	
97	53	66	50	61	96	54	75	
96	79	60	51	97	73	71	77	
77	68	96	72	74	54	83	70	
53	74	75	68	97	72	95	55	
95	56	51	62	61	59	58	96	
53	73	74	61	94	80	70	71	
77	80	62	85	97	83	67	96	
79	73	56	91	54	87	57	51	
88	54	90	68	62	86	79	98	
58	69	59	75	57	76	71	73	
86	68	71	80	56	98	57	72	
80	99	56	81	89	66	74	69	
63	68	92	95	83	70	86	78	
80	58	54	55	59	85	86	75	
86	71	73	88	60	82	98	67	
87	71	58	68	72	83	82	94	
77	91	90	84	56	88	64	87	
87	54	59	98	50	92	94	62	
50	64	62	51	90	93	83	77	
83	79	95	57	86	50	54	82	
56	70	86	67	53	74	57	94	
52	58	97	57	63	53	93	82	
85	68	60	67	53	76	65	55	
59	80	76	56	98	66	57	77	
98	95	96	79	88	54	53	87	
78	92	89	62	85	88	57	66	
96	54	65	70	94	92	77	50	
71	54	85	86	98	59	77	55	
76	80	65	53	57	52	87	77	
97	87	83	75	76	88	55	96	
52	82	73	77	81	68	55	57	
59	77	95	51	73	97	83	81	
96	60	89	73	84	52	82	55	
67	85	50	60	84	65	53	98	
67	61	78	76	73	72	83	53	
62	74	89	56	57	54	96	80	
51	90	79	76	92	73	74	95	
94	85	64	78	70	67	83	86	
91	85	70	55	88	77	53	72	
114	110	143	125	138	108	132	141	
120	131	107	104	144	128	116	149	
133	134	120	139	105	144	101	118	
148	101	121	104	105	124	109	126	
126	137	120	118	115	138	113	123	
108	110	120	142	140	102	113	121	
127	126	135	120	144	124	147	133	
115	129	136	101	138	122	123	102	
108	133	110	123	104	125	106	128	
106	149	136	120	107	114	146	133	
121	110	106	118	138	136	141	140	
141	143	142	107	123	110	137	148	
118	147	116	132	136	128	112	114	
123	146	103	135	106	101	132	111	
130	142	137	148	102	101	106	136	
131	135	109	145	120	116	132	125	
117	123	128	112	111	149	146	147	
139	124	142	140	104	125	146	133	
118	123	141	137	106	139	109	104	
117	144	105	149	115	140	100	103	
115	133	125	149	135	113	145	121	
109	119	121	102	131	147	136	129	
129	126	115	122	127	142	103	149	
134	144	133	147	137	130	105	148	
148	124	116	109	149	140	102	123	
135	138	136	139	120	132	144	134	
109	135	131	122	116	142	123	137	
113	125	134	148	129	143	145	105	
106	125	136	147	111	127	129	116	
117	146	124	133	143	103	127	130	
126	105	145	118	133	143	110	116	
143	105	111	118	102	115	149	106	
116	103	124	139	109	132	146	115	
127	141	129	137	130	108	115	138	
107	135	133	125	128	108	120	136	
137	102	112	131	132	130	144	121	
106	126	139	136	103	125	137	141	
130	102	123	137	139	141	142	116	
107	119	137	104	122	121	136	149	
124	138	121	109	105	106	108	101	
124	103	133	115	126	111	107	131	
108	139	118	134	103	121	142	138	
134	117	145	127	111	143	148	113	
149	103	129	112	117	133	135	134	
120	110	133	138	143	106	101	135	
135	149	130	110	139	105	106	115	
144	134	111	129	133	145	126	119	
141	114	128	143	111	137	119	138	
137	123	136	102	106	130	114	117	
119	114	133	117	118	129	135	120	
158	194	187	159	181	163	199	171	
151	168	162	159	184	183	158	195	
163	191	188	171	173	178	196	152	
187	182	151	175	167	198	192	154	
155	197	187	151	180	183	191	163	
190	170	192	179	181	175	155	150	
170	169	158	155	198	164	184	193	
195	163	175	160	186	171	151	177	
193	155	192	190	158	174	154	196	
151	159	175	187	161	172	199	183	
182	185	186	187	174	197	189	183	
158	186	185	178	160	159	188	168	
169	185	161	176	154	162	168	193	
164	192	155	157	182	174	154	177	
198	162	194	165	195	168	164	196	
157	192	150	187	174	191	185	159	
156	186	190	191	188	176	161	163	
166	196	165	156	181	163	198	178	
189	153	173	171	185	197	190	174	
152	177	187	189	176	193	174	197	
199	162	182	193	196	198	197	171	
153	178	175	156	177	179	199	198	
187	175	178	180	151	157	189	152	
160	180	177	189	167	185	163	186	
186	151	152	187	168	164	166	193	
170	157	192	155	181	160	188	153	
166	199	173	193	159	186	177	185	
166	191	175	156	163	172	157	155	
166	197	174	189	156	198	195	169	
193	161	195	157	196	189	197	168	
151	191	156	150	164	195	165	172	
171	186	176	179	182	189	197	194	
155	178	186	173	192	152	163	183	
198	183	192	185	189	193	172	151	
163	165	183	158	162	179	190	197	
190	163	169	189	159	152	165	171	
158	178	159	165	155	162	195	179	
197	159	157	189	163	162	175	194	
178	176	195	192	158	179	199	186	
181	179	158	167	157	159	154	156	
182	192	184	169	191	157	160	173	
173	176	189	163	150	193	174	194	
174	190	181	170	171	160	153	184	
176	164	191	188	192	165	185	153	
185	172	171	159	156	161	184	181	
156	190	167	155	169	185	198	181	
183	170	173	180	174	163	189	184	
181	172	155	154	159	192	174	166	
181	153	189	198	163	187	176	191	
165	187	162	196	189	190	193	177	
204	226	212	208	227	235	219	240	
201	210	246	240	228	227	204	219	
208	236	238	222	231	219	227	214	
243	248	218	247	213	202	246	244	
200	242	232	210	214	217	204	241	
220	206	204	238	216	248	227	249	
223	246	208	232	207	244	241	239	
243	229	242	224	222	249	226	205	
210	234	216	241	238	202	204	206	
220	218	239	206	233	201	246	236	
234	228	207	213	247	204	246	240	
239	247	210	206	204	219	225	243	
237	225	243	236	233	209	201	239	
220	240	224	218	237	205	214	235	
206	236	207	210	205	223	218	248	
237	212	221	220	229	235	223	232	
212	246	210	247	249	204	234	236	
226	228	232	242	237	214	246	220	
231	243	240	220	248	237	242	217	
243	240	239	220	218	211	216	225	
239	201	206	217	237	208	219	214	
235	229	201	211	238	234	205	249	
212	226	230	240	229	214	216	222	
221	245	228	214	216	208	218	210	
221	202	220	236	234	210	229	216	
248	215	205	219	229	222	244	228	
213	240	201	243	232	238	205	218	
216	227	222	238	225	211	246	229	
212	206	228	231	227	209	232	234	
249	239	234	202	228	221	209	211	
214	243	221	208	241	213	242	234	
235	212	211	203	222	234	202	246	
243	220	219	202	241	231	217	218	
234	220	202	216	228	204	236	206	
242	246	207	220	236	211	230	209	
200	224	205	237	243	226	209	246	
212	233	207	215	240	246	222	244	
239	244	201	218	234	245	233	238	
221	247	223	200	235	233	240	234	
237	225	239	236	215	229	226	247	
247	207	232	210	209	227	222	217	
201	224	221	220	204	226	228	230	
209	231	212	210	213	237	225	235	
233	224	209	218	223	213	203	216	
238	213	240	242	206	225	246	228	
209	218	233	247	207	243	202	235	
240	247	235	214	205	234	246	226	
226	227	225	200	218	211	233	228	
216	242	231	238	218	221	240	236	
225	200	244	224	247	243	212	226	
254	265	267	293	266	289	251	291	
253	276	265	262	269	279	254	282	
258	263	273	256	277	265	272	282	
261	250	263	299	276	291	285	260	
266	263	285	251	279	296	268	280	
265	291	296	266	285	261	270	252	
297	277	281	285	286	254	260	257	
299	297	293	259	252	261	262	281	
276	278	266	279	252	277	274	299	
268	250	273	254	267	253	296	290	
279	273	277	286	258	251	260	256	
275	269	253	285	287	274	279	273	
298	281	262	254	259	274	287	288	
260	271	294	299	281	262	251	293	
250	268	258	263	266	282	254	292	
269	271	293	275	254	261	253	287	
284	267	262	251	294	288	296	264	
282	277	287	284	288	269	265	274	
263	267	252	277	272	269	253	292	
258	286	274	256	267	268	277	282	
263	265	255	258	287	267	278	282	
293	279	252	294	259	272	265	290	
277	286	254	284	264	262	296	250	
280	288	294	270	263	268	269	293	
273	250	296	284	297	264	267	286	
282	250	254	294	260	295	288	298	
290	297	275	299	251	258	284	263	
269	253	298	252	258	289	251	283	
253	269	297	262	252	276	283	274	
256	278	265	253	275	259	283	263	
262	271	264	288	285	253	257	266	
296	273	270	295	262	261	285	276	
296	251	272	258	257	267	291	288	
288	273	259	256	284	254	291	280	
296	251	286	276	257	298	297	262	
251	292	260	282	274	257	264	278	
250	282	287	292	299	278	276	274	
271	250	273	275	294	256	266	280	
253	297	294	293	251	284	261	282	
272	252	253	264	281	262	284	287	
260	291	267	277	297	254	251	296	
279	264	256	285	295	297	289	273	
259	284	260	295	281	288	267	268	
290	277	259	263	261	289	299	282	
255	271	274	269	293	294	263	267	
268	251	265	269	276	279	274	293	
299	270	250	293	272	274	286	252	
279	298	252	267	275	285	292	291	
285	267	270	286	266	284	276	280	
294	285	292	275	263	290	251	265	
336	322	324	318	325	320	337	331	
338	322	349	348	306	308	324	336	
301	305	320	341	346	307	337	321	
312	318	317	325	300	331	330	341	
342	309	349	306	338	340	304	307	
305	300	336	331	345	323	309	338	
305	318	333	346	306	311	325	343	
321	326	348	325	302	327	304	320	
328	330	303	306	340	341	319	333	
321	302	301	300	347	324	335	323	
336	308	326	300	315	334	309	335	
310	340	300	342	328	305	308	319	
305	329	336	312	302	334	345	315	
308	314	315	306	322	319	328	312	
311	326	307	327	322	328	303	337	
313	304	320	345	305	335	342	309	
314	303	308	328	305	322	347	310	
342	327	308	320	347	316	303	312	
347	305	335	307	327	326	338	304	
339	309	303	343	340	315	327	320	
334	308	318	340	314	301	310	341	
324	304	305	331	315	306	321	344	
309	306	307	343	308	302	311	340	
341	333	301	324	347	320	304	326	
327	305	301	346	347	329	326	322	
331	321	313	308	345	325	334	306	
323	329	305	315	346	343	331	338	
304	329	344	325	334	309	349	308	
331	327	312	304	318	326	319	310	
334	333	321	342	301	327	323	316	
343	319	331	311	348	327	314	308	
341	320	327	323	304	329	325	305	
335	336	308	329	345	302	331	312	
322	343	315	310	330	326	305	331	
302	309	303	325	320	316	331	349	
341	313	305	322	327	302	310	308	
328	346	313	322	343	331	348	342	
349	325	346	332	321	343	341	320	
313	315	326	341	325	345	306	308	
343	314	346	339	302	345	313	344	
343	331	319	322	302	337	339	330	
335	344	322	304	345	328	323	329	
343	340	347	316	332	318	324	329	
303	317	337	320	313	300	323	329	
303	339	332	318	336	340	322	320	
311	321	334	329	333	312	347	324	
345	347	325	342	301	305	339	336	
307	340	323	325	302	343	338	326	
305	326	344	306	339	309	327	307	
320	337	348	319	307	301	310	321	
365	352	398	382	367	380	388	354	
396	357	399	381	380	388	350	378	
355	379	388	368	386	380	359	360	
371	368	355	360	393	365	376	397	
379	373	381	398	360	356	351	354	
371	353	385	356	399	359	383	384	
375	352	355	359	380	354	387	360	
358	392	365	384	357	390	353	373	
383	358	378	393	395	366	364	372	
363	393	353	372	350	389	364	392	
367	358	395	399	383	352	372	393	
387	396	394	370	384	368	366	393	
379	353	367	375	374	370	383	387	
373	389	356	391	395	371	369	394	
360	383	359	352	377	385	366	393	
366	387	382	369	398	358	367	360	
392	389	361	386	360	393	375	399	
360	386	359	376	365	363	352	372	
356	395	369	352	383	365	393	364	
370	357	391	359	353	356	354	379	
372	392	361	351	385	380	395	369	
397	355	367	354	352	378	385	384	
374	371	376	361	378	387	391	383	
385	386	368	396	371	352	365	394	
360	371	359	366	387	380	364	352	
382	379	359	375	350	365	356	372	
397	352	396	366	382	363	399	376	
354	374	350	379	366	383	364	373	
366	383	359	384	387	393	364	390	
360	375	399	389	363	356	369	382	
396	378	394	385	399	350	373	354	
372	360	371	378	376	362	368	386	
351	360	367	374	365	391	359	371	
389	382	358	395	350	355	364	365	
389	395	381	387	361	362	363	359	
355	362	352	383	373	399	394	351	
354	352	371	392	386	356	368	385	
388	378	397	375	379	371	359	370	
371	350	363	380	378	356	394	365	
358	364	381	376	369	360	357	399	
382	389	386	352	377	353	390	381	
362	358	398	395	388	363	369	394	
398	361	393	382	359	394	360	383	
382	379	375	376	364	355	352	357	
353	365	398	396	351	361	367	376	
364	380	390	395	376	353	374	399	
391	355	394	377	353	360	358	387	
374	398	395	365	357	352	353	355	
372	360	358	368	382	387	375	374	
383	377	399	395	385	374	379	366	
409	439	414	419	441	403	426	437	
428	447	435	434	423	445	401	424	
404	426	412	427	424	416	405	403	
427	419	402	414	418	449	429	400	
414	447	408	402	424	441	405	404	
441	432	409	412	420	408	422	442	
417	447	412	449	439	444	440	427	
406	449	412	434	409	445	428	415	
427	410	434	420	431	443	439	447	
420	433	423	403	440	416	444	447	
446	444	445	440	405	402	443	439	
449	448	437	411	442	430	423	403	
420	438	422	400	401	414	425	410	
424	418	422	440	426	427	404	430	
407	426	438	417	412	443	441	400	
448	408	400	420	440	423	409	426	
440	427	428	400	443	412	422	446	
400	401	414	417	434	436	420	407	
427	400	425	414	431	437	440	423	
449	441	431	443	420	416	442	410	
412	405	439	438	445	429	413	428	
401	445	406	417	442	439	400	405	
445	443	446	437	420	415	424	425	
448	413	434	445	422	428	435	423	
419	443	430	400	411	438	431	408	
440	437	423	401	436	445	426	417	
442	426	402	446	408	432	404	433	
416	428	422	404	433	425	435	405	
407	440	401	424	420	448	431	428	
442	437	400	433	408	410	431	427	
448	404	421	418	424	410	436	438	
448	420	447	401	405	431	438	433	
426	447	431	400	402	407	405	434	
437	420	411	407	440	402	415	449	
429	428	448	422	435	416	410	419	
442	430	444	443	412	408	423	449	
439	423	422	441	436	403	404	425	
426	433	414	445	418	423	416	422	
423	422	449	417	414	413	426	409	
410	444	442	428	427	434	412	418	
400	433	414	445	425	416	435	434	
435	410	405	427	419	416	446	403	
406	423	433	401	412	438	431	416	
438	431	404	405	420	403	417	421	
427	439	438	404	409	436	426	402	
411	414	402	437	448	425	433	418	
434	401	411	433	441	416	445	415	
437	434	424	426	447	409	415	400	
417	412	435	429	423	406	437	403	
429	424	443	416	445	421	437	423	
453	451	462	450	488	491	497	474	
481	475	485	467	451	491	471	460	
461	495	462	499	450	478	491	456	
481	476	498	478	468	496	494	492	
467	476	458	496	483	487	464	462	
482	483	464	457	470	492	497	450	
477	486	495	467	494	481	465	453	
488	499	460	490	487	495	451	455	
469	456	484	470	498	461	477	482	
474	499	466	484	468	452	482	475	
488	481	476	484	491	486	461	467	
476	453	464	486	488	481	475	497	
467	498	456	465	493	480	476	462	
482	498	471	490	463	494	453	451	
456	476	467	479	484	490	457	480	
489	497	490	472	474	494	463	451	
483	487	498	475	481	470	495	454	
470	456	486	451	476	471	489	452	
497	465	463	491	458	472	490	479	
499	482	461	485	498	475	488	486	
476	493	470	484	450	499	463	492	
464	485	476	465	467	463	461	492	
453	495	499	452	473	472	489	460	
473	471	499	470	478	476	464	477	
481	491	463	496	453	466	450	456	
495	470	476	462	453	460	463	464	
467	457	458	499	451	479	464	470	
460	464	457	479	459	478	477	469	
474	460	497	462	493	484	457	456	
495	461	497	481	471	462	490	454	
486	451	478	456	490	494	476	492	
453	498	468	454	493	451	475	497	
490	495	465	486	487	455	492	450	
499	479	450	486	489	480	452	468	
491	453	493	487	454	498	489	455	
483	473	471	499	463	452	489	470	
491	499	453	456	463	496	494	457	
482	473	453	470	475	494	468	489	
468	499	462	481	461	470	454	488	
484	492	460	476	463	450	482	496	
467	492	489	487	493	455	459	498	
450	494	486	470	497	487	460	466	
470	486	495	489	471	461	484	466	
472	465	497	470	498	489	471	458	
479	493	453	499	486	476	484	491	
472	493	479	487	467	471	456	462	
497	456	457	491	466	452	455	451	
465	484	477	479	496	495	485	451	
497	490	477	450	480	487	498	469	
462	488	495	496	467	487	483	452	
21	483	127	
44	3	417	
19	322	97	
453	222	393	
353	397	84	
68	21	304	
90	236	222	
297	176	45	
280	236	351	
185	307	111	
499	280	238	
102	177	137	
471	439	296	
460	265	68	
415	249	150	
6	45	327	
180	246	491	
455	286	283	
150	278	180	
94	9	306	
489	297	14	
242	113	265	
298	12	68	
17	27	454	
325	150	339	
144	475	472	
333	286	82	
46	245	256	
73	74	219	
142	205	378	
97	413	88	
122	19	375	
323	471	388	
2	143	127	
59	15	470	
178	8	76	
322	257	491	
338	472	60	
92	56	304	
36	124	123	
483	397	213	
192	353	416	
335	65	202	
56	355	123	
164	416	0	
129	114	43	
484	243	305	
8	249	83	
473	185	279	
44	472	412	
188	419	415	
258	453	341	
411	95	342	
463	425	364	
66	75	284	
54	140	411	
62	207	422	
185	395	179	
206	32	375	
421	357	455	
377	6	150	
487	364	168	
136	365	212	
232	110	183	
373	30	291	
155	220	368	
293	189	304	
419	303	90	
355	160	388	
199	41	194	
175	315	329	
22	327	114	
12	66	227	
179	418	35	
23	414	487	
117	103	239	
375	282	141	
7	51	267	
193	447	262	
307	254	469	
106	233	487	
460	452	471	
424	40	420	
41	274	137	
469	37	50	
238	446	420	
438	78	491	
210	3	324	
20	75	223	
204	1	456	
158	350	90	
260	52	229	
51	308	218	
495	425	172	
50	217	311	
498	178	50	
391	484	179	
372	126	283	
0	198	488	
106	23	437	
126	266	60	
494	14	3	
455	324	498	
398	54	434	
436	107	317	
253	132	333	
308	96	375	
329	447	177	
270	37	59	
280	386	72	
183	74	15	
13	160	169	
238	244	273	
18	403	157	
356	296	420	
305	84	180	
253	9	492	
125	213	19	
30	406	272	
233	126	96	
115	181	192	
111	100	423	
363	362	342	
422	11	132	
146	121	83	
474	324	267	
53	171	37	
183	115	187	
59	380	413	
247	151	453	
450	486	427	
109	347	11	
480	1	348	
453	174	180	
421	412	76	
174	185	453	
78	89	473	
27	124	162	
258	90	225	
297	222	483	
307	393	243	
175	34	194	
200	313	270	
40	31	354	
339	297	260	
93	295	280	
151	96	463	
160	61	296	
70	153	423	
147	148	6	
232	90	220	429	
429	463	64	72	
54	259	78	91	
41	171	81	289	
456	27	155	79	
98	494	228	406	
152	106	347	315	
174	132	210	444	
375	498	370	391	
345	448	416	382	
293	318	267	28	
371	12	2	187	
301	445	489	150	
39	123	114	193	
231	35	332	193	
14	276	417	485	
447	346	411	267	
19	388	190	284	
222	39	410	177	
476	441	156	45	
17	328	303	64	
289	442	324	18	
245	192	380	278	
7	328	441	487	
203	59	382	132	
209	492	40	104	
472	282	204	153	
271	276	134	355	
395	101	281	364	
290	364	232	445	
461	249	304	172	
335	338	297	180	
7	403	234	195	
299	280	337	414	
454	67	198	63	
53	493	33	307	
217	425	89	178	
445	128	463	113	
328	288	132	251	
249	440	494	296	
97	220	336	204	
481	133	158	353	
269	391	45	338	
438	490	269	103	
15	413	421	92	
410	47	150	97	
220	133	163	90	
372	433	355	425	
155	461	299	317	
336	493	258	474	
370	82	361	457	
325	163	198	24	
218	499	340	146	
319	137	380	291	
27	272	422	369	
231	154	472	286	
43	189	325	272	
246	49	474	112	
49	273	106	356	
315	410	202	493	
412	102	419	189	
82	52	374	289	
289	420	85	22	
68	52	390	97	
28	220	477	392	
14	212	193	477	
444	442	405	467	
249	433	322	134	
17	474	466	119	
384	49	364	453	
497	333	118	432	
4	423	80	321	
222	144	365	431	
279	498	126	427	
483	196	409	408	
22	101	356	27	
262	371	28	449	
385	407	451	19	
424	482	293	259	
201	141	156	395	
426	48	210	224	
277	415	363	65	
61	231	211	466	
293	468	78	158	
310	451	111	67	
243	80	193	320	
187	357	374	96	
253	39	285	410	
133	143	486	433	
381	219	170	390	
334	339	252	266	
453	465	415	95	
47	93	379	77	
297	405	167	22	
101	241	173	102	
333	208	256	16	
293	441	492	287	
331	169	72	121	
57	226	323	275	
91	156	226	466	
281	228	266	413	
158	244	472	79	
346	223	81	141	
12	466	92	78	
281	230	190	95	
198	138	472	169	
221	234	170	303	
193	206	126	93	
284	122	32	101	
428	459	291	369	
225	283	210	423	
4	212	359	320	
287	480	147	359	
292	327	354	97	
376	483	288	199	
173	250	139	189	
316	0	281	200	
311	297	282	296	
131	111	490	39	
270	184	211	172	
38	287	200	395	
185	150	72	206	
338	43	438	489	
45	132	475	482	
498	234	320	192	
432	401	127	73	
216	248	27	485	
462	29	400	431	
197	201	479	324	
223	14	436	459	
421	498	435	253	
334	109	167	498	
328	399	0	23	
316	20	329	219	
346	247	7	459	
456	348	211	488	
421	492	37	291	
411	0	211	278	
40	491	0	260	
258	412	133	58	
6	372	64	57	
72	137	465	453	
114	449	293	469	
427	131	152	27	
444	186	240	26	
375	101	390	92	
258	292	458	190	
311	24	122	191	
239	351	23	120	
296	153	330	409	
259	481	48	52	197	
448	120	361	148	187	
417	312	318	109	414	
238	243	326	406	85	
146	271	334	239	49	
375	98	35	337	66	
335	120	288	144	131	
3	14	176	179	288	
211	419	402	16	416	
127	148	463	407	130	
210	453	28	409	87	
168	471	239	419	97	
34	245	4	209	413	
222	474	373	361	175	
221	229	86	235	144	
443	168	362	358	292	
360	307	347	324	436	
374	185	10	359	277	
285	133	12	176	333	
407	471	176	181	242	
181	442	485	157	224	
377	192	463	62	435	
53	105	3	300	233	
62	231	252	405	171	
269	353	456	79	272	
478	201	340	60	175	
186	198	365	183	7	
499	324	237	77	200	
83	60	262	203	387	
314	416	407	84	431	
412	120	362	325	264	
466	168	102	359	463	
127	140	269	497	164	
81	132	353	204	104	
230	134	85	142	297	
46	106	79	143	141	
389	274	441	55	197	
340	364	249	393	244	
53	239	108	377	318	
102	392	279	281	118	
150	292	360	64	48	
221	132	358	205	267	
405	47	487	13	496	
191	499	495	315	263	
123	255	39	457	342	
293	300	109	256	99	
350	92	332	180	265	
378	353	280	313	386	
59	383	67	78	143	
122	40	343	239	87	
420	189	69	247	264	
413	312	4	280	264	
367	38	349	111	92	
438	161	1	81	280	
486	346	345	24	380	
134	47	41	321	293	
183	161	481	418	281	
166	114	396	163	191	
244	468	479	455	445	
473	211	245	414	289	
226	450	228	144	83	
231	437	294	248	164	
437	266	493	217	344	
404	402	26	179	498	
284	369	227	236	248	
264	323	230	357	364	
290	381	128	318	459	
153	386	416	148	206	
3	249	157	393	65	
169	480	270	61	361	
376	437	247	307	293	
90	175	16	117	420	
404	146	303	148	245	
356	159	275	255	314	
110	123	222	116	172	
357	249	151	203	488	
465	105	480	245	212	
144	499	291	334	39	
67	213	121	90	88	
445	386	427	228	28	
363	425	38	407	498	
86	92	322	470	8	
222	423	369	12	284	
18	410	475	328	114	
408	424	248	260	378	
326	355	348	293	490	
71	29	356	67	24	
283	282	233	349	115	
243	99	25	195	496	
130	38	0	288	98	
109	277	498	416	22	
239	377	225	181	241	
132	30	312	54	489	
478	31	96	130	21	
358	354	166	256	492	
194	101	468	495	103	
386	97	201	75	287	
213	60	414	356	67	
93	367	411	273	249	
189	139	359	108	392	
122	342	223	209	336	
471	238	385	43	363	
260	388	130	129	480	
223	24	74	296	182	
472	388	405	220	2	
246	27	423	363	108	
365	353	385	499	15	
468	283	183	30	461	
43	162	423	203	293	
476	10	426	429	353	
467	280	345	65	237	
175	129	402	428	472	
35	16	249	228	222	
305	379	431	57	9	
25	434	173	349	464	
137	247	453	331	128	
311	346	37	288	178	
328	398	473	259	2	
112	285	107	496	329	
457	42	357	41	174	
488	177	126	327	41	
466	406	196	440	173	
450	470	133	225	39	
360	227	375	101	54	
497	365	355	79	254	
125	331	259	192	486	
190	442	484	129	211	
71	336	450	2	84	
378	479	170	59	430	
19	198	41	464	152	
223	124	152	39	254	
443	17	368	145	102	
345	437	315	162	279	
349	12	88	133	378	
258	492	183	132	291	
447	0	187	173	439	
392	483	184	264	484	
255	435	288	348	20	
381	0	304	170	44	
358	366	29	236	171	
91	358	487	76	119	
31	177	115	367	82	
371	113	210	392	268	
416	114	496	89	276	
313	66	142	259	381	
350	93	63	191	215	
344	2	432	460	115	
83	340	333	330	346	
326	206	491	383	361	
144	113	214	208	394	
