39	25	45	3	26	4	
3	35	11	19	48	8	
23	36	22	15	10	12	
43	40	16	0	28	2	
27	15	49	9	4	25	
24	14	19	27	37	18	
41	10	49	32	3	31	
23	45	4	0	41	6	
19	48	47	2	0	29	
22	19	11	3	46	36	
36	40	35	18	29	26	
3	48	37	12	35	28	
32	12	46	41	33	10	
5	15	26	41	10	38	
41	39	20	2	12	9	
7	47	45	21	2	20	
47	44	35	36	42	28	
11	43	26	39	47	33	
12	1	21	26	14	46	
24	2	1	7	28	43	
37	26	45	21	30	29	
1	2	37	25	49	40	
29	35	3	19	40	41	
42	4	16	21	13	43	
41	33	44	31	42	24	
13	43	30	37	3	6	
27	6	33	42	4	43	
19	20	8	39	27	26	
21	36	15	5	6	27	
7	44	16	8	46	28	
37	48	9	33	19	4	
30	44	31	33	0	3	
24	7	49	13	0	2	
26	41	6	24	25	33	
41	36	24	46	34	19	
21	36	45	10	28	7	
26	29	19	33	38	45	
30	27	29	48	12	47	
16	20	18	15	41	26	
2	31	15	27	10	28	
28	47	9	26	33	27	
6	30	3	18	28	42	
27	46	5	2	28	6	
38	20	32	47	34	33	
11	4	12	17	16	14	
33	14	17	4	48	0	
5	29	32	15	47	21	
32	18	21	1	7	34	
10	48	21	27	14	18	
45	13	35	28	20	32	
60	59	56	81	62	80	
93	62	72	82	98	90	
61	50	73	57	71	58	
52	98	79	80	63	74	
52	85	54	59	77	89	
74	62	73	83	72	63	
61	84	82	75	54	55	
83	58	56	50	54	75	
80	87	71	95	57	77	
79	76	51	53	58	73	
86	75	68	80	88	70	
89	57	77	73	75	67	
63	98	70	87	89	96	
54	74	80	50	57	52	
54	76	63	70	69	61	
91	79	81	93	63	75	
82	73	53	90	67	51	
75	93	64	55	84	60	
76	56	59	62	69	60	
76	51	91	53	56	57	
54	84	62	91	90	87	
90	79	68	58	67	66	
78	79	60	88	58	97	
72	80	68	71	55	54	
83	82	85	86	98	91	
50	82	83	65	58	51	
83	57	59	99	90	81	
78	75	88	55	66	90	
67	64	92	93	70	72	
53	78	62	84	92	64	
58	66	87	69	75	82	
61	65	96	87	85	91	
96	83	73	59	60	97	
53	63	56	87	81	55	
88	55	74	93	51	68	
86	73	92	53	56	87	
81	97	69	54	88	98	
80	82	90	78	76	69	
68	63	73	87	64	58	
56	73	57	66	62	69	
67	64	83	95	96	56	
97	95	86	61	78	51	
98	73	56	59	50	88	
74	75	60	97	81	59	
50	51	82	89	68	91	
96	95	90	60	58	63	
93	53	99	79	80	75	
89	79	50	84	72	77	
94	93	82	79	58	90	
91	93	80	83	74	88	
107	130	117	116	135	124	
127	111	149	139	128	137	
124	148	110	140	129	127	
143	118	107	129	110	123	
124	106	141	107	136	111	
106	119	130	110	124	136	
122	125	134	116	110	135	
100	123	145	110	125	101	
128	104	120	127	143	149	
140	149	136	100	123	115	
119	137	113	139	100	134	
102	103	140	139	149	116	
143	128	134	126	148	119	
117	129	144	106	118	104	
112	111	115	109	133	120	
145	109	140	142	100	143	
133	134	116	101	112	137	
122	109	121	127	107	116	
138	134	102	141	103	123	
114	118	139	144	148	112	
127	108	116	103	113	100	
131	112	146	136	103	110	
148	123	111	122	127	108	
101	117	113	123	148	116	
143	113	104	130	129	106	
127	118	124	119	134	100	
145	100	104	142	138	102	
123	111	115	128	110	149	
132	131	111	120	100	101	
100	107	122	118	126	128	
140	127	145	102	129	108	
135	125	106	113	147	123	
130	138	136	131	114	139	
117	148	131	122	116	144	
146	145	139	124	141	140	
142	136	135	144	110	113	
122	102	126	146	112	143	
117	120	104	136	122	135	
102	138	103	136	149	106	
117	115	107	124	102	127	
114	129	123	120	142	100	
141	108	114	102	122	119	
116	107	146	148	149	143	
104	146	138	117	125	121	
118	144	126	147	140	109	
138	118	113	129	109	100	
129	143	120	124	137	148	
142	139	149	107	117	108	
115	119	105	108	143	149	
115	117	129	114	124	105	
168	194	189	162	170	152	
195	158	184	175	197	193	
196	180	193	158	169	160	
195	169	193	184	175	199	
152	166	183	162	192	186	
185	173	158	163	192	171	
198	163	169	199	165	168	
172	197	169	152	171	160	
151	167	164	182	183	193	
190	150	197	164	178	194	
181	191	192	194	174	195	
174	167	173	169	189	166	
171	189	163	157	190	175	
154	195	186	182	179	188	
163	189	177	185	152	198	
171	184	172	157	176	195	
157	179	189	188	158	172	
167	160	155	199	168	179	
153	181	179	164	178	190	
194	186	158	167	157	192	
183	168	154	175	151	181	
175	169	161	196	187	199	
174	184	157	186	171	155	
199	180	181	173	174	166	
165	180	151	158	178	198	
168	176	151	177	188	172	
187	194	169	186	152	160	
155	159	161	181	187	190	
179	174	187	172	186	162	
162	175	161	186	157	182	
165	163	168	188	152	184	
191	158	168	183	192	161	
157	178	183	171	177	170	
150	167	153	161	196	158	
199	197	188	183	163	159	
155	185	165	167	151	182	
199	176	171	165	192	188	
166	150	155	154	195	152	
195	164	179	174	193	150	
168	165	181	199	157	152	
189	193	195	199	167	182	
192	195	173	163	150	166	
172	167	196	183	192	188	
172	174	158	190	175	181	
173	192	152	183	155	182	
150	156	160	162	198	170	
179	168	195	151	190	152	
155	171	173	180	150	197	
171	188	192	167	198	162	
199	179	170	194	181	176	
222	240	244	231	241	232	
236	206	202	221	219	234	
204	200	246	232	230	202	
244	227	219	247	234	217	
202	211	243	246	207	221	
205	215	224	206	211	240	
217	225	248	215	208	243	
232	211	212	202	225	245	
242	233	247	200	218	223	
234	216	220	204	226	214	
246	235	214	213	230	210	
219	227	238	201	218	235	
216	234	240	226	239	224	
243	229	237	228	247	215	
207	230	213	211	215	249	
229	231	226	240	203	234	
235	238	223	247	244	241	
231	244	219	209	203	238	
232	226	220	225	224	234	
235	232	229	214	249	245	
209	213	225	200	224	245	
210	222	244	212	214	232	
213	231	200	222	205	233	
218	242	244	230	209	216	
228	208	222	241	202	215	
248	240	239	232	214	231	
226	221	207	237	219	202	
225	245	211	220	234	221	
243	222	204	229	245	231	
220	215	212	234	218	221	
207	223	243	236	241	248	
226	227	219	230	249	213	
245	230	248	220	243	204	
219	227	200	242	231	238	
234	217	247	223	218	241	
225	200	232	212	236	243	
239	203	228	241	236	238	
218	239	237	204	228	219	
221	208	211	235	242	245	
238	219	230	237	227	248	
235	209	207	226	201	206	
229	201	218	232	219	236	
227	209	201	224	216	230	
206	219	237	241	226	236	
211	207	229	208	243	247	
200	229	236	242	240	241	
216	218	232	247	226	207	
230	200	242	231	246	229	
245	224	203	241	218	244	
209	245	242	233	204	224	
290	263	294	299	284	280	
280	283	299	267	296	253	
279	288	270	275	252	283	
253	290	261	255	252	265	
290	274	271	262	286	265	
277	292	284	298	255	270	
290	297	294	263	260	250	
299	259	265	281	256	272	
253	281	262	297	265	261	
294	257	299	254	274	253	
267	274	283	265	252	286	
260	271	288	284	286	257	
252	291	251	271	276	257	
260	267	261	270	268	259	
299	258	293	286	265	274	
259	271	270	289	297	294	
278	268	288	259	285	279	
267	297	296	283	294	295	
279	252	264	296	267	283	
288	253	277	272	276	254	
262	293	266	298	278	264	
294	267	277	283	253	297	
264	255	275	294	279	292	
283	286	292	265	294	297	
254	259	289	277	261	269	
254	274	291	256	272	287	
265	280	260	288	274	261	
297	298	274	287	255	289	
265	299	292	253	296	276	
262	267	259	286	271	290	
277	260	292	295	261	258	
290	260	269	289	254	285	
252	282	260	283	270	267	
251	263	250	252	272	297	
276	271	290	298	265	287	
291	273	292	293	296	287	
272	285	299	279	292	262	
258	256	292	264	262	260	
286	253	270	290	266	272	
262	279	285	251	270	277	
277	297	294	290	262	266	
263	291	273	297	278	283	
288	266	278	281	296	299	
272	279	266	282	289	276	
271	278	262	299	251	282	
255	259	278	274	284	297	
252	263	278	257	297	260	
280	250	284	296	295	260	
271	292	272	285	299	277	
258	267	291	257	276	285	
329	328	312	337	313	345	
348	344	302	319	322	329	
303	309	326	312	337	343	
305	348	334	316	327	320	
313	346	329	344	332	322	
337	335	308	349	313	326	
346	338	315	345	347	313	
335	300	314	311	333	305	
337	304	307	348	312	339	
300	334	302	328	305	310	
331	348	300	328	334	310	
320	324	325	318	345	301	
303	318	300	315	338	330	
310	340	322	338	325	339	
319	336	317	304	341	326	
346	321	308	340	309	323	
320	305	341	340	338	310	
327	319	347	345	310	334	
312	310	331	336	342	337	
325	347	322	327	311	306	
309	327	337	336	320	314	
341	301	340	316	315	337	
328	319	302	326	318	311	
302	325	322	311	327	341	
310	323	306	329	337	349	
314	333	331	336	325	301	
336	337	338	318	339	344	
348	337	303	304	312	345	
329	349	306	322	315	313	
342	347	305	304	324	330	
309	334	348	321	349	325	
326	303	343	306	323	324	
314	347	300	305	349	311	
328	312	347	301	349	346	
332	313	302	346	310	342	
308	321	338	304	310	314	
338	349	318	332	323	334	
335	332	315	311	342	318	
345	346	339	334	347	314	
305	327	342	318	308	324	
349	311	324	331	318	332	
336	316	306	328	315	314	
323	310	305	300	315	332	
304	343	307	313	323	329	
348	341	310	329	345	321	
301	308	318	327	333	306	
304	326	335	328	327	324	
349	348	338	312	313	345	
344	322	343	330	345	326	
326	309	336	335	317	304	
356	369	352	391	382	376	
375	355	367	379	363	385	
374	371	399	355	392	386	
391	372	367	378	357	351	
376	359	358	370	381	361	
391	353	369	352	367	384	
363	358	378	359	365	393	
385	371	355	352	393	380	
399	396	352	388	354	353	
378	358	353	359	399	392	
391	369	361	386	374	379	
360	376	377	399	384	372	
383	368	390	367	359	369	
368	399	358	362	388	370	
359	378	380	356	384	358	
394	357	358	350	359	351	
399	365	385	382	352	376	
370	358	364	386	375	368	
360	391	386	377	384	365	
361	374	372	350	383	359	
395	385	398	352	394	380	
387	350	355	384	366	392	
371	398	350	367	368	394	
393	382	397	386	361	379	
382	393	392	396	394	398	
369	385	382	367	371	365	
386	384	396	357	362	368	
358	385	388	387	374	364	
394	362	383	366	376	365	
371	353	397	393	398	369	
376	394	386	351	384	350	
373	375	382	368	372	397	
386	398	360	388	352	369	
395	365	359	350	396	388	
377	355	386	375	376	358	
365	397	361	389	373	354	
388	375	361	363	381	353	
358	389	363	376	383	397	
390	393	358	371	386	370	
381	393	354	359	361	357	
397	389	388	354	363	381	
350	389	378	392	360	379	
350	395	351	357	396	361	
377	363	350	372	391	370	
374	355	381	379	353	387	
359	366	374	354	395	397	
368	381	353	388	384	389	
397	393	384	352	368	360	
389	378	353	359	381	393	
379	353	356	386	391	390	
404	436	431	441	430	402	
410	400	445	405	421	431	
418	405	416	434	430	422	
423	428	409	441	402	434	
435	416	405	425	402	415	
431	443	446	425	447	411	
425	407	423	428	412	411	
448	437	441	408	403	423	
400	431	414	448	429	446	
425	417	436	406	437	433	
439	416	434	415	437	424	
447	439	436	449	401	402	
433	436	422	431	410	401	
436	401	403	440	404	435	
429	405	402	439	422	427	
416	435	409	445	418	449	
401	434	436	402	404	407	
412	431	438	419	420	449	
435	405	413	400	425	440	
414	446	419	403	447	438	
412	442	432	434	409	440	
439	433	419	437	427	400	
436	411	423	420	427	418	
426	444	449	413	411	436	
402	432	430	434	437	433	
433	442	431	437	438	400	
445	414	420	432	436	433	
410	405	426	424	420	442	
414	441	449	426	432	446	
440	413	401	407	433	437	
415	449	402	431	440	416	
434	414	403	444	419	446	
401	404	449	434	446	412	
408	409	444	439	448	406	
403	446	401	419	424	417	
427	404	421	444	405	428	
427	415	438	428	439	420	
414	406	412	440	419	400	
430	405	426	431	433	412	
406	432	441	436	412	427	
443	408	440	435	432	421	
447	404	423	444	448	426	
424	430	407	435	434	443	
431	448	426	425	438	429	
402	443	410	407	433	439	
422	430	426	414	432	436	
400	424	438	402	429	426	
418	407	412	416	431	420	
418	430	443	424	442	432	
444	403	441	438	443	401	
492	497	465	462	473	483	
454	492	476	453	480	477	
483	450	482	468	496	481	
457	472	470	456	478	483	
496	489	482	481	472	473	
494	459	471	473	458	498	
492	469	482	496	468	456	
468	487	478	450	455	463	
474	473	453	451	499	494	
475	492	468	495	462	484	
460	459	451	499	463	450	
493	464	488	470	468	462	
472	483	499	467	481	475	
490	461	453	469	476	450	
481	459	476	469	467	474	
462	486	498	482	475	469	
497	464	468	475	465	480	
489	499	497	498	460	474	
493	471	467	492	450	489	
496	467	466	472	471	455	
471	455	461	499	483	477	
450	475	459	463	498	461	
462	465	476	486	468	489	
490	457	480	452	472	494	
468	457	496	467	486	473	
459	485	497	465	451	482	
463	481	486	480	473	491	
488	457	495	480	456	470	
461	469	463	450	460	477	
460	470	452	478	468	483	
487	463	466	492	490	485	
469	452	494	490	493	457	
453	485	476	471	498	495	
464	472	490	473	466	479	
494	454	450	491	479	456	
461	467	465	498	486	493	
486	472	455	456	497	496	
487	456	450	489	453	474	
450	490	471	483	498	477	
469	482	498	454	461	468	
454	470	481	456	492	458	
493	476	475	453	491	465	
481	471	494	496	458	452	
484	490	468	486	474	480	
466	493	477	485	450	463	
464	471	494	483	467	453	
485	459	498	474	487	452	
491	487	454	462	450	498	
483	461	488	490	451	496	
451	452	465	461	490	487	
38	5	8	44	48	6	35	
12	10	0	1	47	48	37	
1	30	2	17	28	0	32	
28	10	14	12	43	20	48	
49	27	18	1	11	21	23	
11	26	43	25	19	14	49	
31	37	39	45	1	23	40	
16	29	10	32	37	26	25	
30	27	9	28	13	47	7	
34	38	29	27	30	48	46	
23	18	11	48	4	25	33	
48	9	16	45	11	36	14	
3	31	1	37	13	19	18	
21	27	8	45	34	6	35	
20	7	11	19	10	41	13	
45	9	27	20	1	34	5	
43	33	4	8	44	49	34	
23	26	33	34	20	39	45	
31	36	19	33	24	41	29	
17	47	34	10	19	2	33	
24	46	28	9	47	17	41	
3	46	27	30	44	39	34	
20	38	29	10	25	31	6	
40	20	44	41	32	39	26	
11	0	39	49	40	22	7	
47	33	3	19	37	35	12	
46	44	40	49	43	21	15	
20	28	2	0	46	37	24	
47	29	45	10	21	35	41	
32	38	9	3	48	20	37	
13	18	34	7	23	32	35	
14	5	41	17	3	21	42	
7	0	45	22	11	34	3	
8	45	28	38	14	42	2	
48	26	4	43	49	37	23	
30	12	7	18	10	27	28	
37	31	34	3	20	12	36	
1	26	22	40	27	23	45	
4	42	48	1	22	47	5	
3	17	44	9	39	33	34	
7	29	44	20	37	25	28	
4	16	31	9	35	20	10	
22	46	26	21	39	12	49	
47	14	43	10	2	28	18	
41	31	24	25	9	16	23	
42	11	22	41	2	23	39	
28	29	5	37	35	27	30	
2	34	0	19	49	37	23	
1	36	11	30	39	44	23	
36	41	35	46	13	14	9	
51	53	67	60	96	92	85	
79	99	61	91	97	51	81	
88	70	73	92	77	71	80	
75	59	61	65	92	69	70	
62	75	58	50	71	51	65	
78	74	64	59	99	97	94	
96	92	67	98	66	53	99	
70	84	86	79	93	74	92	
76	99	87	91	63	69	93	
91	59	99	96	69	61	89	
90	97	88	52	96	85	50	
79	53	61	94	80	69	95	
63	97	75	59	77	60	69	
57	53	90	77	97	71	93	
99	76	69	80	63	72	77	
63	93	74	58	68	94	87	
89	99	76	55	73	53	97	
84	77	57	98	75	93	72	
88	80	61	66	50	82	81	
91	98	60	68	66	57	73	
60	82	62	76	98	94	97	
56	60	63	87	99	70	65	
72	93	77	83	90	99	97	
61	57	56	83	97	81	87	
62	80	83	77	93	65	66	
79	78	51	97	65	61	98	
78	50	74	64	99	97	59	
58	87	60	84	57	61	97	
55	69	98	96	85	57	79	
98	57	92	70	72	68	62	
78	68	61	82	77	93	55	
73	50	98	61	52	97	60	
53	61	75	50	79	54	71	
80	83	63	86	85	68	61	
98	87	75	51	81	61	78	
54	77	62	88	70	76	83	
82	98	88	75	53	65	97	
87	55	57	97	59	96	79	
85	88	56	69	64	72	61	
71	83	69	60	70	82	64	
82	77	50	61	60	94	86	
92	55	82	74	93	59	98	
88	97	56	96	95	62	89	
75	60	57	81	68	52	66	
88	83	94	85	55	84	62	
89	93	95	94	74	80	84	
74	73	82	51	92	77	71	
54	71	55	52	72	93	68	
95	86	51	84	91	66	83	
61	99	50	64	81	78	96	
113	146	119	116	104	129	128	
139	142	136	121	126	114	111	
138	103	130	141	118	139	146	
142	111	136	105	141	110	126	
121	134	127	125	108	116	112	
126	104	100	122	105	131	101	
133	127	107	134	110	129	137	
121	120	100	114	143	142	132	
149	105	130	142	103	125	118	
109	119	147	143	144	108	134	
112	131	115	109	148	119	137	
149	120	137	145	115	106	130	
112	140	121	101	139	127	106	
111	133	102	142	144	125	118	
136	138	104	144	143	118	125	
110	143	139	101	131	120	104	
106	148	130	132	105	129	134	
142	112	119	129	125	146	138	
104	129	139	125	113	114	121	
142	141	106	112	137	122	125	
134	144	112	129	130	107	113	
122	142	138	125	139	124	129	
133	118	114	108	122	141	143	
131	102	141	106	120	148	116	
127	132	112	119	138	125	148	
120	104	115	100	138	102	108	
106	109	130	118	143	139	120	
127	101	108	109	122	123	110	
114	123	128	112	127	118	149	
101	104	142	127	108	138	121	
145	110	121	114	139	126	147	
133	129	101	125	139	109	100	
148	120	130	133	117	101	113	
142	125	131	133	123	135	106	
145	105	147	127	108	109	110	
103	119	121	142	145	124	120	
115	133	103	127	125	137	148	
134	120	126	110	127	129	122	
141	137	116	145	108	122	105	
142	119	110	121	134	143	138	
100	117	130	149	143	146	125	
134	137	127	146	114	141	125	
119	125	120	147	144	100	149	
102	106	116	146	103	118	144	
119	107	136	143	125	145	110	
126	118	100	121	123	109	136	
141	103	142	109	104	135	105	
141	131	116	145	122	118	123	
129	148	133	138	102	143	103	
113	149	131	148	143	140	146	
150	199	185	169	187	191	173	
182	161	170	165	172	188	156	
150	153	169	192	156	159	182	
161	167	174	183	180	188	156	
161	192	169	180	171	153	183	
178	167	173	152	168	196	163	
173	177	174	169	153	193	172	
169	162	191	198	184	166	182	
161	156	159	186	171	190	187	
165	193	179	170	198	152	185	
170	153	158	179	176	198	172	
185	152	159	153	181	154	155	
170	169	176	174	185	175	198	
196	191	177	153	159	163	164	
198	185	157	184	155	154	194	
158	197	183	154	188	199	153	
183	172	168	180	163	159	191	
194	171	188	192	193	190	170	
195	183	155	152	193	156	179	
159	151	198	195	156	190	192	
197	171	177	152	155	167	182	
188	180	164	191	159	184	168	
169	185	190	198	161	167	158	
173	170	167	190	153	181	178	
197	172	167	152	185	195	186	
158	181	155	172	191	168	184	
163	198	186	154	162	185	150	
183	155	174	161	187	171	162	
174	150	199	176	179	187	173	
155	199	152	178	168	157	167	
195	182	160	168	174	187	170	
189	182	177	185	169	170	197	
193	186	191	150	190	199	154	
187	150	181	153	160	166	192	
152	195	164	173	171	176	161	
173	180	186	174	177	156	181	
171	189	163	179	198	180	170	
194	173	151	161	179	171	185	
194	167	161	187	184	197	173	
177	151	158	195	179	176	159	
162	153	190	154	170	178	159	
150	186	158	168	153	179	181	
174	154	183	164	193	161	192	
161	183	150	186	163	188	171	
180	170	176	196	183	178	172	
190	154	159	176	150	185	181	
180	167	154	189	172	192	151	
170	164	191	181	199	154	179	
157	185	155	196	190	192	183	
167	161	178	164	169	184	175	
219	242	229	203	200	205	207	
240	231	243	237	218	216	226	
203	245	220	224	234	214	249	
241	215	244	217	246	224	200	
249	247	240	207	209	246	212	
235	218	231	232	216	221	243	
226	206	228	218	237	234	242	
208	248	214	235	220	234	202	
225	238	214	217	222	240	231	
239	218	248	211	219	234	237	
241	226	237	249	210	223	233	
200	205	244	233	218	222	243	
238	242	212	237	207	225	229	
214	248	209	202	239	207	235	
223	240	212	232	239	249	209	
232	220	219	215	243	205	227	
246	208	209	232	243	248	215	
216	224	211	234	204	229	222	
208	218	207	238	247	204	206	
233	213	227	231	229	224	241	
205	202	244	234	239	210	249	
246	236	230	222	229	204	209	
235	207	244	217	231	210	248	
222	227	214	225	236	206	224	
245	231	230	200	225	207	226	
241	201	213	240	229	218	244	
213	202	246	232	235	206	222	
222	240	203	234	228	231	217	
225	219	221	217	201	232	246	
247	238	223	232	205	208	201	
249	228	211	238	231	230	245	
228	204	221	240	206	246	245	
234	244	213	220	209	236	222	
244	200	222	242	207	208	232	
226	209	211	244	215	200	218	
215	234	232	203	220	206	243	
215	203	229	233	232	237	216	
225	207	219	243	201	241	232	
224	201	233	202	249	223	205	
225	249	209	231	205	232	244	
237	210	244	217	219	224	209	
243	207	212	247	202	221	237	
234	228	238	225	202	223	218	
233	205	227	228	223	221	210	
229	224	201	242	220	223	222	
231	241	229	249	227	206	243	
241	224	232	236	223	215	239	
218	214	229	237	208	238	227	
219	238	212	244	202	243	247	
224	210	235	215	246	241	238	
281	282	266	294	260	269	286	
275	299	285	261	269	277	252	
274	266	277	257	263	254	269	
253	274	267	256	287	259	271	
274	299	253	258	268	292	293	
276	285	292	260	293	279	262	
273	278	283	271	265	282	255	
257	278	272	274	261	292	271	
281	298	294	288	282	289	296	
298	265	289	279	260	256	267	
289	270	288	292	287	299	269	
254	288	262	281	298	297	279	
253	276	252	281	256	272	291	
262	263	253	294	277	284	281	
276	296	295	266	281	289	273	
276	296	263	275	258	288	273	
277	289	299	267	291	282	273	
297	275	271	284	285	286	259	
290	270	284	298	272	295	292	
252	269	262	273	250	298	259	
252	280	292	269	266	251	267	
257	289	260	276	250	286	297	
298	262	280	268	256	261	266	
254	268	270	260	280	266	293	
259	280	271	282	277	252	256	
297	280	282	274	253	287	290	
287	297	289	293	271	298	262	
252	294	265	277	275	281	293	
293	297	264	265	262	295	276	
289	282	288	294	296	253	250	
296	265	259	290	270	251	291	
282	260	268	261	254	270	299	
296	257	287	284	290	271	293	
259	292	298	299	251	268	295	
252	280	285	267	290	293	272	
299	284	253	256	287	294	286	
294	293	260	286	262	297	273	
288	262	277	287	285	274	279	
279	268	260	285	262	296	277	
251	253	294	295	263	278	293	
287	283	281	284	277	288	271	
256	258	251	277	257	261	284	
293	252	299	288	255	262	289	
273	257	292	296	293	274	271	
289	276	281	293	265	295	257	
276	274	293	284	288	251	294	
282	269	260	298	296	279	267	
294	254	283	297	290	293	288	
278	274	287	252	279	282	263	
270	273	278	255	267	258	257	
349	321	306	324	339	312	300	
326	330	304	332	317	322	301	
328	336	312	348	327	334	317	
314	311	349	345	300	316	324	
345	314	327	330	316	332	337	
300	308	331	302	333	304	301	
336	316	329	337	322	319	331	
303	345	327	341	340	307	326	
337	307	346	321	333	309	334	
307	342	313	305	335	327	312	
313	306	302	319	303	309	301	
304	330	340	343	344	339	332	
308	328	306	342	302	319	316	
334	342	345	340	315	330	310	
317	344	303	341	342	304	349	
319	316	327	313	314	307	348	
324	323	300	310	331	348	305	
334	331	329	305	300	338	325	
328	301	318	334	324	316	312	
349	346	344	303	347	342	319	
303	302	314	339	319	336	344	
314	345	334	326	302	335	343	
301	326	322	318	308	335	339	
345	323	338	305	304	321	327	
316	333	324	312	344	328	348	
339	314	329	344	304	342	341	
342	345	329	314	313	309	335	
305	335	315	320	312	339	334	
349	308	342	336	317	300	319	
313	334	342	300	311	343	314	
317	326	327	315	302	340	332	
308	321	340	309	312	347	329	
330	304	345	320	301	317	306	
305	341	334	327	322	338	336	
338	328	330	319	343	334	321	
313	323	304	315	302	332	330	
310	303	313	320	325	308	330	
313	304	322	308	321	318	343	
307	316	310	345	311	344	349	
319	309	305	349	313	340	321	
348	332	335	330	308	333	314	
323	324	332	335	328	321	344	
332	345	305	347	348	339	301	
337	323	313	343	349	344	311	
348	344	330	300	321	339	311	
318	335	333	310	316	328	315	
309	339	308	326	322	315	311	
319	309	338	321	310	337	341	
325	319	322	335	327	316	343	
329	332	334	311	340	322	316	
396	361	365	358	387	379	378	
373	355	383	385	387	362	398	
391	379	387	383	359	352	350	
353	360	376	377	370	362	367	
397	395	391	359	389	353	369	
386	362	367	359	387	376	394	
353	391	378	382	375	388	377	
379	368	369	357	363	398	381	
365	364	373	383	395	354	371	
383	395	350	388	382	360	351	
363	387	353	362	354	386	379	
377	351	367	392	359	366	385	
389	363	352	353	397	375	369	
359	367	393	396	398	363	397	
386	382	361	353	372	398	351	
360	367	368	389	377	351	362	
357	387	384	378	395	376	379	
384	394	351	370	375	383	355	
353	372	398	393	356	377	376	
352	390	377	392	383	393	380	
369	393	387	394	385	356	395	
397	361	396	390	363	369	350	
364	356	385	370	358	355	388	
362	399	369	357	387	355	379	
398	350	396	377	388	380	383	
364	367	395	386	358	389	399	
352	399	365	372	361	360	389	
356	381	386	370	351	361	354	
396	358	382	378	388	363	385	
353	358	388	370	365	362	387	
368	354	375	394	361	396	355	
358	395	390	371	396	359	367	
366	370	394	384	382	396	353	
388	392	357	374	390	350	399	
393	353	383	368	384	399	352	
377	380	372	363	358	383	352	
384	375	363	377	356	371	358	
379	376	354	373	375	390	366	
355	377	375	398	387	356	361	
359	351	385	365	394	363	398	
365	375	364	361	387	392	398	
369	362	379	363	356	376	374	
371	360	358	352	364	393	399	
355	360	397	365	393	371	392	
381	399	353	360	350	379	383	
382	379	388	386	391	394	372	
372	398	394	359	373	383	361	
376	359	368	357	375	384	371	
356	399	374	352	370	393	390	
384	354	393	360	373	364	387	
433	414	409	404	432	436	423	
435	413	404	419	428	423	415	
400	419	432	446	418	423	440	
427	414	401	405	442	428	449	
405	430	447	410	408	438	435	
430	446	410	433	437	401	400	
402	410	413	412	439	416	422	
432	437	415	420	429	438	445	
404	444	437	419	441	429	417	
435	412	444	424	401	405	431	
448	446	401	403	410	434	421	
441	405	411	440	402	442	425	
447	407	433	422	427	448	409	
404	428	417	413	410	400	431	
414	438	425	419	412	441	449	
407	432	402	441	437	419	412	
449	434	439	403	444	416	437	
406	410	438	411	440	423	404	
441	424	449	415	428	402	423	
416	413	401	417	408	448	426	
449	401	436	422	433	412	411	
402	448	431	446	416	441	420	
444	435	407	422	433	441	439	
406	415	400	432	446	426	402	
423	420	438	437	446	427	444	
432	427	443	447	421	412	418	
415	423	418	447	434	428	442	
405	420	438	414	411	426	447	
431	421	437	449	433	444	412	
406	427	434	400	447	439	405	
446	406	422	433	408	438	416	
439	401	440	419	441	423	432	
426	421	428	435	413	412	444	
445	400	446	415	447	438	419	
430	412	405	428	400	415	427	
414	432	439	416	413	401	448	
440	436	404	444	427	431	425	
443	437	419	422	414	403	408	
425	448	403	416	430	438	410	
438	443	402	411	415	400	407	
439	423	408	413	430	421	449	
406	410	417	415	436	421	400	
405	434	425	444	424	420	417	
419	403	404	401	416	417	437	
422	446	447	430	429	434	445	
428	407	440	431	434	442	429	
438	403	441	418	426	400	446	
427	435	424	429	428	422	413	
431	405	413	445	418	422	425	
443	415	430	408	401	417	442	
498	481	463	482	462	460	454	
471	452	492	450	461	490	454	
472	499	491	478	468	455	469	
462	487	459	480	482	499	464	
467	454	479	451	489	466	478	
487	476	460	465	488	470	483	
462	477	463	497	499	486	479	
490	469	463	476	459	483	474	
496	471	468	495	450	454	457	
458	483	456	491	497	476	470	
490	455	476	481	482	462	450	
490	477	464	460	455	456	488	
467	487	472	466	459	469	470	
490	477	461	476	452	466	465	
461	477	471	451	487	450	470	
486	487	494	450	471	473	490	
467	464	499	475	482	462	469	
458	455	457	496	478	450	486	
461	463	453	488	468	465	486	
453	450	456	467	461	495	452	
464	498	483	466	486	492	463	
498	459	466	468	475	456	465	
490	465	481	456	472	492	475	
467	479	460	471	477	452	458	
472	471	486	477	494	463	498	
470	480	468	469	465	473	475	
497	459	489	466	467	482	486	
474	458	487	462	483	459	494	
450	465	469	462	471	495	490	
453	488	479	462	497	489	490	
488	497	487	465	456	475	468	
465	479	452	450	499	458	477	
466	488	487	483	486	459	475	
464	457	498	494	486	450	495	
451	468	475	485	459	458	480	
459	497	465	468	489	499	479	
463	472	456	498	485	464	499	
491	467	497	492	466	479	487	
497	466	476	459	475	471	469	
482	495	461	463	453	479	474	
450	492	454	470	480	461	457	
475	483	470	459	469	497	491	
497	474	473	451	486	462	456	
493	467	481	496	483	491	474	
460	473	480	456	498	477	481	
474	490	452	476	463	489	475	
474	471	451	484	486	481	467	
482	474	460	485	496	457	464	
481	457	456	483	455	470	488	
476	488	499	464	478	487	492	
16	26	10	24	18	2	39	46	
36	37	14	46	21	34	35	22	
38	49	10	29	41	8	24	0	
47	4	29	20	9	22	17	45	
15	37	5	1	27	28	41	40	
35	0	44	40	18	17	25	23	
20	17	48	39	11	49	0	45	
19	2	24	7	42	0	5	33	
13	26	40	49	45	6	46	25	
29	22	32	43	28	14	41	44	
24	40	28	14	0	9	41	31	
37	30	42	24	11	29	23	3	
23	27	25	40	20	47	14	49	
28	26	36	47	8	43	17	34	
39	10	38	6	36	16	43	15	
48	18	44	29	16	32	1	46	
23	47	21	30	20	32	29	11	
32	31	7	45	19	41	47	16	
12	18	49	9	27	21	23	29	
2	32	48	0	24	7	18	6	
16	15	36	9	30	1	20	24	
27	3	0	13	12	19	15	40	
1	6	0	15	39	9	3	5	
21	19	28	8	38	17	15	46	
28	11	36	33	41	47	4	7	
23	34	16	20	29	47	22	2	
39	33	25	3	45	23	20	19	
4	35	18	13	41	36	1	16	
36	46	31	11	44	39	8	9	
37	12	31	27	8	36	17	10	
47	14	44	1	11	5	35	42	
48	39	16	33	1	19	10	49	
30	15	46	45	12	32	10	0	
7	40	24	42	23	25	32	9	
14	31	3	25	30	17	10	9	
32	36	21	41	14	8	24	10	
29	2	15	33	44	47	34	22	
36	7	44	43	49	17	48	18	
19	41	12	34	25	5	31	18	
30	32	37	47	28	48	39	49	
47	4	49	21	8	24	2	42	
7	24	35	27	30	23	15	44	
27	13	30	49	33	11	39	26	
33	27	39	16	9	42	25	11	
36	47	2	44	11	37	28	19	
31	23	12	16	13	14	22	34	
25	6	23	32	5	49	0	9	
14	43	35	22	49	30	40	45	
38	27	49	46	5	45	2	41	
40	24	29	22	46	7	30	39	
52	58	70	73	74	67	68	62	
53	82	55	59	92	58	76	52	
65	90	51	52	73	79	83	86	
52	59	81	61	98	87	78	86	
73	95	99	64	53	57	87	71	
90	60	68	61	55	75	77	98	
87	64	85	86	74	88	89	52	
71	94	66	52	58	81	79	53	
86	54	74	82	84	51	90	58	
77	91	96	52	76	93	56	84	
57	89	67	79	59	92	75	96	
88	69	63	92	77	98	68	83	
58	55	83	90	59	96	72	64	
58	96	76	89	85	54	84	51	
77	88	90	64	97	79	83	92	
93	85	95	51	59	54	58	62	
63	87	59	86	93	66	53	70	
70	77	76	66	56	65	73	74	
87	98	76	73	85	72	79	67	
89	69	88	83	70	51	60	74	
97	71	69	98	58	55	67	52	
91	61	72	67	82	89	64	58	
65	51	68	94	95	86	57	90	
72	51	93	91	52	66	89	70	
60	96	64	81	76	84	87	57	
84	95	55	82	52	53	71	94	
93	80	73	95	52	61	53	94	
77	86	55	99	92	79	60	75	
93	91	74	57	60	79	68	80	
64	81	88	57	68	98	58	90	
99	63	68	62	94	65	97	90	
58	69	50	65	78	55	92	99	
84	59	96	95	77	79	52	51	
50	90	75	63	93	69	94	52	
84	76	72	82	67	61	74	54	
50	72	55	89	64	57	85	54	
82	58	72	94	52	73	68	98	
51	94	79	72	77	61	56	74	
76	51	85	81	73	90	93	75	
63	73	58	72	97	55	65	54	
63	55	56	72	53	85	71	96	
75	61	90	87	79	85	60	51	
77	69	81	52	76	71	64	55	
90	73	95	69	52	70	86	56	
83	78	94	79	71	66	77	91	
75	71	84	72	80	77	54	76	
53	74	93	62	51	85	57	52	
54	53	79	72	78	64	55	65	
93	64	65	81	72	78	98	90	
63	94	73	57	83	53	78	59	
103	112	149	131	115	133	128	126	
140	122	141	113	135	125	115	104	
123	137	101	144	110	136	135	145	
129	135	147	134	111	149	104	109	
148	142	130	102	113	144	124	101	
114	133	135	136	130	124	123	139	
102	115	117	100	141	107	137	132	
114	121	106	118	119	108	149	145	
128	119	117	125	144	136	130	120	
116	108	120	137	132	139	105	100	
145	122	123	112	141	100	114	130	
115	116	123	125	135	102	103	140	
140	136	115	104	116	135	131	142	
126	122	106	101	138	100	132	146	
131	124	129	136	114	130	103	139	
106	139	124	133	118	115	137	149	
138	107	139	118	100	105	122	125	
126	111	145	141	149	112	108	127	
148	130	117	101	124	121	133	127	
103	108	120	100	125	126	122	128	
118	101	132	144	109	130	131	128	
122	121	149	139	137	103	147	130	
126	111	119	139	146	115	135	116	
126	101	105	130	118	117	143	129	
101	144	109	114	137	127	104	124	
120	112	117	105	125	122	116	115	
148	113	146	115	132	123	127	110	
112	141	104	145	126	140	105	120	
117	128	129	108	124	113	127	120	
143	102	146	100	144	120	107	125	
113	141	109	139	105	111	126	106	
149	140	103	108	146	125	122	148	
113	115	119	121	148	144	146	111	
144	133	106	148	103	101	146	126	
102	135	122	138	139	101	107	142	
136	108	139	112	116	126	125	120	
140	123	143	122	120	147	107	104	
148	140	121	143	127	139	116	101	
121	112	111	109	138	133	113	103	
124	144	149	138	128	112	115	114	
135	112	113	125	129	119	104	115	
117	149	129	135	147	113	103	138	
123	139	144	108	143	130	135	112	
103	148	107	109	122	133	112	117	
131	112	132	147	104	136	106	115	
143	117	146	100	149	126	113	134	
128	148	100	131	134	132	111	118	
145	128	104	117	107	141	111	112	
106	125	141	116	103	148	102	135	
119	132	126	141	131	143	144	149	
174	173	164	153	168	187	183	171	
161	168	157	194	187	158	196	178	
185	195	155	154	159	158	157	176	
156	194	165	150	162	159	153	169	
191	182	196	173	190	177	193	166	
162	191	157	172	189	169	168	174	
170	175	179	157	172	163	159	161	
186	191	193	180	154	188	190	184	
174	194	152	180	187	167	179	193	
175	184	162	174	181	154	170	183	
157	180	165	187	161	168	152	164	
189	174	164	152	177	163	167	180	
179	188	189	192	198	178	176	164	
188	151	180	190	179	169	184	198	
152	198	196	185	177	169	162	156	
191	195	163	158	189	157	181	194	
180	159	151	172	153	155	199	192	
164	180	161	189	191	177	182	152	
180	193	160	181	167	171	158	161	
163	164	159	179	150	183	194	155	
151	175	183	162	184	181	168	182	
178	174	177	187	168	162	173	154	
181	186	189	159	167	188	157	192	
181	192	178	196	176	190	164	168	
178	191	175	181	198	169	195	150	
165	158	164	193	170	189	187	153	
170	194	165	164	192	156	199	153	
197	170	155	154	166	185	171	195	
165	188	157	174	186	178	156	199	
174	192	166	198	157	189	151	179	
161	164	173	169	153	189	182	159	
169	190	151	196	195	153	157	150	
186	197	175	188	189	199	192	167	
173	178	159	199	169	189	183	188	
154	192	156	189	188	196	169	152	
163	197	183	157	172	160	165	168	
189	154	153	157	186	184	179	185	
192	188	195	166	186	159	168	193	
169	155	159	178	189	192	154	163	
154	185	161	171	172	169	156	155	
188	192	199	182	157	178	166	167	
169	166	188	191	165	190	156	198	
175	196	190	170	176	199	169	162	
155	175	189	167	186	156	195	173	
158	161	167	150	168	183	179	188	
180	158	155	182	175	168	163	186	
150	156	153	168	179	155	159	152	
174	190	183	186	179	197	177	195	
169	192	171	167	163	183	190	160	
184	171	198	173	155	194	164	187	
241	221	231	218	232	225	205	201	
225	223	206	244	235	200	221	241	
236	217	229	223	237	208	220	211	
214	227	248	249	204	207	243	242	
224	216	206	219	246	201	228	205	
249	211	214	236	204	215	202	247	
223	219	229	211	201	236	238	246	
235	219	204	218	236	210	239	231	
237	209	206	202	227	229	216	205	
212	242	217	215	204	206	247	233	
226	203	215	220	204	232	214	239	
203	237	245	226	211	215	234	247	
233	238	217	243	221	229	220	202	
231	217	233	207	227	249	201	200	
243	205	211	212	219	207	228	206	
203	228	218	248	243	237	205	220	
208	243	241	215	203	201	240	211	
244	219	231	220	237	225	226	249	
240	245	226	249	237	217	247	243	
222	229	205	219	246	209	223	248	
229	231	217	215	238	220	248	239	
235	224	242	211	233	225	203	243	
249	221	214	211	209	216	202	233	
225	214	220	217	218	227	243	208	
245	210	204	213	203	239	247	214	
218	229	245	200	233	208	236	228	
201	209	240	200	239	241	231	248	
219	241	223	222	244	206	228	213	
212	241	211	230	239	234	242	247	
227	204	202	203	247	201	249	214	
240	228	205	234	215	204	230	241	
239	228	233	204	231	208	214	210	
237	225	207	238	235	248	224	231	
232	244	210	224	236	231	215	245	
226	209	224	213	206	237	221	246	
225	213	201	233	206	247	214	239	
248	220	222	226	227	238	233	247	
207	202	220	204	247	211	229	213	
239	217	244	229	245	236	247	205	
240	239	234	210	201	227	235	236	
233	220	245	228	206	243	218	208	
223	201	235	208	246	249	236	228	
235	203	227	202	210	220	214	246	
207	220	213	246	219	204	217	205	
243	218	226	210	204	200	235	228	
230	239	204	235	245	203	225	229	
228	232	221	203	213	227	200	220	
243	233	229	235	214	204	200	238	
222	244	213	210	231	208	246	226	
229	244	210	235	209	241	246	200	
266	256	267	290	273	253	269	287	
276	274	272	281	282	283	291	295	
288	260	258	263	299	254	282	278	
254	278	296	290	289	295	274	279	
292	252	250	275	279	293	265	296	
288	270	274	263	285	278	295	266	
266	297	253	268	284	260	294	292	
260	283	252	290	266	265	275	273	
288	260	290	289	282	296	253	266	
289	258	292	259	287	298	282	257	
286	278	270	280	296	269	262	263	
276	291	257	277	253	282	262	292	
254	267	282	262	252	260	281	275	
271	299	255	289	283	262	252	261	
285	271	265	272	277	293	284	263	
294	252	274	253	279	280	270	276	
263	257	292	286	298	251	271	293	
264	261	270	266	278	275	250	268	
254	290	266	286	288	263	287	279	
299	272	260	273	258	284	271	277	
278	271	296	285	254	281	280	297	
285	254	260	275	267	257	256	278	
252	281	273	259	269	266	251	250	
289	260	251	271	270	273	268	262	
282	285	259	255	257	270	262	290	
279	256	293	294	251	286	252	261	
297	299	291	272	285	280	260	266	
292	296	297	276	291	281	272	293	
255	267	287	263	273	279	261	271	
250	269	294	295	280	270	268	262	
259	261	270	280	252	262	279	288	
295	292	276	255	288	256	281	293	
252	278	251	277	250	257	296	297	
264	271	266	269	291	284	263	280	
252	296	282	274	259	294	253	288	
297	274	266	295	283	279	257	286	
262	251	256	293	281	257	268	286	
280	267	252	285	259	277	255	263	
279	270	271	296	283	298	275	254	
254	265	299	290	270	285	257	289	
287	285	252	251	298	296	282	256	
288	257	265	299	263	298	281	269	
273	297	268	276	251	250	264	274	
253	299	256	273	277	255	260	276	
288	283	259	278	281	266	262	254	
267	251	270	276	262	264	260	299	
263	295	274	262	260	296	269	282	
256	293	271	268	290	269	275	279	
298	250	254	258	277	286	255	287	
298	282	287	267	283	271	281	277	
302	319	331	330	334	321	340	320	
333	310	322	313	317	327	331	334	
332	330	342	318	303	311	339	329	
307	316	324	322	333	323	321	314	
348	315	344	310	309	307	343	319	
349	339	342	335	320	346	302	331	
334	318	337	307	320	322	317	301	
308	317	341	337	328	321	304	303	
312	309	327	326	346	317	307	321	
322	313	305	321	314	332	326	342	
334	339	301	318	322	336	337	324	
305	309	313	323	345	325	317	300	
346	319	306	307	338	310	325	333	
304	345	331	307	306	330	322	321	
303	340	312	311	319	304	329	333	
301	342	323	306	331	313	300	333	
322	339	305	310	349	336	314	304	
307	303	322	349	319	347	326	329	
347	325	316	333	340	349	342	330	
321	319	314	302	342	323	322	330	
301	337	304	315	329	341	331	302	
322	319	339	336	325	342	341	310	
305	327	316	331	319	317	334	307	
309	345	344	319	315	306	341	349	
312	303	321	335	311	306	301	300	
336	322	311	309	332	347	301	325	
321	334	343	340	328	305	302	327	
311	347	335	344	316	324	302	309	
305	314	310	312	308	341	327	346	
333	328	317	339	324	337	347	303	
321	329	328	308	318	311	330	325	
333	340	305	326	307	306	343	323	
321	329	317	344	300	316	347	341	
349	306	313	348	300	321	319	326	
321	325	323	336	306	316	318	344	
330	332	334	300	329	327	348	346	
311	310	330	323	340	338	342	314	
311	304	325	302	324	348	314	328	
335	305	307	334	314	339	321	302	
330	339	340	327	348	324	315	338	
325	313	348	317	337	329	321	305	
302	334	324	336	332	306	338	317	
310	326	318	336	302	301	343	328	
325	345	326	331	344	303	306	323	
318	324	309	336	328	313	349	304	
335	320	342	328	326	340	321	332	
300	339	341	312	314	348	321	329	
341	306	310	335	318	345	312	308	
334	326	304	349	319	331	339	324	
324	318	347	344	301	304	321	338	
391	353	381	350	358	387	397	368	
399	372	392	389	357	377	381	359	
355	392	383	351	394	374	358	359	
359	388	377	378	382	398	384	352	
389	352	361	365	387	386	378	390	
371	375	372	368	364	379	390	383	
364	384	357	370	354	360	397	365	
374	376	373	399	368	372	377	383	
367	378	372	382	368	371	379	375	
395	350	358	384	360	372	380	383	
360	392	350	378	397	382	366	381	
392	363	399	357	378	375	361	389	
391	379	390	370	366	375	358	355	
371	356	386	361	365	367	387	392	
393	362	396	378	399	363	392	390	
360	356	367	371	396	357	377	378	
358	361	390	387	378	380	395	352	
393	383	368	384	395	354	351	370	
382	390	387	352	398	392	351	399	
376	363	380	378	379	386	389	384	
359	381	353	352	392	368	361	350	
388	355	386	382	353	361	372	383	
354	388	393	391	379	384	371	397	
377	391	381	378	371	365	387	372	
393	398	366	353	387	362	371	392	
367	399	387	352	358	371	354	397	
360	394	388	383	357	365	371	397	
377	367	366	384	397	375	379	390	
378	397	370	373	396	369	359	361	
376	363	350	379	366	387	355	384	
380	370	395	385	360	386	383	353	
365	367	361	391	371	369	392	395	
398	363	390	361	366	375	396	353	
399	377	381	367	398	384	366	350	
363	381	366	386	380	373	395	396	
368	353	374	364	392	396	384	352	
377	363	362	376	371	366	395	356	
361	377	373	371	389	399	359	378	
374	365	377	381	383	380	399	385	
361	375	378	377	372	371	368	384	
363	390	370	395	360	392	373	354	
360	372	355	383	390	359	386	371	
363	361	371	380	350	360	396	388	
369	374	390	351	352	355	360	385	
399	364	382	357	375	367	388	386	
374	397	370	352	377	354	382	353	
365	357	364	394	388	398	396	387	
358	381	369	398	350	393	372	361	
350	379	380	364	371	394	381	383	
383	366	379	389	353	354	390	360	
428	402	446	411	440	448	415	445	
400	438	443	431	444	429	441	442	
410	403	426	446	400	435	437	429	
428	421	403	400	439	402	410	417	
448	436	442	415	423	414	421	444	
427	414	416	446	411	407	419	443	
427	406	439	442	410	443	419	428	
408	431	405	426	407	448	438	420	
445	411	421	409	448	412	401	426	
445	420	440	413	449	416	405	419	
437	410	436	418	443	422	407	446	
441	432	410	425	421	443	418	404	
428	409	400	431	449	433	443	405	
429	401	403	424	402	439	408	430	
432	409	440	446	445	405	433	417	
449	433	425	426	410	437	434	408	
435	403	444	400	427	404	426	448	
429	443	416	423	432	430	417	435	
434	441	426	402	404	448	408	438	
410	402	425	446	422	436	416	413	
438	414	401	400	404	432	434	426	
416	433	419	412	420	429	410	430	
421	424	402	406	449	447	426	436	
429	449	408	447	419	409	437	405	
415	427	404	408	437	424	433	429	
408	442	406	428	409	405	407	414	
405	406	439	442	436	414	415	437	
449	440	439	414	438	441	432	412	
435	414	409	446	443	434	422	447	
433	431	446	424	432	449	414	427	
447	420	445	439	428	440	427	438	
428	404	417	422	432	445	437	441	
438	422	402	427	414	436	432	445	
403	449	447	405	408	427	402	442	
409	402	435	417	436	410	438	419	
434	449	444	445	447	423	413	401	
426	408	435	425	443	440	414	438	
445	437	444	421	403	438	424	446	
422	428	445	430	424	427	418	446	
425	407	429	419	444	415	436	432	
433	437	401	408	404	449	442	441	
430	415	409	436	441	422	424	407	
423	441	445	403	404	435	401	405	
417	449	418	406	419	424	423	435	
440	435	446	425	420	415	417	434	
419	432	442	410	407	428	444	421	
409	422	449	432	415	424	438	417	
442	405	414	418	415	407	435	436	
445	430	442	443	449	400	447	412	
434	438	410	442	404	444	426	431	
455	488	467	474	459	478	453	487	
482	468	462	497	464	476	495	450	
455	466	471	457	487	497	490	477	
489	457	462	478	467	497	452	468	
497	481	460	467	454	475	492	495	
460	469	477	486	484	496	481	454	
456	494	496	450	476	477	453	451	
459	484	450	465	463	494	485	475	
489	450	454	496	472	485	459	466	
478	477	463	485	492	474	458	489	
472	476	487	461	457	465	493	490	
466	458	468	488	456	475	493	462	
472	492	464	499	491	481	495	453	
475	485	450	467	497	461	490	491	
464	489	460	466	465	491	486	482	
458	464	451	452	462	492	490	477	
488	451	467	460	452	466	499	465	
462	467	461	494	488	486	477	479	
472	466	492	458	491	455	470	471	
459	476	462	475	457	480	470	453	
496	491	471	495	492	485	455	452	
461	460	450	495	496	458	489	481	
490	464	475	466	494	457	467	477	
460	458	477	467	463	471	490	488	
470	471	458	490	486	450	497	485	
469	480	490	450	477	487	493	455	
487	465	490	456	453	489	475	477	
452	490	457	487	470	468	461	499	
488	456	467	479	497	490	451	470	
469	485	490	496	450	481	492	484	
469	489	491	454	462	456	490	476	
475	492	474	462	479	483	488	482	
456	493	478	489	460	497	495	477	
452	467	479	469	483	490	491	470	
477	464	457	463	490	487	494	484	
484	452	481	493	462	495	459	480	
463	460	492	485	483	465	488	459	
450	451	496	472	456	481	465	464	
490	484	457	462	454	483	474	451	
481	467	466	476	450	483	480	469	
453	482	479	466	464	469	467	460	
461	496	498	469	459	454	486	495	
484	474	487	481	471	453	486	459	
491	484	499	474	496	476	472	467	
489	475	479	470	456	497	466	454	
486	468	456	452	465	479	481	497	
479	474	475	491	477	471	468	457	
494	488	469	475	491	480	498	490	
478	494	462	464	488	479	454	482	
482	487	490	491	456	494	496	464	
270	347	268	
380	364	137	
480	443	261	
80	112	66	
271	50	196	
20	422	38	
155	423	458	
244	431	124	
152	239	40	
470	244	103	
6	192	279	
415	452	243	
98	308	371	
371	182	78	
42	477	403	
142	23	186	
314	234	147	
465	361	51	
15	471	383	
211	461	391	
121	262	375	
386	226	41	
498	84	125	
58	118	363	
272	15	268	
389	301	11	
265	364	184	
261	93	336	
380	436	469	
258	290	64	
454	287	78	
323	69	218	
173	434	72	
276	387	306	
314	158	388	
34	436	226	
297	323	188	
396	178	401	
339	112	109	
302	196	68	
292	11	281	
40	429	364	
493	485	454	
128	362	423	
369	414	426	
404	212	235	
315	481	255	
201	169	334	
184	475	380	
173	453	55	
81	289	82	
281	325	271	
179	392	410	
111	334	29	
181	314	281	
227	352	43	
482	109	493	
102	129	423	
28	297	42	
253	23	362	
407	267	249	
293	498	432	
463	359	275	
8	105	458	
6	217	270	
352	315	342	
498	217	70	
242	412	57	
318	434	469	
22	378	463	
93	219	441	
327	73	45	
477	406	253	
112	299	379	
298	420	38	
307	200	198	
91	194	245	
487	211	351	
401	61	498	
295	353	490	
75	307	37	
382	89	446	
312	438	156	
211	390	214	
220	227	370	
337	123	480	
381	105	310	
4	66	87	
376	43	471	
203	115	472	
482	375	303	
301	354	37	
198	483	428	
7	468	303	
452	114	237	
31	116	179	
246	61	116	
487	211	433	
291	314	121	
251	25	181	
453	85	203	
451	130	345	
87	145	294	
259	198	94	
181	138	473	
352	175	441	
12	167	148	
452	226	438	
435	48	281	
425	302	99	
456	321	381	
442	281	272	
470	154	354	
452	259	104	
376	315	64	
453	352	328	
271	24	265	
136	435	460	
381	315	206	
121	215	171	
285	286	380	
496	70	163	
188	489	408	
312	452	133	
351	129	361	
340	320	56	
123	353	465	
328	117	318	
465	93	449	
289	197	122	
460	130	431	
127	238	251	
3	225	101	
85	344	106	
320	128	152	
12	481	258	
293	92	116	
84	407	409	
342	377	384	
274	8	375	
106	15	155	
297	51	47	
330	493	181	
450	349	321	
124	228	13	
94	399	373	
110	91	4	
117	56	50	
44	269	26	
44	389	150	
359	489	255	
275	430	384	
164	368	240	
447	437	202	
438	151	212	
478	81	461	
471	357	473	
195	402	3	
136	457	225	
310	152	246	
192	443	323	
22	61	475	
258	292	28	
118	278	291	
265	408	468	
161	202	453	
438	372	147	
74	362	329	
34	376	396	
114	336	476	
44	339	405	
394	38	55	
459	7	318	
12	431	260	
68	359	376	
98	436	137	
50	71	221	
477	13	405	
259	275	371	
104	448	427	
374	60	117	
126	145	81	
120	79	385	
415	136	237	
175	308	300	
351	248	489	
201	360	21	
428	367	473	
326	39	218	
261	381	140	
436	376	2	
461	122	342	
401	187	133	
306	248	137	
289	173	159	
5	201	493	
239	273	307	
490	491	195	
228	281	395	
228	121	330	
136	243	166	264	
432	240	92	41	
466	6	288	239	
459	477	462	36	
186	315	301	461	
409	499	78	214	
221	344	29	134	
115	384	90	410	
156	188	233	430	
484	476	171	453	
481	273	169	497	
297	204	267	151	
468	437	276	186	
362	340	377	418	
175	185	116	419	
240	345	75	101	
204	89	475	291	
248	368	369	402	
38	214	153	31	
148	381	241	53	
310	191	256	326	
139	120	439	138	
453	28	177	39	
377	76	484	284	
274	343	287	134	
88	451	16	424	
54	16	482	234	
483	385	499	2	
372	415	52	467	
314	46	238	212	
489	363	72	488	
138	190	282	289	
267	336	353	241	
326	237	60	427	
381	110	136	32	
141	480	6	425	
23	12	120	133	
87	431	190	25	
153	344	452	0	
217	451	84	382	
184	16	303	52	
456	445	187	435	
113	353	427	143	
257	221	44	441	
116	415	304	133	
140	52	111	71	
218	82	407	95	
373	452	312	475	
442	488	0	302	
221	441	423	87	
257	0	148	22	
129	412	455	245	
33	469	455	83	
306	119	362	175	
493	255	372	124	
69	372	431	212	
225	412	162	490	
170	31	112	462	
277	123	92	436	
97	104	158	141	
418	53	129	408	
181	165	463	134	
72	282	261	106	
304	189	53	247	
284	365	419	273	
388	427	433	266	
402	188	422	300	
162	484	417	3	
362	160	256	75	
392	413	138	75	
187	442	129	356	
217	299	419	112	
141	140	11	340	
393	81	455	337	
413	141	234	434	
295	220	375	158	
421	184	366	425	
140	472	350	162	
322	352	315	413	
132	105	247	120	
262	429	462	235	
151	244	485	139	
455	190	14	395	
212	88	117	263	
152	264	402	170	
364	467	230	297	
460	66	112	469	
20	380	334	475	
407	280	77	32	
39	130	448	41	
207	471	487	15	
127	84	87	344	
421	82	43	268	
114	212	352	129	
127	119	431	46	
494	449	252	399	
271	471	149	327	
310	312	231	401	
120	188	79	424	
394	390	199	256	
68	347	119	391	
195	225	320	422	
164	175	72	450	
480	408	388	389	
358	110	39	323	
188	168	136	484	
100	32	290	60	
344	125	493	142	
291	304	329	387	
485	395	119	165	
204	279	418	257	
288	299	410	297	
150	278	99	215	
121	357	434	320	
47	158	403	386	
239	246	65	80	
421	178	376	236	
80	354	458	138	
33	401	261	1	
91	275	214	199	
180	98	20	463	
454	97	246	424	
386	457	47	392	
279	30	371	118	
355	301	149	83	
395	93	180	114	
329	158	273	284	
272	157	283	340	
475	371	309	292	
315	462	494	84	
280	106	281	397	
464	101	169	111	
51	265	209	78	
8	328	110	218	
163	456	45	404	
187	283	246	307	
398	341	478	354	
485	67	163	458	
332	208	380	317	
410	273	381	189	
425	245	315	224	
94	46	138	86	
209	490	139	226	
483	260	251	70	
415	420	12	136	
259	450	464	58	
331	276	305	45	
321	479	338	273	
209	160	424	395	
292	367	419	189	
382	480	414	117	
241	412	95	315	
450	403	33	276	
229	360	237	150	
298	137	432	154	
250	228	178	104	
430	307	414	230	
273	243	180	187	
442	240	295	258	
191	152	257	496	
447	427	163	191	
357	108	10	189	
98	230	125	43	
185	72	465	225	
368	64	114	361	
288	112	153	232	
94	477	326	198	
265	205	119	406	
295	490	322	268	
191	409	139	460	
205	150	375	395	
438	189	334	96	
43	186	319	20	
74	177	69	131	
188	381	413	382	
377	130	351	431	
449	193	346	489	
33	198	277	108	
2	192	169	231	
254	277	395	167	
250	165	43	452	
13	430	227	317	
439	121	54	290	
317	313	140	343	
68	366	55	297	
23	215	352	257	
412	112	360	438	
478	35	270	89	
140	309	325	386	
357	338	135	139	
150	318	450	433	
375	173	360	102	
428	231	442	264	
350	148	122	306	
333	23	47	441	
106	499	79	441	
204	127	131	195	
166	202	400	251	
490	387	461	377	
109	71	332	320	
168	140	492	260	226	
214	54	487	218	26	
223	98	176	385	275	
114	480	30	405	323	
113	121	380	155	348	
178	361	369	72	409	
242	398	431	250	352	
454	64	295	20	398	
345	76	428	430	163	
63	350	438	302	421	
156	330	402	223	29	
301	110	294	129	485	
327	488	131	432	297	
198	406	179	458	197	
103	433	141	230	409	
144	338	329	103	327	
497	54	302	486	332	
6	53	387	255	437	
418	29	211	145	184	
76	142	138	359	59	
376	404	371	332	135	
2	341	188	392	81	
295	96	384	161	452	
483	343	9	279	44	
434	129	32	458	394	
154	238	332	58	87	
370	84	192	305	196	
243	294	115	496	392	
365	401	244	463	79	
454	3	27	202	305	
357	385	144	6	493	
77	12	204	227	6	
213	234	197	311	487	
64	34	220	128	216	
391	88	158	420	51	
342	146	97	300	15	
360	236	334	443	148	
127	288	216	368	354	
107	45	63	115	461	
125	176	275	56	83	
119	206	200	331	443	
111	318	370	333	160	
328	201	445	162	63	
9	316	449	381	154	
287	436	419	250	11	
167	106	71	148	86	
373	309	11	49	82	
226	475	489	453	339	
70	149	397	110	430	
475	462	206	302	156	
160	424	440	257	23	
370	474	420	113	380	
344	81	222	290	265	
2	225	236	290	68	
410	300	259	178	449	
388	103	315	356	380	
222	315	440	172	438	
485	343	240	45	369	
364	73	180	281	333	
14	86	472	125	133	
274	90	126	423	133	
321	223	493	11	156	
389	171	71	33	163	
151	307	243	280	252	
416	293	183	306	132	
308	174	294	382	135	
0	248	440	211	116	
11	323	175	31	434	
265	361	152	133	121	
285	217	357	452	90	
456	13	127	362	102	
400	98	240	137	214	
301	496	218	315	231	
401	376	175	84	428	
35	3	112	22	104	
316	221	17	154	251	
379	55	131	422	232	
438	331	270	193	374	
412	314	294	81	163	
67	414	315	105	197	
439	21	363	90	120	
178	363	435	157	445	
254	71	381	127	362	
243	183	343	230	325	
292	484	92	192	481	
152	224	31	402	103	
482	189	498	283	341	
444	3	186	37	154	
210	94	363	358	56	
457	163	289	475	120	
8	211	404	51	369	
325	436	291	219	427	
462	447	251	349	0	
137	377	195	442	118	
44	35	74	436	41	
184	360	298	264	392	
211	342	66	137	228	
265	57	92	357	204	
140	97	199	31	39	
121	493	222	28	103	
324	135	123	490	359	
231	8	335	56	144	
301	234	459	272	143	
271	287	429	47	27	
352	466	325	30	355	
450	326	27	159	4	
247	156	318	283	104	
149	117	452	481	193	
489	124	27	430	210	
1	291	270	81	377	
497	251	390	93	346	
307	224	243	394	57	
273	353	234	372	425	
347	339	52	423	73	
9	128	390	62	216	
212	470	454	74	453	
435	352	47	465	491	
260	151	201	467	376	
432	109	85	162	60	
112	416	25	326	434	
490	218	101	116	90	
77	300	61	165	158	
56	193	205	135	10	
172	258	251	405	14	
185	361	143	81	68	
5	112	171	212	39	
449	252	395	399	388	
88	407	189	11	138	
6	252	452	69	85	
298	161	481	235	410	
230	35	373	343	17	
348	365	107	6	283	
378	297	30	126	29	
71	236	458	88	212	
396	353	477	203	374	
411	396	71	39	70	
241	417	237	10	322	
491	105	73	422	72	
39	243	359	451	355	
285	498	305	272	428	
471	409	249	61	27	
114	410	496	416	99	
494	16	176	363	350	
160	26	124	274	244	
107	342	405	113	393	
356	494	61	347	358	
184	424	134	194	43	
384	157	293	119	395	
58	239	140	161	87	
444	63	341	109	192	
225	226	115	489	153	
380	284	66	272	117	
33	339	487	47	362	
494	405	440	369	456	
259	455	266	411	78	
33	329	7	344	270	
239	14	490	367	97	
201	75	289	466	239	
393	119	73	2	5	
173	11	449	285	136	
143	483	278	238	309	
436	476	222	189	453	
144	426	378	398	219	
461	409	101	166	146	
72	409	125	488	401	
383	259	300	434	302	
66	2	291	263	115	
255	257	489	222	370	
42	89	349	112	243	
483	371	116	221	397	
368	169	8	455	292	
439	230	410	446	223	
485	242	183	15	301	
85	280	424	441	125	
188	274	442	159	457	
242	491	405	254	476	
162	27	112	224	32	
197	99	371	19	324	
268	365	104	148	374	
77	42	479	155	397	
312	62	108	384	178	
329	469	320	379	478	
215	153	281	169	413	
286	376	15	177	366	
118	320	492	464	371	
277	75	386	467	384	
388	424	448	299	389	
107	439	353	356	160	
197	13	225	249	413	
284	39	496	167	391	
170	367	226	223	28	
228	448	357	236	139	
398	220	116	354	228	
308	298	193	350	346	
271	465	134	357	401	
460	339	449	397	227	
352	360	485	204	481	
405	92	30	264	152	
161	98	425	150	364	
36	403	358	241	17	
