28	16	24	36	15	9	
20	15	46	30	42	38	
13	1	10	16	9	37	
45	34	26	2	24	27	
24	39	26	16	5	33	
27	39	20	6	38	46	
27	22	43	16	1	31	
46	22	15	35	5	47	
17	44	0	2	1	22	
19	37	17	15	48	44	
44	16	22	42	3	41	
15	26	22	21	7	24	
37	8	31	6	33	3	
40	12	25	39	34	37	
38	9	33	44	35	2	
44	24	48	3	42	39	
16	41	0	17	14	10	
26	3	9	13	5	24	
11	28	44	9	49	34	
4	16	10	3	24	45	
13	28	8	39	5	36	
47	42	19	48	45	8	
8	2	6	17	14	25	
15	42	37	9	14	25	
43	32	20	3	1	9	
21	29	45	16	26	20	
48	10	34	43	16	22	
16	38	41	8	42	2	
6	17	8	45	29	1	
16	49	12	20	3	37	
25	19	37	45	42	41	
24	23	34	16	49	13	
27	14	19	11	4	7	
34	29	21	27	42	10	
25	18	19	8	42	28	
25	6	18	32	13	40	
29	31	27	7	19	18	
22	5	18	30	13	26	
21	17	6	43	9	25	
49	13	25	34	37	48	
13	48	36	5	27	38	
17	45	6	18	1	46	
17	38	4	42	12	18	
33	22	39	36	35	42	
40	41	32	29	7	24	
26	27	38	25	40	45	
48	31	33	26	45	3	
7	13	6	25	44	10	
4	21	48	33	12	29	
49	31	43	46	30	47	
94	57	65	83	72	78	
73	98	74	64	50	97	
97	54	89	79	94	65	
84	52	90	67	89	95	
74	97	81	75	68	90	
61	56	79	90	76	94	
80	82	72	93	55	88	
68	59	97	53	60	64	
86	76	65	89	88	56	
75	88	59	85	66	58	
57	89	63	70	65	58	
90	83	62	72	82	69	
57	92	97	67	98	94	
67	59	85	71	72	95	
91	78	77	79	56	71	
88	85	59	84	80	77	
54	65	71	51	61	70	
94	70	81	67	51	50	
75	73	62	54	87	59	
64	96	72	57	87	56	
74	57	60	53	99	88	
73	68	80	65	79	99	
87	69	82	58	65	59	
91	77	65	88	73	58	
66	51	58	97	85	90	
82	61	76	94	73	52	
96	63	64	66	60	59	
59	69	97	85	57	89	
54	50	72	61	75	78	
83	79	95	98	64	99	
96	70	92	77	59	72	
55	68	72	78	58	86	
92	88	89	51	50	87	
69	73	89	50	71	93	
54	72	61	63	91	87	
79	90	87	70	59	98	
94	81	55	62	57	68	
51	95	90	91	94	85	
53	57	93	85	71	88	
53	61	91	81	62	86	
59	92	74	69	75	87	
72	90	61	79	94	71	
57	71	91	50	77	55	
64	61	53	78	85	74	
89	56	55	79	59	57	
73	67	57	83	75	89	
80	55	51	92	70	66	
76	54	57	73	99	93	
83	53	78	99	64	51	
97	81	75	92	87	83	
144	112	116	115	100	139	
145	140	135	125	142	119	
137	138	129	132	121	136	
135	149	137	117	145	148	
132	110	142	122	101	138	
130	111	131	137	129	149	
143	120	100	107	112	127	
118	114	123	128	138	105	
130	133	113	123	143	106	
135	121	118	147	101	110	
128	120	148	124	122	108	
136	129	149	109	142	145	
108	122	137	126	132	133	
139	149	135	127	109	129	
128	114	132	111	127	118	
118	124	119	109	101	138	
109	100	129	144	118	112	
101	102	140	132	104	126	
143	136	116	145	105	121	
109	132	145	119	107	118	
124	148	118	115	106	142	
110	102	139	116	101	108	
127	112	142	145	120	123	
144	137	143	115	112	110	
105	109	129	133	127	117	
129	135	142	149	102	123	
118	143	132	110	130	112	
104	101	127	122	124	135	
125	147	100	148	141	116	
112	121	100	145	107	119	
144	115	105	122	107	103	
107	121	126	132	136	144	
126	146	120	107	111	118	
112	101	100	115	135	148	
123	112	141	135	117	115	
147	114	100	127	113	133	
123	145	141	128	142	126	
124	134	146	144	135	133	
135	146	133	131	129	100	
135	102	140	138	148	115	
147	111	101	148	118	103	
146	106	108	149	103	127	
119	102	105	138	137	126	
148	121	131	142	109	141	
120	132	124	135	109	125	
148	114	140	139	128	111	
101	124	104	121	120	111	
105	137	133	142	117	146	
107	101	106	145	136	117	
119	136	108	145	115	124	
155	154	193	167	184	162	
166	183	177	153	168	175	
176	180	168	159	184	150	
172	152	170	166	182	196	
195	178	174	163	189	180	
192	169	162	186	176	159	
185	191	176	153	155	174	
197	150	189	182	186	180	
154	159	170	180	153	190	
187	151	176	167	188	184	
164	193	157	158	192	160	
164	184	154	159	178	187	
158	181	150	184	199	170	
173	199	165	161	174	164	
161	195	180	155	199	192	
180	190	152	165	179	160	
168	173	190	197	193	191	
191	199	185	190	150	158	
191	195	154	158	168	188	
185	172	192	186	161	198	
176	171	182	186	163	157	
182	191	188	166	183	195	
199	176	191	169	168	155	
193	164	180	169	195	162	
188	173	190	158	184	163	
158	167	187	172	186	150	
158	180	171	196	157	188	
190	152	198	193	171	185	
154	190	166	152	180	184	
155	197	181	178	152	170	
150	162	169	174	177	198	
185	151	172	165	190	166	
154	166	150	160	189	190	
160	174	168	184	190	180	
196	179	157	195	176	150	
153	199	190	192	183	191	
186	193	159	177	174	194	
185	165	151	195	153	176	
197	152	159	173	170	181	
151	193	167	165	195	160	
189	183	197	164	150	184	
161	191	151	188	194	171	
168	179	175	164	176	165	
194	197	182	188	183	157	
199	197	151	189	165	161	
172	157	177	173	153	188	
153	197	185	171	177	188	
155	175	170	182	161	168	
168	152	164	180	171	183	
156	170	197	175	173	182	
236	241	203	204	225	212	
217	235	228	225	248	209	
220	201	200	206	235	211	
221	213	207	220	200	230	
221	224	230	209	248	243	
203	217	229	218	246	226	
226	229	210	245	216	217	
201	219	230	213	210	220	
202	209	222	217	246	248	
232	228	223	233	220	213	
242	203	210	227	240	243	
202	247	230	236	221	208	
227	212	223	240	236	234	
213	233	223	211	246	226	
211	235	216	241	224	249	
234	244	225	209	221	226	
248	211	241	202	226	228	
236	244	207	227	248	206	
216	236	223	222	207	231	
218	204	203	239	249	210	
244	215	200	237	233	224	
247	201	216	215	209	225	
242	238	212	226	207	200	
239	208	227	238	247	237	
228	235	213	233	208	220	
210	238	200	237	248	247	
206	235	217	234	208	211	
200	238	211	205	234	224	
238	210	203	204	248	230	
218	217	238	231	235	228	
240	201	205	220	200	219	
206	230	234	212	220	203	
226	243	201	237	210	242	
215	230	222	220	239	206	
218	221	238	212	229	206	
215	218	209	217	220	222	
231	243	236	210	239	237	
201	235	214	247	211	216	
200	221	202	226	228	220	
223	247	203	236	242	221	
207	235	239	222	205	229	
218	241	232	216	222	221	
239	246	218	235	223	222	
208	222	226	234	233	246	
228	223	232	215	208	237	
236	223	229	201	219	205	
225	211	222	244	226	243	
203	234	248	210	233	239	
213	212	202	208	211	218	
244	226	237	214	234	218	
281	273	295	298	269	276	
256	261	280	283	265	271	
260	288	264	298	271	289	
276	284	293	258	272	250	
279	274	276	295	270	257	
283	263	258	254	285	271	
291	286	274	288	289	277	
269	285	296	289	264	284	
266	276	260	299	263	257	
267	260	258	273	285	264	
254	282	298	255	276	290	
283	270	278	269	276	253	
263	297	286	285	280	267	
283	292	258	299	263	269	
282	278	265	272	253	261	
266	252	271	258	297	286	
260	299	282	256	267	280	
291	277	269	261	251	288	
295	256	286	297	275	289	
266	259	251	254	261	267	
281	272	280	254	251	256	
278	292	253	297	299	273	
261	253	268	276	298	294	
273	275	258	297	285	281	
273	254	299	288	291	277	
255	278	287	274	257	281	
296	269	293	285	277	278	
275	262	260	261	276	290	
297	299	273	263	285	267	
252	258	260	275	264	255	
259	297	266	289	275	256	
286	257	299	263	253	264	
270	278	259	260	267	256	
276	257	254	296	297	261	
285	255	287	254	263	268	
291	271	252	278	255	277	
274	255	294	279	297	292	
258	265	285	263	286	290	
253	261	293	277	276	281	
287	254	279	272	299	275	
282	259	297	260	257	295	
278	264	255	274	251	253	
257	275	299	278	253	250	
274	297	282	296	255	281	
254	286	269	264	285	271	
255	268	294	258	251	254	
255	275	280	282	260	258	
274	263	285	254	291	268	
265	280	264	293	266	287	
285	270	282	252	281	286	
333	346	345	331	330	341	
312	330	315	336	307	347	
321	342	348	309	316	339	
328	316	345	303	318	308	
321	311	305	342	310	308	
300	330	329	346	311	340	
324	339	348	317	323	314	
323	340	319	306	314	327	
330	335	306	319	344	324	
309	343	330	307	328	338	
346	302	332	338	301	326	
335	332	314	336	310	309	
302	301	316	317	320	313	
335	320	310	307	331	322	
322	348	325	335	312	328	
334	316	328	344	300	304	
308	341	344	336	339	324	
309	301	316	334	341	331	
312	307	347	319	339	336	
323	339	337	303	318	321	
336	322	320	325	342	315	
336	333	304	345	303	346	
315	322	325	346	327	316	
335	346	316	320	339	311	
329	300	304	306	348	342	
319	333	304	301	305	329	
313	330	333	319	326	335	
312	306	322	309	340	325	
310	337	336	315	321	331	
316	336	342	308	348	300	
326	333	340	308	344	332	
302	335	312	343	316	306	
316	320	301	325	335	315	
345	334	316	332	313	338	
303	320	340	316	313	307	
341	339	314	334	338	329	
304	316	301	332	324	346	
300	321	311	302	327	332	
305	345	341	314	340	327	
339	304	347	329	308	315	
328	324	320	334	327	301	
343	307	329	302	335	324	
336	339	309	330	340	304	
326	348	311	315	345	334	
331	315	349	310	317	336	
312	338	339	316	336	347	
314	329	336	317	349	312	
318	325	323	339	340	301	
312	341	342	332	319	345	
326	313	344	306	317	338	
388	364	385	357	365	382	
398	375	364	389	381	351	
356	359	351	380	375	371	
353	376	396	389	374	351	
398	368	385	388	372	357	
364	358	395	356	351	374	
366	396	352	385	388	358	
387	372	385	392	367	395	
376	362	366	399	386	380	
357	350	387	393	360	364	
365	389	356	378	354	379	
385	380	357	387	395	389	
398	360	356	359	395	375	
395	357	377	352	378	361	
397	366	369	352	372	386	
384	350	358	366	382	355	
373	372	389	385	366	369	
359	394	356	374	361	358	
389	388	366	350	373	392	
389	355	376	380	375	373	
375	365	385	353	363	372	
395	367	361	360	394	389	
385	364	355	392	359	382	
389	384	351	390	380	367	
391	387	390	395	392	378	
385	396	393	369	392	373	
352	372	399	375	350	395	
355	373	353	381	389	376	
386	353	350	362	396	361	
356	362	358	378	359	372	
384	354	356	368	395	399	
381	377	358	396	383	361	
376	355	369	356	373	383	
393	390	368	354	370	353	
391	395	361	365	379	367	
371	362	367	364	357	363	
399	376	371	383	354	363	
398	368	369	399	388	391	
365	387	358	384	395	362	
371	365	356	358	355	361	
358	387	384	350	362	379	
361	352	369	368	382	354	
358	366	372	360	379	398	
384	373	378	371	375	394	
370	378	385	380	364	395	
387	352	397	367	395	353	
392	396	351	353	361	383	
380	376	399	359	379	362	
395	382	366	386	383	381	
385	357	388	351	379	395	
405	423	440	424	413	400	
418	428	441	414	422	433	
417	431	418	437	429	415	
411	428	420	444	414	410	
404	443	438	417	400	416	
434	447	406	431	448	443	
430	417	427	446	421	442	
429	438	406	426	437	410	
408	406	446	427	433	437	
439	405	423	445	421	401	
412	413	432	429	420	421	
405	402	446	445	412	448	
441	440	420	413	438	433	
407	417	432	442	435	427	
435	438	400	447	448	409	
449	416	410	405	447	432	
425	402	418	426	420	411	
428	412	407	429	404	449	
445	412	422	429	417	405	
446	407	419	421	449	414	
403	438	409	404	407	417	
444	409	412	407	421	436	
437	418	411	403	444	443	
441	449	448	431	421	403	
412	404	425	443	429	436	
414	434	424	412	440	404	
441	446	424	417	437	447	
446	436	445	434	425	433	
412	409	407	404	429	442	
427	434	416	405	432	421	
442	422	418	411	434	446	
443	409	447	430	431	425	
427	447	403	421	449	441	
413	405	443	426	434	416	
437	407	401	419	430	422	
448	437	435	411	406	419	
429	427	444	432	410	412	
410	414	443	449	420	446	
420	446	438	434	439	409	
417	449	434	404	401	437	
416	402	404	444	427	430	
421	439	418	444	437	415	
423	406	420	400	429	413	
404	445	447	416	418	431	
414	405	430	411	446	412	
449	401	440	403	435	430	
428	406	431	400	432	409	
437	402	418	411	427	441	
413	428	403	412	405	414	
420	423	438	409	436	421	
456	453	490	497	489	457	
462	470	481	495	453	474	
489	491	467	492	463	455	
460	469	477	466	481	485	
453	498	455	458	478	477	
479	478	466	470	497	492	
482	470	486	490	471	488	
475	495	455	489	457	469	
491	486	489	453	465	485	
451	469	494	453	495	483	
486	453	481	458	487	450	
482	457	483	473	462	453	
486	477	455	470	462	458	
474	468	487	465	467	482	
468	475	485	466	464	496	
459	469	476	491	468	483	
489	457	487	462	467	472	
459	473	487	466	462	495	
472	487	457	498	475	456	
450	478	489	490	468	479	
463	488	452	483	451	474	
450	488	484	457	458	496	
455	494	468	491	495	478	
474	454	475	452	486	482	
488	459	473	457	464	498	
474	466	453	450	451	464	
467	459	480	492	483	466	
472	492	493	470	452	477	
469	478	452	476	481	468	
464	484	467	452	479	482	
478	489	481	470	494	486	
493	485	498	483	466	468	
489	490	451	480	493	462	
471	469	456	464	486	462	
458	484	490	492	478	482	
467	450	497	470	469	478	
466	488	486	461	465	459	
463	473	464	481	489	452	
452	461	478	450	458	454	
496	466	481	499	472	487	
484	481	476	471	479	489	
470	493	496	478	474	489	
462	479	469	455	478	452	
467	468	461	485	456	498	
471	487	494	474	465	481	
498	496	465	485	461	462	
485	491	487	493	492	466	
474	455	454	478	494	458	
497	483	489	496	456	451	
473	479	472	458	490	456	
14	5	46	39	4	49	1	
37	36	19	46	14	49	33	
49	8	24	41	26	44	28	
34	18	15	38	21	3	47	
30	47	20	44	35	6	43	
16	31	11	28	49	15	0	
44	49	32	46	21	10	35	
9	48	15	21	36	47	33	
35	24	43	39	4	2	49	
49	3	28	20	19	5	11	
14	10	29	5	25	47	41	
48	43	49	41	3	44	1	
0	27	33	35	26	1	29	
44	33	0	17	41	38	47	
37	9	38	31	21	30	36	
24	2	38	7	5	8	20	
29	18	1	15	49	22	28	
45	46	24	34	28	16	4	
4	27	34	28	5	43	47	
41	48	30	5	28	12	39	
16	19	13	26	18	45	15	
49	8	4	23	1	29	14	
14	42	18	7	0	36	22	
9	3	5	11	48	46	38	
27	32	2	42	18	1	41	
17	46	10	5	2	49	38	
2	4	28	46	20	23	43	
49	43	12	1	14	34	44	
42	27	28	24	44	25	0	
6	2	15	33	29	4	26	
22	20	37	5	12	27	41	
34	29	18	47	25	9	0	
49	9	21	44	4	32	48	
47	36	2	39	23	24	49	
0	11	24	8	21	6	44	
22	20	48	2	43	25	33	
49	1	2	39	30	7	22	
42	12	23	5	46	34	6	
40	13	18	0	47	2	30	
44	30	26	37	1	4	7	
4	45	25	23	9	27	29	
40	3	11	16	1	23	14	
38	12	1	27	34	6	32	
38	29	47	27	16	13	1	
17	34	28	10	30	15	48	
6	31	37	39	7	15	21	
36	2	28	26	47	0	39	
6	26	48	13	36	39	0	
33	39	4	17	35	14	32	
15	44	34	47	20	10	19	
85	68	63	65	99	79	81	
76	85	62	86	73	87	82	
50	82	76	62	68	55	73	
79	66	84	73	78	86	83	
67	71	98	65	51	64	70	
86	73	82	78	65	90	60	
64	51	55	61	94	83	75	
76	92	78	67	69	61	58	
75	72	85	66	79	77	94	
70	82	56	88	89	60	61	
50	83	97	76	91	74	75	
71	58	63	84	60	74	52	
56	51	76	83	87	99	86	
68	94	93	67	66	75	83	
80	66	90	68	52	87	50	
78	64	75	53	91	87	50	
83	51	53	98	65	54	77	
61	65	98	66	52	70	81	
54	64	52	90	68	60	83	
91	81	77	60	75	71	84	
79	95	61	59	69	87	99	
74	98	71	66	69	87	50	
98	62	55	58	51	80	93	
74	51	85	89	92	56	71	
69	85	52	70	78	81	76	
68	82	50	79	97	76	89	
86	64	57	79	81	67	80	
94	79	71	98	68	52	66	
76	64	69	74	97	75	87	
76	92	64	51	74	87	84	
73	90	62	93	94	71	98	
94	72	86	76	77	79	97	
84	90	88	69	96	70	78	
82	78	63	93	90	89	95	
85	68	50	62	69	65	74	
70	83	89	99	67	57	60	
86	83	65	94	70	66	61	
68	77	62	60	73	50	87	
60	74	56	97	76	92	98	
89	54	59	58	75	98	62	
81	94	76	60	73	92	98	
88	82	90	67	73	69	77	
50	74	87	62	53	65	58	
87	54	65	74	96	77	58	
86	64	79	84	52	57	83	
86	67	73	76	95	52	66	
96	61	74	80	56	92	85	
97	88	51	96	90	67	61	
73	98	63	78	65	88	58	
86	96	72	84	53	69	76	
111	113	105	129	130	138	102	
128	137	138	139	112	125	146	
132	147	145	134	115	144	119	
120	146	136	123	126	142	145	
147	103	131	136	106	134	135	
143	142	114	119	120	137	102	
104	119	130	105	108	102	145	
134	111	148	149	112	145	103	
103	124	145	136	114	132	108	
143	115	135	103	137	113	122	
134	140	145	138	109	123	144	
100	104	105	148	125	102	144	
137	115	112	129	105	106	126	
142	129	114	113	123	109	134	
127	132	147	146	112	142	114	
138	120	106	118	126	116	141	
110	109	137	145	128	138	149	
111	114	140	135	123	110	133	
143	106	140	117	118	125	110	
133	119	142	127	118	123	144	
136	149	104	103	115	110	133	
100	117	147	131	121	148	134	
118	116	134	145	133	146	132	
142	100	125	126	107	109	120	
148	132	125	142	104	127	113	
139	109	134	104	118	138	102	
134	145	124	147	131	139	122	
139	131	111	104	124	116	137	
141	144	145	136	119	110	121	
126	116	136	145	107	110	141	
123	129	135	101	105	106	143	
105	112	107	148	142	141	138	
136	101	129	113	126	105	109	
145	132	146	138	148	109	128	
138	121	112	122	102	118	109	
113	129	131	118	134	109	141	
138	132	125	121	102	146	120	
101	134	145	100	127	140	147	
130	117	149	108	112	116	128	
122	125	117	140	109	103	134	
143	142	102	100	117	116	122	
139	142	132	105	107	113	143	
141	139	101	121	140	107	132	
134	132	126	124	135	110	104	
104	143	106	101	116	125	147	
125	116	112	119	147	148	144	
135	136	139	133	122	130	111	
105	107	112	128	140	138	104	
118	110	104	121	124	129	126	
118	138	113	122	124	144	137	
188	194	197	190	155	172	186	
166	163	179	181	187	185	168	
174	164	192	160	182	169	185	
163	191	180	150	196	164	152	
170	187	191	161	156	195	188	
153	167	187	152	151	162	175	
152	157	182	158	193	190	151	
198	173	188	178	179	172	174	
189	167	175	176	172	182	154	
194	176	174	158	150	183	162	
159	163	156	155	171	196	157	
173	165	166	199	175	158	156	
184	161	162	197	164	155	158	
188	182	165	179	194	152	164	
195	189	175	182	159	156	152	
168	193	153	191	187	155	183	
199	172	179	175	192	182	180	
155	190	189	170	164	179	178	
199	160	184	172	164	198	169	
181	175	184	195	164	163	165	
164	199	160	173	170	166	192	
198	172	190	174	177	153	171	
185	162	155	166	164	186	183	
184	173	196	164	174	169	152	
150	191	181	151	184	154	159	
182	189	195	171	160	152	180	
168	193	164	178	177	189	160	
179	195	174	171	191	163	173	
195	174	194	175	173	192	185	
176	177	184	199	168	152	197	
183	156	163	165	153	191	198	
161	160	188	167	154	163	157	
154	189	181	162	155	159	194	
170	174	153	167	150	193	151	
192	197	151	189	180	169	167	
184	151	172	187	167	198	162	
156	192	184	198	183	177	155	
162	163	161	186	179	164	190	
152	173	157	164	170	188	158	
160	186	173	181	175	170	195	
159	166	197	181	176	169	188	
189	192	199	165	186	156	161	
153	152	172	177	198	167	169	
179	150	166	188	153	163	184	
176	181	159	197	194	152	156	
178	198	172	174	160	157	168	
182	166	178	175	173	185	150	
162	181	188	169	170	165	183	
164	184	185	192	180	175	155	
161	185	176	194	180	183	193	
242	219	239	214	224	202	225	
226	218	239	232	200	230	225	
207	223	241	200	202	221	242	
245	249	217	231	213	203	215	
229	211	213	221	223	247	239	
234	245	228	201	207	206	216	
211	224	231	240	232	207	234	
236	202	241	216	215	206	223	
212	202	218	245	215	231	240	
240	242	207	228	217	237	212	
216	210	223	243	227	222	209	
237	249	216	226	224	233	217	
215	205	242	248	223	239	209	
213	245	231	210	208	229	222	
217	222	201	202	207	214	209	
211	233	248	249	244	210	224	
206	227	238	218	230	234	201	
226	202	204	218	216	220	227	
227	226	241	219	233	209	243	
216	241	211	248	229	200	246	
245	243	234	244	215	214	231	
205	226	232	216	229	201	238	
220	218	205	244	240	231	213	
230	200	228	206	233	220	216	
238	223	235	210	211	248	219	
207	231	241	248	204	201	227	
247	204	214	202	215	212	211	
238	244	217	239	224	242	207	
226	213	240	238	233	218	227	
231	213	234	203	210	232	239	
231	205	216	219	222	215	224	
208	203	240	237	227	212	242	
228	206	229	222	203	249	242	
209	247	201	244	224	227	225	
215	211	200	224	203	248	229	
204	226	235	222	213	237	234	
227	221	225	213	244	206	211	
222	232	244	242	249	206	240	
237	225	230	219	249	206	238	
202	231	203	249	229	222	204	
203	212	200	208	205	239	226	
207	203	214	248	217	218	235	
213	233	205	244	234	232	202	
246	214	217	239	237	202	206	
211	233	232	225	242	239	207	
216	222	238	218	245	203	233	
230	245	207	209	211	215	246	
207	226	208	249	238	240	212	
229	221	200	204	230	247	206	
238	205	235	240	222	211	226	
255	299	294	263	290	281	298	
277	254	268	281	270	272	257	
255	267	254	252	291	294	272	
272	251	266	278	258	270	276	
295	286	264	261	267	265	252	
254	278	265	250	274	277	296	
285	296	252	264	255	251	266	
257	263	277	265	282	289	285	
254	256	260	282	291	270	283	
256	263	262	280	282	281	268	
283	295	271	265	284	269	263	
264	284	274	259	294	278	282	
295	289	266	284	272	256	275	
253	268	294	284	279	271	293	
275	297	256	283	254	289	282	
297	260	262	261	259	295	270	
288	298	287	260	262	251	299	
263	262	275	270	294	254	271	
284	258	295	250	272	252	279	
273	288	290	282	254	297	264	
270	282	277	275	279	272	274	
275	267	251	299	294	255	271	
258	289	290	263	254	262	275	
294	297	250	268	255	251	253	
289	265	295	268	275	299	259	
262	267	289	292	282	281	299	
251	272	259	290	285	291	283	
263	297	269	254	259	290	299	
293	257	278	298	274	291	262	
287	276	298	281	258	279	261	
292	275	278	279	268	252	297	
284	294	287	277	282	297	291	
274	260	298	268	251	290	291	
257	251	288	282	296	267	297	
271	256	275	277	286	250	270	
271	282	269	252	292	270	289	
264	266	275	271	282	276	293	
259	265	272	256	284	297	267	
279	265	277	291	257	295	270	
298	283	285	279	293	273	299	
299	279	272	288	287	261	282	
273	259	256	293	288	252	291	
264	273	296	261	287	259	298	
265	270	262	289	278	292	287	
296	295	260	278	283	286	298	
278	295	260	292	256	298	294	
281	274	288	271	263	297	291	
297	275	289	252	273	288	260	
294	297	273	292	251	296	280	
272	286	297	298	292	289	267	
317	312	311	334	328	341	310	
308	315	331	324	344	317	333	
325	319	342	316	317	306	334	
305	302	330	342	312	313	324	
306	337	304	302	338	332	345	
334	338	312	305	325	339	320	
314	323	330	325	324	312	313	
313	336	327	346	320	322	312	
343	313	330	310	326	348	300	
303	308	332	300	323	319	315	
337	310	340	344	341	314	301	
319	309	317	340	301	318	322	
327	339	318	349	324	322	334	
326	333	306	324	307	331	313	
347	326	327	313	328	316	319	
306	345	336	310	318	316	322	
302	315	311	306	304	343	316	
330	320	313	318	302	326	309	
308	322	341	302	301	318	310	
333	306	311	302	338	349	315	
343	345	329	346	306	310	328	
323	322	336	348	309	329	300	
318	324	348	305	345	326	343	
313	331	307	317	310	327	339	
335	326	346	332	341	315	343	
313	328	307	315	340	320	321	
341	309	347	308	330	314	344	
334	303	311	342	333	307	305	
303	335	334	308	331	311	337	
320	315	319	312	317	334	331	
308	315	343	335	332	327	320	
304	330	339	333	302	312	343	
308	309	300	326	330	348	306	
313	306	337	315	325	322	310	
326	319	331	338	302	345	328	
336	331	342	339	312	304	317	
326	329	334	317	311	341	343	
311	314	341	321	326	316	306	
307	321	326	323	348	308	329	
321	333	304	306	327	339	308	
302	316	322	340	325	307	343	
349	344	335	328	345	333	306	
332	315	318	342	322	339	337	
340	344	313	334	323	316	302	
334	347	343	317	340	348	300	
336	322	307	340	303	316	302	
328	310	326	301	311	341	318	
327	309	306	312	345	344	333	
332	326	322	328	342	314	312	
336	304	316	310	328	309	327	
354	385	396	370	356	353	369	
360	356	364	395	396	362	380	
363	385	353	357	384	374	380	
351	399	398	391	394	389	374	
363	377	353	361	378	381	357	
360	369	368	380	350	373	386	
391	395	372	381	382	387	396	
373	365	385	377	388	352	395	
355	362	383	386	396	374	387	
380	354	374	398	363	355	375	
376	354	369	375	397	366	383	
386	358	351	368	398	357	383	
350	361	398	369	355	378	371	
360	358	385	379	373	395	397	
383	354	396	388	380	356	360	
391	355	385	386	367	360	387	
352	368	391	353	370	383	373	
377	354	382	356	357	350	355	
399	359	391	352	350	369	367	
374	365	396	379	361	383	397	
360	363	353	398	385	364	378	
360	382	364	362	369	372	395	
393	350	366	376	364	392	398	
396	378	374	356	360	363	381	
389	390	357	360	368	361	372	
380	373	399	360	357	359	367	
369	371	378	373	383	368	377	
361	369	355	393	397	357	381	
397	356	374	358	354	350	399	
386	352	356	382	373	395	377	
388	378	374	367	370	384	358	
353	391	370	395	381	398	380	
358	371	398	380	353	396	364	
376	385	368	353	360	392	367	
399	366	367	369	372	392	380	
354	364	395	391	382	381	379	
377	371	357	354	386	362	380	
399	397	393	394	389	370	369	
389	375	391	373	399	360	381	
379	397	383	369	361	363	371	
382	391	386	360	380	398	376	
359	350	372	371	393	366	389	
356	393	378	395	392	372	354	
373	399	398	374	358	380	365	
379	351	370	397	364	363	366	
390	386	396	359	378	392	372	
399	368	396	365	378	381	351	
352	367	384	361	366	364	391	
392	352	367	385	350	354	369	
383	351	368	388	373	377	395	
405	401	408	441	422	410	436	
418	431	420	442	419	443	427	
444	449	439	405	400	446	443	
428	435	413	418	433	410	411	
420	415	433	424	401	412	413	
433	421	445	425	436	442	426	
400	405	419	443	409	412	429	
438	440	410	425	430	427	401	
443	418	433	436	428	422	441	
449	410	441	419	433	405	446	
405	416	436	437	404	426	411	
401	406	412	420	429	414	436	
432	404	442	420	445	400	410	
404	434	419	425	414	439	437	
405	416	449	425	421	446	433	
416	413	400	415	444	410	430	
402	440	414	439	416	403	427	
427	401	448	412	423	432	417	
421	444	422	447	429	423	410	
419	421	404	416	442	406	425	
429	444	403	438	426	443	435	
422	437	445	425	415	412	438	
430	437	414	413	439	420	418	
413	437	443	418	426	407	435	
445	438	447	419	408	423	406	
411	419	439	402	413	403	432	
430	415	442	438	446	426	405	
425	407	443	433	444	421	417	
431	414	448	439	424	406	403	
407	403	447	427	409	423	406	
419	413	422	448	405	437	416	
414	427	423	448	417	428	415	
409	404	447	428	406	439	403	
400	411	413	414	424	403	428	
427	428	439	409	422	443	444	
437	421	419	439	401	436	426	
414	410	440	448	417	434	415	
401	420	448	409	412	446	432	
401	402	424	433	423	445	429	
436	447	444	408	432	425	449	
408	406	439	447	440	415	403	
400	435	421	444	422	425	409	
432	415	423	430	409	426	422	
430	414	429	400	403	412	441	
449	420	402	403	426	421	411	
440	424	433	426	438	434	441	
423	421	406	415	439	420	409	
428	401	418	448	446	407	415	
415	411	423	420	400	441	431	
419	428	415	418	400	424	440	
486	488	466	494	495	454	496	
485	496	452	467	458	468	451	
484	481	497	454	480	493	468	
454	473	483	493	480	457	499	
498	454	450	489	471	493	481	
498	475	455	477	466	492	461	
489	462	470	492	481	460	454	
464	480	491	460	457	470	498	
468	464	488	491	476	472	479	
498	461	485	494	457	496	484	
454	456	478	473	459	474	498	
456	460	457	475	452	497	466	
491	451	470	463	499	460	476	
463	457	498	496	473	456	454	
474	472	490	454	471	455	468	
483	474	460	484	479	462	485	
497	482	456	490	472	495	463	
450	468	484	453	498	490	493	
461	477	494	467	464	453	486	
496	459	460	490	475	495	462	
476	462	475	464	466	481	471	
483	480	482	491	460	468	488	
474	493	486	450	479	478	494	
461	467	470	459	474	497	452	
472	485	486	471	478	492	484	
467	499	452	451	469	476	456	
496	475	459	478	469	454	497	
462	465	461	451	471	483	466	
476	454	459	483	464	482	481	
470	461	452	463	475	459	450	
487	465	452	480	471	460	498	
450	451	487	472	494	490	479	
453	463	471	454	459	489	485	
453	484	487	479	456	477	465	
456	475	499	478	463	460	462	
466	455	495	460	478	492	476	
497	486	473	491	485	468	475	
474	495	455	493	492	465	482	
476	496	484	487	494	485	479	
485	474	489	475	490	469	480	
495	485	464	482	471	456	472	
468	461	486	478	482	472	462	
488	479	459	493	463	475	481	
477	452	496	471	485	465	476	
463	492	452	450	464	481	471	
486	453	463	464	477	487	485	
479	472	492	451	468	484	478	
461	496	475	498	481	457	450	
456	473	478	485	461	451	450	
496	469	472	460	495	465	492	
30	27	18	37	36	5	2	10	
44	40	23	27	33	3	9	22	
5	25	7	17	47	4	27	20	
49	18	32	26	20	47	37	4	
28	17	32	1	23	11	18	46	
25	13	18	12	38	8	34	0	
31	11	46	45	6	30	23	22	
4	17	31	12	41	2	18	10	
22	25	36	33	35	21	8	42	
38	11	26	46	3	4	6	25	
28	49	26	38	1	34	18	35	
9	10	14	35	40	43	22	41	
43	12	18	1	8	17	40	26	
18	13	33	10	37	49	11	46	
20	16	42	23	1	34	44	41	
11	22	49	23	38	30	13	40	
40	49	31	26	3	4	1	39	
13	24	0	32	42	21	46	43	
1	17	6	7	19	8	10	31	
37	22	46	42	44	14	17	19	
33	0	4	40	9	13	25	3	
26	4	46	18	37	42	36	6	
16	9	22	13	23	19	5	47	
27	1	12	16	25	43	29	48	
20	32	15	7	22	17	14	35	
12	33	9	19	4	11	26	46	
26	46	41	31	18	4	25	34	
23	25	6	40	47	14	17	44	
5	44	16	9	46	26	11	39	
40	32	39	30	24	47	20	33	
4	35	43	47	22	39	7	41	
37	6	8	21	12	31	2	47	
34	41	0	35	18	23	17	24	
37	4	49	46	12	7	23	35	
0	8	37	26	44	7	12	42	
33	48	39	16	0	1	12	28	
17	13	23	18	44	37	43	40	
48	3	24	34	5	35	40	36	
5	37	31	9	29	45	14	32	
30	39	26	7	32	34	27	20	
22	34	31	8	43	7	40	42	
33	42	11	3	16	4	25	31	
47	30	29	48	39	15	24	5	
41	45	7	43	14	38	22	8	
30	19	12	13	38	45	11	28	
42	17	14	22	6	8	30	32	
29	0	12	4	36	35	37	45	
22	31	36	17	14	7	1	38	
43	15	31	2	28	47	11	35	
7	10	18	1	15	21	40	16	
57	90	80	81	85	70	50	53	
79	64	62	71	65	82	89	88	
97	55	68	88	53	61	82	75	
60	93	53	55	90	50	86	61	
96	63	52	78	65	80	74	94	
77	74	62	95	78	50	97	86	
90	70	89	92	74	87	79	63	
67	83	73	96	85	78	80	89	
57	71	94	56	87	86	67	81	
57	61	91	83	65	79	96	75	
73	92	67	57	80	52	89	95	
65	98	55	64	91	53	86	92	
50	74	69	51	54	58	61	65	
63	94	87	80	56	91	71	98	
62	90	70	89	60	52	79	53	
98	99	73	60	69	77	76	86	
52	88	95	66	87	60	82	68	
84	70	77	86	99	54	68	96	
89	91	56	53	55	76	63	96	
99	57	68	88	61	83	70	85	
63	93	72	88	92	57	98	86	
96	74	61	83	91	85	51	52	
65	74	58	96	66	73	83	81	
62	59	91	69	70	79	76	53	
96	85	89	92	99	97	67	73	
83	66	57	99	62	77	81	68	
86	61	55	51	69	53	97	70	
85	67	61	52	59	89	72	57	
57	68	90	70	59	89	50	54	
80	96	52	66	92	60	53	50	
51	95	68	52	88	82	98	72	
95	72	62	66	54	56	86	79	
67	96	99	98	71	88	54	51	
69	90	53	95	51	67	64	63	
79	85	74	54	87	73	94	96	
79	56	69	70	94	91	65	59	
95	83	94	84	71	77	99	68	
72	51	88	60	58	96	92	50	
81	95	59	71	82	51	89	93	
72	59	61	86	85	53	57	94	
57	87	88	59	89	99	63	83	
59	85	68	78	63	65	69	80	
96	61	64	73	72	70	98	76	
64	80	75	60	87	69	85	52	
89	85	51	70	83	53	95	76	
57	56	82	87	63	94	88	65	
59	93	67	85	89	87	70	65	
68	58	54	59	81	71	95	61	
78	62	55	90	67	85	83	54	
68	89	62	97	64	91	76	71	
130	104	109	131	120	135	118	126	
121	131	106	138	122	143	103	133	
139	123	125	133	119	148	114	131	
110	125	100	147	128	131	123	111	
122	120	117	131	145	112	133	116	
127	113	123	128	104	125	111	131	
117	101	148	140	100	128	116	119	
131	106	133	101	145	138	120	109	
121	105	127	119	114	128	145	112	
139	134	128	133	125	112	116	118	
138	104	131	102	145	142	127	141	
127	115	124	134	121	107	100	133	
129	140	107	111	143	139	122	138	
131	110	105	145	138	120	115	117	
128	113	123	117	121	124	143	138	
141	118	101	148	111	133	115	113	
140	139	144	109	132	100	138	146	
139	136	105	128	126	120	117	112	
106	135	110	105	108	120	125	138	
135	114	141	116	122	120	123	113	
105	109	141	137	142	117	140	112	
127	102	108	117	120	148	123	104	
142	114	149	106	119	144	113	146	
148	115	143	145	141	135	126	110	
147	146	140	149	136	110	137	132	
111	114	109	104	103	147	118	102	
126	147	144	111	129	115	116	105	
132	142	117	100	118	122	126	124	
149	115	102	123	135	112	136	138	
126	130	123	120	133	132	146	114	
110	135	137	105	104	114	136	127	
105	110	123	145	100	129	109	130	
106	124	131	122	125	128	127	114	
111	124	116	141	148	114	122	147	
126	147	115	108	106	134	114	103	
116	115	117	139	108	141	132	146	
126	139	110	106	142	119	123	121	
138	116	131	147	140	118	143	106	
142	136	107	138	144	122	127	124	
142	120	117	127	147	133	121	109	
142	146	106	125	132	104	149	121	
131	119	128	116	133	130	124	138	
105	115	108	138	109	125	134	132	
127	131	141	100	140	142	103	114	
104	112	141	139	121	118	100	127	
142	138	120	125	119	128	103	105	
100	144	149	104	129	116	114	110	
147	126	130	142	140	132	134	110	
136	122	135	128	139	121	126	119	
129	126	135	130	131	100	119	115	
164	198	165	173	162	180	171	181	
174	161	170	172	198	184	188	194	
187	167	161	184	199	189	150	173	
178	181	183	162	187	166	164	175	
150	172	195	178	170	154	182	168	
180	153	198	191	187	173	194	166	
164	165	186	199	195	187	160	150	
162	179	151	187	175	184	172	150	
189	174	196	198	165	171	178	187	
190	162	159	172	179	168	166	175	
172	166	171	182	154	186	195	151	
175	190	186	157	193	150	198	166	
159	197	186	181	198	188	199	160	
173	197	172	158	189	169	161	191	
173	174	181	184	195	169	171	192	
173	155	158	189	165	166	168	164	
176	166	193	150	175	162	165	170	
189	197	188	195	154	168	159	175	
170	178	196	166	175	194	168	197	
182	163	162	165	174	178	179	175	
162	150	194	170	177	156	158	163	
190	164	197	180	185	154	187	184	
195	175	159	165	190	185	197	157	
182	167	165	169	168	189	173	158	
163	185	184	195	194	188	153	193	
197	182	190	156	158	178	187	180	
192	197	195	190	150	155	196	163	
154	189	199	195	161	184	173	188	
152	172	154	169	190	185	182	176	
166	178	165	163	162	186	170	154	
171	176	191	181	162	173	195	180	
198	180	174	181	161	169	176	189	
176	173	165	172	197	152	186	192	
152	197	161	199	187	198	183	181	
156	191	194	168	157	189	174	181	
183	171	163	164	199	153	184	172	
191	189	192	194	185	196	184	195	
198	159	191	169	185	154	192	168	
192	150	182	183	181	194	186	157	
193	172	182	191	198	180	157	166	
193	152	151	162	167	187	196	184	
183	162	179	187	169	163	193	177	
186	171	150	181	151	177	164	191	
198	176	190	155	196	152	161	158	
186	195	192	168	198	185	189	197	
190	197	176	182	183	157	173	167	
167	163	157	153	156	171	174	183	
170	158	157	182	156	179	195	190	
197	177	175	185	152	178	192	171	
161	178	151	187	196	177	171	183	
220	221	231	208	230	242	240	233	
204	242	238	209	240	227	249	236	
234	225	220	244	203	216	211	213	
214	242	206	240	232	202	205	237	
212	215	233	238	242	225	219	211	
229	219	248	235	236	224	220	237	
238	215	202	248	247	244	246	201	
233	238	229	216	244	208	224	226	
236	217	239	203	206	211	234	247	
247	240	249	233	232	219	220	238	
222	234	210	244	204	228	238	207	
230	217	245	240	243	229	211	247	
238	240	221	208	214	210	231	203	
233	207	200	249	214	232	201	210	
222	238	234	227	244	205	200	225	
227	208	218	228	217	219	244	246	
211	226	245	218	229	238	223	215	
206	200	204	209	235	226	233	211	
218	225	226	205	219	233	227	234	
207	213	209	225	221	204	219	203	
240	245	221	249	247	235	233	201	
224	201	203	233	234	212	246	237	
214	249	248	222	200	235	220	227	
231	237	206	239	205	207	228	212	
200	225	232	211	209	248	221	208	
230	242	226	201	248	238	202	211	
234	225	218	210	239	229	204	200	
247	232	248	231	222	225	240	213	
229	227	234	238	230	200	222	204	
230	247	207	231	222	201	242	240	
217	249	225	244	248	207	214	216	
227	223	228	200	246	216	244	205	
249	210	221	230	223	213	208	246	
242	214	208	229	234	218	245	217	
204	219	240	220	211	247	217	202	
242	241	220	203	237	222	236	224	
238	235	230	215	205	214	204	231	
246	240	245	229	249	200	224	247	
245	237	231	202	247	212	217	248	
226	236	219	238	209	231	243	217	
204	235	212	206	233	219	234	226	
236	243	207	218	210	211	232	244	
248	208	249	214	232	244	206	201	
241	227	207	230	224	222	232	223	
238	228	233	200	216	246	212	221	
228	238	210	244	248	215	224	216	
220	231	242	217	230	214	219	200	
248	208	235	213	247	241	211	214	
218	216	213	230	229	200	208	205	
201	210	236	240	212	209	225	207	
267	266	283	290	251	274	258	296	
261	269	282	277	284	258	252	294	
297	284	296	286	262	295	264	283	
288	259	281	273	294	263	272	252	
269	268	255	294	250	280	287	296	
282	269	273	261	260	263	253	255	
267	285	253	272	250	289	266	264	
269	279	258	251	262	295	296	297	
253	279	280	252	270	285	260	250	
280	255	286	290	283	272	258	259	
286	292	291	262	297	270	271	272	
275	288	298	277	291	274	256	252	
256	260	286	261	299	294	255	263	
274	298	268	273	261	255	287	250	
277	264	281	284	276	288	294	271	
296	274	261	259	268	289	252	260	
299	282	292	251	254	296	289	255	
272	297	253	276	269	260	288	284	
253	270	271	298	276	280	281	259	
257	253	288	297	276	277	294	264	
286	256	262	261	278	297	251	253	
254	259	274	275	264	267	271	299	
269	284	283	257	299	270	275	267	
262	268	269	295	283	274	290	253	
299	258	255	285	265	278	263	279	
272	289	269	259	258	286	278	297	
270	274	299	259	292	295	285	281	
278	298	261	289	258	268	283	265	
264	296	297	284	257	289	267	269	
267	266	290	293	281	270	265	280	
251	273	280	291	263	293	288	250	
256	288	266	277	267	286	285	281	
295	262	292	261	258	282	256	253	
265	262	259	278	250	295	296	272	
295	258	282	290	291	293	272	285	
255	297	289	270	288	253	290	279	
283	273	296	297	292	281	287	298	
278	292	273	291	274	290	272	267	
281	265	284	268	280	282	274	271	
262	261	254	292	252	295	290	265	
272	267	269	285	290	291	292	255	
272	295	270	296	256	284	271	254	
298	264	266	262	296	293	281	254	
288	295	276	297	275	292	283	289	
263	254	253	285	277	293	260	257	
272	283	275	261	289	287	282	273	
256	266	297	251	269	258	265	275	
272	286	284	293	254	251	261	289	
273	258	296	285	260	252	255	250	
280	253	259	277	282	285	281	276	
348	303	310	336	318	320	339	349	
323	317	334	333	331	306	335	339	
304	310	322	309	347	308	335	337	
301	313	325	332	343	315	304	339	
316	315	339	311	317	329	331	301	
327	335	317	338	303	347	308	339	
311	333	300	330	319	327	321	343	
326	304	336	341	319	330	301	327	
334	314	301	340	330	348	310	332	
333	328	325	315	301	338	342	320	
333	335	336	334	317	331	316	338	
334	331	323	344	308	333	330	337	
349	335	316	328	327	302	306	344	
317	326	318	323	341	333	309	327	
343	303	323	319	327	324	304	345	
316	322	334	335	344	339	337	313	
332	324	349	305	346	337	343	317	
349	301	310	303	333	330	346	313	
322	307	315	336	337	317	340	339	
304	301	342	348	315	334	331	340	
332	335	328	310	345	314	342	339	
326	303	309	338	320	332	333	308	
336	316	322	302	312	309	335	330	
313	300	344	314	312	301	343	305	
334	318	324	341	340	336	337	321	
300	343	338	313	346	344	303	339	
318	346	330	328	338	309	317	337	
348	324	319	313	349	311	321	308	
315	301	329	347	300	346	319	317	
339	330	341	344	311	332	317	343	
319	318	304	341	335	343	311	330	
326	324	303	347	307	325	319	331	
316	311	336	304	347	307	300	337	
326	333	324	317	321	309	322	305	
326	344	303	330	335	339	309	300	
317	338	322	302	347	346	326	345	
315	320	326	334	344	316	347	329	
347	333	329	323	340	316	330	334	
336	326	349	342	344	325	319	327	
319	312	344	349	306	325	342	328	
341	310	344	342	345	309	321	307	
324	306	322	329	323	341	317	304	
322	338	304	331	321	348	340	315	
308	323	344	329	331	343	320	328	
300	303	301	328	309	308	344	317	
323	312	304	315	305	340	320	327	
307	314	300	304	306	335	349	321	
329	345	326	334	340	336	306	343	
336	302	342	341	349	331	334	306	
337	333	334	311	347	338	339	304	
378	387	365	380	377	371	359	350	
352	395	375	366	378	370	364	358	
396	368	375	381	358	360	379	394	
369	382	357	380	383	378	385	352	
367	383	381	392	375	371	394	380	
388	384	391	389	376	354	386	365	
351	394	370	388	352	375	368	389	
392	383	360	394	396	375	364	374	
363	367	369	362	350	359	379	378	
359	351	387	374	376	373	388	379	
370	363	353	365	367	355	382	380	
358	363	383	360	384	372	379	387	
364	396	361	353	377	381	367	391	
376	384	356	350	363	377	370	351	
370	384	357	388	374	387	353	373	
357	376	371	389	384	351	362	383	
369	376	355	399	388	365	385	384	
375	397	386	384	388	373	383	374	
366	390	363	399	385	369	378	365	
396	399	376	360	371	363	380	392	
396	389	384	385	370	358	359	350	
385	394	361	370	371	350	381	362	
355	364	379	370	363	374	366	369	
368	362	391	388	359	381	386	350	
358	383	387	393	363	390	378	377	
398	363	383	350	366	365	368	391	
398	393	362	357	396	391	361	371	
355	391	366	378	386	389	367	377	
350	377	363	392	370	358	384	395	
395	385	378	390	362	366	388	382	
384	388	389	368	369	360	397	370	
369	378	389	380	373	357	392	362	
389	383	397	395	370	386	390	350	
399	392	363	369	353	398	372	359	
374	397	393	389	390	358	387	399	
390	382	386	397	391	393	362	384	
369	397	375	383	364	366	393	398	
387	375	355	394	358	370	385	374	
376	371	357	366	379	387	389	377	
390	350	389	371	378	355	383	382	
392	376	351	350	352	373	358	390	
381	377	370	364	374	396	352	367	
360	372	386	357	376	367	377	384	
374	386	351	387	390	369	355	352	
370	353	397	360	367	385	368	364	
397	382	393	371	362	364	377	369	
372	391	360	393	367	362	368	369	
389	372	395	371	363	386	354	391	
396	395	377	365	354	378	362	366	
377	383	360	355	375	398	396	352	
437	402	448	415	449	423	422	429	
434	429	416	417	424	406	402	414	
412	437	435	441	422	419	443	448	
419	420	422	402	435	440	442	437	
438	442	429	414	413	401	415	408	
444	430	432	408	449	411	424	429	
417	437	414	420	429	433	443	423	
428	401	434	445	414	448	444	446	
438	449	408	440	409	401	435	416	
431	444	420	401	410	413	442	417	
423	427	414	416	442	426	407	430	
436	410	438	449	447	412	411	403	
409	425	437	400	449	430	406	411	
404	428	431	443	417	449	433	403	
422	411	430	442	412	427	410	443	
404	405	407	438	442	408	415	413	
401	407	447	414	404	441	423	448	
412	421	417	447	418	411	419	423	
438	432	418	448	443	449	435	433	
418	447	403	415	409	414	420	400	
423	403	438	442	431	434	436	428	
414	443	411	409	420	439	445	446	
422	416	411	433	419	412	438	408	
424	412	446	444	438	440	409	448	
410	406	418	441	424	435	414	421	
404	403	433	412	421	437	435	414	
430	412	418	404	433	434	421	407	
418	415	446	416	442	431	439	402	
435	409	411	406	444	423	446	401	
445	421	436	432	431	418	429	410	
448	431	443	417	425	411	408	418	
429	434	439	408	447	425	416	419	
440	421	425	426	422	402	441	427	
413	402	436	438	404	429	418	409	
425	440	401	421	411	415	435	426	
434	415	402	407	432	427	423	426	
437	429	406	440	449	417	428	447	
442	447	414	418	439	415	406	412	
444	438	428	403	448	400	405	419	
414	405	403	433	410	444	447	404	
440	414	420	442	433	443	435	419	
436	448	414	428	444	446	434	400	
417	410	441	438	431	413	443	424	
448	439	428	447	404	429	431	425	
408	423	415	449	413	433	443	404	
440	413	441	415	439	443	426	425	
412	442	443	424	404	415	441	408	
442	424	412	436	408	417	421	403	
437	401	431	413	402	443	424	447	
423	433	424	411	431	427	439	440	
496	462	494	492	453	493	466	488	
456	453	475	474	465	494	496	497	
451	477	492	488	468	459	463	458	
492	474	452	459	467	458	457	464	
477	476	493	457	482	469	490	466	
497	459	460	463	467	454	483	462	
465	486	467	454	458	466	470	495	
471	497	484	475	478	486	464	485	
458	463	478	457	487	467	455	481	
467	469	477	492	464	463	487	472	
474	471	454	456	467	497	493	477	
489	498	480	459	453	484	454	485	
453	489	466	454	483	494	495	460	
452	479	471	454	485	489	495	470	
473	466	456	452	491	481	480	470	
488	473	479	476	472	481	495	487	
464	455	491	487	473	467	474	484	
459	454	466	468	462	460	455	481	
463	489	496	454	458	488	459	473	
468	471	474	482	452	476	498	463	
498	474	485	458	496	488	495	486	
461	486	479	475	492	495	455	470	
479	494	472	495	490	455	469	492	
463	499	494	490	452	457	451	454	
467	462	450	463	498	454	465	470	
455	477	474	499	471	491	462	465	
480	493	452	455	470	466	450	460	
452	494	450	493	464	490	467	481	
481	451	483	484	497	470	488	492	
465	484	477	490	478	466	453	495	
499	467	493	479	494	463	481	485	
463	478	459	491	490	469	464	451	
491	451	454	458	468	475	487	461	
487	491	493	497	472	499	474	492	
499	472	450	470	478	460	467	481	
488	452	495	498	482	462	483	467	
457	455	454	460	456	482	484	473	
469	494	453	466	468	460	473	456	
491	458	457	475	487	489	459	472	
482	481	452	498	463	457	476	458	
493	477	488	499	457	492	472	468	
450	491	483	452	451	471	475	476	
484	483	491	469	465	464	499	476	
489	481	473	494	455	483	460	493	
469	493	496	487	455	475	460	477	
455	460	472	478	469	470	487	456	
470	491	462	496	457	465	455	469	
463	482	490	493	475	497	461	472	
485	480	465	479	453	464	481	469	
463	495	484	457	480	475	459	456	
350	105	346	
284	221	82	
389	118	227	
35	159	182	
10	32	268	
272	191	285	
180	7	53	
160	233	98	
370	484	459	
286	283	389	
353	302	210	
497	224	61	
166	289	458	
158	101	262	
204	199	389	
155	70	74	
341	79	227	
290	297	75	
477	497	119	
78	386	202	
153	253	29	
468	114	78	
404	155	396	
294	40	260	
264	87	75	
233	443	310	
351	66	363	
431	14	486	
475	354	439	
105	462	71	
230	470	301	
214	323	407	
187	354	279	
7	1	357	
437	218	463	
118	182	136	
475	178	245	
241	266	217	
469	243	43	
11	68	469	
67	40	101	
461	145	84	
253	327	449	
497	240	304	
66	292	243	
247	107	206	
85	480	136	
355	150	86	
289	432	406	
412	62	376	
287	308	239	
208	129	431	
206	483	181	
218	103	289	
153	37	47	
108	183	458	
342	493	196	
30	19	456	
34	85	487	
406	104	233	
245	285	256	
346	206	241	
246	27	426	
94	156	108	
184	416	20	
322	73	182	
490	74	359	
147	458	220	
463	281	289	
101	158	287	
393	185	167	
277	190	327	
351	171	315	
403	179	215	
492	436	356	
309	426	70	
373	446	368	
116	138	332	
460	423	50	
431	454	154	
387	295	373	
386	300	152	
281	161	320	
442	393	302	
264	228	465	
437	427	273	
113	64	27	
170	303	196	
155	265	94	
447	251	399	
93	255	412	
31	67	198	
153	379	348	
411	155	78	
237	102	199	
69	197	482	
310	139	216	
481	437	150	
18	126	286	
157	231	458	
433	261	474	
178	20	387	
16	98	495	
144	132	441	
38	246	207	
183	300	155	
46	265	15	
412	476	76	
345	291	364	
230	499	471	
481	102	199	
28	150	100	
115	460	376	
442	340	401	
48	42	167	
136	132	208	
2	238	163	
431	404	288	
60	120	444	
487	73	201	
437	450	366	
202	384	481	
462	380	112	
161	337	140	
467	104	295	
371	390	32	
141	139	428	
348	76	419	
237	79	209	
175	330	109	
272	354	167	
357	243	343	
306	377	284	
479	236	0	
171	14	336	
200	320	131	
45	81	244	
340	55	204	
136	459	409	
285	6	63	
124	268	176	
51	497	423	
34	207	68	
196	441	21	
180	265	135	
326	450	409	
151	253	366	
333	257	445	
11	454	458	
38	215	64	
458	370	471	
177	455	117	
366	454	99	
397	480	154	
385	470	261	
109	74	34	
60	229	327	
173	186	32	
13	426	369	
288	434	84	
474	12	457	
18	232	103	
307	458	462	
290	91	121	
167	402	418	
167	5	197	
394	340	349	
413	481	200	
242	285	94	
151	238	260	
47	402	103	
498	422	413	
282	78	275	
439	310	147	
92	361	4	
323	488	432	
370	455	457	
93	74	156	
134	426	173	
157	135	116	
359	468	209	
76	100	86	
11	137	309	
240	158	1	
314	87	43	
61	66	354	
353	69	120	
90	406	394	
113	230	64	
16	425	310	
373	419	37	
341	128	499	
494	28	326	
351	169	345	
259	162	47	
137	459	311	
164	409	169	
82	489	76	
330	222	283	
107	345	486	
255	50	223	192	
367	387	491	332	
27	91	355	485	
316	76	173	371	
74	27	354	220	
425	431	237	110	
76	121	264	48	
454	407	13	162	
224	386	96	263	
422	100	308	57	
43	51	495	65	
304	466	459	286	
231	448	375	362	
463	429	30	148	
115	213	277	275	
303	34	424	327	
67	137	443	45	
257	302	146	396	
238	448	218	362	
70	418	73	484	
360	359	405	347	
196	209	421	122	
152	131	391	471	
7	282	87	86	
414	305	370	373	
197	314	178	449	
450	246	330	263	
22	435	246	69	
207	128	260	289	
470	318	338	266	
156	436	370	181	
92	185	332	87	
258	134	238	211	
431	42	261	63	
301	299	149	226	
45	209	10	483	
200	471	158	370	
215	494	308	229	
250	255	77	46	
232	198	288	346	
108	125	63	257	
253	252	153	4	
423	220	458	11	
222	123	45	425	
247	238	338	405	
323	91	316	41	
259	5	113	295	
40	390	88	402	
316	97	113	305	
366	494	212	308	
111	472	256	167	
485	356	258	248	
182	312	465	82	
164	433	395	254	
473	318	249	388	
136	422	472	497	
466	386	130	303	
224	60	472	16	
419	452	12	203	
388	378	177	337	
375	64	261	133	
44	68	203	40	
143	75	232	2	
154	266	84	459	
395	61	173	62	
323	476	136	293	
147	418	408	480	
155	117	213	245	
233	47	80	299	
298	145	348	203	
15	418	452	143	
412	367	439	189	
463	420	487	82	
174	276	278	81	
3	170	148	259	
31	203	434	341	
388	173	456	89	
215	357	153	304	
477	366	434	150	
374	396	135	106	
298	341	152	224	
102	450	424	329	
343	19	377	152	
94	90	151	474	
48	388	286	163	
137	226	306	96	
5	185	56	400	
33	300	40	361	
268	196	418	377	
406	113	251	11	
344	438	401	337	
70	148	95	228	
0	9	251	98	
288	206	397	372	
445	14	54	19	
12	6	72	478	
240	118	66	273	
460	296	321	411	
273	56	65	366	
241	125	107	217	
133	487	355	153	
465	197	272	198	
184	103	147	418	
81	17	487	215	
203	76	102	327	
334	39	226	120	
217	463	425	377	
260	91	357	470	
131	340	270	138	
186	342	176	79	
392	298	465	234	
479	419	364	279	
299	133	16	441	
176	437	242	12	
168	448	357	217	
45	408	148	352	
444	250	379	269	
343	222	332	269	
384	184	242	411	
498	69	336	30	
93	49	282	279	
198	242	308	386	
317	314	300	484	
447	33	246	106	
490	340	336	175	
309	489	153	109	
177	307	362	30	
125	232	218	229	
128	158	381	430	
274	445	249	18	
91	241	169	328	
372	136	480	355	
266	213	29	473	
192	88	231	374	
491	481	114	108	
142	308	441	29	
196	233	308	266	
460	166	132	117	
236	282	154	48	
106	298	347	29	
74	172	21	220	
269	297	229	481	
260	476	403	437	
329	51	169	167	
44	268	72	351	
11	205	469	426	
239	213	437	214	
53	55	273	119	
343	278	314	120	
457	76	401	470	
261	64	16	65	
417	328	449	11	
422	95	333	55	
89	216	198	436	
120	91	335	121	
249	82	367	28	
139	68	7	477	
159	374	426	171	
359	65	442	164	
100	20	408	93	
131	274	245	472	
265	250	431	99	
418	182	364	351	
330	499	403	274	
474	462	368	77	
202	455	90	375	
234	210	237	185	
85	42	483	359	
69	496	44	209	
463	294	34	334	
358	53	93	339	
114	434	484	27	
497	313	214	44	
412	260	277	262	
487	380	496	237	
184	26	478	237	
291	434	31	491	
332	53	231	27	
350	458	195	451	
397	440	298	112	
133	101	10	387	
430	457	7	138	
96	422	323	498	
219	127	414	145	
266	19	187	153	
307	328	45	368	
352	318	48	86	
449	68	431	220	
202	367	173	12	
443	83	319	463	
399	474	402	37	
139	214	485	29	
38	159	270	297	
444	12	433	296	
417	175	310	144	
472	103	331	380	
439	242	70	360	
359	147	474	130	
223	388	228	266	
188	285	346	319	
356	121	364	62	436	
163	115	315	95	412	
416	66	39	241	96	
18	311	15	366	379	
339	430	77	262	223	
240	189	483	152	389	
157	302	408	70	197	
339	270	344	442	308	
56	423	283	6	422	
54	4	247	165	334	
425	153	401	440	152	
26	118	382	129	427	
464	43	341	322	53	
424	282	112	40	442	
1	120	259	121	31	
439	191	451	24	2	
229	179	492	377	288	
35	237	472	59	132	
200	486	40	75	245	
382	384	277	140	456	
400	330	396	285	490	
130	231	327	250	341	
141	449	298	297	82	
436	204	11	191	18	
349	418	57	485	111	
138	100	143	278	38	
367	413	329	399	146	
470	52	465	5	152	
225	133	16	222	157	
102	163	24	56	85	
170	66	110	489	292	
473	275	403	104	38	
233	161	495	434	470	
408	115	496	433	330	
387	425	327	468	354	
259	402	363	461	421	
449	493	470	181	483	
60	359	21	116	457	
428	316	161	341	65	
298	195	264	451	281	
208	326	385	350	465	
210	388	352	190	89	
450	176	158	393	225	
402	158	108	174	375	
273	327	391	232	225	
343	329	424	479	176	
68	160	88	185	181	
485	283	118	144	105	
434	339	256	385	334	
75	169	157	34	84	
340	338	83	415	329	
224	216	162	350	316	
338	243	255	312	354	
138	86	130	402	10	
308	313	29	496	79	
32	296	417	200	144	
7	174	438	310	130	
478	370	239	2	253	
6	8	246	61	29	
154	51	21	169	363	
194	280	134	156	136	
276	499	200	161	404	
260	382	458	490	312	
53	340	474	366	214	
353	143	253	464	431	
386	480	107	100	63	
486	304	108	159	101	
103	329	2	16	160	
357	84	146	251	295	
367	151	11	408	327	
387	345	82	316	121	
490	220	146	308	231	
227	288	18	26	90	
117	41	81	411	100	
401	436	414	412	99	
4	70	203	467	232	
477	488	427	184	496	
214	297	207	416	48	
403	360	70	458	348	
267	208	351	130	96	
50	424	171	247	2	
129	324	124	205	492	
127	110	276	262	295	
496	87	157	275	198	
141	16	384	75	25	
168	226	77	203	354	
186	30	365	431	430	
120	250	186	223	206	
120	204	133	146	149	
85	119	17	309	480	
323	190	116	149	80	
177	406	482	190	84	
416	414	70	485	234	
133	53	222	162	345	
215	234	110	335	242	
497	27	94	98	112	
382	356	7	115	63	
288	250	474	466	34	
152	263	378	371	183	
30	426	85	438	454	
254	266	16	226	301	
43	316	62	146	262	
318	210	80	187	223	
147	317	80	104	31	
158	473	40	342	329	
66	370	256	32	306	
38	398	80	474	172	
200	189	282	84	209	
93	14	220	348	150	
265	426	482	180	364	
148	420	462	11	385	
168	385	137	215	407	
420	384	403	41	163	
338	66	423	2	60	
357	227	251	20	99	
93	406	477	490	107	
87	220	151	172	339	
152	97	196	91	170	
303	464	243	425	210	
307	59	216	458	200	
237	49	18	321	410	
348	185	50	446	315	
309	474	97	225	167	
430	311	139	337	79	
444	317	439	56	385	
429	250	373	252	276	
348	221	354	71	278	
292	345	364	114	296	
374	11	66	219	366	
79	423	346	478	455	
16	420	166	296	235	
320	240	250	284	316	
231	110	337	165	452	
5	285	455	199	293	
0	444	457	329	262	
329	237	482	84	111	
446	459	204	197	218	
135	452	128	126	195	
443	133	289	447	244	
348	88	144	280	132	
303	457	11	268	415	
434	461	466	308	24	
76	290	473	190	196	
280	106	383	445	255	
449	38	492	313	131	
263	346	394	316	104	
379	416	273	35	293	
0	381	212	159	353	
386	37	197	54	100	
102	444	302	57	325	
401	469	483	393	119	
248	108	194	44	124	
51	84	238	78	271	
104	361	118	34	236	
242	468	302	382	422	
421	42	237	168	45	
227	92	199	499	164	
298	380	422	463	55	
173	414	121	400	494	
303	423	391	10	463	
90	177	165	245	438	
407	193	315	260	19	
375	211	192	300	236	
156	415	7	284	157	
198	15	493	33	484	
121	318	326	465	29	
311	424	324	8	479	
233	0	247	293	384	
113	199	356	100	292	
400	415	261	37	173	
35	156	107	353	368	
70	110	430	344	377	
469	299	215	441	406	
201	282	325	357	207	
67	427	340	94	317	
233	364	38	415	162	
341	485	167	342	487	
33	437	4	432	54	
64	46	100	173	322	
416	220	308	248	385	
186	402	467	241	273	
295	102	414	308	272	
138	177	171	173	368	
28	11	338	34	93	
323	214	131	114	153	
199	57	35	439	195	
269	170	156	95	406	
306	50	469	129	92	
473	301	145	344	420	
79	391	122	196	11	
363	64	195	161	212	
292	314	2	460	139	
292	398	268	377	251	
73	26	53	79	428	
113	77	270	176	8	
325	386	154	90	124	
62	155	102	98	419	
217	274	105	0	362	
112	411	113	17	478	
132	420	297	158	456	
