39	16	35	33	36	48	
23	16	26	31	28	5	
4	33	2	11	34	44	
0	48	24	14	37	26	
37	26	48	40	10	16	
43	34	38	28	37	14	
14	27	34	16	48	23	
26	24	49	20	3	21	
11	32	7	13	45	18	
19	39	17	21	1	3	
2	6	22	39	48	12	
22	32	13	39	20	12	
13	49	44	35	22	41	
44	16	3	2	12	9	
28	38	36	19	42	40	
36	16	30	15	49	19	
32	40	0	12	41	47	
1	24	16	37	34	48	
11	49	44	19	9	16	
15	9	36	26	12	33	
43	38	18	15	41	11	
20	18	31	15	42	0	
13	29	45	49	17	16	
1	27	29	42	31	12	
0	27	39	8	5	35	
29	22	44	31	1	25	
46	41	6	42	11	12	
41	36	45	10	1	4	
23	11	9	22	46	7	
31	1	34	17	3	45	
49	19	35	34	14	42	
5	37	18	14	10	34	
38	46	40	3	16	48	
12	42	38	3	22	48	
6	3	42	48	30	29	
45	14	7	35	8	6	
15	1	48	40	47	35	
35	17	22	13	27	11	
27	6	15	14	46	19	
49	7	23	44	2	40	
43	25	49	4	6	26	
4	36	20	37	31	16	
45	15	25	34	5	2	
41	21	17	0	4	40	
29	40	2	27	20	13	
11	27	34	9	15	42	
25	48	9	31	15	5	
4	18	39	26	42	10	
11	31	17	25	5	49	
49	48	11	22	3	4	
81	68	62	75	72	50	
94	66	51	89	77	91	
72	51	81	79	70	59	
85	58	50	91	75	88	
61	73	50	98	57	83	
58	77	78	54	90	55	
70	74	64	84	81	53	
68	62	56	98	78	64	
61	94	87	95	72	79	
97	70	84	90	75	56	
70	79	58	84	75	53	
91	64	51	78	70	93	
76	71	79	78	73	80	
99	69	59	56	65	83	
69	81	64	77	52	93	
57	65	87	83	98	51	
93	97	64	85	60	50	
74	54	53	69	52	70	
75	68	64	78	74	83	
74	54	81	56	96	73	
82	92	78	68	87	76	
91	95	88	86	68	97	
53	94	93	86	52	90	
52	50	61	56	91	78	
88	61	74	89	83	94	
98	91	74	69	84	60	
98	75	50	90	81	88	
98	75	84	53	57	73	
91	96	80	84	77	90	
90	78	97	53	56	86	
94	81	54	71	52	63	
58	61	93	73	92	91	
50	87	61	68	84	75	
60	68	74	94	62	57	
94	79	62	57	69	52	
63	69	98	73	77	54	
87	53	74	59	64	58	
67	89	73	90	57	55	
68	72	91	74	97	79	
63	61	79	56	90	53	
77	87	82	92	81	88	
64	90	62	53	83	65	
97	99	90	93	61	76	
58	53	73	55	64	94	
91	83	79	97	65	94	
75	86	79	51	53	97	
59	68	53	62	86	52	
82	54	90	65	77	75	
55	91	51	75	62	53	
56	86	58	84	63	51	
111	124	145	143	108	118	
144	102	124	109	120	106	
114	142	125	130	104	102	
114	142	116	107	111	115	
136	102	126	138	124	104	
103	110	121	112	144	139	
103	142	139	123	120	135	
136	147	113	114	135	122	
119	102	106	144	124	118	
134	133	136	113	125	128	
121	127	110	137	130	135	
132	107	118	138	110	111	
130	114	122	107	135	145	
138	122	145	148	119	137	
125	127	133	134	119	132	
126	143	106	138	134	140	
149	116	137	106	110	128	
101	142	129	134	113	140	
149	117	135	132	115	129	
105	146	149	118	130	144	
101	124	108	102	122	106	
140	144	133	121	145	113	
132	105	140	126	141	122	
121	109	105	113	133	148	
118	101	105	114	136	123	
138	148	111	139	135	119	
136	132	115	102	116	145	
103	117	119	142	140	147	
102	110	146	137	129	106	
122	106	144	141	102	147	
149	120	117	134	140	147	
102	126	116	140	100	136	
149	135	119	112	114	145	
137	120	104	103	108	125	
110	106	131	142	112	111	
143	149	104	113	138	139	
115	114	108	139	149	107	
131	145	139	142	148	106	
117	129	107	125	122	137	
100	103	146	117	113	102	
128	111	119	139	122	130	
130	133	147	132	144	139	
128	140	108	101	131	100	
118	127	121	112	139	104	
120	111	141	128	125	133	
118	131	133	146	134	143	
144	104	134	123	105	115	
140	102	122	100	125	104	
124	111	125	130	119	120	
126	111	138	104	107	108	
169	153	190	173	199	187	
156	177	189	159	158	183	
171	170	164	186	182	152	
190	156	192	199	176	189	
189	151	170	196	162	188	
157	198	178	181	190	153	
164	173	180	184	193	154	
174	198	168	180	162	151	
191	157	154	194	168	163	
157	163	154	184	173	197	
151	157	150	187	162	183	
168	186	180	199	159	189	
155	158	156	181	184	183	
195	174	175	155	194	180	
184	197	158	172	186	183	
198	171	155	153	151	178	
161	189	179	197	162	182	
175	187	158	199	155	188	
152	192	176	193	164	186	
165	186	168	161	197	156	
180	185	151	165	152	195	
177	183	186	198	165	195	
186	184	189	175	185	180	
199	170	177	152	179	169	
181	182	166	185	167	178	
158	159	163	184	172	178	
184	164	174	197	182	188	
185	197	159	189	198	199	
198	160	178	165	152	166	
168	162	199	183	159	174	
177	165	172	193	194	158	
170	175	171	181	167	186	
181	199	185	172	166	189	
171	164	186	154	195	192	
194	172	178	163	191	158	
152	163	188	178	158	161	
161	193	173	153	172	177	
177	165	176	162	191	169	
165	196	177	161	189	168	
192	165	183	171	151	159	
158	162	193	195	197	190	
161	186	152	190	172	199	
151	196	156	162	167	157	
182	184	167	152	186	189	
162	151	150	161	184	190	
161	167	157	171	177	169	
152	184	174	164	189	158	
156	168	165	190	182	178	
153	170	177	171	161	175	
177	178	189	151	163	168	
213	209	225	206	201	202	
229	215	212	226	200	228	
231	243	210	230	244	241	
225	237	229	240	215	234	
231	241	203	206	247	221	
226	220	215	212	209	235	
247	202	248	227	205	200	
209	239	238	237	229	203	
203	223	208	237	242	229	
234	208	212	213	211	220	
237	217	205	226	223	245	
215	208	213	246	200	231	
249	229	223	215	203	247	
218	231	210	202	237	247	
210	203	229	220	234	204	
219	201	246	242	203	217	
211	239	227	229	248	247	
230	204	222	240	215	246	
203	217	246	218	235	236	
225	232	235	238	239	222	
240	238	231	242	211	214	
249	208	233	202	243	248	
236	242	217	201	229	235	
244	219	218	247	249	203	
200	233	231	246	247	225	
243	234	206	212	221	217	
222	249	248	226	224	241	
242	211	212	245	210	205	
212	206	244	233	241	230	
209	202	212	226	236	242	
245	207	236	247	229	209	
241	213	226	212	242	247	
239	221	206	233	240	201	
232	216	249	212	208	217	
214	243	218	234	227	232	
234	238	236	227	221	223	
205	202	235	233	239	249	
210	221	245	230	233	200	
247	226	224	236	200	223	
239	220	232	243	225	214	
232	219	237	238	202	244	
224	206	204	213	217	220	
234	207	244	216	232	224	
212	220	229	238	202	243	
243	248	246	235	221	249	
211	232	205	204	201	213	
240	246	205	243	224	209	
208	219	237	215	233	203	
208	239	226	240	228	236	
219	209	213	232	203	210	
263	261	272	250	285	287	
257	291	260	292	269	250	
251	271	255	268	272	277	
252	288	297	277	299	255	
270	267	282	273	272	295	
278	283	250	270	298	257	
289	287	286	290	295	260	
256	278	253	297	259	279	
284	280	264	297	274	251	
290	269	254	299	259	273	
265	274	259	255	281	256	
262	284	256	274	296	279	
250	294	254	290	263	295	
275	287	282	292	280	259	
280	286	266	251	285	265	
257	252	256	282	264	260	
285	265	295	277	299	269	
279	298	252	282	293	250	
277	270	273	264	297	278	
296	289	279	264	250	274	
274	265	289	286	252	288	
286	299	258	285	270	275	
262	250	257	272	275	259	
263	255	271	298	256	281	
272	266	289	285	293	269	
279	267	256	255	276	274	
298	255	284	269	258	265	
287	261	262	298	266	250	
278	296	294	295	281	280	
256	281	283	269	296	289	
284	275	260	255	289	277	
270	276	289	253	252	273	
288	296	260	269	297	253	
251	296	266	275	291	265	
299	272	266	260	288	290	
280	251	278	287	254	260	
297	294	251	281	293	258	
275	267	251	271	265	279	
282	252	262	265	287	284	
292	267	284	252	263	253	
285	256	294	282	275	296	
256	257	286	271	293	264	
275	271	269	281	277	265	
277	250	259	264	263	287	
298	261	272	254	267	259	
266	258	251	280	299	282	
258	286	277	289	287	285	
254	258	290	278	288	256	
269	272	290	289	259	258	
252	256	284	263	260	275	
339	338	335	327	322	324	
315	328	347	307	309	327	
327	341	342	339	314	343	
324	339	307	341	303	343	
328	304	340	329	319	338	
330	305	347	332	335	324	
318	315	337	330	324	308	
335	302	317	320	338	347	
316	308	300	311	338	314	
349	345	306	311	309	320	
314	347	303	310	300	317	
329	318	328	346	349	345	
343	347	334	324	302	344	
303	320	339	331	324	332	
336	306	310	349	304	346	
306	307	309	338	323	334	
313	336	307	347	328	349	
314	305	317	338	341	344	
330	307	334	308	320	339	
314	335	330	334	332	337	
330	336	340	314	301	332	
326	307	304	341	308	342	
308	343	340	338	316	347	
325	329	318	340	313	324	
310	318	308	331	348	325	
300	309	334	313	320	342	
326	310	344	312	316	348	
318	319	347	334	340	336	
302	329	326	308	335	317	
303	313	321	340	320	337	
303	300	348	330	349	306	
304	345	308	343	319	300	
320	329	324	327	343	347	
343	310	348	314	347	337	
331	326	317	347	341	313	
341	322	342	319	323	338	
330	333	314	332	301	323	
302	334	343	331	324	339	
316	342	330	302	349	304	
344	312	337	324	321	336	
329	313	307	306	344	340	
346	319	330	327	340	336	
307	302	308	337	326	343	
346	300	331	311	323	330	
320	326	345	329	316	336	
312	304	334	313	343	330	
321	302	349	343	311	326	
308	306	346	330	332	311	
312	323	331	340	322	305	
329	313	349	309	330	307	
390	363	373	375	374	354	
368	369	384	370	380	393	
351	392	374	399	383	362	
391	399	387	352	373	376	
351	392	362	354	357	372	
389	375	364	384	362	388	
364	359	353	366	370	383	
397	357	376	373	384	351	
389	355	356	365	353	359	
355	368	389	377	391	372	
399	372	362	396	379	385	
380	355	396	364	391	360	
351	377	397	371	386	352	
350	352	353	361	362	389	
367	353	364	363	388	398	
393	385	395	356	392	365	
353	379	392	387	357	375	
390	382	396	379	355	387	
373	387	360	384	397	362	
392	364	353	366	380	372	
380	359	376	360	364	370	
391	387	393	373	390	363	
356	382	396	367	373	368	
387	394	365	370	355	385	
360	372	351	378	380	394	
386	363	383	365	399	368	
352	396	382	394	376	399	
379	363	360	384	393	354	
386	364	388	363	368	350	
356	352	393	376	386	397	
396	390	350	351	353	394	
398	369	382	385	395	351	
357	396	368	358	371	352	
356	392	382	384	390	350	
376	395	370	359	398	392	
376	350	375	359	378	387	
362	367	385	370	360	356	
358	371	375	362	353	386	
371	388	353	392	389	396	
355	370	373	358	380	379	
399	392	382	369	380	372	
372	380	363	399	377	391	
394	378	377	353	366	392	
393	368	389	384	364	350	
384	381	380	376	377	398	
370	396	357	376	368	386	
399	393	386	397	363	388	
393	379	386	392	399	397	
355	388	375	395	353	367	
357	386	373	372	360	379	
432	439	434	426	443	409	
448	430	416	400	432	443	
406	448	432	446	444	439	
401	417	448	413	402	424	
409	406	434	414	418	440	
441	449	417	440	446	416	
424	443	406	401	438	434	
412	436	416	438	433	447	
424	422	413	401	441	429	
445	439	427	410	414	403	
406	429	441	442	418	416	
430	428	429	416	431	443	
401	436	431	448	441	402	
401	421	414	400	444	412	
405	408	421	410	426	415	
402	437	422	439	447	430	
403	420	428	400	447	440	
442	422	421	441	407	432	
430	413	410	405	434	400	
432	400	420	421	409	401	
439	438	421	409	437	430	
410	402	433	409	421	440	
409	434	410	439	423	433	
449	409	413	433	412	419	
411	414	412	435	440	405	
413	448	418	409	428	435	
423	401	406	446	402	447	
423	431	426	448	405	434	
415	413	424	411	425	433	
449	402	436	446	409	418	
448	411	437	416	426	420	
416	410	431	445	428	400	
416	436	444	400	442	415	
425	412	418	416	419	424	
426	433	442	415	448	427	
444	404	443	420	426	421	
411	429	420	432	400	430	
445	437	449	424	412	405	
423	426	440	446	407	415	
444	409	447	414	406	420	
439	440	408	410	405	400	
405	425	400	437	433	403	
443	434	403	409	429	437	
413	412	429	419	431	404	
442	433	448	431	405	401	
422	429	427	416	438	446	
417	429	427	419	424	410	
424	433	439	441	427	446	
434	432	436	415	400	409	
419	406	445	435	424	418	
455	458	472	492	493	473	
478	461	483	499	462	485	
455	496	474	462	477	467	
455	499	497	498	483	490	
488	478	471	492	469	489	
476	498	497	452	463	469	
483	453	473	476	491	466	
459	480	496	497	464	470	
472	498	474	451	489	469	
475	493	452	453	474	462	
452	491	497	474	496	487	
467	495	455	469	493	450	
487	460	454	475	469	455	
458	464	488	450	483	487	
476	466	493	474	460	487	
450	463	496	477	480	470	
460	499	466	496	451	475	
477	480	454	450	493	496	
475	454	452	493	473	485	
490	461	451	463	454	450	
455	469	486	488	474	458	
488	473	493	489	498	481	
467	465	454	457	450	471	
461	460	497	467	471	454	
454	458	494	480	472	498	
476	464	473	467	462	453	
455	473	479	463	472	499	
474	460	487	462	471	486	
475	451	472	484	496	474	
498	473	492	488	484	451	
476	482	474	456	486	459	
499	489	497	469	476	451	
496	464	495	482	463	458	
453	482	491	475	459	469	
488	479	473	466	474	469	
461	467	489	479	478	473	
485	496	475	452	486	464	
470	494	490	461	459	483	
480	450	453	483	485	469	
498	488	469	490	491	492	
495	494	471	497	458	484	
458	488	477	462	466	485	
496	451	457	464	485	473	
461	491	474	463	459	469	
498	453	481	456	472	459	
477	479	493	465	492	454	
475	465	469	462	496	489	
472	480	474	465	491	481	
462	473	455	477	459	452	
479	453	468	498	470	459	
26	33	19	6	2	24	43	
14	26	11	3	16	42	49	
9	48	6	42	33	22	17	
45	4	3	24	49	47	14	
3	32	28	38	37	33	10	
33	16	3	19	20	47	30	
41	26	29	19	14	8	4	
35	26	42	32	20	9	36	
44	27	23	1	42	9	19	
17	7	40	41	31	29	2	
39	4	32	47	42	13	23	
22	9	4	40	20	17	7	
10	44	7	20	40	30	34	
9	2	5	37	46	35	17	
21	1	23	45	40	10	25	
42	8	48	11	0	35	43	
35	39	31	29	45	30	41	
27	47	34	36	6	38	49	
41	18	0	28	13	11	7	
41	24	32	43	48	47	21	
23	20	19	38	1	46	13	
49	26	32	6	8	12	47	
23	43	40	44	33	21	12	
4	21	37	6	33	11	46	
44	12	48	20	29	25	2	
16	12	0	37	13	36	26	
20	38	0	31	33	32	14	
17	40	1	4	6	21	10	
31	46	39	3	22	44	21	
20	14	38	13	46	5	10	
22	25	26	28	18	27	38	
45	14	42	27	11	33	36	
40	35	27	7	15	47	29	
5	16	7	36	9	25	0	
17	6	11	26	18	43	9	
36	33	29	28	4	11	5	
33	30	46	11	24	35	22	
39	48	26	27	6	20	42	
26	16	15	32	44	40	1	
20	6	31	48	23	21	36	
31	38	46	22	4	20	29	
37	2	5	49	14	15	26	
17	49	35	33	25	1	15	
38	11	16	22	36	9	40	
34	0	17	43	12	13	8	
34	21	22	16	43	23	41	
5	44	29	46	0	27	18	
46	16	23	38	37	14	6	
12	11	32	15	47	0	27	
13	23	30	34	49	24	1	
64	78	72	93	56	54	80	
91	77	55	92	51	66	78	
75	93	57	80	70	61	50	
98	99	80	92	51	64	55	
52	93	98	58	89	73	64	
60	83	77	61	88	85	98	
59	62	99	91	75	78	65	
75	57	82	90	61	79	60	
58	91	68	55	72	78	83	
90	68	77	65	88	91	52	
50	63	76	78	80	69	54	
85	61	91	65	97	77	89	
53	89	75	67	72	52	94	
61	87	65	85	74	82	63	
66	54	56	98	64	77	81	
65	69	55	90	64	88	75	
94	55	91	63	69	97	96	
94	69	82	90	96	57	89	
60	95	68	91	87	62	84	
90	74	66	70	51	52	87	
51	65	74	93	82	84	60	
88	83	65	55	58	94	77	
93	57	84	54	55	96	97	
50	93	89	83	67	76	78	
66	93	98	87	96	52	97	
59	56	86	66	73	82	70	
53	60	61	67	56	66	78	
61	54	77	76	50	70	95	
66	55	91	53	90	81	64	
79	93	72	63	69	60	56	
51	91	83	56	60	70	53	
64	73	78	56	53	58	87	
69	87	88	62	55	74	63	
86	91	55	53	80	94	75	
94	97	95	55	87	67	73	
54	73	64	98	78	99	83	
56	75	96	74	52	60	99	
64	75	68	70	60	82	63	
54	69	53	61	99	94	86	
57	76	83	80	73	74	92	
60	74	94	62	59	77	71	
86	53	65	88	87	75	73	
56	95	71	60	51	93	53	
78	61	79	72	65	94	95	
86	81	54	83	94	96	95	
55	96	92	59	97	90	68	
92	69	56	72	85	51	78	
85	92	99	62	65	95	74	
53	57	65	93	52	61	94	
62	92	51	79	86	64	77	
128	112	138	106	146	104	145	
122	142	138	139	109	105	144	
124	121	129	115	133	103	128	
101	140	110	109	115	136	138	
119	100	138	109	131	102	112	
142	140	110	147	107	139	129	
116	104	108	106	136	135	149	
119	105	136	115	147	140	108	
112	142	131	137	118	120	113	
144	104	124	128	123	136	126	
106	101	120	115	142	146	133	
117	132	128	126	140	118	133	
122	105	102	148	136	104	103	
102	126	143	142	139	125	114	
146	149	131	124	117	147	139	
148	143	121	106	149	147	104	
149	146	124	142	116	140	128	
129	144	104	115	133	136	100	
148	142	134	110	143	113	132	
129	142	145	112	136	124	133	
113	106	102	146	123	149	130	
105	130	119	134	145	147	127	
111	140	126	112	135	108	145	
148	103	122	107	109	108	120	
143	131	138	118	101	114	146	
144	145	141	120	119	134	125	
108	121	147	120	125	143	110	
125	128	121	109	144	103	130	
140	142	120	109	123	145	119	
127	132	105	111	117	116	128	
115	146	123	139	148	132	122	
118	135	114	104	112	138	127	
100	131	147	108	118	114	110	
143	132	102	112	111	134	141	
130	132	101	143	118	124	129	
121	134	125	126	140	105	136	
124	146	138	142	133	120	132	
131	107	147	137	100	127	119	
134	108	137	148	130	127	123	
101	132	127	130	145	146	111	
119	135	146	129	130	117	147	
108	101	106	121	133	114	143	
127	137	130	118	109	135	136	
106	145	100	122	107	132	103	
103	120	116	123	131	114	122	
109	101	123	121	106	126	131	
133	148	131	129	145	117	105	
106	127	102	128	139	140	118	
129	109	134	113	123	138	111	
108	107	126	109	149	106	113	
172	185	188	174	184	161	186	
167	159	168	174	152	180	179	
158	152	162	198	188	163	168	
150	184	154	199	152	178	160	
176	162	158	199	163	170	153	
168	176	184	181	174	194	172	
180	192	172	199	173	159	196	
171	182	193	183	169	168	175	
197	180	192	166	152	168	194	
198	156	172	186	197	151	158	
159	151	198	197	152	180	167	
171	198	161	189	183	175	158	
176	155	197	199	183	172	182	
188	199	174	155	190	189	179	
192	167	157	160	197	177	168	
167	182	169	160	172	180	199	
180	179	189	172	192	190	160	
179	153	180	173	152	171	175	
151	173	157	159	168	174	181	
171	160	198	158	192	196	185	
172	162	195	173	171	168	174	
173	170	153	179	180	192	175	
199	174	167	188	177	183	164	
169	181	186	162	183	176	190	
190	161	152	167	193	187	157	
173	157	185	180	152	168	169	
150	191	155	181	174	161	193	
199	196	170	181	161	160	182	
151	161	188	170	178	190	192	
155	161	174	191	158	173	153	
180	184	150	160	194	199	159	
151	187	160	184	194	165	178	
170	157	171	158	190	176	154	
167	193	160	169	199	194	187	
156	164	181	167	182	188	177	
152	177	191	153	155	171	183	
191	169	177	181	161	168	152	
162	172	155	164	196	169	180	
180	167	179	194	170	183	186	
161	159	180	191	199	166	164	
185	175	159	166	186	150	171	
181	191	152	184	185	163	197	
174	176	162	180	150	161	182	
173	154	187	196	159	175	152	
176	150	188	194	166	191	190	
160	178	195	193	155	168	198	
171	195	163	151	198	179	192	
168	179	152	158	195	196	186	
166	197	158	188	167	159	177	
155	176	179	185	163	157	153	
230	246	203	242	227	239	215	
249	228	212	210	209	205	237	
230	216	245	203	249	225	243	
222	243	228	205	210	241	249	
240	224	235	229	201	244	226	
215	248	249	204	229	232	217	
233	235	236	210	244	240	213	
213	246	211	247	203	222	243	
213	211	220	239	219	214	222	
208	233	205	200	240	230	238	
217	205	236	207	203	239	216	
215	236	232	211	213	217	247	
213	233	211	232	217	202	241	
227	204	234	205	249	208	212	
249	228	227	222	224	217	214	
223	213	204	239	243	221	227	
231	228	207	239	212	222	242	
225	219	205	231	201	208	217	
228	244	207	238	216	219	231	
201	249	248	243	207	215	224	
239	216	249	232	217	242	238	
239	244	204	242	210	249	236	
216	203	245	215	224	235	229	
217	200	211	245	247	227	246	
204	226	248	240	237	212	201	
234	203	235	229	207	219	210	
225	235	236	207	224	205	222	
245	237	234	219	213	242	249	
204	230	242	206	235	237	202	
210	214	247	234	222	203	219	
233	225	209	214	229	240	200	
215	200	203	248	233	212	220	
239	227	211	226	232	233	204	
216	215	219	234	248	230	249	
224	220	203	232	242	223	208	
236	239	242	226	209	233	224	
214	215	226	222	229	248	212	
206	229	218	200	241	211	227	
221	208	241	235	206	245	247	
242	201	235	243	207	223	248	
232	208	218	241	224	244	204	
222	239	218	220	237	205	217	
219	234	222	239	208	235	231	
211	203	248	214	212	244	222	
220	248	211	246	231	228	236	
216	219	226	209	234	218	232	
215	203	201	230	214	221	238	
246	243	233	212	203	210	236	
224	247	237	208	211	229	221	
227	207	210	229	231	225	205	
276	262	298	287	251	255	282	
299	289	277	278	268	266	284	
287	265	272	282	254	267	280	
276	286	268	266	299	297	282	
292	264	254	293	281	289	273	
268	267	297	290	284	279	251	
263	276	289	270	281	293	269	
284	297	250	261	290	288	255	
258	295	267	290	282	299	292	
282	279	269	297	293	290	274	
253	280	296	262	267	263	291	
267	269	250	279	288	285	274	
257	285	275	267	264	251	266	
293	262	254	270	299	253	296	
259	295	260	264	267	297	299	
268	274	288	285	278	296	256	
276	268	275	272	277	289	291	
267	276	262	292	279	252	280	
266	289	285	273	260	287	265	
295	250	281	279	268	277	276	
258	265	281	272	293	295	267	
257	267	285	281	287	275	282	
274	277	261	269	254	286	268	
262	261	280	292	289	259	264	
286	260	269	258	284	285	267	
257	278	296	292	275	259	255	
289	277	265	276	269	294	263	
270	255	282	289	274	264	292	
295	291	277	255	267	252	299	
266	294	251	297	255	269	265	
263	250	276	288	274	298	290	
284	273	272	261	297	286	283	
268	292	283	257	265	288	273	
298	276	264	251	299	289	273	
297	258	269	292	273	296	252	
264	291	283	277	278	295	261	
262	272	284	288	285	267	295	
261	295	293	270	263	267	288	
281	258	269	267	293	291	288	
282	297	277	259	266	290	268	
297	295	250	258	293	272	251	
264	290	279	281	265	260	255	
278	267	251	289	284	257	297	
251	276	291	288	290	265	260	
265	270	271	280	261	274	282	
285	287	288	282	279	272	291	
250	283	258	275	296	255	284	
276	290	283	270	288	269	291	
260	285	289	290	279	255	282	
268	269	259	282	281	296	273	
340	332	323	329	307	313	333	
307	319	300	347	320	343	313	
337	326	306	329	323	311	346	
304	341	334	313	301	328	317	
310	319	349	333	318	348	314	
338	348	315	328	342	321	314	
349	301	338	326	309	319	310	
325	334	339	300	304	319	336	
325	349	333	338	313	344	307	
326	343	316	320	338	308	302	
341	311	323	302	330	346	338	
308	327	302	306	325	326	336	
335	312	349	306	310	317	303	
313	324	311	333	335	303	343	
338	329	348	320	333	349	328	
330	346	308	311	317	348	310	
337	309	323	331	301	334	346	
308	341	300	312	314	313	334	
306	349	310	302	320	311	347	
333	308	345	322	332	300	342	
335	312	305	316	331	346	304	
301	327	309	333	314	343	334	
347	325	309	314	319	307	335	
323	329	312	301	348	330	337	
326	301	331	315	322	349	325	
338	304	335	326	336	330	313	
310	305	312	304	318	349	343	
332	312	331	311	334	341	324	
301	335	346	313	349	303	337	
326	308	305	330	304	313	322	
310	303	301	318	323	300	335	
325	348	340	347	330	322	317	
326	317	330	311	305	329	320	
329	323	326	339	311	307	318	
312	331	318	311	335	338	321	
329	332	306	335	311	331	310	
318	346	334	341	324	319	308	
340	343	311	341	305	307	349	
315	335	330	340	327	337	309	
314	328	300	349	337	327	315	
329	336	322	315	307	316	331	
318	340	317	346	341	319	332	
331	329	339	304	343	325	333	
318	342	304	340	330	329	315	
314	321	313	302	331	347	319	
326	343	300	349	331	324	313	
328	315	301	340	341	327	318	
330	335	319	333	334	338	331	
323	342	310	329	313	343	328	
302	339	306	348	321	347	332	
393	399	370	394	350	375	384	
383	380	361	352	395	363	389	
382	360	356	393	398	387	376	
363	357	378	386	359	361	390	
383	395	393	374	358	359	371	
380	375	398	384	385	362	357	
387	382	365	369	379	396	360	
360	397	372	399	379	357	373	
378	375	361	379	394	369	396	
380	358	381	391	359	396	389	
373	352	390	374	376	361	366	
353	366	364	356	388	371	378	
382	399	392	376	359	357	389	
399	350	389	366	397	361	352	
375	383	356	394	385	380	357	
386	370	352	380	393	356	376	
354	363	351	368	378	370	361	
358	360	351	375	392	399	372	
358	374	398	359	372	381	395	
380	390	350	376	368	387	365	
386	389	376	360	380	373	350	
357	351	382	394	350	391	353	
379	399	354	365	362	382	369	
367	355	372	399	350	360	366	
386	383	389	367	378	390	358	
382	366	394	377	370	388	352	
368	355	378	385	364	369	389	
359	374	391	360	377	384	389	
381	382	367	357	350	384	395	
374	369	382	358	379	364	380	
364	366	367	396	356	350	399	
363	380	391	350	371	392	367	
369	393	390	399	383	384	363	
375	371	368	369	397	374	382	
374	357	399	380	366	385	361	
380	356	358	395	384	361	376	
381	388	368	370	371	389	358	
379	388	372	353	367	393	359	
357	354	369	363	389	356	399	
396	373	378	388	384	399	350	
387	385	354	374	370	352	365	
357	358	395	352	363	391	382	
382	386	363	353	380	374	390	
353	376	354	380	361	369	388	
364	394	358	397	351	369	389	
361	380	386	381	363	356	357	
362	382	363	377	367	356	386	
374	352	373	385	378	389	367	
387	374	375	353	356	350	357	
380	394	360	373	364	352	376	
405	412	448	403	446	437	400	
402	431	435	429	416	427	417	
449	404	413	431	448	444	409	
401	422	428	412	447	432	425	
406	439	420	404	446	434	432	
434	404	443	400	408	425	421	
448	419	416	414	439	443	404	
429	400	446	436	415	439	437	
435	412	414	433	413	420	446	
421	444	423	427	419	441	404	
404	430	444	415	405	429	428	
434	415	446	422	405	414	400	
430	401	446	429	425	449	421	
414	423	404	413	436	417	441	
431	420	435	429	433	417	442	
444	412	413	448	440	435	417	
403	432	413	410	406	421	449	
421	405	449	437	446	422	414	
404	423	410	441	444	418	403	
403	447	417	421	407	440	405	
422	412	428	423	445	415	433	
436	428	404	437	448	438	409	
434	400	416	415	405	411	426	
406	447	446	417	444	419	448	
431	411	440	421	436	401	414	
420	429	413	440	437	418	441	
406	428	445	426	414	434	442	
402	442	447	400	426	446	438	
424	418	436	435	439	404	438	
422	437	401	407	409	427	445	
441	403	405	428	411	444	415	
424	427	433	436	445	442	441	
443	444	445	437	408	413	449	
444	430	416	401	412	434	437	
416	417	431	422	448	433	407	
420	404	424	428	433	434	444	
427	431	422	433	439	412	441	
436	414	432	400	428	410	431	
433	412	438	437	434	430	410	
437	403	409	414	449	401	407	
437	423	416	404	441	421	425	
449	409	448	410	434	407	424	
412	427	436	406	400	426	432	
426	439	430	405	415	423	413	
416	400	436	411	444	409	414	
423	438	425	424	431	447	434	
446	424	441	421	432	429	405	
434	403	422	443	411	402	415	
442	404	446	441	443	412	417	
446	409	429	426	447	413	430	
484	486	496	478	493	453	474	
458	463	469	488	467	457	460	
489	498	467	452	463	466	454	
496	468	476	452	482	499	472	
452	464	455	458	472	469	465	
482	463	480	492	486	470	459	
485	492	482	464	466	499	470	
480	458	486	490	477	460	492	
465	460	480	466	497	486	474	
482	460	492	485	497	488	495	
464	495	453	487	478	456	496	
454	485	491	463	459	467	486	
462	490	454	450	484	470	451	
491	496	474	473	471	467	453	
471	494	491	457	482	489	487	
480	473	486	476	478	451	459	
475	481	485	492	453	465	490	
478	455	458	465	469	470	474	
486	498	454	492	490	476	473	
471	457	475	473	463	484	487	
458	480	496	487	495	465	477	
470	474	484	453	463	482	471	
482	479	458	453	489	480	462	
462	479	471	478	466	489	457	
485	472	457	497	473	482	490	
491	457	462	469	468	452	498	
494	454	496	498	484	472	487	
482	487	467	465	459	476	492	
459	476	455	456	488	478	453	
499	450	451	476	483	464	482	
473	464	485	482	452	457	463	
487	491	475	455	480	450	473	
462	487	495	491	479	455	459	
491	457	473	498	490	450	484	
486	461	459	479	473	494	496	
492	480	456	468	488	491	462	
497	491	466	481	456	478	465	
472	462	470	464	467	486	474	
472	499	451	454	489	493	494	
462	482	453	485	454	494	486	
495	459	485	451	473	486	475	
477	480	479	485	489	494	467	
464	497	496	467	458	478	454	
487	463	486	451	466	460	454	
487	493	461	457	497	484	465	
458	477	463	462	498	452	472	
456	475	455	483	478	467	465	
498	484	452	496	472	457	453	
451	460	456	491	471	465	466	
476	484	491	483	461	452	498	
49	1	12	32	44	0	25	16	
5	45	46	23	14	15	24	13	
37	3	42	46	49	1	27	29	
37	15	1	22	9	12	24	8	
33	9	36	19	32	46	30	22	
40	7	46	22	38	29	14	13	
32	7	24	46	44	26	33	21	
25	31	22	0	13	11	12	46	
24	46	49	30	16	17	18	9	
19	10	3	13	35	7	49	27	
6	27	23	35	48	30	21	1	
19	17	11	35	18	24	34	6	
49	30	25	32	12	42	13	10	
8	4	7	16	28	25	42	24	
11	33	24	7	3	36	2	19	
38	48	33	5	23	0	40	31	
4	16	33	49	20	7	17	47	
28	3	2	4	38	20	17	19	
12	36	40	16	13	26	20	3	
33	41	15	2	0	10	9	29	
30	43	32	28	0	9	1	29	
27	16	22	39	20	41	47	5	
1	2	36	10	18	17	8	33	
15	43	30	9	4	38	7	10	
4	38	3	11	24	19	34	15	
38	37	31	22	49	9	7	41	
9	22	46	20	31	7	23	37	
7	16	35	3	42	2	41	22	
47	5	37	33	28	41	46	26	
49	35	19	34	30	7	12	11	
39	24	11	3	5	36	2	0	
15	5	7	32	31	23	44	2	
7	49	1	4	43	21	48	10	
20	39	37	34	10	19	9	14	
7	37	9	11	6	5	42	44	
34	39	11	23	32	0	36	21	
6	23	41	31	48	49	29	36	
16	23	25	1	6	4	14	46	
37	38	28	5	49	14	25	45	
16	11	22	1	46	17	25	14	
0	36	41	13	35	17	34	38	
37	8	7	41	1	32	10	47	
3	46	11	47	13	21	14	4	
17	10	22	7	32	6	35	41	
28	30	32	5	41	35	48	34	
14	3	5	33	40	19	32	39	
16	12	25	47	19	48	37	49	
17	28	23	4	25	43	24	9	
5	10	37	38	31	1	12	34	
24	29	36	46	45	32	8	1	
88	62	82	97	96	64	67	95	
86	64	57	84	67	90	52	63	
62	56	74	84	73	82	85	58	
90	62	91	86	54	68	84	52	
73	52	59	78	92	56	88	67	
66	85	65	97	51	59	83	63	
88	51	64	72	94	62	90	91	
98	99	76	94	65	90	55	50	
78	73	93	51	70	88	85	86	
83	94	97	64	90	88	67	75	
89	71	87	60	97	85	77	94	
78	55	91	96	67	61	60	95	
71	68	65	64	50	79	53	84	
67	79	74	63	50	83	64	84	
78	96	57	58	80	98	72	66	
73	52	72	51	70	81	98	59	
76	95	51	57	74	94	53	82	
61	59	50	86	64	81	69	85	
71	77	62	69	73	64	59	68	
75	68	85	66	55	87	88	54	
90	66	70	97	79	89	68	99	
62	85	72	87	80	84	95	64	
93	59	63	61	82	60	72	70	
73	88	74	92	67	85	83	64	
99	52	70	75	93	88	95	54	
79	74	97	63	61	54	96	89	
91	66	73	96	52	62	53	57	
82	95	64	97	94	92	52	66	
61	59	60	88	82	78	58	50	
81	64	53	52	63	92	66	89	
78	81	61	64	60	62	54	95	
76	51	75	55	53	64	97	87	
51	70	56	86	59	99	55	54	
91	79	51	70	74	69	65	84	
96	69	60	61	54	75	72	91	
64	89	81	97	75	56	63	55	
59	91	74	53	83	76	95	67	
58	64	66	50	69	90	99	72	
78	53	90	64	81	61	72	75	
96	62	89	56	73	90	91	88	
56	53	57	65	59	61	89	54	
72	60	56	74	71	98	89	94	
99	98	76	93	96	84	70	66	
73	68	62	55	79	86	99	75	
86	50	95	85	63	58	79	68	
91	92	94	98	93	54	82	86	
97	89	52	91	81	94	59	58	
98	71	65	69	72	53	79	60	
82	66	64	91	84	56	71	97	
99	68	98	86	75	87	73	63	
144	103	119	118	129	117	121	143	
109	138	139	120	100	121	135	101	
149	110	147	144	133	106	135	132	
118	136	112	102	126	135	128	105	
130	149	112	117	147	132	108	136	
145	119	117	137	149	101	109	133	
139	118	143	104	126	148	128	101	
115	114	141	140	109	125	135	148	
106	116	144	113	130	135	131	117	
141	104	130	101	107	100	145	105	
136	115	124	147	135	141	137	107	
145	112	129	115	131	139	126	135	
112	148	115	110	101	119	137	105	
147	149	135	121	141	129	105	142	
100	127	106	105	118	123	111	102	
121	122	130	145	106	112	108	115	
107	137	112	138	128	142	104	101	
137	136	148	140	119	122	129	143	
147	108	149	145	126	111	125	102	
124	137	149	118	111	131	133	114	
100	123	126	118	112	138	143	140	
127	108	131	133	121	132	128	139	
127	111	129	120	107	138	117	105	
143	105	137	140	129	108	119	132	
113	131	119	115	100	132	145	141	
121	124	129	146	139	145	138	147	
141	106	147	102	136	100	104	148	
104	119	122	115	114	148	123	116	
135	126	113	144	109	110	123	116	
143	127	130	110	114	101	104	149	
127	129	111	140	134	113	105	142	
119	136	115	105	121	103	116	143	
111	130	110	122	146	133	114	142	
106	116	142	115	101	102	109	133	
129	125	146	140	113	131	122	141	
103	144	139	131	101	105	110	106	
142	135	105	146	138	100	132	148	
126	138	105	100	136	101	117	144	
118	134	119	125	130	112	116	133	
103	107	134	142	147	137	105	149	
118	105	101	109	111	103	127	144	
141	111	137	124	139	105	103	121	
110	131	137	117	119	106	126	142	
128	136	119	121	126	117	110	133	
113	118	114	121	111	131	104	132	
133	136	110	147	143	104	105	114	
135	120	142	133	108	136	124	125	
137	126	103	118	132	143	114	115	
120	134	140	128	136	139	147	145	
133	114	139	144	148	109	149	125	
154	199	162	180	155	189	197	182	
168	175	183	198	157	186	191	193	
158	162	187	150	194	199	161	173	
173	197	189	172	160	161	188	167	
160	185	187	153	159	199	197	196	
194	163	181	177	158	189	159	173	
185	182	159	183	190	195	151	184	
156	183	197	189	172	193	174	176	
158	157	194	198	188	184	197	167	
199	171	185	156	159	181	157	172	
197	194	188	173	189	196	160	187	
178	191	169	170	173	197	193	162	
194	161	184	191	178	165	170	168	
187	170	155	163	185	197	180	173	
174	180	191	172	162	181	189	170	
165	160	163	191	159	193	161	162	
166	169	155	170	185	196	197	189	
199	170	176	173	194	179	171	166	
160	156	179	151	183	198	178	193	
186	166	155	173	168	199	170	169	
158	191	174	173	170	199	187	152	
165	167	187	172	197	177	181	179	
175	191	154	176	179	198	180	178	
159	151	164	173	177	188	150	165	
176	180	187	170	191	153	167	182	
195	153	156	179	191	164	192	150	
159	192	194	188	189	170	172	198	
160	185	191	168	151	197	167	177	
174	160	196	170	187	155	195	185	
150	192	164	175	182	193	170	156	
157	165	195	183	167	188	176	180	
180	169	171	170	176	185	183	178	
163	155	173	179	183	157	189	170	
159	187	160	185	150	194	164	152	
189	167	169	199	168	158	197	154	
166	161	178	197	150	172	181	167	
198	185	169	197	184	182	163	165	
183	150	161	190	187	171	165	154	
162	174	181	177	194	188	163	197	
197	177	151	190	178	154	168	158	
157	152	194	195	184	186	165	190	
150	168	172	159	155	188	182	153	
176	164	151	165	182	177	173	163	
197	158	160	176	194	188	187	186	
162	177	173	157	191	151	188	199	
157	196	198	179	161	176	166	160	
162	161	186	174	180	165	160	189	
167	153	166	188	189	186	160	187	
176	171	166	178	168	181	192	199	
169	197	157	194	176	152	190	155	
205	214	218	234	246	239	209	217	
218	239	232	238	230	204	227	231	
244	240	214	204	232	218	215	217	
211	213	238	240	220	233	245	227	
216	209	229	227	233	235	212	210	
219	210	223	244	202	233	246	227	
215	203	210	244	234	247	201	228	
216	226	239	245	215	223	220	205	
221	239	203	207	238	226	222	231	
205	213	227	203	234	214	241	221	
228	225	247	227	207	236	233	248	
244	216	204	220	248	224	212	208	
239	223	205	224	230	213	201	200	
200	217	212	229	222	209	215	214	
246	235	241	206	233	236	204	240	
242	210	205	213	203	222	221	241	
203	244	240	205	227	220	229	221	
245	223	212	203	249	222	237	243	
230	200	219	222	226	241	235	245	
232	240	210	201	243	248	226	200	
221	209	216	207	238	218	232	237	
237	238	233	224	245	226	230	218	
211	225	229	218	202	226	204	247	
231	215	242	225	206	221	209	230	
211	203	208	229	225	228	235	249	
224	246	241	219	233	230	239	221	
216	221	232	203	215	214	213	242	
203	240	247	219	228	222	249	221	
201	209	229	244	205	227	234	230	
247	223	245	214	219	236	213	231	
241	234	239	247	232	240	246	211	
213	200	218	227	237	228	249	219	
209	238	210	221	243	217	219	247	
224	202	210	239	219	234	221	240	
209	220	230	244	211	214	203	248	
246	207	216	202	204	235	248	203	
221	200	225	222	245	239	237	238	
205	249	246	219	237	243	203	207	
210	226	222	225	249	223	205	233	
200	207	233	216	201	247	234	245	
201	220	208	235	242	206	223	213	
209	208	221	226	249	205	216	206	
247	222	211	232	203	221	212	214	
220	202	214	222	245	242	229	205	
248	209	207	229	219	235	213	212	
214	217	225	249	235	226	216	230	
225	229	227	246	247	202	223	231	
242	209	224	241	214	206	201	226	
201	222	214	239	205	209	232	248	
241	222	248	201	213	235	226	238	
256	281	272	282	265	269	251	288	
293	297	276	299	254	283	289	287	
293	252	291	285	292	264	266	265	
276	292	266	256	281	288	268	299	
250	295	287	269	264	263	299	289	
286	275	269	265	262	279	281	277	
298	267	293	289	286	256	260	297	
268	255	271	256	254	270	272	276	
257	255	295	270	266	271	283	277	
296	289	297	271	250	298	260	294	
280	258	271	269	292	291	268	290	
260	295	264	252	278	279	292	266	
277	252	283	269	255	298	261	296	
279	262	270	280	251	272	289	290	
264	292	273	262	253	265	266	291	
264	280	261	250	293	295	259	290	
284	281	269	261	277	294	253	255	
262	277	263	298	266	282	278	286	
268	292	264	269	288	296	256	266	
282	285	283	295	272	254	289	275	
263	295	273	297	266	276	284	269	
278	271	280	255	290	254	296	281	
259	289	277	269	287	274	272	273	
289	269	276	283	288	290	272	273	
255	272	294	283	254	268	278	257	
278	267	260	257	291	265	290	281	
269	275	268	286	263	287	277	265	
281	295	283	265	271	273	293	270	
251	277	296	253	255	252	297	293	
280	287	257	275	294	251	266	297	
292	259	283	255	268	291	263	257	
262	266	276	299	264	294	295	257	
285	291	253	272	257	296	264	279	
295	256	279	271	281	282	287	280	
291	294	254	277	299	269	296	276	
289	284	270	278	286	281	287	263	
261	275	289	255	257	291	296	263	
252	273	258	281	275	284	261	268	
277	285	295	258	298	299	280	297	
291	255	280	273	295	279	270	296	
273	251	255	293	280	268	297	296	
298	253	264	278	289	294	297	252	
255	287	259	288	277	263	292	294	
295	294	299	271	254	250	284	267	
281	278	271	260	291	261	297	288	
270	269	290	258	279	296	256	276	
289	265	290	257	298	266	256	296	
280	273	299	288	271	296	281	290	
274	278	261	260	280	279	299	297	
250	292	255	256	252	277	293	282	
330	348	306	341	334	325	307	315	
302	338	332	317	336	305	313	311	
331	304	326	300	308	302	340	314	
339	310	316	304	328	307	329	312	
312	307	338	335	301	329	346	318	
316	325	335	347	312	311	331	313	
333	335	310	321	348	306	319	315	
329	314	324	318	332	340	338	322	
303	311	340	328	318	323	301	326	
334	319	341	300	348	305	313	304	
304	344	338	314	336	332	334	323	
321	336	322	334	329	343	308	345	
334	332	303	306	331	314	325	311	
308	345	343	346	336	333	344	340	
313	325	330	332	345	315	312	321	
324	316	330	327	310	344	321	334	
345	327	346	344	301	338	337	333	
317	343	336	331	304	348	320	341	
314	337	326	321	343	348	346	328	
338	339	344	330	333	343	348	310	
337	330	300	339	307	332	340	316	
331	303	313	347	307	335	310	302	
314	336	315	333	313	303	320	343	
337	319	332	349	311	325	331	326	
322	333	339	304	312	344	307	347	
338	331	346	326	341	319	321	327	
321	323	311	308	307	316	344	345	
306	323	332	310	325	308	311	316	
304	307	308	342	324	323	326	343	
343	315	304	330	345	303	308	323	
319	320	306	339	330	329	308	336	
348	340	342	325	336	324	317	335	
306	304	346	343	315	320	301	300	
323	312	346	319	318	303	311	331	
311	328	315	329	345	325	334	332	
344	311	325	332	345	314	315	317	
335	348	331	333	300	328	349	345	
300	337	349	325	326	321	322	315	
319	313	338	333	316	348	326	302	
345	344	331	347	336	335	329	316	
311	332	313	302	334	304	307	305	
328	342	302	303	320	347	335	311	
341	305	302	323	336	304	318	315	
326	300	320	315	309	348	341	343	
327	329	302	307	300	320	306	331	
349	342	336	329	307	341	309	339	
324	347	341	322	319	337	326	318	
321	322	328	347	304	320	318	316	
329	340	331	328	322	321	333	313	
316	338	321	328	307	332	333	334	
380	386	373	392	377	394	396	372	
386	385	353	392	395	376	373	378	
385	387	358	386	356	362	391	357	
350	360	351	370	379	398	359	353	
376	359	389	384	380	374	350	364	
375	359	367	384	353	379	382	378	
350	365	391	370	385	368	352	362	
363	352	377	385	362	351	374	371	
396	350	373	394	352	359	389	366	
360	367	386	399	371	373	395	393	
388	355	367	350	373	375	376	386	
374	399	386	377	396	397	355	392	
389	396	398	370	395	368	350	386	
384	371	365	391	397	356	377	364	
388	382	399	374	384	372	369	367	
387	382	374	369	383	366	386	399	
374	388	361	380	391	397	358	379	
362	384	354	386	399	388	363	387	
397	388	390	383	377	393	364	353	
393	399	352	353	368	376	388	379	
352	371	351	390	365	392	384	370	
396	380	391	397	366	354	379	375	
387	397	386	391	381	360	369	385	
355	364	372	366	358	365	390	350	
363	392	393	369	361	377	354	387	
354	371	361	381	398	390	394	368	
351	366	362	359	381	391	358	378	
398	353	389	362	369	387	385	394	
365	374	364	381	379	385	359	358	
357	356	364	367	396	360	378	395	
358	354	371	378	377	394	386	387	
367	383	392	384	360	393	396	394	
389	372	377	378	366	356	365	357	
381	372	375	364	390	384	399	386	
397	386	393	355	360	377	389	392	
354	395	388	387	370	361	358	350	
371	394	378	359	352	376	398	383	
374	370	369	372	350	357	359	398	
382	351	375	388	372	398	352	365	
352	355	364	374	397	375	372	351	
396	377	394	375	355	389	378	383	
398	394	392	393	363	366	362	353	
350	362	385	364	365	383	379	394	
380	367	352	351	387	363	366	371	
353	393	379	388	390	381	363	352	
353	369	381	392	399	393	397	390	
381	369	386	365	380	397	377	394	
387	393	394	364	396	399	355	352	
394	354	351	399	398	388	356	361	
376	358	372	356	374	368	382	361	
415	445	440	423	428	410	444	405	
404	428	435	442	412	444	407	430	
446	436	414	424	412	429	413	418	
431	446	401	425	415	439	444	403	
449	405	438	406	440	434	414	428	
432	431	447	407	414	424	437	446	
409	403	401	423	439	417	431	441	
430	414	448	409	427	446	404	407	
434	428	405	432	439	447	442	401	
449	422	414	433	435	447	440	444	
411	417	418	448	400	409	437	406	
447	428	430	426	415	436	419	420	
434	444	437	436	411	445	405	423	
423	408	429	421	411	402	420	447	
444	410	420	403	447	417	443	430	
445	416	424	421	408	407	436	435	
418	420	416	446	406	433	449	423	
406	429	441	442	423	432	407	414	
407	426	447	446	419	420	404	402	
444	448	410	413	438	405	408	428	
431	400	442	444	408	425	433	448	
419	402	444	418	435	410	428	437	
424	435	423	445	433	439	441	416	
440	426	429	419	403	446	401	443	
440	447	403	406	422	408	425	404	
425	429	442	430	434	413	431	404	
414	419	444	407	422	439	402	423	
444	425	435	441	417	447	437	400	
414	400	434	419	410	409	433	423	
449	422	444	427	441	428	402	404	
411	435	420	433	449	445	442	412	
416	447	439	403	404	424	434	442	
427	419	437	440	413	441	426	418	
422	424	413	420	418	419	444	448	
425	442	445	409	416	404	448	433	
434	420	422	411	443	427	428	442	
413	415	404	402	446	441	437	418	
432	445	430	431	429	409	411	420	
416	403	431	435	408	436	424	420	
422	432	429	406	434	440	404	424	
448	417	435	434	442	436	400	421	
411	406	427	446	447	401	443	431	
431	426	446	443	421	419	448	405	
423	405	425	402	429	436	422	411	
417	432	445	446	423	435	437	403	
411	405	414	432	417	443	402	439	
412	402	445	432	436	401	420	415	
406	400	441	428	435	431	413	432	
419	421	417	403	411	437	429	423	
436	434	427	402	448	426	406	412	
458	498	453	475	452	477	470	467	
460	476	490	487	462	454	469	472	
490	499	496	457	483	498	488	470	
476	483	491	452	468	467	463	475	
452	488	465	487	485	493	494	491	
489	490	476	456	465	497	482	472	
495	463	489	484	488	496	485	499	
467	455	451	495	491	453	494	456	
487	480	463	499	458	496	460	473	
489	483	464	492	456	479	494	474	
481	494	458	461	486	485	495	487	
450	451	497	469	473	461	462	474	
458	462	495	476	493	466	490	478	
461	485	474	471	486	475	470	472	
496	477	450	469	475	489	461	458	
466	461	489	494	495	450	474	472	
462	474	482	471	480	495	461	456	
465	472	452	479	496	459	486	467	
453	463	490	468	460	480	495	471	
456	476	455	470	463	461	496	454	
492	459	478	466	475	495	456	488	
457	477	497	492	464	460	461	474	
470	471	466	450	452	461	494	477	
492	488	460	477	480	485	479	476	
473	455	475	480	493	457	453	459	
488	481	486	498	455	473	453	480	
450	465	461	469	453	497	458	476	
483	470	490	469	451	488	479	452	
455	468	486	450	499	466	482	477	
453	473	494	497	495	486	476	487	
481	465	454	486	482	492	490	473	
499	477	463	494	478	452	495	480	
497	456	460	481	454	484	483	457	
490	497	498	493	474	492	454	488	
459	477	480	489	453	488	476	483	
493	469	486	450	484	480	491	467	
482	480	461	459	488	489	456	455	
488	468	476	475	472	457	452	459	
451	450	454	483	459	487	490	472	
462	453	470	492	481	458	496	469	
495	469	493	452	488	489	499	457	
498	487	467	494	496	483	497	470	
494	499	482	453	463	470	458	461	
465	477	457	488	492	494	461	458	
472	465	469	467	496	461	458	481	
490	451	499	464	457	481	452	479	
498	478	452	479	457	468	484	482	
489	466	460	467	473	493	476	461	
495	460	482	454	459	469	497	487	
454	481	476	462	450	495	485	478	
258	73	131	
117	280	477	
314	368	352	
456	17	412	
205	319	311	
92	182	20	
19	312	400	
293	262	400	
323	271	70	
389	448	92	
375	18	363	
481	71	288	
102	332	36	
358	302	224	
446	165	176	
49	12	378	
415	64	295	
355	18	16	
378	45	192	
439	490	241	
5	430	363	
120	17	278	
239	374	169	
376	470	129	
450	289	43	
421	276	389	
469	100	244	
196	189	454	
67	26	76	
261	308	203	
88	427	436	
145	432	100	
214	144	256	
301	280	105	
6	497	41	
359	434	128	
17	420	441	
456	25	444	
392	198	295	
417	457	179	
330	382	304	
249	412	38	
400	120	78	
341	358	52	
10	399	472	
89	26	345	
254	478	161	
277	490	226	
458	288	265	
415	373	139	
85	279	312	
273	142	475	
499	87	419	
254	147	229	
52	16	156	
381	209	183	
134	418	34	
227	483	347	
329	327	381	
76	219	384	
65	412	442	
211	150	351	
69	279	24	
439	433	179	
235	46	206	
169	205	280	
97	368	227	
180	100	149	
148	49	38	
482	296	322	
92	21	182	
265	278	291	
468	116	323	
233	103	323	
2	485	388	
91	220	337	
244	13	229	
40	391	16	
143	176	281	
380	39	491	
72	126	88	
418	333	467	
21	127	255	
460	474	44	
137	145	306	
498	68	144	
189	202	24	
248	434	138	
102	141	492	
94	163	19	
345	491	428	
346	188	95	
474	423	243	
449	211	270	
109	310	204	
410	309	375	
193	12	20	
170	310	435	
386	489	22	
376	132	462	
408	22	285	
7	281	490	
150	229	341	
37	361	253	
53	499	241	
488	467	254	
237	141	431	
419	71	285	
89	147	333	
280	205	462	
419	56	334	
176	295	373	
154	379	225	
191	405	159	
186	137	468	
210	391	258	
180	143	425	
86	372	325	
194	230	23	
208	179	482	
194	281	426	
202	427	436	
313	438	113	
222	436	326	
443	407	257	
212	83	155	
275	114	200	
328	94	55	
43	96	480	
250	2	472	
110	134	235	
10	457	187	
418	173	184	
219	118	203	
476	82	263	
480	42	469	
405	58	423	
109	466	70	
29	199	344	
234	495	120	
35	499	392	
92	120	58	
285	413	420	
475	57	342	
256	12	85	
463	117	453	
331	467	65	
299	136	438	
343	313	338	
81	47	328	
458	251	351	
440	462	209	
35	188	197	
92	311	48	
179	47	411	
159	301	115	
64	344	317	
95	174	331	
172	46	422	
481	303	152	
251	401	380	
371	19	438	
473	348	214	
164	393	156	
448	185	384	
307	77	70	
53	315	58	
377	324	369	
458	347	413	
180	475	351	
331	409	366	
471	342	319	
492	213	345	
296	476	47	
385	225	468	
395	284	347	
277	326	22	
95	41	422	
393	154	252	
130	455	151	
398	55	228	
211	345	257	
317	88	65	
92	461	330	
12	193	296	
301	253	370	
270	42	21	
232	212	453	
431	394	222	
169	138	93	
23	59	199	
260	199	178	
340	276	460	
100	92	151	
228	484	273	
191	21	378	
364	391	156	
311	70	449	
223	58	116	
80	205	290	
148	240	284	333	
483	354	21	378	
79	25	130	128	
384	385	65	389	
373	291	427	46	
438	351	103	271	
423	53	152	438	
453	5	15	79	
75	337	141	188	
216	489	387	74	
398	145	232	15	
375	318	221	474	
123	39	306	279	
260	188	303	411	
423	305	72	416	
432	16	224	359	
236	14	40	193	
337	13	415	229	
375	38	487	125	
49	485	197	191	
417	127	404	258	
247	207	50	318	
418	128	483	468	
174	156	261	43	
215	143	30	107	
199	3	348	451	
158	280	204	478	
408	370	467	266	
196	495	7	112	
10	236	343	372	
200	497	309	407	
327	153	394	257	
156	281	374	141	
229	380	414	404	
86	8	106	218	
339	36	215	349	
274	150	207	113	
439	243	62	322	
24	266	329	101	
290	58	319	178	
67	31	167	313	
387	76	228	86	
106	47	384	104	
254	221	98	209	
145	302	385	159	
253	112	374	419	
300	211	0	429	
368	409	391	26	
38	205	347	207	
30	28	62	24	
28	341	424	135	
449	280	415	279	
362	104	464	305	
42	241	392	243	
103	119	357	255	
8	295	456	201	
418	134	241	206	
306	281	122	197	
390	492	172	394	
128	220	145	216	
222	474	99	215	
2	464	159	350	
32	382	336	401	
246	355	175	123	
294	145	269	268	
302	470	90	235	
69	74	341	63	
248	159	490	228	
363	362	18	109	
290	172	466	397	
438	374	197	380	
360	210	470	287	
93	137	0	379	
9	433	241	115	
236	321	112	213	
242	144	116	191	
65	239	419	169	
384	491	326	332	
32	341	453	99	
330	33	161	104	
182	377	70	227	
115	389	320	107	
335	336	121	77	
260	429	205	444	
8	359	179	141	
412	490	480	183	
490	482	190	453	
19	278	376	441	
256	319	15	46	
141	262	223	336	
375	329	481	470	
188	144	266	221	
17	326	223	57	
381	281	450	199	
156	449	58	24	
47	93	168	109	
461	337	437	241	
418	227	413	183	
373	62	459	204	
58	464	448	410	
418	236	358	248	
240	410	416	191	
405	497	301	304	
370	284	404	55	
466	50	350	249	
195	490	350	402	
118	133	334	13	
73	61	484	403	
3	410	403	236	
295	160	164	333	
283	228	276	210	
37	183	338	48	
272	196	323	165	
338	184	343	65	
209	255	361	101	
145	284	427	490	
22	42	294	336	
214	188	73	371	
332	30	303	395	
421	454	397	76	
129	97	63	11	
206	406	221	64	
376	68	422	381	
293	440	123	176	
201	219	296	460	
458	154	49	272	
472	12	206	193	
470	135	424	355	
152	193	301	139	
399	433	232	329	
131	277	109	226	
300	355	163	129	
467	429	211	70	
11	307	243	165	
26	29	245	281	
378	96	408	313	
451	194	412	58	
246	298	92	142	
417	377	187	318	
45	217	356	364	
482	408	391	102	
308	23	452	221	
233	433	19	347	
312	176	214	267	
54	318	334	188	
54	402	351	69	
254	141	384	359	
458	415	496	307	
138	152	134	292	
161	160	292	28	
229	404	7	462	
297	111	48	163	
186	321	293	359	
120	378	387	13	
297	286	423	308	
133	149	2	145	
392	70	295	326	
94	483	174	26	
131	444	287	40	
42	179	50	274	
327	39	48	472	
142	178	191	3	
475	467	253	279	
153	107	278	374	
149	249	111	239	
340	377	402	478	
98	19	57	410	
216	159	166	388	
189	89	44	35	
93	396	75	250	
382	22	94	80	
273	25	419	155	
293	194	78	482	
412	146	60	189	
449	99	89	461	
241	223	58	128	
24	297	17	33	
194	296	278	453	
388	106	385	21	
266	148	28	82	
445	235	140	285	
406	130	168	149	
10	302	29	451	
37	162	70	98	
378	273	92	130	
125	295	290	167	
281	459	331	385	
397	328	35	43	
390	93	79	493	
223	405	227	15	
233	404	481	71	
379	354	223	120	
279	55	193	56	
182	252	118	114	
251	117	328	313	
235	333	276	456	
8	257	434	210	
76	181	467	265	
270	193	49	37	
283	413	263	174	
235	191	22	427	306	
421	117	23	310	469	
496	288	229	208	439	
282	392	83	354	171	
269	276	305	105	439	
342	182	106	423	72	
16	163	499	242	189	
393	335	84	318	435	
314	465	298	280	371	
160	360	36	151	417	
406	448	231	292	188	
155	23	103	323	133	
51	188	139	291	34	
271	274	266	182	58	
368	198	74	20	450	
351	138	378	208	216	
479	299	46	5	226	
137	223	72	80	174	
93	188	20	447	339	
305	119	61	222	66	
423	431	312	261	176	
102	483	85	219	315	
334	126	35	23	121	
308	354	191	482	344	
465	335	291	384	213	
7	5	339	402	274	
205	258	62	109	244	
20	18	367	259	26	
141	26	436	98	87	
347	407	408	68	491	
351	367	282	386	51	
364	239	58	388	14	
169	74	224	447	456	
33	408	411	110	219	
109	309	9	389	188	
236	39	197	440	35	
485	293	167	456	289	
138	323	136	160	166	
344	473	457	491	218	
265	323	43	66	223	
419	381	469	308	186	
187	116	402	165	260	
356	299	430	369	157	
105	190	111	180	447	
278	263	481	67	381	
389	456	319	342	479	
19	32	308	460	225	
26	345	301	457	192	
357	1	248	390	267	
120	38	381	338	107	
93	322	25	355	308	
462	123	473	87	369	
356	225	114	124	461	
113	333	242	338	384	
332	53	492	30	106	
250	9	161	252	124	
159	56	163	44	456	
63	298	432	321	274	
239	51	290	476	273	
14	305	379	204	41	
287	253	447	340	77	
156	330	78	54	324	
319	457	396	278	18	
150	469	35	193	191	
383	44	96	379	178	
369	299	6	441	275	
241	17	284	60	372	
71	67	179	424	386	
122	298	374	442	317	
117	443	410	151	326	
1	414	318	443	156	
484	287	294	437	261	
310	260	251	175	296	
478	465	170	491	2	
166	233	190	381	460	
80	378	16	480	275	
305	259	171	490	205	
33	277	124	67	499	
48	255	469	376	296	
5	462	131	54	282	
116	50	76	250	173	
385	228	307	384	105	
138	324	242	111	264	
203	42	226	471	60	
124	460	471	197	163	
134	90	250	249	466	
147	338	491	41	495	
298	279	418	486	312	
292	265	333	104	285	
125	400	176	459	286	
199	113	116	293	346	
166	12	284	190	413	
389	57	65	370	400	
243	394	407	37	450	
271	453	123	357	221	
296	4	347	75	416	
321	114	142	268	362	
418	63	446	461	341	
239	129	15	110	470	
459	185	492	104	303	
238	274	133	67	26	
62	8	456	262	10	
280	452	242	251	161	
72	0	311	480	452	
423	75	479	220	39	
299	324	378	17	69	
244	370	442	403	487	
271	306	237	73	109	
274	185	422	154	433	
186	436	117	218	291	
290	219	440	32	86	
236	192	238	311	150	
122	338	225	119	159	
210	465	322	399	467	
256	103	66	83	341	
269	226	22	3	186	
36	164	51	416	190	
33	164	220	122	81	
255	132	380	219	265	
338	485	384	498	26	
470	179	105	467	382	
291	239	397	185	428	
48	227	158	212	383	
309	495	22	120	244	
343	453	348	17	215	
126	318	270	109	175	
343	342	236	464	225	
452	433	0	363	464	
391	440	116	484	372	
375	463	435	395	438	
242	403	398	157	329	
76	364	448	449	158	
442	342	273	139	405	
345	103	354	461	174	
367	108	427	249	201	
343	123	275	129	14	
77	138	408	3	120	
456	140	276	452	360	
190	224	236	320	462	
273	167	229	13	158	
221	159	402	379	374	
359	57	303	131	69	
88	41	185	18	54	
350	397	250	340	370	
396	171	426	433	117	
159	205	410	202	187	
139	281	317	47	230	
21	75	361	98	171	
363	385	102	16	21	
5	416	289	420	163	
268	242	416	321	67	
275	62	453	50	98	
233	279	40	182	356	
283	215	300	329	410	
232	347	493	426	300	
189	272	484	297	215	
52	383	414	457	42	
49	226	497	134	8	
173	353	218	324	8	
322	215	140	137	9	
488	271	236	93	337	
9	454	422	328	221	
119	128	297	425	158	
363	214	254	91	210	
216	12	313	408	218	
9	245	397	0	261	
16	226	46	20	35	
252	202	183	156	135	
129	456	19	232	306	
252	353	31	358	449	
166	383	354	185	452	
83	428	399	365	485	
133	368	148	313	251	
136	410	105	18	228	
484	157	495	247	149	
345	27	219	183	274	
64	111	401	212	467	
429	376	124	316	296	
18	51	29	332	290	
127	120	384	405	70	
258	202	79	157	311	
166	412	261	64	434	
449	286	162	296	52	
31	178	480	345	91	
449	118	165	216	375	
295	139	342	155	380	
45	380	307	484	172	
28	259	402	113	78	
387	35	493	436	263	
436	440	246	9	127	
122	208	104	80	289	
86	311	124	287	190	
458	249	17	488	33	
457	361	301	164	5	
380	470	211	87	129	
97	499	242	412	338	
457	475	226	347	92	
99	483	322	81	218	
369	72	333	455	48	
7	78	177	427	55	
