22	26	10	48	2	30	
15	31	49	1	12	30	
21	29	0	5	16	33	
12	11	39	4	17	35	
35	33	4	27	49	6	
1	21	14	26	31	48	
19	22	45	18	14	15	
2	37	4	40	46	31	
36	21	39	28	40	11	
44	25	6	34	35	5	
37	24	21	13	9	23	
41	35	45	25	21	30	
22	6	35	3	41	27	
7	26	2	43	4	25	
11	12	10	36	15	7	
43	34	22	40	41	14	
14	42	29	15	34	30	
6	12	19	44	1	36	
17	7	20	47	25	22	
26	43	44	38	36	10	
26	30	24	2	17	38	
42	17	22	20	11	10	
32	26	4	0	33	16	
43	40	1	6	14	17	
2	30	34	23	29	17	
29	18	41	33	22	48	
41	13	31	20	27	29	
33	29	6	4	25	48	
15	13	1	5	33	49	
14	8	19	49	34	7	
38	9	37	16	49	20	
44	38	32	39	11	43	
9	37	3	17	40	19	
2	20	0	10	23	32	
19	20	34	13	44	5	
3	8	15	25	4	13	
31	28	26	16	37	14	
38	18	12	5	30	33	
13	16	30	17	20	26	
16	36	28	33	49	47	
15	43	20	2	37	8	
6	35	29	3	16	7	
18	42	34	32	35	3	
4	47	21	22	12	39	
31	36	32	38	48	4	
43	39	6	8	2	44	
6	22	24	46	25	36	
29	7	20	15	2	42	
20	26	24	30	45	44	
2	42	0	48	8	26	
95	54	91	57	72	89	
98	62	58	73	86	88	
81	90	88	68	97	96	
50	55	66	97	74	71	
63	75	82	86	61	77	
71	65	58	62	82	73	
56	94	63	76	91	54	
77	83	86	90	53	79	
76	54	83	91	92	60	
65	98	78	50	80	70	
75	70	63	73	71	99	
74	83	90	88	57	98	
60	54	72	88	50	66	
73	86	64	66	91	87	
86	98	77	97	58	81	
55	94	68	96	52	60	
85	58	56	92	51	57	
97	83	91	89	55	63	
79	88	51	74	65	94	
80	84	99	71	56	90	
65	61	70	55	74	79	
66	78	69	86	81	53	
97	51	89	77	53	83	
58	85	83	80	55	60	
99	83	98	92	70	79	
78	65	81	56	82	86	
58	89	69	66	51	59	
86	83	78	69	63	57	
79	91	59	73	88	90	
99	72	84	85	89	63	
91	85	86	60	78	70	
98	74	90	56	82	67	
71	98	95	90	86	61	
94	91	72	58	64	92	
72	58	63	86	76	85	
79	62	68	69	81	66	
89	76	87	69	52	80	
84	65	82	92	93	62	
74	80	77	55	82	57	
76	97	56	77	90	73	
97	78	50	61	89	68	
61	52	77	67	51	95	
91	66	59	92	97	55	
68	58	50	80	59	72	
85	97	51	70	76	79	
76	92	63	51	54	99	
55	94	77	84	57	70	
93	99	63	55	54	85	
93	51	98	59	92	80	
67	82	97	92	74	68	
124	116	117	129	112	143	
106	127	115	130	110	121	
128	147	133	111	108	130	
124	115	108	112	140	100	
115	125	140	114	128	111	
139	107	100	116	105	144	
125	105	119	128	140	129	
109	135	114	107	149	131	
111	123	117	149	125	138	
130	132	142	123	141	111	
132	142	122	111	107	134	
122	105	112	104	131	109	
121	134	109	149	103	132	
122	145	134	123	106	144	
102	145	114	121	128	113	
123	140	145	122	106	147	
145	147	128	138	115	134	
144	131	124	106	138	145	
102	126	146	117	107	111	
129	114	139	116	135	112	
139	100	104	103	112	147	
140	120	125	134	113	102	
111	130	122	104	120	145	
127	111	136	140	126	142	
127	100	134	140	138	125	
107	137	122	132	138	131	
141	106	135	116	126	104	
113	146	119	141	100	145	
107	114	105	122	121	117	
146	123	149	109	115	111	
111	105	109	129	120	110	
117	140	144	101	124	125	
118	145	133	116	114	103	
147	125	109	139	102	144	
133	107	138	131	115	122	
109	119	100	104	107	123	
129	104	128	103	102	114	
128	143	131	111	130	103	
131	118	107	140	142	121	
137	118	126	127	128	123	
106	130	116	101	126	104	
128	142	149	101	127	126	
124	141	144	140	133	116	
130	120	104	103	135	106	
122	129	105	136	115	120	
109	134	138	140	122	113	
104	137	141	112	115	100	
121	115	138	108	114	146	
148	136	110	115	146	121	
102	103	119	126	131	144	
164	187	195	156	196	192	
173	168	175	159	180	178	
159	169	177	180	158	183	
180	160	159	164	174	150	
183	168	189	188	178	196	
180	162	186	190	193	177	
177	192	161	179	165	189	
163	154	189	157	155	174	
179	151	182	164	177	162	
193	182	171	181	196	179	
164	182	156	170	150	190	
188	166	158	168	195	161	
169	188	197	187	175	178	
152	170	187	156	197	191	
198	192	183	151	159	199	
153	155	174	188	186	180	
169	192	177	196	181	193	
168	198	179	176	158	181	
197	187	177	166	196	158	
191	185	194	192	166	152	
193	172	184	159	175	186	
171	158	166	197	187	190	
157	165	162	175	190	194	
186	199	156	171	175	185	
190	172	194	199	173	150	
192	150	164	198	153	186	
150	199	152	182	155	165	
163	170	199	168	160	157	
183	178	174	193	164	188	
157	164	191	160	172	154	
156	162	171	167	157	168	
173	152	199	185	163	181	
188	151	158	160	192	185	
199	177	187	180	165	175	
174	192	199	153	189	175	
178	193	154	181	180	188	
157	188	164	174	191	183	
185	163	182	151	171	198	
182	152	184	175	193	173	
168	192	167	185	186	177	
152	166	150	186	154	198	
167	162	199	179	197	157	
195	186	154	199	152	164	
175	198	166	169	191	189	
166	163	193	157	164	183	
180	162	178	186	164	173	
162	165	193	150	176	158	
169	180	197	163	174	157	
196	168	184	180	172	166	
191	197	193	189	196	152	
236	232	223	241	214	205	
208	209	204	215	247	212	
241	229	242	207	203	239	
205	240	221	211	242	239	
240	224	221	214	230	226	
220	228	247	232	209	206	
214	211	212	205	237	244	
210	245	231	226	241	203	
236	239	241	247	221	249	
236	237	214	248	241	226	
206	238	207	236	247	225	
200	235	227	226	223	240	
230	210	248	200	232	222	
222	228	203	236	249	238	
209	232	205	222	239	207	
226	200	231	211	235	218	
248	245	200	209	233	237	
235	225	224	226	227	232	
215	237	248	208	240	202	
218	223	220	206	205	203	
219	233	226	239	238	223	
219	205	223	238	225	220	
236	246	221	217	232	219	
204	214	220	248	235	212	
241	249	200	231	238	210	
233	226	231	214	201	245	
223	229	221	208	226	224	
246	207	243	204	247	248	
210	204	236	225	249	243	
202	226	209	228	215	205	
224	249	234	220	241	200	
208	247	203	221	226	210	
221	248	224	220	210	218	
237	225	223	208	202	246	
224	214	223	235	246	205	
205	226	213	210	233	224	
242	229	235	230	237	220	
249	225	240	231	226	217	
211	241	215	218	244	248	
225	237	245	216	214	236	
246	215	241	225	220	228	
229	213	242	247	205	216	
206	239	247	222	229	217	
208	207	229	244	217	245	
210	233	229	235	215	238	
218	247	204	214	200	229	
239	212	228	248	213	240	
202	230	234	204	240	213	
236	216	246	208	244	247	
221	217	207	225	245	227	
266	257	271	293	273	269	
260	295	290	262	279	254	
281	278	284	268	258	288	
261	290	295	292	280	255	
258	256	271	281	264	273	
299	296	250	264	272	278	
285	278	276	267	281	283	
297	280	278	264	265	251	
286	279	251	250	268	263	
279	268	297	280	288	294	
274	259	252	251	291	257	
273	294	271	257	299	289	
294	287	250	285	254	255	
254	268	263	251	290	287	
275	265	268	297	282	271	
251	254	293	268	252	284	
258	277	266	261	297	256	
267	269	289	264	277	262	
263	272	281	256	287	294	
290	285	271	256	288	287	
290	270	295	286	259	250	
298	296	277	253	299	272	
260	277	285	275	281	286	
294	278	271	277	265	286	
281	257	250	261	294	258	
254	292	291	290	286	272	
251	255	282	267	257	293	
293	278	258	277	288	299	
287	267	264	265	295	299	
297	299	296	269	263	264	
280	264	278	293	281	299	
260	272	261	286	289	288	
283	291	269	276	284	272	
272	269	283	267	279	292	
268	292	255	278	251	284	
293	257	251	270	259	285	
296	283	284	297	252	254	
262	264	258	256	255	268	
260	295	255	285	267	256	
289	281	259	274	276	265	
281	294	279	264	280	253	
250	297	287	293	288	262	
269	273	250	289	297	253	
281	270	263	256	287	269	
294	273	275	284	293	251	
274	287	251	269	279	293	
285	269	271	259	288	254	
274	269	265	278	285	252	
257	296	287	281	251	268	
257	250	271	285	298	252	
312	320	338	332	335	330	
345	341	306	337	336	347	
321	346	336	307	332	314	
314	320	305	332	318	316	
311	343	316	347	330	328	
304	341	302	318	306	349	
349	300	343	325	324	328	
333	322	309	314	327	342	
330	343	322	321	338	332	
310	341	309	330	317	334	
345	322	341	304	306	321	
334	339	313	343	323	304	
329	306	333	319	300	303	
308	300	327	334	316	326	
331	347	339	305	349	301	
346	332	339	320	337	335	
338	304	314	306	319	335	
349	321	303	326	337	335	
319	300	321	310	308	328	
334	324	344	302	347	336	
304	313	305	314	348	320	
326	318	333	328	336	317	
347	312	335	319	306	309	
310	337	330	333	343	300	
344	327	318	322	336	338	
332	310	304	340	315	337	
312	330	315	313	326	300	
346	320	344	345	305	324	
309	316	344	340	314	311	
315	343	314	308	340	316	
339	301	326	328	306	300	
307	309	344	341	320	345	
326	313	303	300	340	342	
338	313	323	321	302	333	
329	337	333	306	319	339	
346	316	312	303	318	304	
314	301	336	337	325	343	
318	317	334	338	329	315	
329	307	339	334	330	321	
346	344	306	337	322	324	
308	327	344	338	307	328	
314	312	348	341	317	325	
340	330	317	335	327	332	
313	335	301	303	342	312	
314	307	306	324	342	343	
300	335	318	336	316	307	
313	326	300	301	337	342	
309	318	316	320	331	302	
309	319	331	345	303	311	
326	320	315	304	305	348	
350	365	368	399	366	393	
393	380	375	365	381	378	
391	350	388	363	376	393	
375	397	353	391	388	371	
389	376	362	380	370	350	
387	356	361	376	354	357	
371	350	398	367	386	360	
361	375	378	358	398	377	
385	369	360	395	352	364	
357	383	358	352	386	390	
363	390	354	383	372	358	
371	361	358	387	385	376	
373	367	361	377	358	387	
399	377	378	371	390	394	
378	363	369	372	364	367	
385	351	355	368	364	390	
357	395	356	361	363	394	
373	366	360	367	369	397	
399	398	369	386	376	352	
377	370	366	398	386	356	
394	351	363	386	396	361	
352	358	384	356	355	383	
363	391	370	377	398	350	
355	383	387	356	392	367	
357	361	372	386	387	398	
353	380	350	394	362	398	
392	399	374	393	382	359	
364	355	386	376	365	375	
369	393	380	372	386	377	
359	378	375	365	369	393	
359	368	356	385	362	384	
376	390	385	382	381	356	
369	379	360	370	374	357	
396	357	390	391	366	397	
365	375	367	397	396	372	
396	374	369	385	378	352	
388	383	367	372	378	381	
376	394	390	354	374	386	
376	364	397	389	367	362	
380	370	391	385	368	366	
365	394	393	367	368	389	
364	381	352	362	350	392	
378	373	382	372	367	368	
358	379	393	382	385	376	
373	381	384	371	360	391	
364	376	380	350	356	360	
367	388	395	390	355	389	
359	386	391	376	392	352	
396	389	372	351	350	354	
374	362	369	354	378	375	
412	434	425	405	428	417	
420	429	405	428	418	434	
414	447	417	407	404	420	
420	402	425	415	403	416	
446	419	409	442	428	410	
409	411	417	412	438	424	
441	447	436	443	435	426	
437	449	448	434	446	422	
401	422	426	433	413	404	
434	402	420	422	405	440	
420	428	434	429	448	413	
407	433	403	429	425	415	
441	400	429	403	444	422	
426	417	449	411	425	444	
433	440	405	421	445	412	
401	439	405	444	446	430	
434	405	402	442	424	431	
441	437	424	436	412	449	
418	443	407	417	423	415	
436	437	430	448	407	445	
428	412	436	446	419	437	
432	404	436	405	433	425	
415	445	402	400	427	448	
442	430	426	428	433	427	
429	408	415	430	437	402	
426	423	403	409	438	448	
430	449	407	440	423	411	
413	436	405	433	416	410	
407	434	423	430	428	418	
401	435	444	420	447	438	
414	401	422	448	433	435	
439	428	433	438	442	411	
410	440	406	447	416	409	
429	400	421	437	408	423	
433	420	435	432	436	443	
443	409	435	406	401	445	
408	419	417	400	405	437	
444	442	418	424	447	400	
430	407	448	420	422	445	
443	404	431	446	428	400	
446	430	436	449	429	406	
416	442	414	400	415	419	
413	429	432	440	439	403	
416	400	403	402	449	442	
439	418	441	409	417	436	
447	433	445	406	400	405	
429	405	413	449	439	431	
447	418	409	427	402	429	
438	443	434	440	432	447	
410	411	401	432	416	405	
496	495	487	463	457	453	
469	451	460	466	480	488	
482	473	459	463	456	489	
456	469	455	477	465	459	
497	492	466	465	495	474	
497	456	450	486	455	453	
455	458	474	453	497	461	
476	451	453	463	466	472	
453	479	491	475	486	480	
489	481	499	493	475	459	
450	491	461	485	471	454	
467	450	489	497	481	494	
497	456	476	457	460	459	
450	483	472	464	478	451	
466	479	476	499	497	491	
455	471	482	499	450	472	
454	458	493	475	498	462	
450	491	496	462	483	459	
496	454	451	458	488	473	
463	484	483	479	464	473	
470	476	463	466	484	455	
485	479	483	459	488	489	
459	497	450	458	479	495	
467	474	473	495	499	490	
486	489	460	465	494	477	
465	453	475	463	485	484	
495	488	461	498	490	467	
466	461	455	479	470	483	
498	476	477	478	484	481	
457	497	496	481	491	493	
450	460	457	471	483	477	
492	459	455	488	496	466	
498	493	457	459	478	477	
476	469	474	472	463	488	
469	474	464	456	472	462	
482	455	463	476	470	467	
477	499	469	481	473	489	
480	473	456	453	464	463	
457	498	483	493	470	476	
470	451	477	465	484	499	
481	466	487	489	474	480	
487	479	473	498	477	497	
475	461	494	460	465	473	
480	470	459	461	454	455	
474	464	479	498	478	477	
477	450	493	456	476	487	
483	467	490	469	485	488	
475	482	451	458	486	465	
454	495	499	481	453	452	
477	458	482	461	468	485	
31	41	0	19	15	26	47	
18	1	28	41	39	26	13	
39	34	16	43	8	26	11	
18	23	16	35	25	2	38	
4	11	44	9	12	8	5	
36	42	5	41	38	31	46	
27	34	35	19	16	30	45	
8	11	5	35	10	21	37	
14	44	48	32	41	24	40	
13	40	30	44	19	14	20	
24	14	5	17	36	10	45	
36	44	19	20	31	10	11	
17	31	2	3	19	1	7	
31	3	29	34	40	35	7	
40	3	10	31	15	29	43	
42	26	14	4	5	3	29	
49	32	20	4	37	17	30	
4	24	38	29	14	22	6	
47	45	43	31	42	19	49	
22	49	42	31	21	33	39	
24	8	36	3	0	20	34	
19	8	17	38	16	48	31	
49	48	6	44	47	45	11	
9	31	1	36	45	20	30	
16	4	49	11	10	14	39	
35	15	20	46	37	25	14	
23	39	43	25	20	28	2	
34	9	29	21	11	22	2	
8	33	29	45	15	13	22	
17	44	0	38	49	46	40	
31	1	18	46	7	5	6	
16	17	5	44	15	25	8	
42	0	40	1	13	35	41	
41	8	18	39	44	12	17	
43	12	3	4	28	46	10	
10	26	15	5	30	37	31	
28	4	20	17	2	15	45	
47	40	14	3	32	48	18	
42	36	33	30	22	13	3	
23	4	38	26	49	30	12	
13	19	18	46	35	30	44	
45	16	41	34	40	7	8	
42	21	39	43	24	27	46	
33	2	22	24	16	17	13	
23	39	24	25	18	42	21	
49	19	46	12	38	22	30	
34	45	42	41	30	46	33	
18	20	11	12	19	48	6	
41	2	36	7	14	4	8	
27	6	17	5	16	22	9	
91	71	79	97	96	78	85	
76	72	82	99	85	84	97	
75	55	86	54	58	50	65	
57	58	87	95	72	73	51	
54	80	55	96	93	56	81	
71	59	62	80	64	75	65	
63	60	91	86	65	66	76	
62	84	93	51	86	64	57	
90	52	78	71	51	69	63	
85	83	50	65	78	88	77	
61	99	78	63	89	82	81	
57	92	54	63	53	79	98	
56	96	98	82	87	53	67	
85	59	98	60	73	70	81	
67	77	63	85	71	70	69	
77	76	61	58	82	64	80	
93	82	66	76	86	61	57	
96	87	68	89	88	64	93	
87	71	75	98	64	94	56	
50	61	91	70	97	95	59	
79	88	55	58	60	81	57	
76	57	72	64	84	67	79	
59	78	64	98	90	50	89	
83	65	70	60	91	71	88	
66	56	64	74	52	63	62	
83	51	74	62	85	53	71	
71	56	96	67	65	60	58	
60	90	55	80	89	54	57	
50	97	68	73	80	84	75	
93	62	90	56	89	68	80	
75	55	89	96	80	65	90	
53	77	81	69	83	62	99	
56	51	67	57	72	95	81	
90	67	87	74	95	75	62	
70	76	87	68	62	97	58	
50	82	79	55	69	61	74	
99	68	92	60	66	50	93	
78	50	80	67	65	87	98	
56	83	82	60	90	76	61	
69	78	54	65	59	51	97	
65	92	68	96	73	71	52	
66	84	50	97	65	72	82	
89	65	91	80	83	66	93	
68	71	79	52	70	88	73	
55	98	92	83	81	85	80	
73	55	60	68	63	75	81	
51	84	90	56	73	58	95	
98	58	75	70	52	54	72	
61	65	89	55	79	72	83	
59	76	86	87	50	91	68	
149	121	137	116	136	100	117	
145	131	147	118	134	103	109	
133	147	134	123	127	111	137	
105	101	118	116	148	142	103	
126	134	138	110	133	115	125	
110	122	103	105	118	109	117	
130	110	146	134	131	105	120	
117	105	101	114	123	131	108	
138	134	107	126	100	131	140	
140	129	108	130	144	117	149	
112	120	129	122	132	127	133	
122	133	126	120	147	108	137	
119	121	103	104	140	120	123	
141	104	128	113	137	145	107	
140	147	127	148	124	134	146	
110	121	114	142	109	129	133	
103	130	133	124	142	146	123	
108	144	149	109	131	122	139	
115	100	141	140	103	133	126	
119	143	148	106	117	149	104	
142	123	147	127	140	128	131	
134	122	105	125	128	111	109	
148	141	135	140	112	115	133	
123	113	135	125	109	108	142	
124	101	123	126	140	115	137	
114	130	141	122	131	137	147	
108	148	110	138	106	141	113	
109	135	149	124	139	142	125	
116	114	118	149	126	109	107	
105	126	147	128	124	139	127	
115	133	100	147	138	123	125	
128	108	142	114	148	141	138	
129	144	126	143	106	105	118	
131	101	104	111	106	100	116	
138	125	129	126	114	121	141	
120	130	118	142	129	137	146	
136	103	132	141	124	127	142	
145	110	146	130	124	101	116	
137	139	102	149	138	121	107	
118	119	125	109	147	137	138	
135	105	117	133	139	131	140	
101	102	134	118	126	103	110	
113	128	132	118	146	127	124	
138	123	121	119	129	126	143	
104	102	140	148	107	117	128	
125	142	112	124	120	106	114	
128	107	102	112	137	138	146	
148	117	139	142	104	145	138	
138	149	140	118	133	102	123	
106	104	136	119	116	143	135	
197	183	181	187	177	170	161	
169	180	181	153	195	156	152	
162	193	159	154	169	170	171	
196	185	190	164	177	158	194	
195	166	184	181	182	157	163	
165	176	177	182	171	154	159	
182	181	187	176	191	156	179	
151	156	173	172	188	183	197	
154	198	195	166	174	159	194	
158	156	168	191	174	175	184	
166	190	172	199	193	197	191	
170	163	182	190	199	175	176	
195	163	162	164	180	173	156	
155	181	180	173	158	164	156	
183	194	157	170	184	195	199	
162	153	198	177	156	197	155	
199	195	191	194	187	161	186	
152	185	184	164	170	165	181	
187	179	184	185	173	174	182	
155	171	198	199	173	174	180	
156	152	160	181	151	197	177	
185	178	166	169	193	156	154	
189	161	178	172	171	151	192	
160	172	191	197	153	178	161	
173	175	182	171	150	179	154	
178	169	197	166	196	182	199	
167	192	150	152	170	180	153	
154	152	190	163	150	193	174	
181	151	193	156	188	190	175	
151	172	177	169	162	170	190	
150	187	192	173	185	172	159	
164	189	195	185	178	165	157	
158	153	163	171	170	181	186	
179	193	172	152	167	182	187	
184	180	164	157	162	199	166	
177	151	179	156	178	167	157	
151	159	198	168	176	155	185	
189	195	179	161	155	168	160	
188	176	160	162	150	154	183	
162	179	152	157	177	172	173	
164	162	186	160	196	159	169	
154	152	173	155	197	163	174	
186	184	160	161	177	159	172	
193	194	162	161	198	182	180	
164	190	157	151	166	158	194	
160	181	161	178	150	165	152	
151	177	197	163	169	167	155	
163	185	194	177	159	176	168	
194	164	156	173	161	179	184	
166	196	189	175	191	172	183	
238	225	228	240	231	244	236	
202	207	234	221	200	229	228	
200	234	236	214	227	217	230	
211	205	233	210	219	248	226	
204	232	249	217	247	248	210	
230	244	249	245	226	237	234	
235	244	214	217	210	228	241	
245	214	220	227	205	207	242	
219	204	200	207	212	210	218	
222	225	206	240	209	208	211	
244	228	210	206	219	237	223	
200	247	238	229	241	239	213	
227	237	234	247	211	235	219	
217	238	206	234	219	211	235	
214	219	218	224	200	227	208	
247	208	240	238	229	207	237	
249	216	203	212	241	236	204	
238	248	237	212	247	230	235	
231	200	232	225	228	233	244	
201	231	244	213	224	228	226	
211	245	238	208	241	222	215	
205	211	235	208	244	213	220	
219	233	241	210	226	201	247	
207	247	206	224	208	238	218	
242	231	234	220	232	214	228	
227	222	209	217	237	205	208	
203	242	233	248	244	217	202	
237	217	234	243	249	226	239	
218	209	215	234	235	219	205	
236	216	228	224	201	238	244	
211	203	200	206	218	228	224	
208	231	202	228	205	226	248	
201	200	213	218	215	249	222	
228	233	246	214	202	205	215	
210	245	211	216	203	209	201	
210	233	225	220	211	227	218	
243	238	219	203	228	246	248	
205	242	223	232	202	217	240	
213	220	219	218	204	246	244	
214	203	245	216	200	207	211	
222	233	205	239	236	243	249	
218	205	204	229	211	230	232	
221	216	238	207	241	220	204	
214	241	204	219	249	221	228	
244	239	248	212	218	249	202	
237	244	217	219	233	249	240	
222	211	212	247	232	235	237	
205	246	219	239	241	223	244	
226	204	202	224	240	221	231	
219	224	211	203	230	241	249	
292	289	266	285	298	277	273	
259	258	266	298	268	289	281	
279	275	288	264	293	254	268	
262	298	254	273	268	266	282	
298	252	275	254	296	255	271	
293	258	272	254	292	295	250	
272	264	260	284	266	273	276	
257	274	289	273	268	276	253	
256	268	287	285	273	279	286	
279	275	288	251	263	260	273	
263	273	271	281	287	275	268	
281	294	296	265	293	272	260	
292	254	264	289	280	299	250	
269	260	256	297	270	284	258	
261	295	293	254	250	298	265	
263	290	266	274	296	268	295	
283	279	258	254	295	292	277	
296	289	277	282	283	258	265	
297	283	299	260	277	278	262	
260	258	277	257	270	254	288	
286	299	298	259	270	277	276	
257	264	259	295	280	255	272	
287	283	280	253	298	261	255	
278	272	297	284	266	279	273	
254	275	283	292	297	298	262	
250	270	268	274	291	278	276	
283	291	275	274	255	287	276	
258	283	278	293	273	253	271	
256	251	279	278	257	286	266	
293	272	254	266	285	275	265	
264	250	258	284	295	270	298	
262	293	288	273	266	274	252	
263	257	282	296	274	258	251	
259	284	299	261	265	267	270	
290	299	298	265	284	256	270	
287	283	256	286	292	257	264	
280	296	274	264	284	286	276	
252	278	261	271	266	268	262	
272	276	275	289	296	288	287	
282	266	253	264	293	270	294	
260	297	262	258	269	277	253	
265	263	285	275	251	271	299	
281	297	266	273	269	275	270	
259	263	298	274	265	296	256	
251	260	271	289	267	250	256	
264	263	279	251	282	271	299	
294	269	252	264	268	292	298	
274	253	264	293	273	270	265	
264	267	271	287	252	270	278	
264	297	272	278	261	256	257	
329	336	337	304	314	306	305	
316	319	329	341	315	313	331	
349	300	337	343	304	323	308	
327	311	304	309	318	320	344	
310	336	314	300	320	313	328	
340	346	319	310	345	308	303	
336	342	349	312	322	326	305	
308	337	307	310	328	302	311	
324	325	329	308	341	318	333	
348	306	342	325	313	349	326	
332	301	321	323	324	327	349	
309	322	315	326	323	319	331	
306	336	314	316	331	326	322	
303	316	325	343	327	300	338	
338	326	325	349	346	306	331	
308	312	326	302	329	330	320	
316	348	307	347	321	302	300	
320	346	326	339	316	347	317	
307	305	316	317	331	320	334	
312	310	317	300	320	343	349	
348	334	309	342	322	335	311	
314	328	308	339	334	329	327	
344	302	336	308	310	337	300	
321	337	348	340	303	343	304	
315	348	349	339	317	320	304	
349	314	325	329	338	302	324	
344	302	327	315	323	349	343	
322	345	320	318	309	331	313	
334	309	306	340	348	333	302	
326	325	317	336	314	304	315	
312	322	327	340	311	338	309	
336	331	338	346	309	349	307	
323	315	319	339	342	330	306	
321	308	309	344	325	335	329	
307	343	316	323	330	317	342	
336	328	325	342	343	321	306	
346	300	322	342	304	326	345	
349	327	335	339	324	304	308	
301	312	344	327	315	329	339	
304	334	305	346	345	337	317	
335	341	309	317	338	311	332	
306	327	315	307	340	308	317	
347	323	340	332	311	300	318	
302	342	332	311	305	335	344	
342	347	326	320	300	330	341	
310	337	315	334	306	304	320	
330	346	343	321	319	318	333	
311	338	328	343	315	320	318	
314	349	339	318	309	323	308	
341	325	337	336	316	321	307	
361	396	399	354	365	394	393	
396	373	385	352	384	377	355	
389	365	399	383	356	375	355	
367	368	365	355	381	393	392	
360	378	367	388	356	396	392	
399	358	395	393	379	360	374	
386	351	391	367	354	352	377	
376	355	374	365	358	375	380	
393	380	368	395	397	351	396	
383	365	381	388	391	352	397	
386	384	355	350	382	363	369	
388	397	395	385	357	360	370	
397	352	363	364	381	362	354	
380	395	356	362	363	383	393	
351	373	391	376	363	380	356	
399	367	350	354	352	383	360	
368	380	357	370	360	398	350	
390	355	364	356	376	350	371	
396	354	378	366	379	399	352	
366	359	367	375	398	362	388	
391	396	395	380	354	364	382	
369	359	376	356	379	381	399	
360	362	369	353	377	365	379	
395	354	397	364	356	391	376	
361	360	354	372	394	350	384	
382	360	362	381	372	386	359	
372	364	383	370	360	369	399	
394	373	361	372	354	382	370	
385	353	381	379	360	362	378	
378	394	359	362	374	390	396	
373	362	388	395	392	390	375	
389	392	371	381	352	394	351	
385	399	372	361	356	392	391	
371	373	395	387	375	396	397	
396	375	380	356	367	362	379	
380	375	389	382	365	381	361	
366	399	383	363	367	368	387	
380	354	383	398	375	355	361	
377	361	351	381	374	362	392	
358	388	399	395	391	357	370	
361	355	399	381	387	370	392	
378	366	381	368	380	361	399	
373	390	371	388	352	381	365	
379	391	377	380	385	362	386	
372	363	365	384	394	395	383	
396	350	386	351	364	392	395	
371	366	373	377	378	367	361	
364	350	369	390	379	363	356	
376	372	386	389	385	398	362	
354	398	392	383	357	358	395	
413	441	445	449	430	420	433	
448	404	439	419	426	414	440	
428	443	407	421	436	442	402	
422	436	410	423	417	406	424	
432	440	423	403	425	424	439	
446	435	418	430	440	408	441	
407	434	413	431	443	448	405	
449	448	428	408	434	443	400	
436	408	422	418	420	439	446	
429	437	406	404	414	444	438	
411	430	442	403	415	416	437	
446	436	421	443	404	429	413	
446	421	442	413	423	408	448	
435	416	406	410	418	431	429	
413	412	445	419	439	411	401	
434	423	429	421	409	449	418	
446	421	414	437	408	448	444	
447	402	446	443	439	440	441	
425	433	416	420	412	431	413	
416	427	407	409	440	405	441	
418	401	406	442	426	435	423	
443	444	412	404	422	432	403	
447	424	405	431	422	407	409	
411	414	402	441	405	439	438	
413	444	449	406	445	419	425	
408	406	437	415	412	430	442	
408	448	419	434	422	430	410	
403	437	443	435	412	422	411	
407	421	444	433	435	408	442	
413	436	437	415	421	420	424	
449	446	426	429	445	408	447	
434	433	442	422	436	421	435	
422	416	415	400	412	421	402	
424	427	404	414	417	442	422	
422	446	419	409	415	427	400	
427	413	436	439	416	418	444	
426	423	424	400	447	437	404	
408	433	434	418	423	401	417	
424	442	444	407	443	406	419	
419	400	423	445	448	417	408	
421	400	420	431	410	428	411	
430	438	409	428	416	442	425	
417	449	420	419	437	411	435	
421	435	417	432	433	406	424	
409	423	417	447	434	436	401	
430	408	404	431	432	418	437	
415	432	400	407	429	447	430	
439	428	411	408	432	422	445	
431	435	404	436	411	427	403	
426	448	441	418	427	439	423	
472	460	484	495	471	468	467	
470	468	455	490	472	494	462	
472	483	456	460	494	490	463	
473	490	479	468	457	497	471	
460	450	492	499	467	462	498	
473	499	462	492	472	452	489	
489	479	463	497	470	486	451	
495	488	479	491	473	486	453	
469	497	468	486	494	474	458	
461	462	476	475	457	467	458	
465	459	467	454	474	450	455	
452	455	486	484	459	491	497	
474	459	461	470	487	491	475	
474	478	492	477	452	493	483	
492	480	487	462	452	493	454	
499	453	482	455	484	497	488	
461	472	467	454	455	481	495	
457	470	452	472	451	466	489	
484	494	452	461	466	482	499	
474	464	458	471	466	482	495	
454	472	474	487	492	490	497	
473	454	488	475	467	459	460	
465	472	461	493	499	481	455	
451	467	450	458	464	463	479	
454	470	484	471	499	493	479	
497	457	493	496	465	476	452	
493	460	466	483	491	450	497	
458	476	498	467	485	499	459	
495	477	467	474	465	452	457	
499	463	469	475	450	484	486	
457	472	467	495	489	458	477	
494	465	483	477	493	484	457	
458	450	477	464	479	495	472	
494	492	471	480	467	498	487	
495	474	478	486	496	457	463	
490	462	480	457	451	454	473	
470	482	460	469	485	457	481	
458	495	464	459	472	488	451	
465	494	499	488	491	471	472	
463	453	482	493	497	476	485	
457	470	453	496	479	482	466	
497	452	485	475	489	465	471	
477	470	463	489	487	458	496	
498	452	457	451	466	463	474	
457	497	472	458	498	479	485	
452	493	453	472	450	468	488	
459	453	451	455	484	471	472	
497	498	457	469	494	471	478	
489	495	486	483	491	478	461	
493	469	475	450	478	489	492	
20	1	38	14	15	40	36	39	
16	35	8	27	5	20	45	24	
45	0	23	26	43	38	13	39	
34	9	21	18	26	24	32	11	
10	14	41	8	12	9	16	18	
29	14	0	20	28	34	4	13	
30	8	18	40	29	28	31	14	
30	32	26	2	8	0	49	27	
46	10	41	22	6	16	2	29	
13	3	46	29	35	15	44	38	
44	5	37	10	0	6	34	18	
33	47	26	38	32	16	34	46	
40	46	28	27	48	0	49	7	
46	25	45	33	39	8	22	3	
48	12	1	21	7	25	27	33	
29	8	35	27	47	44	32	24	
28	26	22	46	14	11	6	43	
35	0	43	46	30	49	36	48	
39	6	35	14	47	15	7	1	
19	46	35	48	41	26	11	31	
16	10	8	48	15	21	42	28	
24	32	2	17	35	36	5	46	
28	16	49	15	4	10	21	42	
19	46	8	47	0	37	3	11	
12	28	38	33	49	22	9	44	
25	45	39	30	10	8	16	6	
42	10	47	8	14	39	5	37	
14	46	10	7	36	5	41	33	
33	46	20	43	22	48	35	8	
47	38	22	4	26	43	42	49	
42	8	43	24	37	32	38	46	
26	11	24	33	8	3	5	9	
1	46	17	48	6	20	40	36	
6	18	16	30	2	11	42	39	
22	31	23	9	4	32	5	40	
46	38	21	31	2	41	32	3	
21	31	42	10	30	35	11	40	
5	7	31	20	2	38	21	36	
26	28	17	20	35	1	27	22	
1	47	17	37	0	38	12	35	
48	7	17	37	27	16	4	39	
34	0	4	22	40	36	23	39	
14	13	34	18	24	23	2	16	
13	23	49	29	47	26	9	4	
21	18	40	22	37	17	46	47	
16	5	26	22	30	40	44	0	
1	21	27	17	30	32	16	10	
38	19	30	21	3	39	28	27	
10	49	14	15	19	30	1	26	
44	6	46	2	15	30	49	19	
51	65	71	91	83	67	74	90	
74	51	90	79	89	92	84	75	
57	84	87	74	55	68	69	53	
82	96	55	57	68	87	67	75	
61	50	89	66	85	91	74	69	
99	65	50	85	83	90	59	88	
64	80	83	93	96	91	81	61	
59	50	60	51	92	68	67	95	
64	99	74	52	94	97	85	79	
69	92	67	94	96	71	75	61	
70	84	66	56	97	83	92	53	
98	87	62	86	85	72	71	54	
88	81	77	60	62	54	57	87	
63	67	66	75	91	85	92	56	
84	97	59	50	82	52	93	77	
98	68	90	99	54	64	75	65	
55	69	98	71	50	67	58	96	
83	51	73	66	86	69	97	50	
98	84	77	65	57	94	75	87	
83	64	94	67	62	68	59	78	
57	97	56	75	89	81	51	70	
89	67	68	57	54	97	69	77	
72	71	73	79	77	85	64	94	
69	74	56	53	87	78	85	55	
55	71	99	51	76	85	54	64	
91	81	87	97	64	66	70	51	
93	61	76	84	52	53	74	64	
57	97	71	86	95	83	62	96	
60	97	70	51	75	77	91	58	
85	58	90	83	77	87	74	51	
71	73	62	69	81	52	58	68	
68	74	65	50	94	97	71	72	
73	96	98	60	55	85	93	89	
63	86	55	74	64	92	61	85	
85	64	61	71	52	93	53	65	
59	61	70	54	66	52	58	55	
69	64	54	66	74	72	79	59	
71	86	59	82	75	62	89	56	
98	69	83	55	52	67	87	58	
60	69	93	71	90	62	80	64	
80	52	54	67	93	97	95	74	
76	65	93	98	50	74	68	54	
92	52	65	95	86	64	71	94	
80	77	84	98	93	99	73	97	
77	67	65	80	75	88	64	95	
87	97	77	58	89	90	73	59	
76	95	64	58	92	60	75	59	
79	84	60	52	67	77	71	88	
98	65	84	67	75	95	85	89	
71	58	59	64	72	91	88	81	
124	128	115	148	101	125	103	119	
134	103	136	119	102	107	118	129	
113	126	120	115	145	133	138	132	
119	143	108	122	105	107	118	125	
144	111	125	124	104	140	103	139	
141	122	148	117	147	128	103	131	
108	142	145	125	114	115	123	128	
101	113	104	143	132	124	149	116	
131	110	124	103	130	149	115	109	
118	103	122	110	136	143	135	148	
102	135	149	146	137	117	138	100	
143	148	127	109	107	144	149	142	
134	143	100	138	123	129	122	109	
149	138	123	147	133	105	104	108	
146	134	125	149	132	104	119	109	
145	131	147	101	140	149	134	125	
147	103	122	110	134	119	105	114	
131	100	148	149	145	112	105	104	
148	139	136	103	112	137	145	119	
109	139	136	118	141	127	115	149	
147	134	144	125	112	135	115	141	
113	127	122	140	114	135	137	119	
103	120	111	117	114	136	116	105	
105	123	103	101	108	125	124	116	
111	135	141	148	108	129	112	142	
103	122	125	142	131	104	116	129	
103	117	145	102	123	138	137	108	
130	144	146	142	102	111	129	147	
142	119	136	128	149	146	131	117	
101	123	142	109	138	130	110	128	
145	142	104	120	117	146	130	106	
119	107	113	141	105	112	100	102	
148	114	143	133	141	147	139	107	
116	125	138	107	111	113	101	136	
149	147	102	132	143	134	115	125	
104	124	137	130	142	133	126	123	
136	121	125	141	123	131	110	133	
100	110	133	111	108	143	102	101	
111	100	113	120	130	119	104	138	
135	129	109	134	103	146	121	101	
144	116	127	137	124	148	119	121	
145	103	132	147	138	128	113	125	
118	121	122	147	107	140	108	138	
116	118	100	125	106	133	134	136	
134	108	120	147	144	116	132	146	
134	122	144	142	135	117	148	108	
119	112	149	134	107	142	131	101	
129	115	148	139	123	140	101	119	
134	115	148	116	110	108	145	124	
140	107	119	106	101	142	148	141	
170	185	175	155	163	177	192	157	
183	153	175	158	195	190	189	177	
198	196	164	157	182	161	199	187	
155	151	199	189	165	178	162	184	
198	164	162	185	187	183	186	150	
173	195	171	180	158	159	172	197	
183	197	161	182	176	173	191	150	
188	192	171	187	179	159	167	182	
184	158	154	193	177	178	192	198	
177	178	180	173	169	186	161	191	
173	185	196	159	180	174	165	154	
184	152	174	181	196	191	150	170	
170	198	158	151	193	169	157	191	
163	188	155	199	184	161	198	167	
187	199	195	168	169	157	184	178	
185	156	167	188	152	151	172	181	
189	196	191	161	190	178	158	162	
164	182	150	193	177	160	163	155	
193	154	185	180	190	188	160	157	
161	190	180	183	150	184	167	152	
182	197	193	184	192	183	179	167	
179	177	170	185	195	197	158	151	
185	191	196	193	186	171	176	169	
152	171	178	199	180	165	175	160	
183	152	150	187	157	175	163	169	
155	159	150	174	153	186	197	162	
157	177	153	192	197	151	166	196	
170	174	182	194	187	165	166	176	
193	189	180	192	167	170	151	188	
154	153	184	155	180	169	168	166	
187	169	189	193	157	171	153	156	
163	175	182	150	196	184	171	177	
159	196	160	192	167	171	162	187	
173	170	176	198	187	163	185	179	
168	164	160	153	170	165	163	194	
170	181	172	152	150	169	179	151	
198	182	179	154	186	169	172	184	
193	152	160	181	159	182	172	197	
155	194	156	159	183	174	190	185	
197	192	194	188	169	173	189	159	
170	199	173	166	189	176	191	153	
163	175	167	158	195	187	189	172	
190	160	196	164	165	151	168	183	
182	173	180	175	172	152	158	167	
199	153	163	197	159	182	158	175	
188	165	160	177	171	182	193	150	
176	198	184	188	187	196	183	159	
188	159	174	175	165	180	176	179	
192	180	178	188	197	172	161	179	
184	189	199	195	160	173	152	163	
247	220	233	243	229	249	224	241	
218	246	232	228	249	248	220	238	
209	231	208	207	234	200	245	249	
230	200	237	231	224	214	233	225	
224	211	234	223	247	246	218	241	
241	203	229	209	246	202	243	213	
204	218	231	248	230	220	214	236	
216	209	225	202	228	235	203	242	
238	222	210	214	232	230	209	237	
238	215	235	205	220	212	244	227	
219	248	209	241	211	232	215	213	
218	201	213	209	219	215	204	243	
229	225	223	231	203	212	208	220	
238	225	218	205	209	219	228	233	
223	233	220	201	210	212	239	209	
216	238	235	237	201	218	206	211	
247	207	216	240	204	227	213	229	
242	214	246	211	224	236	226	212	
212	237	202	216	206	203	217	224	
230	234	201	240	205	233	241	206	
239	228	216	234	208	247	246	224	
232	246	228	217	240	221	235	210	
207	204	226	246	228	239	223	234	
210	231	208	215	230	239	206	236	
212	249	229	222	244	213	247	206	
233	218	200	213	243	238	222	207	
244	236	209	208	233	226	234	217	
240	201	225	207	236	230	233	246	
202	246	237	210	231	204	230	218	
236	203	217	206	239	243	224	204	
236	219	249	246	221	203	207	243	
217	227	241	206	215	243	203	232	
223	226	236	207	228	239	209	217	
232	231	241	230	248	247	240	202	
245	248	211	212	247	222	214	238	
227	220	211	223	201	200	216	245	
229	242	230	243	249	214	223	240	
236	238	216	226	223	203	202	230	
204	218	241	230	211	219	228	216	
206	213	222	211	243	235	201	245	
219	206	235	248	202	211	227	247	
220	238	241	219	211	206	205	202	
230	236	245	227	221	209	238	216	
206	240	219	204	212	210	245	249	
215	247	208	229	223	246	239	213	
230	225	202	214	209	243	244	226	
200	203	226	221	242	238	225	213	
212	240	204	217	210	241	216	246	
207	208	247	204	219	222	200	209	
249	245	224	244	205	236	214	226	
298	266	289	296	285	252	280	268	
274	279	283	260	284	296	252	251	
279	284	251	286	280	295	259	283	
291	266	254	273	280	271	278	261	
264	260	292	283	274	254	288	282	
284	289	298	281	278	286	269	277	
253	294	255	272	299	257	296	261	
265	298	273	275	276	269	270	271	
281	278	295	267	275	256	270	292	
269	256	278	264	267	265	291	271	
280	266	255	253	269	292	264	294	
296	292	268	299	282	265	284	283	
263	284	252	262	285	292	288	254	
266	256	276	287	260	289	262	268	
283	253	266	265	281	257	270	279	
298	285	287	280	289	296	255	266	
281	266	251	294	295	263	280	257	
289	287	278	263	266	274	268	271	
253	263	269	281	261	254	296	262	
278	261	256	257	275	282	299	260	
256	273	258	266	254	252	271	267	
272	298	251	283	253	262	295	297	
253	250	257	283	297	298	264	265	
280	276	259	288	250	261	260	298	
255	288	293	276	294	261	251	252	
270	277	275	286	269	294	258	253	
274	275	285	266	278	253	261	291	
268	266	264	262	280	294	270	256	
290	255	285	265	254	271	251	283	
283	261	286	251	295	297	253	282	
262	292	299	258	285	281	259	275	
250	252	256	272	293	284	267	277	
255	269	280	294	292	265	281	282	
279	286	295	294	256	299	281	265	
252	251	259	270	284	289	293	253	
273	251	252	255	261	253	264	269	
290	269	271	274	265	287	291	285	
256	260	271	287	257	258	295	297	
256	259	257	280	278	264	254	282	
264	256	290	298	260	278	295	273	
269	295	252	293	280	290	268	256	
292	284	290	266	254	255	259	295	
297	296	281	253	288	267	298	259	
290	288	297	254	276	260	262	265	
292	274	293	260	275	257	278	259	
265	275	278	293	269	264	292	298	
277	293	255	299	264	295	272	252	
256	267	286	284	293	273	299	295	
282	272	254	259	253	293	252	297	
294	277	282	254	257	284	263	298	
314	306	342	325	339	328	326	337	
317	304	344	338	320	306	349	339	
328	340	326	349	345	329	344	312	
349	347	330	348	337	325	343	339	
320	304	321	307	324	346	345	312	
322	347	306	302	336	324	333	345	
334	340	314	339	342	332	341	305	
319	330	348	331	340	309	338	322	
332	349	328	348	306	310	323	315	
306	338	327	314	342	304	318	347	
337	323	336	322	305	333	310	303	
324	334	312	320	349	331	306	326	
347	324	302	329	313	309	327	337	
322	307	333	344	311	302	328	325	
333	300	328	348	342	301	316	309	
341	345	327	342	300	309	317	306	
319	339	303	344	346	325	313	301	
310	333	349	300	335	345	325	315	
320	337	348	311	323	346	309	330	
348	326	332	338	314	308	327	318	
348	344	316	326	324	341	337	311	
335	303	329	308	340	328	332	319	
342	346	302	335	337	328	321	324	
315	330	324	322	320	314	311	338	
306	315	331	327	304	301	348	323	
347	332	302	312	337	342	317	336	
322	318	329	312	313	321	338	316	
331	338	317	348	330	302	328	324	
312	330	311	329	323	318	314	302	
319	332	320	341	303	315	307	316	
328	314	330	346	329	344	343	317	
339	314	309	343	318	340	312	337	
323	348	349	328	321	330	312	345	
319	309	316	334	318	305	348	329	
328	306	307	343	304	314	344	302	
305	332	307	333	317	346	311	310	
331	319	338	335	340	317	334	307	
339	346	322	309	340	300	348	343	
340	333	301	328	331	306	336	349	
309	325	344	342	339	330	332	345	
337	333	313	342	322	320	301	341	
344	345	331	329	346	339	302	303	
333	345	303	326	319	346	330	314	
348	302	304	335	338	343	300	319	
330	328	315	335	318	339	311	349	
318	345	314	344	326	335	301	307	
323	305	338	330	334	320	322	349	
317	304	339	311	340	329	301	319	
333	302	301	309	329	336	343	314	
325	345	328	321	307	304	349	323	
381	371	373	380	351	392	361	393	
394	376	350	384	386	388	354	364	
391	378	368	383	377	357	382	355	
397	357	376	370	362	380	356	367	
370	373	383	389	385	358	390	359	
374	358	360	392	363	350	372	378	
357	396	362	360	352	382	353	386	
353	385	378	380	358	387	384	368	
368	379	397	383	369	376	356	384	
375	378	364	387	397	379	394	371	
362	387	380	356	379	366	397	378	
352	399	387	373	374	382	354	393	
363	393	365	397	372	391	366	369	
391	363	362	397	356	384	354	389	
379	396	358	394	364	369	361	372	
384	387	389	352	362	356	398	366	
365	360	369	376	351	368	370	372	
365	360	382	385	357	377	399	370	
396	383	357	371	374	353	367	364	
363	389	356	372	383	386	380	353	
390	387	394	396	382	398	377	363	
370	381	373	382	356	361	388	354	
388	384	395	367	372	353	357	352	
395	356	393	389	350	355	370	368	
362	383	382	370	385	350	368	372	
383	355	361	356	357	382	387	364	
397	373	358	385	356	378	396	359	
374	354	360	357	369	372	387	381	
366	367	399	359	362	385	352	360	
381	353	356	395	399	373	360	391	
395	390	354	389	382	386	369	397	
391	384	381	382	351	380	362	359	
373	366	353	394	380	398	364	378	
390	371	398	366	375	385	376	358	
353	356	375	368	372	394	362	393	
394	368	390	365	369	358	359	389	
365	361	380	351	398	382	394	388	
368	359	389	354	374	365	388	375	
384	385	357	365	381	362	378	392	
398	396	388	378	392	351	354	381	
386	355	354	384	396	382	362	387	
387	399	373	394	385	370	391	396	
384	389	395	370	359	350	368	358	
399	385	376	375	391	386	378	388	
395	380	361	351	368	350	352	393	
358	375	360	385	367	357	361	372	
383	389	368	365	354	385	363	378	
375	383	358	390	368	364	350	372	
397	380	373	366	368	385	386	395	
391	359	364	380	371	376	357	374	
426	414	428	400	402	411	407	408	
435	405	421	406	423	445	440	401	
432	408	406	416	444	400	418	412	
401	436	421	438	403	440	411	443	
409	448	402	439	413	418	447	407	
404	426	409	423	406	432	445	416	
442	449	435	400	428	402	444	401	
442	412	410	411	417	437	418	436	
427	411	441	431	425	423	400	410	
437	428	448	406	442	416	425	412	
410	423	401	427	411	430	414	400	
419	411	408	402	431	440	407	433	
445	421	417	439	438	407	424	411	
427	420	441	432	416	445	431	439	
437	402	423	417	416	443	411	428	
438	412	403	432	437	434	407	448	
401	449	426	419	412	410	448	415	
426	431	442	436	448	406	410	419	
446	439	441	406	409	422	445	440	
438	427	414	439	428	411	440	403	
435	412	434	417	422	447	444	433	
416	408	400	445	406	411	403	448	
403	432	431	434	419	402	412	443	
437	417	438	402	420	431	446	430	
406	426	445	436	411	422	446	425	
432	416	409	406	420	440	446	414	
409	401	400	424	429	422	425	410	
444	403	408	431	425	446	402	419	
417	435	449	440	414	421	400	429	
417	419	440	420	412	435	441	404	
400	444	413	410	433	404	439	447	
402	412	425	401	426	439	414	445	
425	422	448	439	428	410	432	444	
411	420	416	427	440	433	446	419	
416	412	419	428	437	443	440	447	
425	413	402	431	426	428	419	438	
449	422	441	417	424	436	408	437	
419	430	434	447	404	403	417	433	
403	420	440	427	439	438	409	416	
417	443	437	425	409	421	448	441	
435	439	437	444	440	415	427	426	
431	402	434	426	424	413	448	403	
439	421	428	441	408	437	448	429	
437	430	427	408	416	438	423	420	
431	408	439	443	425	409	413	407	
428	449	433	430	434	447	401	403	
449	400	427	419	405	441	408	440	
416	430	407	418	405	439	431	420	
434	430	445	449	404	419	437	403	
431	430	433	423	418	401	448	410	
452	495	465	453	468	493	479	472	
467	494	471	460	474	450	459	472	
452	466	456	471	450	491	490	496	
457	463	481	478	476	487	474	493	
451	498	482	461	495	476	492	491	
491	482	483	472	499	490	471	460	
450	454	466	465	496	464	486	459	
450	461	478	466	482	487	457	467	
496	473	463	466	480	451	453	479	
498	496	460	479	482	459	475	470	
459	464	484	485	495	494	468	467	
465	481	468	454	456	466	453	485	
495	472	473	460	488	462	498	480	
458	452	473	461	495	456	493	472	
486	451	470	465	468	499	490	455	
451	464	489	452	491	483	460	480	
489	488	478	479	485	465	496	482	
497	462	477	461	457	487	483	488	
461	463	479	478	477	496	471	497	
464	498	453	461	490	456	463	481	
490	456	496	497	464	488	492	451	
474	482	455	461	495	477	456	464	
454	493	487	489	463	478	466	472	
460	475	466	455	457	481	483	477	
490	477	466	487	492	495	474	464	
465	479	482	455	492	495	485	454	
465	482	451	489	491	490	470	462	
478	499	459	477	476	460	487	489	
460	495	454	486	485	450	477	488	
479	499	480	470	486	457	489	450	
481	488	464	450	458	489	453	491	
450	481	484	462	482	456	468	453	
455	476	459	496	457	479	467	471	
483	473	456	487	496	486	464	476	
455	493	482	467	490	473	456	499	
458	485	468	456	469	497	490	457	
477	478	481	455	485	467	482	491	
483	496	494	471	456	486	497	475	
489	475	452	483	462	463	487	456	
472	464	456	457	482	480	460	470	
463	465	464	474	462	493	495	454	
454	488	462	476	477	451	471	464	
451	459	478	455	485	470	489	465	
485	463	473	458	476	488	484	489	
478	499	473	498	475	465	453	488	
453	488	455	464	495	458	475	479	
475	484	471	478	489	496	472	467	
466	475	452	469	472	478	480	461	
458	479	478	453	481	452	468	466	
454	478	477	450	497	486	472	484	
227	293	78	
260	272	2	
311	118	346	
117	127	346	
5	245	34	
347	199	70	
168	32	442	
186	144	241	
255	274	429	
256	43	154	
452	281	339	
82	28	475	
391	240	84	
332	62	54	
315	188	109	
248	446	499	
65	48	172	
437	49	254	
59	403	263	
292	477	325	
73	299	214	
76	312	287	
93	370	353	
386	1	394	
418	287	479	
237	434	267	
243	176	315	
39	284	268	
314	66	228	
30	374	407	
145	223	420	
138	126	462	
26	366	460	
340	228	198	
201	76	334	
473	327	2	
24	93	272	
188	317	193	
403	156	3	
93	223	98	
54	196	331	
452	444	236	
47	390	496	
184	146	110	
176	446	165	
255	206	266	
80	74	36	
496	15	387	
80	200	432	
292	6	285	
157	230	76	373	
423	16	27	62	
203	489	270	44	
54	30	52	463	
236	315	18	270	
325	235	231	479	
433	312	35	244	
370	345	496	279	
270	491	196	317	
55	138	326	308	
377	365	425	374	
188	425	211	6	
277	121	243	22	
389	134	439	271	
80	376	423	195	
12	379	154	32	
167	280	152	14	
494	9	45	455	
69	353	12	352	
118	435	322	372	
232	464	119	38	
198	270	144	203	
262	230	210	64	
373	302	468	448	
424	444	44	429	
378	62	107	153	
417	114	322	132	
369	342	19	26	
220	48	293	411	
312	482	242	317	
143	187	290	491	
415	375	152	104	
54	60	246	433	
430	370	325	208	
464	14	146	252	
232	498	57	126	
99	234	288	210	
468	263	17	276	
382	125	71	204	
29	349	156	237	
425	293	290	213	
427	130	382	27	
99	110	379	5	
460	422	297	494	
235	421	303	219	
475	423	261	362	
32	220	266	449	
324	156	17	290	
447	345	346	4	
485	332	85	149	
433	61	175	358	491	
146	364	434	380	104	
80	55	215	457	74	
303	135	47	449	174	
115	317	74	442	297	
16	488	168	293	393	
411	374	394	26	346	
225	293	229	390	160	
320	184	453	302	279	
431	452	370	333	175	
145	309	410	381	40	
428	415	328	113	390	
349	189	463	8	344	
52	176	285	44	193	
251	250	47	117	112	
465	31	220	346	190	
7	436	78	234	461	
96	112	407	31	28	
42	231	298	79	273	
169	422	387	155	466	
472	279	163	132	11	
338	266	305	40	298	
235	254	364	70	355	
87	184	232	106	310	
268	475	409	322	46	
83	85	394	447	230	
318	232	217	207	93	
422	480	348	400	77	
16	60	48	115	347	
281	249	417	9	237	
278	32	487	111	88	
397	264	406	62	247	
192	158	187	222	10	
205	440	110	22	295	
218	346	381	486	471	
10	397	370	423	325	
486	199	491	263	434	
76	448	147	12	23	
89	497	481	4	244	
35	279	439	210	400	
145	162	7	290	457	
413	73	402	450	419	
308	247	253	0	94	
218	135	98	109	81	
375	286	14	52	364	
116	419	97	242	192	
321	356	62	407	135	
362	252	480	327	265	
358	436	180	470	149	
21	2	492	216	357	
