25	2	7	3	42	32	
47	43	5	9	20	6	
4	23	20	33	38	39	
24	15	39	2	16	33	
9	27	26	43	48	30	
17	49	36	28	40	10	
35	29	41	10	12	37	
7	5	3	29	44	41	
29	26	37	21	30	13	
9	32	22	31	1	28	
33	23	32	46	24	38	
5	13	1	20	10	12	
6	34	21	39	15	22	
29	32	34	12	1	39	
8	39	47	49	21	11	
47	0	5	36	2	45	
5	26	33	14	29	9	
8	23	37	40	22	1	
35	25	38	29	43	23	
5	47	42	7	26	41	
26	9	33	13	44	48	
24	11	37	2	17	49	
31	33	28	48	43	23	
10	36	30	28	7	47	
10	30	28	8	11	18	
18	29	38	19	16	22	
17	34	24	48	13	37	
24	40	38	26	29	43	
17	11	25	37	26	5	
2	46	14	47	11	1	
27	0	24	32	45	40	
17	13	3	33	11	2	
42	14	47	39	31	46	
8	23	22	1	29	9	
5	28	2	4	6	7	
2	21	20	45	40	31	
15	23	0	12	45	6	
0	14	42	2	23	15	
12	34	47	30	43	7	
29	17	19	39	4	48	
24	20	13	15	5	39	
17	24	36	25	21	42	
5	37	10	22	26	19	
27	31	5	22	0	18	
49	17	6	28	4	29	
4	21	35	12	43	29	
47	28	33	23	44	48	
15	22	4	29	8	18	
17	29	36	42	4	48	
28	38	1	13	10	5	
97	55	50	67	98	88	
73	54	72	50	95	77	
98	79	80	55	77	70	
56	87	71	66	72	96	
82	85	60	56	74	65	
80	97	74	93	71	94	
86	99	75	82	52	53	
58	54	79	92	96	85	
98	63	53	75	85	87	
83	95	82	91	76	81	
50	84	65	81	89	55	
88	61	85	57	51	79	
65	95	93	58	50	87	
80	76	59	64	86	84	
64	56	60	81	53	79	
89	95	64	82	81	88	
83	98	88	99	95	73	
74	59	95	65	72	51	
68	59	54	86	61	67	
50	67	82	78	90	93	
57	88	83	53	71	93	
99	92	84	93	91	82	
64	67	99	58	93	74	
92	61	52	86	53	91	
68	73	87	66	86	58	
66	57	91	72	55	78	
93	79	67	50	59	74	
52	54	68	78	97	92	
53	81	60	87	50	91	
90	69	95	99	92	81	
80	76	91	53	82	88	
75	72	59	61	70	53	
65	76	67	97	88	74	
94	69	75	63	77	95	
89	55	92	54	66	80	
50	67	54	74	78	64	
78	89	70	69	62	95	
77	58	73	84	79	91	
58	61	77	94	84	86	
74	71	87	94	77	93	
51	72	73	92	57	97	
68	60	78	57	74	90	
84	82	99	88	54	78	
62	51	64	88	94	52	
59	57	67	68	60	86	
81	54	84	83	78	62	
80	64	96	98	70	87	
83	59	76	58	53	68	
84	99	85	77	97	89	
81	57	94	68	91	76	
148	109	129	128	113	146	
147	117	143	138	107	108	
136	137	108	117	138	125	
142	111	133	121	148	109	
143	148	131	115	138	106	
125	131	139	120	135	129	
109	146	127	101	102	149	
110	146	122	148	107	124	
110	101	141	103	125	109	
100	131	143	113	138	135	
135	108	104	144	116	139	
104	100	114	145	113	143	
108	130	120	115	134	139	
119	131	144	116	133	139	
143	149	121	129	100	127	
116	128	130	123	108	131	
133	109	103	123	105	132	
113	140	145	122	115	125	
149	115	102	133	105	114	
114	127	116	119	107	134	
137	139	113	129	105	145	
134	131	129	100	128	104	
146	115	100	127	118	106	
102	107	101	112	109	124	
144	124	118	141	130	134	
131	129	140	103	109	114	
137	149	127	133	126	123	
140	142	149	145	123	126	
112	113	147	144	125	126	
144	108	141	118	104	116	
120	105	104	146	137	148	
138	107	116	111	122	119	
144	107	118	124	117	115	
148	138	105	146	147	120	
132	104	126	130	125	119	
106	139	103	108	116	117	
141	145	146	143	106	107	
149	148	127	105	144	119	
142	139	116	123	126	138	
114	135	139	147	117	138	
111	145	123	139	124	125	
149	141	137	125	131	123	
128	129	120	136	118	124	
128	107	118	110	136	122	
106	146	105	142	103	135	
108	115	138	145	140	107	
102	108	116	112	113	103	
120	124	142	105	100	109	
109	138	149	105	115	144	
104	121	100	115	108	109	
168	181	161	172	197	192	
174	198	193	187	177	163	
195	197	158	188	150	191	
159	151	152	186	160	173	
173	187	194	182	189	152	
187	179	155	156	197	194	
163	166	188	161	185	173	
177	180	161	197	153	151	
182	156	165	174	166	186	
153	179	163	180	159	178	
199	169	170	161	187	191	
183	178	154	194	150	189	
176	186	152	184	174	171	
159	165	173	178	196	180	
189	193	183	199	185	168	
177	193	194	191	195	185	
194	156	190	188	160	197	
169	164	166	162	197	191	
176	168	152	178	164	159	
150	184	186	153	174	164	
158	156	191	189	181	179	
159	153	164	152	157	163	
186	191	155	160	188	176	
186	166	196	158	171	153	
178	150	173	188	184	180	
169	176	159	156	151	199	
192	185	193	186	173	163	
172	177	178	152	180	181	
159	196	185	190	199	191	
186	169	197	195	161	156	
182	177	169	159	190	154	
193	164	163	168	162	167	
173	178	154	159	198	184	
157	164	179	155	177	170	
171	189	182	163	177	198	
197	161	180	195	183	182	
154	197	164	160	183	166	
171	187	185	163	177	179	
173	176	199	161	177	151	
192	174	160	164	182	193	
176	185	163	165	169	157	
182	195	185	170	189	168	
178	153	191	168	154	172	
156	152	170	171	158	185	
166	196	193	177	192	199	
194	169	181	191	176	156	
177	162	196	150	154	164	
171	181	186	155	192	161	
172	156	169	155	176	190	
152	156	165	166	194	185	
240	239	227	246	205	224	
224	203	232	209	236	244	
217	200	218	212	245	215	
222	213	209	234	214	247	
247	211	202	221	239	222	
204	201	224	211	202	241	
218	224	248	209	203	201	
232	222	209	245	229	210	
245	200	215	225	231	241	
248	218	227	200	211	226	
244	234	205	217	203	229	
239	227	222	248	220	224	
232	238	233	201	225	210	
228	226	210	235	243	229	
242	221	246	248	233	206	
220	219	223	221	239	228	
249	245	235	241	229	207	
207	222	236	206	227	208	
223	239	236	206	241	201	
243	247	219	221	237	214	
230	208	247	232	201	219	
208	221	229	231	233	206	
249	227	230	217	232	239	
214	232	230	212	228	224	
200	213	211	235	214	248	
215	226	201	231	230	213	
226	233	249	246	236	215	
230	211	233	212	247	225	
204	207	248	211	236	216	
243	228	231	238	224	225	
247	234	211	209	213	200	
248	233	217	202	245	243	
202	216	207	227	219	231	
247	225	245	207	224	209	
223	219	206	233	244	248	
226	208	215	231	249	205	
224	203	239	237	208	217	
222	216	202	219	229	240	
243	225	240	212	233	242	
204	248	230	241	240	206	
240	213	214	246	219	215	
221	214	240	225	247	203	
225	211	234	210	209	245	
247	201	220	230	235	234	
215	243	200	244	246	210	
220	232	205	233	239	202	
215	243	216	224	207	241	
226	213	217	235	243	200	
224	226	223	239	230	248	
219	243	230	247	216	204	
293	251	257	259	275	282	
250	299	264	251	269	287	
296	274	262	278	253	260	
280	296	264	276	270	273	
263	270	294	250	281	277	
277	274	262	268	272	266	
274	280	276	268	258	293	
256	288	296	294	295	282	
299	261	279	292	259	281	
299	255	268	259	282	297	
267	262	296	254	259	273	
260	252	251	293	280	253	
269	278	255	271	258	292	
252	283	271	265	251	298	
292	269	270	275	263	271	
286	265	263	289	275	262	
299	252	297	255	272	260	
289	266	287	276	292	279	
256	259	287	272	293	294	
298	253	280	286	287	255	
253	260	264	267	277	290	
277	292	260	263	270	298	
264	292	259	295	279	274	
269	273	270	250	271	291	
291	296	298	267	270	282	
274	255	268	260	280	251	
263	280	261	291	285	258	
271	279	289	295	280	264	
278	255	280	269	288	293	
290	250	280	273	257	297	
294	256	295	261	269	263	
269	284	298	267	268	275	
287	292	281	293	253	296	
267	266	277	298	294	259	
273	255	262	281	253	296	
261	251	257	255	289	284	
250	278	283	276	294	251	
251	284	297	299	255	262	
250	292	287	283	279	297	
270	296	253	260	284	266	
269	281	259	285	250	291	
273	274	262	257	275	283	
282	289	297	262	290	266	
294	270	296	265	263	298	
250	279	290	266	254	289	
264	259	296	255	270	257	
266	297	268	287	261	282	
254	279	264	256	259	296	
288	258	267	287	296	252	
256	250	274	254	278	260	
319	348	322	341	310	316	
303	334	318	341	301	324	
322	348	347	349	316	336	
300	317	336	348	312	343	
329	309	336	340	319	341	
327	319	310	305	314	301	
313	338	341	304	324	317	
340	302	326	328	333	314	
334	309	307	342	332	343	
334	323	307	332	300	319	
329	316	344	319	337	300	
348	340	333	326	314	312	
343	326	306	333	328	320	
309	324	326	318	329	331	
335	327	349	305	321	320	
348	338	324	333	345	304	
305	327	320	308	346	318	
301	308	323	329	330	306	
312	341	327	339	309	332	
301	323	329	306	314	327	
320	304	319	337	330	302	
343	307	311	334	308	335	
339	314	317	301	326	338	
315	329	340	343	324	302	
316	302	314	323	347	328	
331	337	330	301	345	302	
307	308	300	316	330	320	
317	335	325	339	342	330	
330	305	342	335	346	313	
341	300	333	307	311	303	
316	338	310	322	341	323	
343	323	316	330	349	329	
324	342	329	334	318	325	
335	332	304	315	336	334	
310	302	346	334	307	339	
323	329	334	338	349	331	
342	340	302	344	331	334	
309	318	331	344	305	323	
316	303	304	306	312	335	
339	321	338	304	301	323	
316	342	318	323	340	345	
309	313	316	310	321	340	
336	304	324	340	348	308	
349	347	337	306	321	312	
344	332	335	333	331	322	
320	339	346	305	331	329	
322	321	340	318	300	319	
331	306	301	319	337	309	
310	320	318	332	303	338	
341	349	317	303	313	330	
377	370	369	398	375	361	
358	391	357	353	361	386	
396	386	391	365	387	375	
390	352	398	393	377	358	
399	389	359	372	386	393	
372	367	374	371	391	368	
372	399	356	350	361	354	
398	385	393	379	387	350	
351	376	367	384	395	374	
390	356	377	387	353	383	
379	361	399	364	352	380	
353	362	375	398	351	363	
361	399	377	378	387	367	
392	351	373	377	376	379	
379	378	353	389	365	390	
365	370	373	393	367	376	
383	385	386	357	362	381	
350	351	376	354	384	397	
395	376	399	377	352	350	
352	362	356	384	385	376	
359	356	395	384	351	380	
356	396	390	360	364	365	
380	363	356	396	374	373	
365	392	358	366	381	394	
369	364	375	399	379	396	
374	356	390	354	378	359	
370	355	357	394	353	356	
366	363	370	376	392	375	
399	373	398	380	379	396	
350	368	383	399	377	398	
351	381	393	382	350	396	
373	379	356	381	382	370	
364	371	380	399	377	367	
389	354	363	355	362	397	
397	389	382	361	356	380	
390	386	364	351	355	368	
366	354	399	360	378	390	
376	395	377	389	394	370	
382	353	364	363	379	358	
366	360	377	389	385	396	
376	356	362	360	357	375	
390	366	386	397	380	374	
357	395	388	370	367	375	
374	359	376	370	379	382	
372	378	350	388	371	376	
392	352	378	396	362	367	
377	376	370	371	388	389	
357	379	373	387	355	393	
393	372	366	398	370	365	
391	387	385	363	388	378	
445	414	440	449	411	428	
443	406	418	400	405	407	
443	444	414	434	402	405	
410	414	403	402	445	416	
444	414	405	433	413	431	
443	438	414	428	420	446	
430	445	442	411	438	409	
441	436	404	434	405	422	
418	425	400	448	433	423	
404	434	441	445	400	433	
400	402	403	417	414	445	
442	405	435	407	419	433	
436	421	442	438	449	413	
434	443	448	449	404	402	
408	406	417	414	416	441	
413	448	424	416	420	404	
436	421	444	442	422	405	
428	447	419	400	425	415	
439	406	426	449	419	442	
400	417	441	437	433	438	
442	418	407	441	430	424	
400	417	432	416	404	443	
416	428	412	431	407	430	
422	427	425	434	428	417	
428	437	410	415	411	407	
431	445	420	440	402	413	
433	430	424	429	446	409	
424	402	414	419	407	442	
436	442	445	440	411	435	
432	412	420	431	413	407	
414	405	440	404	422	410	
405	426	428	446	443	411	
440	442	443	412	405	427	
416	437	426	433	445	428	
404	426	425	436	430	412	
429	410	433	424	406	432	
434	403	439	433	443	442	
410	435	421	426	423	444	
427	411	420	437	436	416	
427	448	433	409	428	419	
428	406	404	415	409	418	
419	416	433	437	405	436	
449	426	425	427	442	437	
440	423	447	407	427	439	
441	437	415	435	443	447	
401	415	425	429	432	412	
434	444	409	415	406	435	
444	442	445	426	414	404	
415	448	407	416	443	419	
425	405	426	413	443	436	
476	473	482	495	499	484	
473	487	464	483	494	453	
475	493	454	481	456	499	
470	463	489	469	458	471	
455	474	453	468	471	488	
475	495	498	476	496	480	
452	490	454	455	498	459	
465	483	486	476	470	458	
477	463	492	491	467	480	
462	491	487	459	475	495	
498	483	499	495	466	490	
472	493	456	496	476	487	
450	486	493	452	488	461	
463	450	492	462	470	494	
452	477	475	486	461	493	
498	471	455	468	453	469	
492	478	493	485	469	475	
462	460	456	452	450	461	
493	462	463	487	452	490	
452	457	453	460	496	482	
476	465	473	495	453	478	
485	461	452	489	451	464	
463	452	461	484	454	486	
484	485	457	468	498	495	
492	481	499	484	453	478	
450	452	499	459	489	496	
496	450	470	462	485	469	
464	491	485	468	450	465	
454	457	476	480	470	495	
489	473	487	484	467	460	
492	482	459	488	479	469	
492	487	459	461	460	490	
462	453	480	451	464	477	
472	461	451	457	483	450	
495	460	484	454	469	450	
478	450	492	471	451	482	
471	492	493	459	465	461	
481	469	488	451	461	499	
455	453	476	450	463	482	
450	496	492	462	499	476	
467	497	498	468	464	469	
460	498	488	493	471	455	
453	458	492	454	495	486	
451	463	494	461	464	485	
454	499	493	487	476	456	
490	471	455	497	468	463	
474	468	470	469	486	489	
487	489	451	498	485	488	
476	483	487	474	455	481	
484	495	473	455	486	483	
44	27	45	49	42	23	39	
5	21	34	47	11	25	19	
35	16	25	47	1	28	49	
26	37	20	34	27	29	49	
26	3	25	39	15	48	28	
14	12	10	20	45	42	27	
3	47	21	28	6	1	11	
5	2	3	43	17	14	28	
22	4	5	16	44	21	0	
31	15	13	36	14	6	22	
26	48	35	24	13	20	5	
21	1	28	24	47	26	3	
11	22	20	7	49	10	39	
44	23	25	38	32	18	45	
7	8	20	11	27	46	18	
36	4	22	17	20	11	41	
47	37	34	41	2	27	29	
30	32	21	41	28	17	7	
16	32	0	38	42	37	36	
35	13	3	17	8	28	41	
42	43	8	34	17	1	5	
33	20	8	28	2	40	18	
22	3	19	45	9	6	16	
0	16	39	38	29	37	1	
47	42	10	46	26	19	34	
37	33	3	9	15	27	10	
23	7	43	22	21	13	0	
48	10	33	4	8	20	44	
40	23	7	46	27	1	47	
23	49	8	9	7	35	45	
32	44	34	47	23	21	10	
40	34	42	30	38	16	10	
38	18	41	37	46	49	11	
26	33	36	28	47	37	16	
26	48	34	31	49	24	38	
44	2	25	8	21	42	12	
34	47	31	13	42	38	12	
12	26	6	4	42	5	29	
28	16	15	25	14	43	31	
30	32	13	9	2	16	42	
15	34	35	30	23	1	12	
5	43	6	34	38	37	35	
19	39	26	49	3	28	25	
18	45	17	42	23	7	30	
22	3	33	46	40	14	13	
6	36	24	40	15	35	47	
24	49	37	43	42	12	10	
39	48	26	2	15	19	46	
3	20	0	1	16	48	11	
16	37	41	47	43	23	42	
72	83	50	71	92	87	85	
55	74	67	82	94	50	51	
66	72	92	93	91	74	70	
97	65	52	78	55	66	57	
73	77	67	83	50	88	55	
86	71	65	79	74	50	89	
53	80	97	58	78	50	72	
63	52	75	56	76	79	65	
75	97	95	70	59	51	73	
91	88	52	61	74	95	58	
65	98	56	54	66	76	63	
92	83	59	87	52	62	56	
97	76	50	85	54	70	74	
87	64	96	94	72	95	81	
99	59	90	92	97	56	76	
96	79	93	99	53	70	62	
57	69	70	89	95	71	97	
50	53	75	85	66	81	84	
70	99	56	78	87	88	81	
61	66	88	73	80	93	69	
83	98	82	59	67	63	91	
86	55	68	74	98	78	80	
68	98	77	80	55	62	71	
97	82	51	77	94	61	70	
85	89	79	99	57	96	63	
88	54	90	81	71	55	95	
67	66	63	72	75	52	87	
82	90	75	69	81	68	59	
90	65	79	70	60	91	96	
83	88	98	86	59	73	69	
52	68	58	73	84	86	81	
68	56	75	72	90	57	59	
61	68	95	98	85	76	57	
80	90	75	55	74	58	94	
57	92	52	90	83	54	55	
79	66	83	72	52	92	85	
55	53	65	66	83	63	82	
55	77	68	52	50	78	63	
61	60	52	93	58	84	53	
94	60	92	86	53	90	56	
67	72	58	65	96	57	70	
75	72	81	68	61	90	62	
87	51	84	86	55	82	50	
85	94	88	59	86	55	58	
74	71	68	56	89	62	93	
84	72	50	60	96	68	89	
92	96	69	57	72	67	66	
88	72	84	63	57	62	98	
86	84	52	74	78	99	98	
93	55	96	50	60	75	92	
120	141	143	116	111	129	108	
115	116	105	106	147	123	104	
131	137	148	141	142	124	136	
109	106	136	132	116	148	144	
129	144	143	108	118	125	114	
136	102	147	105	140	112	126	
136	148	117	149	147	123	124	
115	104	137	118	133	129	127	
105	129	100	109	143	119	108	
116	126	109	120	102	145	127	
144	129	132	127	121	115	112	
107	131	128	129	101	102	120	
137	122	138	139	134	117	111	
144	117	122	108	104	130	148	
111	141	135	123	125	148	114	
132	117	144	104	146	138	112	
115	109	145	138	125	102	130	
125	119	146	149	129	134	131	
122	140	108	112	119	148	116	
115	102	132	130	134	133	149	
127	122	117	108	101	109	105	
118	134	108	104	102	127	116	
113	136	122	146	137	100	124	
100	129	140	122	139	146	110	
115	146	138	129	118	140	130	
107	146	123	141	127	113	122	
114	133	149	118	134	111	109	
137	117	105	146	102	130	119	
137	128	145	106	127	116	109	
100	115	106	123	103	147	114	
108	143	130	128	101	121	102	
148	139	126	123	108	149	143	
142	108	132	129	121	107	143	
103	130	119	124	127	141	147	
131	130	135	107	133	120	110	
122	114	148	142	125	100	147	
106	113	118	144	147	119	124	
110	101	115	108	118	136	113	
100	142	113	138	135	102	104	
128	148	106	110	109	143	130	
115	146	108	114	144	118	112	
116	134	103	120	145	143	132	
137	143	105	132	104	108	121	
146	138	116	100	127	117	101	
108	100	103	128	130	121	139	
147	133	148	131	130	135	108	
114	146	137	130	105	103	115	
132	109	146	115	143	117	101	
109	123	125	149	119	115	141	
148	130	137	114	136	113	111	
172	151	171	191	153	162	150	
180	184	153	182	171	170	175	
153	187	173	184	151	188	195	
175	156	151	150	162	186	191	
186	151	177	165	155	197	183	
150	185	174	198	161	197	157	
156	154	172	155	196	182	169	
153	150	158	194	170	160	197	
198	165	183	179	166	178	181	
182	163	158	192	176	185	199	
165	155	178	172	163	189	184	
194	156	160	171	165	197	164	
161	180	158	154	198	163	165	
177	184	185	161	166	188	198	
171	184	155	162	178	159	164	
163	160	151	187	191	168	159	
171	184	153	193	172	175	190	
161	179	185	152	170	158	182	
168	178	151	153	177	199	198	
166	171	158	180	161	184	168	
181	189	194	196	192	182	160	
153	196	180	176	185	164	152	
160	195	150	165	179	196	186	
189	167	173	190	197	193	183	
182	190	197	196	173	172	184	
165	174	197	182	159	196	185	
186	195	176	154	158	190	189	
186	152	188	159	183	151	177	
174	156	158	188	194	196	169	
197	193	178	183	166	153	163	
150	184	199	168	178	166	197	
190	162	181	175	151	159	191	
187	160	189	185	195	152	191	
175	188	183	187	194	178	195	
180	195	158	175	172	194	157	
165	198	172	171	156	192	183	
180	170	189	150	186	184	172	
193	166	190	184	167	155	151	
176	181	154	153	170	185	196	
165	194	157	181	185	163	199	
180	189	166	182	193	161	157	
151	165	195	174	185	197	193	
150	151	177	179	164	171	159	
193	154	186	158	169	179	176	
191	160	185	186	194	156	195	
188	161	168	160	185	170	178	
175	155	167	161	163	164	192	
157	182	152	184	175	193	162	
188	170	165	160	199	171	179	
175	177	199	171	176	174	189	
214	237	212	228	217	224	239	
230	216	231	236	205	243	222	
214	232	225	210	218	212	213	
204	218	205	212	236	228	248	
201	215	205	234	200	204	210	
215	205	234	246	239	207	221	
201	245	213	228	229	226	219	
247	203	227	214	222	209	241	
212	248	227	213	205	222	249	
244	209	234	203	218	242	230	
212	228	244	249	227	202	213	
247	223	221	231	227	240	235	
220	245	230	218	240	226	247	
234	213	235	209	237	217	228	
202	208	230	221	215	234	200	
205	237	229	203	204	215	228	
238	244	212	214	239	237	233	
200	242	233	227	215	204	231	
203	229	214	241	245	246	211	
228	231	239	205	224	209	230	
236	217	203	211	243	220	202	
221	235	239	226	246	232	203	
239	228	200	212	213	247	210	
245	234	223	203	204	246	209	
242	210	237	249	225	247	212	
240	221	204	220	232	206	229	
205	204	221	216	228	213	215	
203	240	216	224	225	208	248	
203	229	214	215	211	212	243	
227	212	232	236	220	211	207	
205	211	246	220	244	223	204	
235	201	240	237	231	217	202	
224	220	216	228	211	223	242	
205	206	242	230	244	231	203	
239	212	202	238	217	240	207	
208	228	238	225	220	234	203	
245	236	217	231	227	206	216	
236	200	243	205	203	228	232	
219	204	207	218	239	242	226	
240	236	243	242	217	241	229	
214	211	213	215	244	246	224	
208	247	214	202	209	229	204	
233	248	217	226	240	241	213	
220	242	217	221	215	240	224	
224	202	220	240	235	244	242	
205	242	243	229	215	226	247	
216	208	233	238	232	229	203	
232	215	204	228	208	224	229	
248	240	241	223	210	247	231	
237	233	227	225	215	221	241	
279	286	270	265	254	295	273	
271	273	282	284	272	290	250	
251	274	265	289	253	295	298	
274	270	254	261	266	293	271	
282	265	257	281	287	297	250	
296	295	283	284	259	270	262	
254	297	281	275	262	257	259	
266	289	260	279	253	286	250	
298	270	297	276	291	280	263	
272	279	297	275	257	262	284	
274	285	292	288	282	287	297	
263	291	261	252	251	273	264	
262	270	258	289	256	299	283	
259	288	286	270	260	293	253	
264	270	290	253	277	251	258	
269	258	282	284	297	254	253	
265	282	255	275	285	278	272	
289	257	290	272	251	256	255	
251	267	274	296	257	277	292	
250	285	286	288	271	268	277	
289	296	299	288	265	279	268	
275	298	273	264	295	270	286	
259	253	285	263	299	296	286	
282	289	286	260	297	257	298	
284	290	286	253	274	281	283	
257	286	277	290	291	287	288	
285	271	270	258	259	269	279	
280	256	283	274	287	253	258	
283	267	261	296	280	292	270	
255	274	297	293	296	277	288	
268	292	271	250	290	275	279	
262	293	278	271	251	286	265	
290	258	269	282	291	281	277	
256	299	260	295	254	283	275	
262	271	278	287	274	293	252	
273	262	282	276	293	291	251	
284	285	257	287	291	270	280	
280	263	292	277	298	258	294	
283	259	280	293	270	284	267	
289	262	278	284	270	286	253	
279	276	263	250	277	274	257	
272	263	265	270	294	250	275	
298	267	254	251	257	260	287	
292	277	270	278	281	276	282	
274	264	250	293	279	281	269	
279	284	297	268	282	287	250	
270	273	297	264	279	256	275	
263	295	287	264	270	257	269	
279	276	287	274	293	284	256	
252	295	285	258	283	280	299	
331	343	304	318	337	336	309	
340	342	339	309	343	330	329	
315	306	308	310	303	305	316	
316	331	336	324	349	346	337	
309	314	342	334	316	306	308	
326	320	327	335	345	301	344	
349	308	317	324	345	343	344	
345	329	332	343	324	330	321	
326	335	333	310	337	311	314	
308	327	304	305	344	328	345	
323	319	330	307	335	312	329	
343	329	302	315	300	336	303	
318	312	339	305	319	321	329	
335	346	345	309	337	331	314	
318	348	346	347	332	333	316	
301	336	329	310	346	306	338	
348	316	347	336	313	305	335	
315	312	337	319	331	328	316	
347	305	337	346	333	310	324	
346	341	326	343	302	323	303	
311	321	334	325	349	329	312	
308	302	303	331	343	316	340	
305	301	339	313	322	345	330	
347	325	303	308	338	336	316	
337	325	327	300	318	315	316	
345	338	343	317	311	326	349	
327	319	304	314	328	332	323	
324	315	345	313	326	341	349	
338	325	305	332	340	312	333	
335	314	345	343	319	306	337	
318	313	308	332	300	310	327	
313	332	344	317	333	348	341	
308	320	304	300	318	315	303	
341	324	338	302	313	307	300	
315	349	309	330	324	319	345	
339	306	318	321	320	311	346	
305	319	309	332	313	344	301	
311	347	325	317	346	312	326	
347	337	306	329	331	330	333	
347	306	334	320	304	308	317	
303	301	302	332	331	317	322	
327	311	319	333	330	331	300	
349	306	339	305	303	340	335	
312	343	319	349	304	339	323	
348	319	335	336	314	300	345	
316	306	314	340	349	339	301	
329	325	343	339	316	300	301	
321	332	338	319	328	317	324	
312	332	343	324	341	339	334	
311	347	300	313	301	346	329	
359	367	398	387	396	371	350	
378	389	397	394	361	359	358	
355	388	394	372	379	361	366	
385	392	386	375	365	358	396	
350	351	373	370	355	398	386	
366	391	358	396	399	368	376	
367	380	365	398	388	383	382	
374	354	368	360	380	383	362	
364	381	386	354	380	396	382	
376	395	374	387	355	389	391	
352	359	399	375	381	395	384	
355	384	367	395	364	394	372	
369	367	376	396	352	364	370	
363	385	353	372	364	360	381	
386	368	392	360	388	376	382	
377	384	358	394	373	365	372	
360	355	393	381	384	370	396	
373	357	353	392	376	391	380	
399	391	352	383	385	364	382	
357	356	364	389	377	374	362	
362	383	399	377	360	390	371	
392	382	385	386	361	370	376	
373	375	380	396	377	353	350	
361	367	373	363	356	354	384	
397	373	364	396	393	354	378	
359	366	375	398	353	385	390	
392	395	398	368	350	353	362	
388	363	361	354	366	377	383	
387	360	371	385	376	394	380	
387	388	361	357	376	393	396	
397	393	395	380	355	386	366	
369	360	351	385	376	397	352	
378	372	379	384	357	396	390	
392	358	381	391	352	362	366	
365	375	356	368	399	380	377	
396	373	361	356	366	354	385	
384	375	397	363	391	366	364	
369	383	377	378	397	394	361	
380	399	354	373	394	370	374	
370	398	376	385	395	358	397	
373	367	387	376	370	366	393	
356	358	383	362	374	353	352	
392	361	375	372	384	360	377	
368	389	358	356	371	367	398	
384	391	370	379	351	363	365	
363	384	352	361	371	390	355	
377	381	359	390	371	384	372	
360	394	376	356	368	387	377	
398	369	365	360	378	389	366	
377	353	355	363	399	380	388	
436	417	439	407	443	435	411	
435	420	411	426	431	405	424	
442	405	423	409	413	410	447	
426	418	402	427	444	404	412	
406	431	448	423	435	440	414	
401	426	435	406	440	413	436	
446	409	419	418	406	415	423	
429	406	400	410	428	437	401	
447	434	431	443	410	404	426	
427	416	417	423	442	410	419	
447	419	441	439	446	448	408	
415	448	423	443	446	439	449	
405	440	439	447	421	414	428	
417	435	427	438	423	434	407	
412	448	439	401	413	435	416	
424	447	423	408	439	406	438	
441	448	411	416	445	423	436	
403	421	407	444	428	449	442	
414	449	424	407	402	438	443	
430	406	416	431	413	433	428	
406	448	436	427	410	402	419	
425	406	409	405	426	449	416	
443	412	439	426	402	428	409	
416	446	428	434	436	400	401	
403	401	430	402	445	427	407	
432	409	448	422	400	406	419	
432	406	412	413	414	441	431	
419	446	443	428	442	426	404	
428	407	418	412	414	448	404	
412	423	415	414	440	449	420	
434	432	428	400	408	406	430	
439	400	427	428	418	415	446	
430	402	404	403	426	439	431	
428	404	405	442	421	437	449	
441	423	429	430	401	442	417	
414	431	420	442	402	432	422	
446	432	426	442	406	433	404	
420	449	442	408	403	425	431	
427	428	424	409	404	431	403	
440	427	401	403	447	438	445	
423	427	419	408	415	403	411	
447	434	448	430	443	429	407	
445	423	408	403	410	449	433	
401	425	409	431	400	444	437	
417	448	426	443	405	411	420	
414	433	412	416	415	410	408	
413	404	430	407	435	408	437	
430	428	405	426	449	439	436	
438	417	424	412	447	437	402	
424	442	403	440	411	419	402	
472	494	490	489	460	467	487	
484	494	463	459	491	472	475	
494	463	482	460	483	485	476	
498	455	478	454	485	479	495	
451	466	457	494	485	479	456	
458	490	468	484	488	475	456	
497	480	466	459	464	460	486	
451	474	477	468	476	493	492	
466	497	456	468	458	454	495	
498	450	486	468	456	481	462	
492	455	463	474	470	482	498	
467	465	499	456	480	453	490	
478	484	481	459	498	461	485	
453	474	471	451	487	467	455	
465	494	479	477	468	476	498	
477	488	490	481	459	499	474	
497	482	465	478	455	483	463	
473	499	470	468	475	481	485	
467	496	477	485	461	482	498	
456	497	482	498	452	467	450	
465	456	499	489	469	454	477	
498	473	451	488	454	479	456	
487	472	455	494	485	461	491	
484	458	495	499	455	469	497	
467	498	469	458	473	470	483	
456	498	490	466	461	477	452	
453	479	461	473	499	468	469	
483	494	459	482	477	480	452	
487	479	462	459	488	491	482	
471	452	478	451	490	477	484	
469	480	474	462	487	467	468	
492	474	453	488	489	465	452	
455	486	489	495	471	492	487	
482	496	467	452	488	493	451	
476	491	482	455	457	466	483	
487	458	495	476	450	494	482	
480	492	466	451	458	486	493	
462	459	485	482	473	499	481	
459	454	488	486	478	458	489	
453	469	497	480	452	490	462	
482	472	490	498	476	494	467	
477	475	468	484	452	454	471	
485	480	498	495	456	499	472	
465	462	493	477	456	496	468	
471	485	478	470	494	463	483	
458	487	493	452	496	491	463	
491	456	488	499	472	470	465	
494	499	450	457	476	471	487	
453	475	452	493	455	479	489	
477	492	474	460	491	483	459	
0	41	2	19	24	38	21	31	
6	46	17	0	8	49	24	45	
30	1	37	38	36	44	43	28	
13	3	9	20	48	37	45	16	
37	18	38	4	19	48	27	30	
37	4	19	39	3	18	10	11	
37	42	7	18	34	35	11	31	
14	9	13	11	19	40	46	1	
0	32	27	12	46	33	24	2	
8	41	23	5	48	21	32	30	
11	20	6	38	26	9	27	23	
32	34	11	23	5	4	46	13	
28	36	32	30	41	22	49	17	
37	9	40	49	25	17	14	11	
41	38	3	1	21	7	39	47	
25	22	0	37	4	10	8	14	
36	7	28	40	49	10	47	21	
41	8	7	32	23	1	18	2	
5	47	39	44	2	11	12	32	
18	31	48	17	36	14	32	27	
9	17	31	22	4	35	41	12	
40	49	9	32	21	39	41	4	
46	47	11	36	0	49	17	18	
35	7	39	46	41	20	37	23	
34	2	6	44	3	26	10	39	
36	32	35	20	5	34	39	1	
47	20	18	33	2	43	45	37	
6	21	22	10	15	38	12	23	
41	6	43	5	21	9	42	4	
15	26	37	39	35	25	29	11	
16	2	22	20	9	3	28	0	
0	38	44	27	3	12	18	43	
4	10	37	30	38	3	45	28	
28	9	17	31	22	20	27	36	
20	26	41	34	21	1	46	13	
0	26	12	46	18	40	24	22	
43	34	23	47	42	2	3	5	
24	46	33	37	1	21	42	31	
39	49	44	47	11	21	48	42	
22	21	36	29	17	27	45	20	
5	49	34	44	7	40	12	19	
20	36	12	23	40	30	16	49	
29	27	11	45	6	2	16	33	
3	38	43	44	41	10	5	8	
17	25	7	3	32	35	42	18	
29	35	23	40	39	48	20	38	
34	9	14	25	36	0	48	37	
20	47	12	2	49	36	39	41	
47	40	41	39	30	27	5	45	
11	25	33	26	14	13	30	9	
56	92	98	65	63	78	51	66	
67	59	92	80	91	71	82	50	
71	78	63	59	74	93	88	65	
59	82	56	89	90	52	62	94	
72	74	68	83	75	87	93	73	
50	72	79	63	99	88	68	54	
95	55	72	76	54	97	53	90	
54	56	94	85	74	76	52	89	
63	82	54	60	85	55	97	88	
59	51	66	83	50	77	96	55	
85	82	93	70	73	56	91	51	
81	52	59	97	60	94	86	93	
60	52	63	84	85	57	55	99	
87	60	91	93	64	67	79	68	
78	72	82	60	89	93	87	50	
70	62	73	56	71	51	90	61	
96	78	98	53	60	82	92	93	
76	77	62	59	85	54	96	86	
74	98	92	83	51	53	79	58	
68	51	72	70	78	92	89	63	
83	70	74	77	67	73	79	90	
57	68	69	95	88	53	63	81	
91	58	86	95	83	64	56	72	
52	68	73	98	57	82	79	78	
61	59	66	60	68	78	64	96	
92	67	71	80	58	93	51	57	
64	90	60	89	68	81	56	65	
62	75	97	98	73	92	55	66	
70	50	54	69	56	74	71	87	
77	94	51	54	52	79	64	50	
65	92	59	99	62	72	85	58	
70	74	93	95	82	81	98	68	
76	67	79	58	50	55	91	98	
84	89	93	78	50	92	73	81	
59	85	73	77	93	80	57	91	
89	79	98	88	81	67	63	92	
76	86	72	51	83	84	75	63	
95	70	55	65	72	94	74	54	
99	66	86	84	73	71	62	55	
56	75	90	76	69	63	80	65	
75	74	64	57	97	95	65	93	
62	58	89	56	52	82	73	94	
71	97	99	78	76	96	94	56	
90	63	71	54	75	81	61	68	
77	57	70	71	54	60	59	94	
73	88	52	78	90	66	91	55	
83	58	96	75	56	66	70	92	
53	93	73	52	92	56	55	91	
68	83	74	93	91	96	56	89	
73	74	77	89	50	92	76	72	
105	121	106	116	129	126	109	124	
117	108	103	119	101	120	131	138	
127	119	137	109	138	148	121	110	
127	121	118	119	115	110	143	140	
106	124	140	146	138	122	105	110	
126	131	102	116	139	100	138	106	
148	104	134	143	113	114	132	112	
122	136	105	135	130	140	148	108	
141	143	140	146	142	148	135	111	
105	119	126	129	122	120	106	135	
140	120	107	110	127	112	147	114	
116	132	130	110	117	139	113	141	
118	102	119	115	107	106	149	143	
147	139	126	108	109	123	124	136	
102	106	103	147	131	101	133	137	
147	138	108	129	133	110	103	145	
139	144	123	140	138	116	101	136	
112	116	110	103	130	145	117	111	
146	123	104	113	109	107	100	134	
132	146	109	119	115	105	110	106	
138	148	123	112	131	149	107	119	
119	135	121	110	101	129	145	136	
113	146	124	103	147	143	121	112	
130	131	138	119	120	132	140	102	
116	128	144	132	127	126	100	120	
117	132	138	133	101	147	143	118	
126	143	140	103	111	121	108	114	
139	127	114	121	108	124	123	129	
132	143	100	147	115	119	122	117	
126	146	115	117	142	111	120	129	
100	108	148	104	124	130	117	129	
144	142	139	128	102	104	138	140	
146	135	141	101	103	104	138	142	
126	127	122	108	104	124	146	134	
118	103	115	130	147	109	143	134	
106	133	110	130	143	136	140	118	
148	135	113	147	134	103	122	119	
104	123	111	127	102	137	101	145	
138	146	143	118	136	115	132	142	
127	133	120	139	122	137	111	109	
126	117	123	124	141	138	105	129	
116	148	135	129	134	108	114	107	
115	142	144	129	101	116	104	139	
114	101	146	130	100	106	120	148	
106	131	149	145	141	125	130	144	
124	142	112	140	147	104	101	123	
147	145	137	135	130	107	112	105	
125	105	131	119	120	143	100	118	
132	102	125	100	144	101	128	146	
147	109	103	143	127	126	101	122	
174	160	179	176	159	193	165	192	
179	153	172	154	175	174	188	183	
156	168	158	174	175	183	195	176	
158	188	152	190	179	193	172	164	
170	185	177	187	182	173	155	154	
158	171	163	198	152	167	175	191	
160	168	161	184	189	192	194	167	
166	150	197	164	167	154	172	170	
150	166	193	187	156	167	165	192	
192	175	156	195	162	150	166	174	
181	185	153	170	199	183	197	169	
164	197	154	181	158	199	193	165	
183	157	182	164	193	197	185	192	
151	177	184	154	167	171	196	198	
188	177	150	151	173	196	157	167	
160	185	173	156	180	194	175	164	
162	194	188	166	160	161	171	190	
154	163	194	159	195	150	157	167	
192	157	190	150	154	171	193	165	
153	177	198	167	166	151	156	178	
176	159	191	153	188	182	190	197	
159	184	195	165	185	177	196	151	
150	198	165	186	172	180	176	177	
179	165	198	162	176	188	199	156	
160	182	191	173	155	176	185	150	
165	164	169	174	153	192	168	182	
160	173	189	154	172	185	187	168	
191	173	196	165	171	174	164	154	
162	176	165	164	171	159	188	182	
185	168	160	150	157	174	175	194	
172	181	193	154	180	185	165	192	
176	153	193	178	190	187	169	172	
181	167	196	198	174	193	183	164	
181	188	173	175	154	187	168	196	
166	158	182	195	180	175	173	172	
162	177	170	152	182	169	172	183	
158	175	181	195	157	153	192	174	
190	170	167	198	164	176	156	186	
184	173	192	182	165	195	171	160	
192	152	188	197	177	174	167	156	
174	156	169	189	177	166	155	172	
190	194	158	167	199	178	179	191	
183	164	166	151	185	152	167	169	
188	165	151	169	160	152	176	195	
156	166	159	185	183	188	160	169	
188	199	155	152	191	168	187	186	
178	152	171	176	155	172	157	190	
180	164	174	165	154	162	157	197	
196	191	155	192	176	173	167	171	
181	195	178	156	154	157	158	176	
219	237	235	233	243	238	247	227	
204	214	233	228	230	219	223	218	
240	207	213	239	212	214	237	246	
218	237	202	211	239	241	233	249	
209	221	222	203	216	220	238	225	
222	245	211	214	239	229	213	212	
230	211	215	220	205	237	239	235	
226	240	234	200	221	209	248	246	
211	215	232	246	229	248	244	209	
227	241	236	221	211	218	243	240	
232	205	209	213	222	229	240	206	
246	214	247	223	243	203	231	233	
235	210	209	202	231	215	203	229	
226	230	203	202	249	211	222	236	
231	244	224	202	213	247	245	237	
206	222	213	220	225	234	229	249	
206	222	201	227	231	218	219	224	
203	219	236	222	211	241	226	200	
249	246	234	242	239	217	218	203	
214	228	234	212	225	230	217	207	
216	211	246	200	207	222	220	224	
209	228	233	204	217	230	213	201	
209	233	241	214	216	238	231	245	
236	208	223	229	212	243	211	235	
245	217	243	216	237	230	214	222	
247	200	201	231	220	217	223	207	
240	238	206	216	211	224	210	205	
233	228	209	249	226	245	208	234	
202	241	218	248	229	206	214	242	
232	216	218	225	206	223	244	248	
243	202	203	232	233	234	212	223	
201	209	237	214	208	223	224	228	
219	224	223	216	231	202	240	227	
230	249	223	245	206	202	208	214	
209	225	247	240	210	211	216	246	
206	245	249	224	221	230	216	203	
224	228	237	247	207	249	210	236	
218	230	235	246	204	240	247	229	
234	200	240	219	229	249	208	233	
203	204	239	205	245	216	220	201	
218	229	212	213	239	210	234	245	
248	228	204	203	235	215	208	225	
207	229	222	243	217	226	218	204	
241	222	202	214	207	230	242	240	
208	200	231	227	233	240	203	218	
231	248	249	246	233	201	236	247	
207	243	249	204	219	242	222	213	
225	248	230	207	238	232	231	234	
248	238	233	227	241	232	240	226	
224	214	210	229	218	216	209	200	
259	284	290	291	285	266	250	280	
271	281	265	256	267	251	268	294	
274	282	265	252	271	292	285	263	
270	299	260	282	290	281	297	285	
295	255	262	285	250	297	289	287	
281	294	262	257	288	286	275	260	
284	264	281	297	265	270	283	286	
284	263	276	251	285	286	292	287	
261	254	255	269	294	252	268	265	
272	268	280	271	261	299	292	260	
289	299	287	255	257	277	274	269	
280	265	283	273	284	292	297	279	
282	298	256	258	257	296	285	294	
255	266	273	282	274	283	265	297	
260	283	252	279	272	294	254	289	
280	279	296	284	276	263	258	286	
273	268	294	291	260	295	299	280	
277	272	268	256	276	260	257	293	
280	259	253	297	289	286	254	257	
269	293	294	276	287	285	261	273	
251	281	263	253	284	272	267	262	
282	250	266	275	267	259	284	278	
291	276	279	288	265	278	250	298	
256	251	257	287	290	294	299	255	
259	264	297	287	286	294	289	258	
268	281	290	289	283	291	293	261	
280	263	294	261	287	278	292	277	
276	285	261	262	293	273	286	282	
293	265	285	256	289	294	279	282	
269	278	286	275	255	297	284	271	
290	270	294	257	282	289	293	260	
253	278	274	289	279	256	297	250	
293	270	252	299	287	265	259	290	
294	285	281	277	251	260	254	262	
289	273	274	265	294	271	296	297	
254	270	264	273	252	292	278	284	
275	256	262	283	252	272	291	270	
259	264	253	297	284	280	274	291	
297	284	271	276	295	285	269	261	
296	299	293	257	256	267	292	254	
253	276	298	278	275	263	251	296	
255	251	258	291	288	281	264	295	
285	283	266	278	277	275	293	297	
250	267	272	276	270	283	252	299	
280	297	295	292	285	286	276	298	
262	297	257	255	256	282	251	288	
280	260	277	256	287	265	290	285	
298	278	268	286	251	292	296	253	
262	299	266	291	286	285	274	287	
294	261	250	267	279	288	257	273	
303	312	330	333	341	306	304	346	
309	346	317	325	332	340	347	307	
336	337	333	302	347	306	312	328	
309	303	332	329	346	348	327	300	
343	318	335	339	326	334	347	301	
339	311	335	333	319	326	306	327	
347	307	300	330	321	316	323	337	
349	302	333	318	305	321	332	313	
305	333	324	312	307	349	344	326	
334	314	343	335	308	344	318	349	
303	341	323	330	348	327	349	334	
332	316	304	344	302	323	347	318	
322	347	306	332	333	326	320	337	
329	325	312	343	304	303	302	315	
325	304	345	307	331	332	326	343	
311	309	313	334	333	303	347	304	
340	333	306	303	345	346	349	327	
314	309	303	308	330	317	311	325	
300	335	330	323	312	334	325	301	
337	347	344	306	334	323	329	304	
314	330	324	319	336	300	308	327	
339	317	331	325	320	319	347	334	
328	323	336	335	330	327	300	347	
316	307	329	342	343	320	308	339	
321	310	327	338	345	317	312	326	
315	338	336	342	335	312	339	334	
340	317	318	301	319	332	334	320	
329	321	338	313	347	348	323	311	
316	322	323	338	315	317	309	327	
341	323	336	320	345	305	334	331	
346	316	326	325	313	348	321	339	
312	328	341	326	334	308	304	309	
334	346	301	315	328	339	300	302	
331	340	328	338	308	343	320	337	
308	343	328	309	319	324	307	326	
330	309	300	307	310	315	348	347	
304	339	322	336	305	324	308	300	
334	326	303	311	322	328	349	346	
345	324	315	343	333	328	325	320	
323	336	337	308	326	331	340	312	
346	324	300	349	336	310	341	302	
314	308	317	336	325	340	307	323	
318	305	307	346	341	303	319	324	
344	324	318	321	348	327	330	334	
329	344	332	331	341	327	342	304	
318	313	340	336	349	322	327	314	
344	330	315	305	324	312	328	319	
325	307	341	328	322	324	344	333	
329	304	339	306	337	334	305	309	
342	312	319	344	341	313	301	310	
393	398	363	382	355	365	386	389	
358	368	378	351	372	389	386	379	
375	380	379	355	387	361	386	392	
361	386	384	373	387	392	375	359	
397	378	377	352	355	362	399	370	
378	380	392	397	373	366	384	350	
370	359	351	389	382	364	385	388	
371	387	363	394	353	356	366	364	
365	381	390	386	393	376	358	362	
381	354	376	372	370	380	378	379	
394	390	373	367	389	360	357	363	
355	388	374	358	384	399	385	378	
378	386	390	397	364	382	377	376	
382	392	397	372	379	389	398	394	
360	365	361	364	393	375	369	366	
377	353	396	358	362	382	378	381	
372	394	399	380	381	368	374	375	
355	377	374	356	354	358	352	399	
359	370	366	385	356	369	398	384	
382	353	368	367	396	364	376	365	
370	385	382	353	361	388	357	399	
375	364	363	384	356	387	392	357	
372	395	379	368	390	392	352	375	
355	395	392	371	375	373	363	382	
392	353	396	380	365	373	351	384	
385	382	369	365	383	379	378	384	
376	393	364	354	395	385	384	370	
388	367	379	356	360	363	354	361	
352	391	388	378	362	353	372	351	
384	360	377	365	398	393	352	394	
360	367	393	373	398	390	362	352	
376	366	358	357	374	394	395	363	
380	357	373	377	368	392	394	364	
357	387	377	354	378	379	373	371	
360	362	371	393	356	372	352	365	
354	390	369	356	385	353	386	359	
396	375	371	384	353	372	393	388	
367	374	377	360	353	355	375	362	
371	369	374	378	383	392	370	368	
354	362	374	370	385	372	376	355	
387	394	384	388	372	362	397	355	
389	366	365	381	354	362	391	375	
399	391	368	354	377	392	394	385	
365	363	370	388	379	364	375	356	
369	365	361	376	371	374	372	362	
373	399	374	396	392	371	351	366	
398	383	385	364	396	369	358	380	
381	371	394	355	389	380	378	352	
374	371	386	376	364	397	370	388	
360	375	367	350	397	385	369	386	
437	413	423	431	402	448	425	432	
423	436	444	421	410	441	402	426	
435	431	411	407	416	424	446	419	
402	425	427	432	436	446	430	435	
423	448	417	443	414	400	413	415	
434	438	449	402	414	413	442	439	
440	442	405	446	419	404	408	437	
445	446	410	426	400	449	425	444	
400	435	423	407	441	411	427	426	
405	448	434	447	415	429	437	409	
433	437	429	428	417	441	438	406	
438	413	431	410	406	439	404	407	
437	435	413	419	428	410	412	404	
429	441	413	409	445	417	402	419	
437	438	431	442	415	430	414	400	
439	411	432	434	403	406	441	447	
410	441	431	425	409	407	429	444	
418	410	442	449	401	407	414	417	
412	441	442	436	434	446	415	414	
432	426	449	435	408	437	428	417	
443	406	440	407	405	449	419	448	
427	418	413	444	443	422	447	425	
442	431	418	424	423	427	440	444	
437	442	401	429	418	447	441	400	
423	449	433	442	421	436	413	422	
443	434	445	430	439	408	448	425	
407	418	424	412	416	400	403	432	
443	417	448	412	445	421	423	449	
449	402	439	437	445	440	446	426	
439	433	444	418	420	430	422	421	
423	430	449	411	445	426	422	446	
426	431	417	413	411	436	406	416	
421	417	435	406	448	400	408	446	
426	437	445	449	443	407	402	411	
439	420	430	410	427	425	408	409	
405	418	412	414	436	427	422	417	
412	409	400	443	446	408	416	417	
437	447	430	405	407	418	433	443	
406	418	446	415	416	444	426	425	
403	444	427	408	443	419	415	400	
442	447	415	414	409	417	400	432	
414	443	448	409	435	412	422	408	
434	418	431	403	400	424	428	438	
429	412	408	428	430	422	436	405	
419	412	435	445	414	402	415	423	
430	443	449	448	401	400	440	445	
424	417	434	442	426	425	413	407	
435	407	415	404	401	432	413	444	
445	434	444	440	415	405	430	439	
413	427	419	442	421	425	447	400	
467	481	463	478	460	495	497	450	
493	463	471	491	461	457	460	475	
482	467	470	460	476	466	469	496	
458	472	456	494	479	489	497	491	
461	466	463	487	467	483	455	474	
460	469	495	459	464	476	482	492	
495	468	464	453	457	474	480	456	
481	456	461	455	458	475	480	467	
465	455	461	472	454	458	483	482	
485	474	450	470	493	483	454	465	
479	474	482	481	471	472	463	497	
491	464	478	457	468	466	460	467	
474	496	465	493	479	499	472	478	
488	474	499	457	498	482	473	495	
458	497	472	468	454	475	476	484	
483	450	479	489	452	485	451	473	
458	471	474	470	489	493	490	484	
473	453	464	466	480	498	452	497	
483	477	457	497	487	462	489	459	
480	454	475	474	456	497	465	470	
497	461	498	453	463	490	459	488	
484	476	485	451	457	495	455	493	
498	493	471	450	462	470	491	475	
453	456	463	479	452	460	484	471	
473	479	494	488	460	453	471	465	
495	494	478	498	471	489	464	470	
463	468	459	486	494	453	496	460	
491	457	488	466	493	496	458	490	
483	452	487	457	456	496	485	490	
469	482	463	462	458	492	457	488	
479	474	462	486	460	493	489	483	
460	483	496	466	488	454	489	485	
473	479	486	462	455	472	477	474	
469	487	483	494	484	491	456	492	
495	481	453	479	467	454	476	475	
478	452	481	498	479	487	496	475	
454	464	461	493	486	473	479	487	
492	484	488	483	475	494	455	465	
485	451	496	450	480	471	483	475	
498	476	459	474	490	453	481	492	
479	482	452	464	493	497	492	467	
460	451	455	485	499	478	476	459	
473	489	477	497	462	492	466	450	
484	478	452	472	457	479	487	499	
483	485	461	491	476	489	493	456	
452	459	488	457	491	497	482	499	
450	471	492	486	495	454	489	460	
484	470	461	491	468	450	476	466	
487	496	480	484	488	482	459	454	
498	459	489	470	473	479	476	495	
56	267	204	
180	415	399	
44	142	272	
123	84	459	
67	437	470	
222	12	69	
72	169	338	
274	66	375	
366	284	499	
201	406	125	
60	141	89	
79	411	248	
479	2	122	
439	308	171	
481	340	320	
288	445	324	
98	314	436	
302	451	112	
92	217	415	
411	135	431	
368	262	495	
166	147	375	
223	417	400	
139	271	376	
249	72	9	
156	379	458	
459	17	227	
372	467	490	
2	23	126	
213	424	466	
271	83	432	
198	468	143	
122	304	408	
355	463	345	
462	278	283	
376	247	393	
218	195	254	
192	434	297	
229	227	285	
156	69	322	
236	4	370	
332	137	85	
282	144	133	
334	385	23	
241	322	73	
366	234	425	
481	105	326	
314	125	242	
278	170	491	
417	301	120	
450	472	366	
309	129	79	
42	44	266	
209	30	330	
386	294	256	
247	83	469	
77	185	295	
311	100	89	
274	194	350	
116	4	131	
311	326	117	
386	2	243	
363	456	307	
196	177	4	
488	459	185	
494	435	398	
135	152	235	
495	197	286	
350	50	3	
153	483	352	
59	339	488	
398	247	61	
170	281	419	
209	187	447	
142	340	266	
208	136	89	
242	322	397	
89	147	499	
113	381	320	
74	86	411	
170	446	376	
46	374	87	
168	170	270	
474	467	490	
211	469	410	
403	471	376	
473	354	310	
461	492	459	
408	431	463	
146	274	267	
297	12	190	
111	319	301	
97	155	152	
24	267	99	
27	418	217	
192	397	364	
160	136	315	
487	9	223	
356	76	388	
478	237	128	
96	254	257	
167	17	14	
417	386	47	
467	409	343	
312	345	195	
423	492	424	
400	198	403	
81	53	41	
184	147	416	
412	356	286	
48	40	5	
183	69	253	
125	55	144	
399	325	159	
54	246	173	
165	198	123	
344	390	71	
185	255	109	
168	12	408	
417	170	223	
225	462	247	
364	179	71	
21	140	235	
374	129	75	
78	286	398	
458	231	284	
318	323	141	
52	285	49	
302	187	258	
52	96	368	
343	132	5	
93	376	344	
324	191	280	
449	107	66	
330	354	232	
316	210	344	
27	393	442	
401	123	329	
40	424	167	
229	295	102	
80	454	88	
92	0	161	
93	199	26	
377	46	71	
312	73	343	
81	273	345	
452	124	378	
61	44	273	
319	382	95	
430	32	414	
283	418	417	142	
159	467	406	284	
166	151	348	3	
265	10	289	24	
375	110	0	209	
389	301	352	218	
305	486	300	94	
62	410	6	464	
150	482	452	100	
450	270	34	420	
139	11	300	167	
433	77	244	47	
166	310	143	130	
301	210	388	155	
384	458	134	135	
437	111	96	202	
286	44	321	229	
325	232	113	496	
152	396	295	477	
25	325	497	428	
213	164	238	440	
118	18	365	333	
263	103	318	25	
278	46	414	337	
0	115	422	479	
350	210	466	255	
492	367	214	434	
221	349	35	330	
311	325	327	491	
365	231	318	356	
3	121	77	475	
423	34	209	36	
382	192	99	294	
39	299	365	440	
146	289	452	286	
255	336	177	483	
223	72	3	156	
315	152	451	7	
325	343	358	135	
455	39	399	13	
321	48	431	328	
128	383	470	36	
370	437	465	255	
343	101	403	497	
138	417	316	58	
451	435	227	17	
301	413	331	495	
164	34	364	349	
408	372	294	332	
176	52	93	190	
344	423	246	160	
408	223	236	44	
272	130	82	43	
139	175	141	120	
353	433	449	472	
478	29	171	229	
357	137	461	371	
108	482	298	10	
119	427	395	469	
319	451	122	395	
399	444	335	417	
356	51	111	44	
14	443	372	63	
60	351	18	380	
426	118	283	456	
32	170	452	421	
161	194	243	448	
33	21	355	193	
129	258	392	142	
84	453	250	24	
67	399	415	68	
313	344	307	446	
360	121	347	420	
172	177	144	81	
81	446	77	136	
0	374	360	8	
6	455	430	161	
207	217	353	407	
495	276	357	325	
104	77	86	183	
329	321	289	316	
119	226	364	289	
360	112	215	80	
70	74	169	388	
1	106	227	214	
31	239	463	26	
411	127	120	336	
173	276	153	304	
316	287	113	53	
100	313	449	390	
56	270	245	32	
54	76	40	9	
451	428	206	142	
402	456	110	176	
78	435	378	119	
225	309	330	122	
212	414	143	253	
245	65	492	361	
409	391	495	180	
75	321	272	11	
169	170	66	297	
260	261	166	271	
442	193	388	346	
194	156	33	328	
52	487	477	460	
227	184	159	85	
290	22	299	54	
26	70	34	226	
152	192	401	409	
372	52	370	422	
177	464	45	361	
322	388	499	76	
441	310	484	163	
356	261	68	385	
22	48	298	250	
422	65	199	264	
108	499	327	194	
141	170	207	333	
140	381	298	142	
106	30	456	417	
266	358	333	76	
152	395	446	475	
330	399	31	129	
392	360	245	60	
488	369	280	484	
320	82	484	20	
452	351	113	83	
402	118	64	474	
52	48	271	109	
443	300	129	20	
202	161	95	495	
284	86	355	442	
59	94	267	380	
220	173	44	409	
286	129	56	469	
170	156	137	245	
198	403	136	219	
312	422	309	383	
481	37	224	189	
156	62	90	122	
206	183	293	457	
481	308	310	409	
70	104	307	122	
291	109	133	42	
15	434	195	476	
444	277	316	466	
474	253	54	451	
39	326	213	84	
351	150	233	115	
315	430	440	0	
256	280	426	405	349	
350	452	14	414	8	
118	273	220	290	375	
310	202	147	200	266	
368	416	223	497	189	
285	283	149	351	431	
89	248	34	446	85	
198	330	493	148	136	
373	322	239	91	277	
163	94	489	22	86	
343	311	108	328	195	
237	451	421	296	99	
78	469	444	372	448	
153	32	472	7	2	
386	411	119	266	465	
182	173	385	356	29	
497	269	87	248	72	
197	349	121	351	141	
469	156	58	322	392	
72	136	389	20	369	
195	180	183	120	254	
147	218	483	170	374	
422	150	187	57	390	
496	26	403	414	20	
81	405	88	158	58	
260	302	401	329	52	
448	450	272	366	351	
274	66	402	452	189	
193	65	325	394	79	
35	191	131	87	208	
41	223	349	198	301	
383	209	117	47	76	
29	374	397	93	302	
251	351	350	432	28	
245	120	173	194	41	
78	415	0	43	321	
407	466	405	480	263	
198	11	159	339	347	
330	387	431	364	376	
468	406	23	5	354	
415	346	136	33	478	
251	295	305	348	217	
215	363	136	26	106	
394	273	28	407	396	
136	360	124	68	333	
192	448	216	53	202	
222	17	95	197	230	
202	230	488	433	129	
410	55	196	247	426	
124	434	76	314	72	
168	164	344	43	91	
484	142	434	84	82	
305	34	358	236	214	
274	130	358	152	493	
50	249	496	393	242	
346	384	448	6	487	
261	454	260	486	438	
274	173	443	26	498	
308	474	92	158	221	
274	453	94	53	486	
410	470	335	221	445	
189	79	270	193	211	
373	31	163	363	96	
166	268	409	281	194	
451	2	184	176	165	
468	291	473	334	438	
370	259	212	284	83	
355	266	65	404	267	
434	428	103	326	29	
457	163	134	378	237	
446	5	437	170	281	
475	492	344	305	20	
351	72	23	73	112	
73	66	248	338	220	
183	107	496	308	127	
8	299	412	22	69	
176	341	251	350	431	
41	402	284	265	53	
22	229	142	114	68	
458	107	304	395	20	
68	86	341	413	96	
401	305	449	54	259	
115	475	344	464	286	
199	263	252	323	319	
437	447	26	484	291	
179	7	65	277	45	
270	131	178	237	163	
359	8	484	136	406	
305	139	171	141	196	
100	498	65	277	299	
42	482	382	15	48	
302	116	186	363	435	
489	332	167	392	353	
385	240	493	309	423	
218	104	64	268	311	
235	70	193	152	182	
145	61	478	95	270	
345	379	27	433	185	
36	159	76	316	276	
113	144	349	217	427	
17	171	495	255	362	
156	158	494	443	89	
268	384	480	25	309	
189	201	212	275	269	
298	218	266	123	160	
442	425	65	283	356	
88	124	70	278	248	
61	298	397	482	162	
387	222	247	254	287	
447	495	396	460	407	
328	235	487	380	443	
299	68	357	12	39	
484	221	125	214	458	
5	191	483	328	192	
139	476	87	257	373	
358	159	261	115	151	
476	328	268	272	26	
447	460	23	178	164	
374	251	184	127	86	
387	221	164	71	110	
281	160	379	420	460	
354	440	24	71	189	
243	336	286	195	474	
470	44	273	108	161	
9	20	255	217	384	
384	147	443	382	64	
253	77	361	292	317	
363	371	172	313	366	
73	229	59	2	356	
218	406	150	387	367	
320	257	339	233	7	
470	495	424	325	47	
220	366	419	399	129	
284	421	186	180	283	
335	278	471	60	66	
201	395	31	132	416	
459	117	60	83	201	
30	191	24	79	110	
449	493	276	444	422	
32	365	65	482	334	
442	416	293	353	357	
165	92	481	262	297	
317	341	65	314	288	
125	317	346	164	318	
139	152	458	320	352	
156	71	394	120	420	
191	460	357	426	37	
118	460	255	447	348	
66	101	295	289	388	
459	131	450	250	248	
