18	37	39	48	46	45	
29	14	12	11	43	23	
13	6	43	29	30	7	
40	6	31	23	17	15	
11	23	10	1	19	42	
9	12	38	19	15	23	
4	35	1	40	44	26	
11	10	7	2	13	48	
22	30	41	44	5	0	
6	8	9	11	2	32	
28	19	8	38	36	4	
10	46	45	48	12	28	
47	34	46	17	38	48	
42	4	24	47	3	10	
0	33	5	48	10	47	
12	18	27	45	49	44	
6	8	47	32	21	33	
28	47	4	6	20	39	
38	48	11	24	42	18	
43	40	14	33	12	44	
13	15	33	37	28	2	
27	5	42	36	38	16	
43	0	16	21	48	23	
13	22	32	4	11	41	
26	48	20	27	49	22	
32	31	43	16	25	12	
4	26	25	28	1	23	
10	29	43	38	26	37	
4	14	39	44	34	3	
49	18	19	13	5	22	
45	28	35	19	21	16	
23	11	26	15	5	41	
35	11	19	8	14	2	
17	35	6	45	8	24	
13	24	33	2	25	38	
27	35	41	15	8	23	
38	39	10	23	21	26	
27	19	43	20	45	5	
14	18	37	9	26	34	
9	14	44	11	12	31	
20	36	31	8	26	15	
9	8	28	44	7	17	
44	23	6	37	38	40	
44	27	23	18	45	4	
20	35	27	21	38	34	
48	33	4	40	22	7	
16	20	7	42	5	23	
14	2	13	33	16	11	
43	11	29	9	0	12	
49	40	12	48	20	44	
61	50	83	70	65	58	
87	72	94	53	66	95	
72	56	76	70	61	67	
84	53	59	69	83	88	
99	59	93	52	54	60	
94	79	58	88	76	61	
70	87	84	50	51	69	
57	75	70	63	56	90	
65	93	53	99	73	78	
65	93	77	69	62	66	
50	95	59	66	87	83	
95	99	50	77	55	76	
65	61	92	69	85	57	
79	64	63	84	97	66	
93	69	73	81	57	92	
67	85	92	58	62	89	
72	55	62	89	64	70	
68	66	86	50	73	94	
81	88	53	51	59	85	
85	77	96	98	70	53	
57	64	60	51	71	56	
61	89	87	77	92	76	
85	77	68	54	80	56	
71	69	60	83	53	79	
99	83	52	54	78	82	
83	55	90	50	51	52	
96	54	92	52	85	65	
71	64	89	54	65	68	
70	52	95	88	75	94	
73	59	70	62	54	77	
76	61	60	62	88	67	
93	58	71	52	84	82	
56	61	52	81	79	78	
73	55	71	58	57	69	
95	91	67	75	94	86	
58	60	55	86	59	66	
79	68	90	64	93	61	
73	62	71	55	52	87	
77	57	66	71	68	80	
60	75	71	87	81	65	
75	83	98	67	78	70	
98	54	90	94	76	56	
93	64	58	87	84	81	
85	96	91	57	73	62	
80	63	68	72	50	90	
80	62	95	76	74	81	
52	60	53	63	96	58	
86	50	97	65	60	56	
75	98	62	52	60	67	
77	95	58	50	84	71	
125	144	134	129	128	115	
110	130	139	132	104	137	
141	126	131	123	125	107	
103	148	101	112	149	130	
145	143	110	137	118	129	
116	132	120	143	111	139	
102	115	125	133	141	147	
140	128	149	117	145	143	
137	118	148	132	123	109	
125	115	110	132	102	104	
137	103	110	127	119	102	
104	123	133	121	141	124	
109	106	128	138	116	145	
108	105	100	141	111	101	
127	114	120	139	140	132	
134	145	132	125	104	110	
109	136	121	130	100	124	
141	137	115	100	127	102	
136	148	122	104	100	139	
117	124	101	115	122	148	
140	123	118	136	144	102	
100	119	121	141	120	144	
137	122	123	146	134	106	
116	104	101	137	115	111	
148	145	108	106	139	132	
108	147	132	142	134	146	
131	140	103	121	127	123	
138	142	130	120	145	118	
111	122	120	112	127	126	
134	133	101	141	132	130	
127	122	102	130	114	138	
136	141	147	146	134	102	
121	143	127	123	112	102	
139	107	137	106	111	113	
119	146	117	140	145	105	
117	148	110	125	134	143	
116	142	139	121	119	148	
104	113	120	140	103	148	
127	126	107	119	115	125	
109	130	125	119	144	113	
149	117	126	112	145	122	
118	109	104	110	131	140	
110	125	142	120	130	127	
149	112	146	111	103	110	
102	113	107	116	127	118	
146	139	124	113	121	118	
112	133	104	106	110	122	
112	120	121	137	109	100	
141	132	113	123	107	121	
141	133	103	134	137	136	
198	181	197	150	178	185	
192	191	170	198	161	183	
163	150	173	195	196	158	
168	160	186	183	182	166	
155	190	179	186	196	151	
182	158	192	166	163	174	
185	195	186	174	188	184	
162	199	185	183	177	173	
197	168	172	182	178	166	
159	153	194	193	185	174	
160	165	198	184	158	170	
150	198	155	197	187	175	
172	187	185	163	194	154	
159	152	178	156	191	170	
188	175	157	171	163	196	
173	174	184	162	161	170	
176	170	183	157	195	197	
177	197	195	176	151	189	
158	191	193	199	156	188	
184	193	183	165	153	160	
177	167	172	150	166	178	
171	156	183	190	150	181	
150	197	183	181	187	169	
191	155	161	184	173	159	
154	175	194	150	173	191	
166	172	189	159	192	193	
167	163	178	181	158	151	
190	161	184	188	195	179	
168	163	185	154	197	182	
180	190	187	181	168	179	
183	157	169	181	196	162	
193	168	172	180	158	160	
176	194	156	179	180	157	
177	158	157	189	173	172	
181	179	186	188	152	178	
189	176	197	166	177	196	
185	190	164	153	161	173	
188	174	154	156	158	199	
178	189	166	197	173	185	
189	196	199	157	181	170	
166	173	164	154	194	191	
178	150	182	175	186	176	
159	150	164	154	151	158	
172	180	198	182	193	151	
167	158	185	169	199	176	
177	190	158	172	196	192	
155	169	194	151	158	195	
177	184	158	190	191	155	
175	193	165	184	197	152	
191	194	196	195	156	162	
248	213	231	201	228	233	
228	203	200	232	217	237	
241	249	204	238	248	209	
208	228	245	237	222	238	
208	218	228	234	229	205	
223	241	216	224	227	237	
204	211	216	205	249	230	
241	243	218	206	221	204	
209	227	229	212	211	216	
249	236	227	241	245	225	
218	221	211	217	203	233	
219	216	214	205	221	241	
208	204	245	218	246	216	
228	234	224	243	209	235	
209	241	242	240	233	235	
205	241	232	222	218	245	
239	216	200	226	228	229	
222	242	225	238	224	216	
226	207	209	211	249	224	
234	231	203	214	212	229	
207	248	200	220	206	249	
245	222	213	207	227	228	
226	221	244	246	245	212	
238	215	222	243	201	228	
247	245	211	219	218	230	
233	232	211	203	205	240	
214	230	243	222	220	204	
239	244	212	215	217	230	
236	223	215	226	203	225	
237	220	200	249	223	235	
245	237	223	231	240	242	
221	247	238	201	213	229	
228	235	243	246	207	237	
213	235	239	236	205	222	
207	229	200	215	227	239	
227	203	245	201	225	241	
243	207	227	228	234	214	
236	244	219	218	224	228	
222	204	236	200	211	234	
200	217	202	203	214	240	
236	224	238	239	223	220	
239	241	245	204	212	210	
208	215	249	228	214	244	
235	224	227	202	220	249	
228	207	241	244	220	237	
211	212	248	222	243	245	
248	204	245	235	226	201	
207	227	248	219	214	203	
242	223	207	239	216	222	
244	218	236	241	212	201	
256	260	272	268	261	284	
279	280	260	270	291	257	
294	262	295	298	270	288	
264	284	269	282	278	293	
258	276	278	280	290	281	
296	277	288	280	299	281	
289	279	250	290	265	276	
253	271	257	292	278	275	
278	298	263	250	265	281	
288	273	250	277	298	299	
259	283	295	251	250	252	
294	299	262	266	295	277	
296	286	288	268	274	263	
275	287	279	259	254	269	
285	250	264	297	274	289	
273	253	260	270	276	286	
270	260	285	253	283	272	
258	291	262	281	270	295	
250	277	264	283	261	268	
262	273	261	290	265	287	
299	293	292	268	255	264	
259	286	257	284	278	298	
284	295	296	278	263	277	
257	259	280	276	279	256	
264	279	259	281	252	293	
290	253	262	298	260	268	
266	268	267	257	258	264	
254	252	285	282	284	259	
255	256	279	284	264	269	
272	265	263	288	277	271	
288	265	277	274	268	299	
295	272	252	269	287	286	
290	260	274	259	267	251	
269	268	291	287	294	275	
259	298	279	251	262	282	
266	253	290	260	267	278	
285	255	282	296	271	281	
285	254	250	259	281	263	
279	260	276	296	262	261	
252	294	281	260	276	256	
280	274	270	266	273	260	
265	278	280	293	255	277	
284	297	262	254	298	280	
251	254	291	297	277	271	
274	297	288	257	280	283	
251	294	276	277	284	263	
280	279	283	268	299	282	
259	256	295	266	254	263	
252	295	276	263	278	273	
282	276	255	250	265	256	
330	320	329	336	304	306	
335	343	348	305	324	331	
319	300	349	317	326	337	
301	342	303	323	316	320	
310	328	316	329	302	323	
341	343	315	328	331	326	
340	313	312	301	324	346	
316	328	320	344	314	334	
319	302	321	315	335	338	
338	340	307	337	328	303	
332	337	345	349	301	347	
300	338	309	316	342	346	
319	317	325	322	335	326	
341	302	304	337	322	319	
306	343	312	308	328	326	
336	327	341	307	326	308	
317	323	340	348	347	311	
320	306	317	325	335	300	
308	325	340	337	335	334	
307	348	327	332	347	338	
339	319	348	318	336	349	
306	344	327	345	318	324	
348	342	303	301	331	332	
340	331	337	339	348	344	
338	327	324	343	322	348	
334	326	320	331	329	333	
306	320	305	345	303	323	
322	331	343	327	320	304	
348	349	341	327	346	313	
338	308	328	333	321	316	
335	328	315	309	305	316	
338	345	301	323	314	316	
316	308	307	323	314	324	
326	318	342	317	323	324	
322	310	321	316	344	331	
305	308	331	302	335	327	
339	305	338	313	347	344	
327	308	313	303	309	343	
323	338	325	328	347	345	
325	337	318	307	313	340	
324	331	325	330	332	311	
343	301	323	340	339	312	
300	310	327	318	334	306	
308	306	349	330	341	312	
323	321	316	300	331	326	
324	321	334	307	320	311	
305	307	318	320	310	332	
343	320	346	325	312	315	
311	330	327	314	346	349	
329	325	323	332	346	342	
375	394	381	392	361	351	
384	367	376	353	354	352	
394	373	363	354	376	387	
350	365	359	394	389	383	
372	374	398	359	381	375	
353	358	372	396	389	363	
393	395	351	368	391	397	
395	361	385	350	386	384	
395	358	377	396	380	361	
392	352	371	356	366	386	
397	395	374	351	389	392	
381	371	372	374	380	353	
371	359	383	366	351	374	
359	371	362	381	367	390	
350	354	386	361	375	365	
362	359	386	371	368	350	
371	355	396	361	363	366	
371	393	384	367	373	379	
380	377	386	371	350	383	
396	374	391	353	366	372	
388	378	375	364	376	379	
399	393	350	367	359	383	
377	368	399	372	363	352	
388	364	353	389	397	378	
355	371	362	372	386	363	
393	360	380	395	399	396	
360	361	355	383	373	391	
377	352	399	392	388	360	
379	352	358	393	374	367	
373	364	351	361	353	390	
352	363	359	384	389	375	
393	386	374	352	367	394	
387	390	364	382	372	374	
352	378	388	385	389	381	
358	362	370	395	384	366	
351	354	366	388	359	380	
383	370	380	373	376	357	
354	372	373	366	391	394	
350	355	366	391	360	377	
369	387	386	365	385	370	
380	377	378	388	370	382	
363	384	366	357	372	376	
376	387	377	399	398	360	
360	368	375	385	372	371	
360	381	383	365	399	376	
397	371	396	378	369	384	
350	366	370	388	359	396	
363	394	396	356	357	399	
353	378	354	368	388	377	
354	384	390	370	356	351	
417	443	404	415	418	407	
434	422	438	426	418	447	
436	415	408	411	419	431	
428	427	410	407	423	420	
439	411	435	434	449	418	
445	412	413	414	417	428	
419	444	434	409	412	413	
422	433	416	402	449	415	
420	403	408	422	446	426	
445	447	400	405	420	426	
433	431	424	409	400	418	
444	402	440	417	406	403	
429	425	442	407	424	401	
439	436	418	403	407	438	
423	439	402	424	429	411	
424	417	435	411	406	425	
415	429	444	403	422	402	
437	423	419	430	417	414	
422	424	407	441	448	410	
436	439	421	418	447	445	
401	441	420	421	404	434	
424	404	443	425	449	447	
444	434	436	432	427	441	
423	433	410	420	409	446	
425	437	433	431	403	444	
407	437	444	426	430	413	
403	442	414	400	444	431	
422	413	445	428	429	408	
402	435	424	412	418	440	
428	425	434	402	436	412	
437	442	434	402	408	400	
425	445	428	447	446	443	
405	420	427	439	428	437	
429	405	425	417	423	438	
400	436	445	420	441	423	
420	434	442	400	436	408	
430	404	405	448	420	427	
427	447	414	428	410	403	
418	421	405	401	428	406	
423	406	429	425	440	414	
440	408	419	434	407	418	
416	413	437	429	425	406	
415	409	441	449	431	428	
423	404	411	403	419	401	
404	432	445	405	415	447	
407	404	442	431	444	425	
447	429	431	435	432	444	
420	405	449	436	423	402	
425	443	402	430	412	413	
409	433	416	413	424	400	
488	455	458	468	494	471	
484	494	463	482	450	453	
478	462	461	459	463	467	
487	483	492	499	457	458	
464	481	450	472	459	475	
464	473	492	460	462	477	
480	496	499	486	456	497	
475	483	476	496	463	464	
490	478	485	453	491	456	
457	467	489	491	455	470	
474	479	465	451	492	466	
470	457	496	475	493	462	
455	465	474	494	463	479	
476	494	495	471	461	499	
498	476	463	482	467	457	
489	466	479	461	496	491	
452	473	498	478	489	457	
481	475	470	486	451	455	
467	469	462	497	465	483	
481	478	476	477	459	492	
490	482	452	483	475	480	
471	461	476	482	481	452	
475	451	450	497	453	498	
455	475	453	484	470	471	
497	492	458	469	493	494	
466	464	472	455	492	497	
451	462	473	466	487	477	
463	475	481	487	468	494	
482	488	454	478	483	461	
498	482	470	479	462	489	
465	497	491	453	498	496	
466	480	491	493	492	469	
460	493	470	456	457	478	
469	499	460	477	494	483	
468	497	452	477	461	475	
473	462	481	465	453	490	
483	458	471	490	454	492	
453	451	490	491	462	475	
499	479	484	462	455	482	
491	494	498	454	453	485	
461	457	475	456	497	493	
487	482	496	456	498	463	
462	492	475	466	456	461	
482	484	496	489	480	478	
495	488	490	462	463	498	
496	452	456	457	489	495	
487	477	460	495	497	471	
461	494	487	460	452	490	
469	454	473	472	455	470	
467	498	472	459	458	496	
24	46	9	42	22	6	28	
29	32	44	22	4	43	6	
9	12	36	18	39	35	29	
15	6	12	26	17	22	42	
44	19	23	9	35	30	22	
35	10	31	41	1	24	15	
18	26	21	42	20	29	5	
4	27	23	18	35	5	19	
48	28	13	25	26	44	36	
20	5	27	26	46	35	25	
38	35	0	45	6	34	43	
40	17	14	5	42	18	35	
40	33	22	26	39	2	6	
18	12	23	45	41	26	38	
48	44	0	39	41	33	38	
17	40	15	20	37	27	36	
38	34	4	32	9	10	45	
49	15	18	36	23	21	37	
25	46	9	40	24	4	38	
12	23	47	25	4	34	39	
13	44	42	30	36	45	34	
30	14	21	26	28	13	17	
15	33	4	22	42	20	34	
30	10	45	2	29	48	31	
42	40	34	7	28	3	26	
25	34	40	0	12	20	35	
32	27	42	24	45	20	48	
32	0	21	3	34	5	26	
18	42	7	39	21	28	4	
11	36	14	27	42	15	40	
24	21	4	42	2	0	34	
46	41	18	45	5	8	10	
0	42	28	43	30	20	1	
39	46	45	12	4	16	19	
40	14	12	42	48	22	30	
4	22	34	21	49	19	30	
46	21	20	22	48	11	41	
23	1	22	20	18	44	32	
40	9	38	49	48	12	29	
11	27	1	19	21	6	3	
29	12	25	13	43	5	35	
25	36	37	35	12	4	7	
6	29	19	49	30	5	45	
40	20	36	45	18	15	23	
17	37	14	48	38	41	27	
41	5	1	31	35	2	34	
15	21	31	10	25	46	48	
32	11	24	3	9	39	4	
22	45	5	8	41	12	15	
30	23	2	48	7	42	47	
79	98	81	75	59	87	96	
67	64	78	87	73	88	65	
79	63	91	70	59	93	64	
75	97	83	79	90	65	92	
99	78	66	55	76	64	54	
76	73	95	88	93	75	90	
93	92	99	61	89	78	83	
72	60	54	79	63	85	87	
63	70	91	78	87	50	71	
93	52	94	51	59	99	80	
63	76	82	61	81	64	55	
69	57	92	66	94	83	51	
56	87	58	81	96	85	89	
95	71	82	63	80	83	62	
84	50	63	51	82	83	80	
85	55	70	88	61	96	63	
68	67	78	58	97	60	77	
82	77	53	72	93	51	65	
97	87	65	86	58	91	77	
61	69	98	65	68	78	81	
63	71	72	53	87	77	80	
54	90	77	95	94	69	98	
68	50	59	74	78	83	95	
57	72	91	77	83	93	84	
87	77	51	59	99	53	94	
82	75	98	93	85	63	73	
50	99	55	84	93	59	52	
70	56	98	53	94	88	68	
81	96	76	98	57	67	56	
75	55	60	68	88	73	95	
67	61	68	50	86	64	51	
67	86	99	98	79	69	53	
91	83	82	65	92	81	95	
70	52	50	58	77	64	83	
75	81	62	93	97	88	79	
79	86	83	64	87	88	95	
62	79	96	92	91	64	69	
93	75	77	91	95	59	71	
89	88	69	73	98	70	66	
79	51	86	84	59	66	91	
65	90	66	60	58	73	81	
82	94	98	70	73	56	90	
87	93	70	58	85	92	60	
96	99	68	55	65	72	66	
83	77	82	68	96	81	57	
90	87	55	53	70	63	57	
50	53	61	76	83	68	98	
79	53	94	76	80	72	96	
55	87	80	58	84	63	96	
68	59	57	51	88	86	84	
144	122	120	113	149	139	137	
107	126	135	101	108	112	118	
123	107	117	136	149	142	118	
120	124	101	135	134	138	100	
118	117	113	142	143	126	102	
134	104	121	138	139	125	124	
146	125	103	128	141	113	138	
112	141	102	109	148	131	126	
119	129	100	137	148	145	123	
142	147	134	119	139	131	148	
109	129	115	105	144	112	121	
147	124	141	111	138	123	136	
117	106	138	127	105	146	143	
102	142	105	118	123	125	132	
124	139	132	117	136	145	127	
115	138	131	128	126	117	139	
137	119	129	121	138	136	133	
112	103	109	134	110	135	145	
144	125	138	105	130	140	118	
102	135	122	133	108	116	115	
121	101	125	145	140	144	112	
149	123	121	120	102	136	119	
135	116	105	101	109	102	132	
106	128	103	107	111	120	148	
122	121	107	148	127	100	116	
140	115	121	119	146	113	101	
110	103	138	134	148	106	140	
134	102	126	124	140	148	127	
105	111	142	139	149	128	129	
146	122	101	139	105	112	114	
119	106	111	131	133	114	116	
100	113	119	131	101	134	118	
142	114	121	143	141	138	130	
145	115	100	132	149	110	130	
126	118	111	145	101	131	103	
113	121	110	139	103	124	101	
112	132	121	136	108	113	145	
134	144	133	143	116	122	103	
106	127	132	110	121	140	143	
128	124	133	113	105	118	129	
126	122	138	117	134	133	123	
119	120	146	111	149	132	136	
119	142	113	130	114	136	115	
110	131	145	143	103	127	107	
110	111	145	117	138	104	141	
143	112	147	126	129	104	139	
145	114	133	109	104	148	131	
113	130	101	102	126	112	136	
140	102	145	106	142	126	116	
102	133	107	134	139	129	101	
170	155	192	150	183	178	163	
185	174	195	167	193	180	170	
182	157	156	160	170	162	176	
178	180	153	166	151	186	150	
172	188	198	161	187	156	175	
178	182	179	199	167	181	192	
191	189	172	161	160	164	157	
182	159	167	198	195	158	160	
191	171	169	174	159	158	150	
197	193	183	192	188	159	189	
159	154	176	160	195	179	163	
156	184	158	169	186	171	151	
152	181	167	177	176	165	156	
163	174	199	173	154	186	152	
166	165	160	199	181	164	171	
188	155	169	183	167	197	176	
156	178	182	162	158	157	188	
179	154	167	172	188	177	170	
199	167	196	176	175	177	181	
186	196	172	179	192	169	183	
193	197	173	199	151	176	169	
182	197	168	174	157	154	183	
160	167	178	182	170	175	192	
156	177	164	185	161	191	163	
153	182	165	180	190	186	181	
163	160	173	175	169	183	182	
174	181	159	172	153	199	184	
161	153	191	193	166	192	185	
160	176	153	170	177	162	174	
156	162	197	174	154	199	173	
157	181	199	179	154	187	177	
196	151	192	187	166	183	162	
181	168	173	186	156	153	164	
177	199	186	189	182	165	151	
183	171	168	192	190	167	157	
168	164	198	155	181	196	176	
198	197	165	176	171	160	168	
157	184	166	187	173	162	196	
180	195	157	161	198	169	182	
155	181	191	165	176	180	170	
155	189	193	156	162	153	150	
191	198	181	159	154	167	158	
154	192	165	187	150	153	190	
163	155	193	192	158	180	151	
185	156	178	172	187	169	164	
163	154	155	193	199	191	198	
159	157	154	189	193	161	173	
173	150	197	157	168	162	151	
173	189	152	192	176	190	164	
172	198	164	179	191	187	152	
222	226	224	236	247	228	210	
225	243	236	245	235	249	234	
218	203	231	239	245	220	211	
240	220	233	211	249	222	227	
223	236	206	241	248	212	216	
210	201	230	244	215	217	209	
241	233	239	244	221	246	214	
213	210	246	233	248	205	216	
212	241	248	231	216	249	208	
242	209	204	205	202	207	238	
246	241	217	215	248	212	249	
219	213	231	226	223	248	239	
226	213	249	228	229	215	248	
211	206	228	203	216	237	229	
223	210	205	218	202	207	212	
203	222	201	228	200	210	206	
202	233	214	234	226	227	201	
235	249	204	208	231	222	205	
248	224	218	231	212	249	234	
222	226	231	233	228	238	200	
244	205	210	218	229	238	217	
238	211	229	212	222	225	207	
233	202	225	207	246	205	229	
236	245	222	212	216	219	228	
223	236	217	201	222	244	225	
215	228	249	227	222	203	245	
248	219	216	233	200	249	224	
248	202	211	239	231	209	210	
242	206	241	237	245	244	204	
204	239	234	209	205	222	208	
205	224	248	247	237	228	211	
237	218	249	247	244	220	239	
239	236	213	201	246	202	234	
246	233	204	205	212	221	202	
210	211	221	240	241	204	218	
221	229	243	200	219	205	223	
214	241	240	223	233	208	206	
213	200	223	237	224	233	217	
220	221	219	216	248	241	214	
241	238	207	247	228	217	243	
247	227	210	203	226	249	233	
209	206	243	244	202	228	236	
215	241	211	210	217	212	230	
207	242	226	216	222	212	224	
230	205	238	236	239	235	228	
216	230	221	218	219	203	245	
231	224	221	240	227	233	248	
240	207	206	203	247	234	241	
243	244	207	223	215	238	234	
200	231	249	219	238	230	246	
259	266	262	268	286	282	261	
276	281	269	289	266	297	290	
295	277	289	293	255	287	280	
276	282	257	290	292	296	280	
273	270	257	299	256	262	298	
255	285	251	292	291	269	264	
285	296	254	259	250	282	256	
264	291	266	259	274	263	290	
253	299	283	282	279	297	273	
250	271	254	270	289	256	280	
258	250	294	269	263	282	252	
267	260	268	255	252	251	275	
266	280	289	282	259	290	279	
278	258	285	265	279	281	270	
281	282	250	263	295	268	290	
261	274	295	257	296	259	279	
283	252	272	296	259	294	265	
273	268	263	264	298	265	294	
251	296	294	289	278	288	295	
277	263	276	283	292	271	281	
266	252	275	279	289	283	290	
268	281	264	251	272	277	298	
295	277	289	251	259	266	265	
259	278	264	290	252	279	253	
279	251	284	273	255	296	292	
273	251	256	250	276	295	261	
286	255	278	292	251	298	279	
259	263	294	298	260	292	265	
298	277	297	281	278	268	294	
259	273	280	252	265	281	284	
281	252	250	270	297	267	290	
282	250	266	273	280	278	294	
263	254	290	287	255	262	276	
255	267	274	288	252	264	254	
254	261	277	255	251	292	279	
279	295	286	282	293	268	275	
285	267	253	263	258	286	261	
279	284	258	298	253	264	294	
258	288	292	285	280	293	295	
260	271	254	278	286	282	267	
286	260	291	295	272	277	257	
261	268	281	289	253	293	285	
254	298	292	286	267	250	262	
271	266	299	259	251	282	272	
296	252	281	279	267	285	253	
262	270	298	254	250	293	260	
267	255	271	280	282	269	268	
297	257	252	277	289	299	265	
254	269	286	289	265	252	296	
289	276	280	299	287	270	281	
300	345	305	324	346	347	314	
317	326	335	306	316	346	319	
343	330	306	328	347	321	303	
326	329	311	308	320	330	305	
321	301	328	306	331	340	311	
327	311	340	335	308	346	309	
339	306	341	335	321	340	307	
308	305	346	306	330	319	313	
336	302	320	348	338	303	307	
322	325	313	309	308	334	331	
316	327	301	302	335	330	315	
340	336	334	310	335	309	327	
346	336	310	321	316	308	343	
337	303	307	311	341	319	314	
339	323	307	337	320	332	338	
345	320	338	327	337	310	309	
349	327	328	320	317	348	338	
316	321	341	310	300	315	338	
337	347	335	318	309	328	323	
301	308	314	319	307	343	327	
334	347	325	321	344	339	342	
311	306	312	321	328	300	338	
344	329	333	316	301	303	341	
347	307	327	317	315	338	300	
342	313	315	308	318	311	345	
310	340	315	322	324	328	300	
325	346	301	326	321	312	334	
335	344	320	325	313	345	349	
313	315	319	320	335	338	306	
340	305	320	315	316	300	342	
328	344	317	341	335	340	325	
325	323	335	320	301	314	338	
346	334	315	323	307	343	340	
324	306	326	310	335	330	327	
342	321	324	308	327	331	323	
318	333	338	311	316	313	340	
348	344	322	311	312	345	310	
333	306	311	315	338	310	307	
319	330	336	331	324	301	344	
341	303	346	330	317	342	320	
321	332	339	345	327	302	323	
340	342	349	332	327	323	321	
326	334	307	331	304	339	312	
318	347	325	304	306	349	330	
336	331	332	337	310	317	308	
338	342	323	313	334	332	302	
337	328	316	322	344	301	343	
323	324	330	309	345	314	337	
300	318	320	309	349	325	313	
321	328	330	337	302	332	349	
367	373	380	388	372	360	386	
361	375	391	357	397	356	359	
376	369	381	385	399	370	366	
358	359	354	378	386	356	396	
373	377	355	353	360	391	393	
395	383	371	360	391	380	354	
399	363	386	366	377	391	359	
371	368	372	365	356	352	360	
390	373	368	380	384	374	370	
366	384	367	391	372	362	360	
372	358	387	378	393	388	380	
359	375	376	355	358	374	381	
397	352	351	356	389	355	373	
353	381	354	352	396	397	390	
357	388	378	387	390	395	367	
363	362	384	398	378	371	368	
399	370	393	366	381	351	395	
392	375	396	350	387	369	374	
350	357	373	362	394	387	360	
386	373	350	380	385	394	372	
366	387	399	353	388	396	377	
370	361	378	357	394	366	350	
376	353	368	389	369	381	396	
383	391	371	397	359	370	368	
355	351	377	362	390	361	352	
394	362	381	397	384	395	367	
371	385	376	379	390	355	354	
397	396	372	388	371	358	378	
357	389	393	383	396	358	356	
391	397	390	364	369	357	372	
396	370	383	350	367	369	356	
382	359	394	389	390	388	372	
386	372	362	380	383	370	365	
366	397	364	389	353	396	373	
356	365	359	396	360	375	352	
354	355	377	391	370	353	369	
397	380	370	365	350	357	386	
399	370	368	358	394	360	367	
359	374	382	396	388	393	363	
377	379	383	352	354	378	374	
398	382	372	381	384	396	361	
358	353	396	360	399	354	366	
385	382	378	362	358	391	373	
370	360	388	356	374	368	396	
369	363	367	360	357	395	390	
354	369	390	368	362	394	352	
366	386	380	365	379	398	389	
354	377	394	356	364	380	352	
388	371	385	360	350	366	392	
398	391	392	397	356	379	363	
408	449	416	440	439	426	414	
434	426	413	419	418	407	402	
410	425	434	400	417	402	412	
441	416	404	448	412	435	446	
432	438	400	425	440	449	413	
401	439	415	406	421	427	440	
406	447	433	412	414	409	423	
429	432	444	434	409	441	400	
405	448	402	442	431	409	443	
410	411	409	446	408	432	437	
433	448	428	441	445	426	444	
414	445	432	420	400	448	402	
427	407	439	401	411	426	430	
401	406	447	408	413	423	410	
410	428	443	411	401	418	435	
410	415	424	433	413	425	427	
422	446	427	444	426	428	413	
447	434	436	402	426	415	424	
435	438	418	402	442	443	430	
414	437	436	439	427	433	420	
418	434	431	436	426	425	441	
434	406	449	430	400	437	428	
430	423	403	428	426	433	404	
407	417	442	436	422	425	400	
444	442	430	435	418	409	404	
405	402	413	400	436	416	433	
429	422	404	406	409	407	428	
410	447	420	435	438	443	440	
404	444	405	412	442	425	419	
442	434	437	406	443	430	403	
419	447	409	437	431	433	424	
423	441	429	438	421	405	415	
428	430	436	437	444	414	426	
435	410	429	411	426	431	414	
401	425	438	412	404	437	439	
420	442	401	402	448	411	433	
445	424	408	406	400	416	404	
413	443	405	427	409	407	440	
429	405	406	401	428	420	425	
432	416	405	401	443	414	430	
444	413	432	445	423	405	409	
413	444	422	401	409	421	406	
446	406	435	425	421	430	412	
400	414	430	441	421	415	446	
407	406	427	418	429	430	416	
438	416	447	417	432	423	400	
438	436	441	416	422	419	432	
448	429	404	449	407	431	444	
429	447	425	437	402	407	406	
422	409	407	427	406	443	432	
458	480	463	467	477	452	489	
496	458	460	493	489	497	499	
463	465	455	458	495	481	480	
458	454	451	461	485	470	455	
453	487	454	484	481	480	458	
470	476	457	468	450	451	473	
461	453	488	475	497	468	472	
475	476	486	491	463	483	484	
496	488	490	477	451	497	485	
462	489	470	498	491	485	493	
483	450	496	468	452	472	498	
463	473	474	490	489	492	467	
482	462	477	499	493	472	487	
468	496	460	469	454	457	488	
452	479	482	458	457	499	481	
473	497	499	490	498	463	494	
456	461	455	472	491	479	462	
495	480	454	473	494	450	467	
455	477	467	469	456	460	478	
482	461	460	467	463	470	456	
497	495	456	484	475	451	472	
481	494	450	474	498	492	478	
471	456	483	496	462	497	485	
460	491	499	466	484	457	482	
463	481	478	476	498	497	454	
498	476	451	484	467	464	456	
489	488	475	464	459	491	484	
465	490	481	458	492	463	461	
482	453	458	451	477	469	452	
456	451	495	467	492	493	481	
453	465	480	472	469	457	482	
455	459	475	493	465	460	489	
468	484	487	493	470	472	454	
489	468	487	450	451	457	471	
484	483	450	471	469	467	454	
493	487	472	473	486	461	469	
494	472	488	465	482	476	467	
488	450	473	481	453	495	486	
469	467	459	478	491	481	488	
495	453	490	450	462	474	460	
471	450	472	477	485	487	451	
464	478	489	486	455	477	459	
467	456	485	474	450	463	453	
482	476	480	474	479	463	466	
497	496	473	452	466	483	487	
458	481	499	486	478	496	452	
457	472	471	460	453	468	469	
483	487	467	456	480	470	474	
488	481	464	490	455	491	456	
483	453	477	493	488	462	487	
12	30	38	25	21	7	9	43	
38	31	22	0	33	40	2	23	
41	28	44	11	22	47	30	17	
36	37	4	22	21	41	47	8	
13	38	30	21	49	3	31	2	
26	12	21	17	49	47	18	40	
36	14	10	3	48	26	28	2	
33	34	15	5	3	40	42	19	
25	29	33	19	5	11	8	43	
28	47	29	34	20	0	3	38	
5	35	30	18	27	21	44	9	
45	41	11	39	26	18	0	8	
11	24	17	25	0	29	16	31	
49	3	20	22	41	19	0	15	
17	33	35	30	25	11	13	15	
0	18	12	46	28	39	31	45	
26	39	34	5	8	6	38	32	
4	6	21	30	32	42	27	16	
4	19	31	26	12	42	49	10	
49	34	5	37	21	23	36	13	
22	0	26	24	11	43	49	17	
16	33	4	26	34	0	21	19	
9	23	35	8	19	47	39	28	
39	48	18	22	6	2	23	3	
8	3	28	26	19	27	2	31	
39	21	23	8	34	2	41	7	
49	30	13	18	31	39	0	26	
31	35	44	14	1	23	33	12	
47	20	2	16	45	0	40	49	
4	20	31	8	26	36	33	22	
25	24	7	17	26	44	41	13	
42	39	3	45	40	14	29	17	
23	6	27	31	20	0	25	14	
12	36	15	19	38	10	30	27	
14	0	25	23	15	45	10	33	
23	2	11	39	45	25	15	24	
8	15	29	38	14	12	11	42	
22	43	9	47	20	38	6	27	
32	15	29	45	47	23	46	25	
19	8	41	38	16	9	26	44	
28	4	37	29	16	6	11	44	
45	47	4	21	10	17	18	33	
1	17	40	8	47	10	48	25	
33	2	32	24	1	26	37	49	
39	8	16	6	30	22	32	1	
45	49	3	6	1	2	8	29	
33	37	43	31	38	41	32	28	
10	28	30	6	9	35	8	45	
10	27	44	20	48	45	36	39	
8	25	23	46	13	12	33	44	
79	60	81	65	68	58	93	87	
96	90	81	55	63	88	92	93	
79	92	93	82	52	57	71	91	
65	81	77	78	56	58	57	84	
54	73	95	76	99	86	90	66	
72	86	96	63	81	64	53	89	
75	71	63	66	90	98	82	95	
72	63	61	78	76	54	56	85	
54	65	62	56	64	75	84	80	
80	73	54	76	66	94	50	84	
90	98	83	76	52	59	60	67	
91	81	76	79	69	92	84	65	
92	62	59	74	60	67	97	66	
91	53	84	56	94	55	63	60	
90	76	73	52	74	93	95	56	
62	95	58	90	89	79	76	87	
93	94	91	81	62	60	65	89	
68	72	91	67	63	55	89	77	
86	95	61	79	55	78	66	60	
58	82	88	78	64	54	71	62	
80	93	62	50	87	99	70	75	
76	99	94	79	54	64	51	50	
63	64	72	60	68	50	76	55	
73	51	87	90	64	61	56	67	
85	82	67	90	71	89	66	59	
98	55	87	75	99	64	74	52	
56	96	74	53	60	88	90	65	
75	67	63	99	51	52	90	71	
77	72	50	70	96	79	85	80	
67	91	80	84	92	75	98	64	
91	51	85	90	92	82	75	60	
67	81	57	64	59	74	62	79	
50	87	88	93	76	57	96	77	
87	74	60	71	86	81	94	73	
74	91	71	64	88	58	94	95	
63	85	70	91	59	56	74	96	
80	89	99	82	72	74	83	70	
80	78	92	93	90	54	89	60	
84	89	58	50	88	79	92	61	
95	61	75	85	60	97	68	58	
99	93	52	51	61	97	92	85	
84	78	72	98	63	95	77	64	
80	85	92	94	74	82	73	79	
54	79	98	51	77	88	70	66	
98	84	76	52	99	60	65	53	
72	58	66	80	94	86	88	60	
90	62	97	65	88	85	76	55	
79	96	95	91	60	71	88	50	
85	69	92	94	65	71	77	73	
77	73	86	58	56	83	59	51	
113	119	136	123	104	110	131	116	
119	145	104	106	107	137	114	141	
128	110	138	139	127	147	148	124	
121	105	106	139	103	143	131	120	
148	140	139	122	143	119	102	138	
127	117	124	147	149	113	106	130	
117	106	134	133	113	141	145	109	
122	147	127	119	124	144	136	105	
103	125	127	133	132	117	113	145	
148	127	111	118	138	105	117	110	
100	104	122	148	109	135	125	115	
145	124	119	102	125	140	113	132	
112	121	103	136	124	125	101	102	
132	141	137	118	111	122	113	133	
106	110	141	107	116	139	149	124	
106	126	120	105	113	117	144	125	
144	107	114	147	142	149	104	122	
104	141	136	103	127	137	143	101	
109	125	139	116	105	137	103	141	
141	114	120	146	142	107	123	137	
114	113	131	140	137	101	103	146	
106	119	107	116	103	131	129	108	
139	118	100	132	140	143	122	117	
142	143	139	118	145	148	126	140	
136	142	118	119	122	108	125	129	
120	136	100	147	114	132	105	102	
123	138	121	137	130	124	103	139	
100	130	111	105	147	117	129	109	
131	149	133	146	125	113	135	120	
123	117	100	114	107	142	130	134	
122	123	118	115	144	142	124	140	
107	148	140	106	137	129	123	142	
107	124	113	104	145	149	140	116	
123	149	129	111	142	104	101	140	
149	107	136	110	114	140	111	127	
105	108	133	128	139	100	107	144	
107	132	129	146	109	123	139	143	
126	118	110	117	130	131	100	147	
109	140	110	139	105	106	142	112	
149	148	130	145	144	100	118	109	
135	103	129	110	109	104	125	137	
126	142	107	131	144	145	113	137	
149	136	132	122	121	141	135	109	
119	129	141	101	126	120	118	131	
124	146	108	122	149	117	140	102	
103	135	104	102	130	111	115	140	
148	139	126	116	104	137	123	111	
104	145	146	106	140	128	123	116	
146	149	111	134	114	102	136	132	
120	143	114	123	111	115	146	144	
195	191	168	157	199	187	170	185	
172	171	153	167	187	163	198	192	
197	164	179	175	181	195	192	196	
190	199	175	162	161	151	183	194	
194	173	159	176	175	186	155	163	
158	183	180	169	162	166	192	181	
155	184	189	154	150	180	181	196	
150	162	176	188	175	163	183	196	
150	175	157	180	165	166	190	162	
172	194	177	192	178	181	191	186	
158	179	167	152	180	198	181	188	
159	169	152	170	171	151	178	180	
156	173	176	167	154	187	198	185	
185	168	173	163	195	192	157	184	
168	169	157	167	183	188	152	198	
185	172	178	197	164	180	160	150	
175	186	176	162	183	196	169	159	
158	167	166	165	197	192	161	188	
160	173	189	184	153	180	169	191	
154	153	156	187	152	188	164	182	
158	172	171	165	173	150	195	189	
187	170	157	185	183	177	161	162	
179	160	153	191	156	185	166	152	
158	161	174	178	193	151	175	171	
179	170	192	184	180	151	196	195	
178	182	194	169	152	160	183	165	
198	178	158	189	199	167	160	195	
150	163	155	196	179	159	173	157	
162	172	160	195	156	180	154	182	
176	178	181	174	161	160	177	193	
196	171	168	160	174	152	163	161	
169	150	183	197	181	179	174	171	
171	179	172	196	176	188	184	152	
198	151	192	171	163	159	197	177	
179	162	173	168	176	163	155	150	
163	184	172	166	165	152	182	164	
167	159	162	195	152	191	174	196	
199	187	170	194	179	160	176	192	
180	199	156	157	187	190	163	167	
161	159	174	175	166	196	182	171	
171	170	183	196	169	168	179	163	
153	186	175	159	195	182	179	183	
196	197	161	178	181	157	188	193	
160	180	199	186	195	192	170	175	
167	174	158	153	197	195	188	162	
177	183	170	158	190	188	179	161	
174	157	191	194	166	190	181	180	
150	182	151	157	190	154	170	156	
166	192	198	165	178	168	155	190	
194	179	199	184	153	164	177	187	
208	233	241	245	217	237	242	206	
248	233	229	237	242	227	239	207	
233	238	226	213	209	243	241	236	
246	247	242	238	216	211	233	218	
248	222	213	215	235	234	204	221	
248	205	211	233	235	220	218	212	
236	228	248	235	237	229	242	207	
223	215	236	242	237	243	249	220	
237	220	245	218	210	233	211	219	
215	238	223	246	210	247	213	216	
229	237	219	226	202	206	215	216	
241	212	202	226	200	209	236	227	
221	208	236	216	229	240	238	204	
245	215	219	210	238	226	221	213	
216	244	246	215	235	226	206	249	
236	219	231	211	212	240	229	225	
200	224	220	241	212	229	227	244	
205	230	246	214	233	236	244	238	
243	200	224	217	241	227	209	204	
202	222	244	228	203	238	208	218	
244	222	209	249	230	232	228	243	
224	204	216	230	200	229	227	201	
236	215	244	226	228	220	213	212	
201	245	216	239	209	240	232	203	
231	245	227	222	218	244	241	217	
214	215	232	216	249	231	244	230	
237	236	244	239	238	213	215	242	
226	233	222	228	231	247	246	204	
247	249	223	229	221	248	211	201	
229	223	249	222	203	207	224	240	
233	228	200	246	230	219	222	218	
211	215	225	241	201	247	249	246	
220	207	200	247	226	205	206	227	
219	242	207	249	240	201	224	205	
210	245	231	227	202	208	205	224	
249	206	248	238	246	215	217	218	
239	218	231	222	240	236	204	229	
217	211	207	234	245	249	214	235	
202	248	233	234	237	216	239	214	
214	226	208	235	215	220	238	227	
220	226	222	215	245	225	231	229	
232	236	231	221	227	205	237	219	
233	206	227	240	205	216	219	242	
249	248	234	218	211	208	243	205	
237	249	214	246	238	223	234	231	
214	216	241	208	226	233	205	203	
207	215	242	202	234	239	244	208	
201	219	231	220	221	226	233	203	
245	237	234	248	222	219	211	244	
229	208	241	234	216	200	211	223	
256	287	283	269	292	279	286	259	
257	260	268	294	270	255	263	251	
260	283	297	265	273	264	267	286	
273	290	287	281	293	285	257	294	
289	288	260	270	264	277	282	262	
296	278	258	282	261	277	257	265	
265	261	271	295	291	283	257	251	
278	270	284	271	283	259	281	294	
284	264	257	298	252	253	290	285	
252	281	284	290	254	288	251	263	
289	296	252	268	286	282	264	285	
288	253	274	252	263	259	268	295	
262	266	284	291	279	289	270	297	
286	272	281	298	275	260	299	257	
282	292	250	255	251	253	272	278	
267	268	257	273	266	259	255	287	
258	252	278	268	264	276	299	259	
294	250	289	292	288	262	273	254	
275	281	293	256	282	270	289	278	
285	277	272	288	298	284	299	297	
261	259	257	284	278	262	290	252	
290	264	253	297	299	280	254	257	
265	289	263	282	259	274	285	280	
280	264	269	271	257	298	274	291	
260	299	280	256	264	286	293	266	
261	250	281	262	275	257	270	299	
289	262	256	261	285	255	253	279	
255	270	271	266	272	298	252	274	
291	289	290	251	282	258	276	255	
289	258	262	286	269	264	270	274	
287	288	256	272	260	261	258	275	
274	298	265	284	289	295	273	263	
288	278	250	289	268	298	271	277	
286	256	272	259	262	294	250	296	
259	261	271	295	269	251	287	270	
259	284	276	253	260	297	266	299	
272	274	270	254	264	252	289	299	
295	282	254	278	258	260	276	252	
288	299	271	251	254	275	283	285	
259	252	295	291	286	267	268	283	
274	292	273	270	272	269	296	252	
285	256	264	289	261	276	275	297	
287	263	250	260	264	281	283	261	
276	275	271	285	254	265	251	296	
259	252	256	291	285	293	288	299	
271	294	265	258	273	287	259	283	
261	270	285	254	252	272	271	274	
268	298	257	296	262	286	251	264	
297	279	253	281	250	278	291	282	
277	268	259	282	286	262	273	294	
301	321	340	312	335	308	343	336	
306	333	336	301	320	342	331	332	
305	332	326	336	316	337	344	345	
306	345	313	333	337	342	310	317	
341	338	328	326	334	301	311	325	
306	310	315	349	329	317	341	305	
323	339	349	319	335	318	313	306	
300	302	337	348	330	320	313	331	
348	341	305	314	337	303	346	307	
348	321	311	335	310	306	347	315	
341	327	311	305	333	319	345	346	
336	300	333	331	316	342	345	317	
303	301	336	347	349	342	324	321	
331	336	327	316	306	315	311	323	
340	310	342	327	309	334	344	313	
341	336	337	306	305	340	321	331	
325	342	321	345	306	310	312	313	
346	340	319	324	332	349	301	344	
312	300	302	344	308	342	334	332	
305	326	311	346	304	324	321	322	
326	328	303	319	316	308	343	327	
317	301	324	304	339	342	315	321	
343	307	329	346	337	348	342	312	
303	330	342	335	349	317	311	310	
303	343	339	325	340	302	314	306	
343	342	334	324	322	327	316	301	
310	339	344	334	325	347	309	349	
302	341	311	316	327	306	308	320	
346	305	321	344	348	313	331	339	
314	338	330	348	319	335	347	337	
337	306	349	343	325	345	302	348	
332	341	301	304	338	311	323	313	
326	301	309	321	312	341	315	348	
318	339	301	337	328	303	331	346	
347	316	335	314	302	349	303	337	
344	338	322	346	324	341	334	312	
315	316	317	301	307	325	319	312	
333	306	313	320	328	309	329	341	
302	332	318	330	338	329	334	321	
325	310	337	329	330	315	335	321	
307	317	335	336	305	309	322	303	
327	349	318	333	335	337	307	338	
333	317	307	311	315	309	344	337	
314	300	336	322	313	337	342	327	
317	319	330	331	310	307	302	316	
349	324	339	335	300	326	303	308	
322	331	304	330	302	310	332	342	
314	315	327	326	328	346	333	340	
302	311	339	320	312	326	344	300	
305	311	346	315	314	329	330	335	
397	368	399	354	367	355	350	396	
359	369	366	354	398	390	365	376	
397	368	388	391	364	390	371	378	
361	354	390	392	394	362	395	374	
391	390	396	365	367	392	366	381	
353	351	363	358	394	391	392	364	
396	378	387	361	367	386	359	395	
386	369	372	363	358	378	353	360	
362	387	390	354	397	385	386	372	
372	388	394	380	387	351	352	383	
373	356	372	353	380	375	395	365	
373	369	377	351	387	355	367	364	
393	384	390	364	391	371	354	351	
390	381	399	368	354	365	355	378	
387	394	353	364	382	356	374	369	
354	356	394	397	386	360	378	383	
367	371	384	392	369	382	363	372	
383	370	350	384	398	374	396	397	
379	359	350	389	375	363	391	380	
371	358	350	398	397	353	389	386	
369	359	386	364	379	383	382	353	
387	397	372	399	377	354	380	391	
375	368	364	370	361	363	381	378	
366	367	391	385	388	383	353	393	
395	396	350	382	381	393	352	364	
361	387	383	379	396	366	397	353	
379	378	395	363	384	385	394	360	
353	360	358	387	368	363	379	390	
367	357	378	375	358	361	398	360	
373	379	364	397	376	361	351	363	
375	368	386	355	389	366	383	371	
369	375	390	392	371	363	382	358	
385	354	388	382	379	392	397	370	
360	356	390	399	385	350	364	357	
369	360	368	366	375	391	356	384	
364	375	392	353	388	396	394	368	
381	386	355	374	373	357	375	359	
390	383	371	374	394	398	389	379	
358	399	356	377	379	360	387	376	
391	385	357	381	374	370	378	351	
375	365	393	351	392	380	388	353	
397	390	358	364	391	372	355	399	
375	395	383	364	382	394	374	368	
374	395	382	394	363	386	361	364	
396	393	352	350	362	390	383	365	
354	351	352	390	372	357	363	364	
363	370	399	362	374	394	364	388	
372	355	363	386	369	368	365	379	
357	393	390	382	367	373	372	376	
354	367	392	359	396	389	362	356	
437	409	438	443	403	429	425	402	
417	442	415	429	432	402	407	443	
405	435	415	425	430	431	419	441	
440	430	427	418	444	432	419	414	
424	410	415	419	432	435	434	448	
432	434	424	401	415	442	407	421	
402	407	418	401	417	405	440	449	
412	423	435	426	402	418	421	411	
406	423	405	433	415	438	440	402	
405	444	418	446	427	432	409	430	
414	411	448	431	449	444	400	404	
412	420	403	437	418	441	447	430	
422	408	437	417	438	423	445	443	
413	435	416	440	401	424	428	441	
408	439	410	440	431	426	406	414	
411	431	401	439	419	420	445	447	
403	419	427	444	409	436	420	418	
425	441	413	411	408	423	420	421	
439	413	428	415	442	441	446	440	
426	425	424	410	440	438	432	406	
433	434	439	435	417	415	425	430	
413	400	415	444	402	434	406	447	
446	445	444	407	413	426	432	431	
411	403	424	431	426	405	401	446	
409	422	441	425	442	430	403	440	
435	402	407	413	429	441	439	430	
425	417	423	433	445	420	437	428	
448	438	442	416	443	426	403	424	
423	403	402	413	445	415	444	448	
404	428	423	431	432	417	409	440	
421	402	438	420	423	435	429	434	
447	433	445	446	404	423	413	417	
411	402	405	447	446	414	430	423	
435	446	426	443	445	413	448	432	
447	429	426	413	421	419	418	405	
412	432	431	443	410	427	423	402	
430	423	432	420	406	400	426	422	
441	419	401	448	418	427	432	405	
426	402	412	411	444	445	432	435	
441	412	448	403	402	409	446	449	
410	438	441	425	447	444	416	407	
445	447	403	434	408	437	406	416	
415	431	403	438	444	427	409	432	
446	432	419	433	410	401	411	444	
425	436	414	408	405	418	448	440	
435	418	448	400	407	433	401	404	
443	417	441	421	412	438	429	433	
412	417	402	443	414	422	403	409	
413	442	404	431	439	435	403	412	
430	410	444	437	443	424	445	402	
466	480	468	479	459	478	490	485	
453	499	471	473	497	456	451	494	
493	460	461	488	454	496	486	494	
478	477	464	497	455	476	491	468	
470	499	476	481	454	457	456	498	
497	460	477	479	470	463	467	471	
485	451	486	481	498	478	490	460	
476	456	454	470	492	471	452	499	
476	479	452	491	481	490	464	484	
453	499	462	475	472	495	477	498	
461	495	468	491	484	459	475	451	
484	488	476	479	463	486	489	494	
498	491	471	457	454	489	459	487	
490	466	495	464	475	497	476	463	
453	492	490	454	473	470	489	481	
485	461	455	474	460	464	453	463	
490	465	483	481	480	450	452	499	
489	482	456	481	458	471	497	457	
494	499	487	467	463	458	486	450	
463	486	467	452	497	487	473	482	
463	486	474	481	495	489	464	460	
477	491	487	495	489	451	454	458	
494	486	466	484	491	463	478	482	
464	471	481	474	454	465	459	472	
487	485	452	496	471	480	451	475	
465	451	487	478	484	497	454	470	
475	496	479	492	477	452	495	471	
496	495	484	482	475	491	499	497	
465	490	496	489	499	482	467	452	
472	483	480	455	499	465	457	473	
496	469	497	466	453	473	477	471	
475	476	455	461	467	468	463	491	
455	464	456	474	477	484	489	495	
494	467	469	499	480	459	460	461	
463	469	499	476	460	454	489	488	
473	489	488	483	472	480	498	466	
497	462	459	467	495	464	488	460	
480	464	470	479	477	455	498	497	
453	482	462	496	493	473	463	460	
488	458	493	473	464	497	460	461	
452	469	477	487	478	497	458	457	
485	480	478	455	475	473	495	472	
461	482	487	460	468	471	480	462	
453	497	464	454	465	451	474	486	
491	484	494	468	457	463	496	458	
461	463	484	480	486	496	483	482	
459	481	452	457	480	492	483	454	
496	455	460	467	498	465	483	499	
466	498	499	462	456	464	465	478	
479	463	491	456	490	466	462	478	
367	174	439	
31	202	322	
396	97	10	
275	19	193	
62	436	364	
331	194	14	
385	50	207	
76	476	204	
376	221	239	
46	132	70	
114	492	495	
272	453	481	
347	179	490	
194	429	312	
105	450	457	
477	464	24	
252	272	294	
212	9	211	
127	123	391	
298	340	376	
173	387	344	
119	263	194	
98	30	88	
170	231	153	
84	97	181	
386	112	124	
195	269	229	
409	374	289	
6	422	314	
397	188	24	
455	70	90	
286	299	409	
65	363	143	
331	454	42	
351	489	54	
215	497	460	
424	293	350	
327	393	133	
396	125	410	
488	355	169	
195	366	159	
286	76	31	
193	122	107	
482	238	53	
480	203	118	
86	295	138	
203	56	226	
400	205	222	
370	250	157	
457	199	79	
255	81	355	
401	437	305	
227	88	131	
417	335	55	
28	61	38	
146	283	219	
389	156	251	
327	420	33	
115	490	341	
227	374	434	
168	23	222	
102	128	244	
230	292	374	
262	7	460	
179	24	303	
476	353	242	
405	338	6	
203	141	490	
136	400	94	
50	443	428	
470	255	374	
419	429	239	
148	463	63	
453	101	111	
481	72	423	
49	39	269	
343	81	225	
422	67	132	
14	128	335	
198	476	409	
199	8	178	
265	434	420	
193	314	405	
398	418	236	
479	191	330	
187	77	306	
43	259	12	
282	108	485	
322	195	372	
201	70	313	
270	391	25	
399	101	388	
152	339	120	
406	5	159	
63	284	282	
127	79	49	
171	460	146	
169	495	363	
371	62	182	
21	291	377	
182	38	348	
211	83	263	
455	270	45	
348	112	377	
402	127	147	
451	283	311	
448	495	445	
452	202	104	
30	472	327	
476	298	98	
222	74	187	
467	339	93	
348	371	219	
61	235	284	
344	486	268	
377	453	498	
55	487	442	
415	247	111	
22	455	144	
131	372	300	
257	308	366	
138	85	459	
16	65	357	
428	163	320	
200	291	455	
236	84	290	
416	481	191	
108	12	335	
271	326	343	
471	154	142	
494	7	213	
440	425	488	
349	146	100	
22	242	473	
141	289	47	
69	217	451	
321	449	442	
84	391	107	
343	225	128	
469	367	354	
4	349	428	
399	38	95	
146	34	55	
416	279	483	
381	183	133	
323	494	213	
340	208	81	
386	51	107	
79	382	329	
58	355	387	
83	309	163	
192	78	378	
138	352	318	
445	338	497	
465	391	293	
153	345	340	
286	191	353	
253	27	121	
270	183	280	
130	315	329	
277	342	285	
483	354	430	
339	63	436	
420	424	497	
148	125	243	
152	275	183	
33	105	311	
145	245	57	
16	460	373	
108	417	438	
169	303	33	
288	350	199	
393	115	68	
69	361	419	
188	169	155	
150	125	124	
403	45	160	
240	88	87	
215	363	457	
32	13	402	
255	67	155	
102	233	439	
427	238	132	
340	148	457	
139	450	1	
431	337	275	
351	290	349	
6	228	296	
181	279	268	
422	230	218	
282	368	332	
143	457	498	
302	162	460	
435	173	376	
125	172	292	
197	182	141	
8	200	188	
49	470	260	
362	287	118	
457	86	387	
212	477	76	68	
135	139	306	50	
22	274	476	329	
203	189	270	433	
220	248	250	443	
413	188	491	254	
422	482	183	40	
349	256	195	144	
61	129	384	163	
216	193	278	498	
245	172	389	320	
406	265	395	39	
304	413	129	364	
241	270	202	117	
151	109	464	493	
492	489	203	314	
375	253	485	414	
135	239	348	61	
143	265	493	218	
419	301	447	176	
90	29	215	279	
430	471	380	240	
299	499	349	84	
287	338	156	31	
478	393	123	205	
237	266	172	333	
380	114	97	213	
412	41	320	140	
399	242	416	297	
396	454	375	238	
78	120	289	436	
435	326	170	321	
26	481	434	96	
225	248	20	194	
18	243	111	107	
71	45	153	317	
488	233	226	81	
379	356	358	305	
319	215	30	113	
331	49	470	105	
12	220	394	420	
145	169	281	5	
226	26	411	106	
312	371	105	338	
19	168	462	149	
121	355	390	230	
444	288	215	18	
89	312	473	267	
274	287	151	345	
75	21	126	115	
463	273	161	77	
200	93	292	272	
491	111	5	432	
350	420	331	187	
53	428	324	384	
276	272	462	355	
459	86	455	162	
190	227	242	62	
27	267	324	215	
313	225	81	293	
452	394	174	320	
497	199	141	31	
117	374	73	9	
76	313	11	356	
28	87	77	470	
269	476	306	117	
316	119	285	21	
351	179	30	28	
376	231	55	108	
478	119	188	286	
171	292	116	464	
233	390	146	0	
62	21	28	272	
298	61	183	413	
488	463	98	14	
310	58	334	122	
288	39	77	381	
216	3	281	55	
479	81	176	199	
327	156	266	137	
479	101	130	150	
478	497	100	473	
313	156	216	201	
376	215	324	412	
215	202	74	142	
265	439	328	169	
202	37	434	292	
24	422	11	56	
489	399	138	407	
423	339	2	356	
444	387	290	380	
247	296	116	19	
11	314	480	226	
471	396	344	183	
497	222	41	85	
371	12	214	112	
349	195	446	372	
276	369	197	220	
440	109	438	332	
387	338	107	185	
395	354	50	388	
142	492	203	163	
214	22	114	279	
313	82	186	259	
233	141	46	163	
131	465	28	222	
17	482	44	166	
381	497	405	71	
402	122	322	198	
496	388	426	435	
283	2	498	292	
280	128	65	88	
353	260	87	409	
211	222	244	91	
249	300	484	223	
45	440	431	347	
464	24	420	411	
390	445	287	80	
496	329	127	126	
402	338	348	200	
332	178	255	469	
426	279	89	479	
290	131	278	495	
472	341	363	70	
214	483	48	402	
37	153	203	142	
150	170	362	86	
67	109	229	393	
284	71	496	36	
101	18	390	182	
254	105	221	95	
487	12	139	140	
393	257	374	334	
356	42	260	435	
137	231	235	151	
445	216	279	45	
309	492	240	103	
30	270	138	102	
35	85	262	442	
201	169	355	320	
474	448	491	159	
405	258	104	245	
309	299	464	365	
485	336	402	267	
457	350	72	287	
165	258	404	388	
427	167	210	394	
39	420	315	479	
248	253	415	18	
133	263	424	458	
16	290	450	94	
138	468	173	32	
51	313	371	48	
222	380	41	286	
147	97	366	417	
62	182	105	428	
303	295	432	171	
40	257	219	131	
105	294	78	292	
438	177	244	443	
481	305	485	195	
289	132	418	337	
454	429	283	316	
369	205	98	83	
410	480	339	76	
88	435	0	350	
492	190	442	418	
452	123	252	38	
457	74	214	205	
286	223	369	139	
94	117	405	431	
326	202	89	312	
131	393	454	418	
302	39	312	357	
456	199	348	337	
4	429	203	417	
172	493	266	412	
155	40	282	353	
217	455	26	204	
276	446	423	356	
373	366	141	438	
32	366	255	94	
38	498	134	71	
272	322	409	111	
185	457	219	160	
62	380	254	395	
449	98	149	199	
57	105	35	287	
248	203	137	206	
391	342	425	282	
361	203	37	470	
350	79	365	83	
449	167	470	484	
344	302	311	71	
424	338	74	379	
120	160	328	243	
102	334	137	23	
298	416	97	239	
277	315	459	494	
88	208	233	307	
43	346	396	191	461	
441	340	139	151	440	
41	398	400	100	499	
434	389	164	86	402	
410	123	377	389	137	
478	259	408	238	335	
300	422	348	176	354	
235	152	407	93	453	
197	405	2	25	469	
373	214	168	330	296	
269	128	433	361	309	
203	4	276	77	238	
149	379	99	242	461	
371	202	95	408	446	
15	311	73	292	198	
178	411	392	427	92	
56	197	131	10	252	
491	494	497	325	199	
216	31	498	191	167	
6	459	405	12	188	
213	232	468	104	9	
193	493	307	392	416	
398	169	137	232	194	
234	260	143	405	447	
47	167	120	395	475	
165	49	355	349	173	
175	321	26	143	183	
496	380	39	440	115	
160	436	88	437	306	
285	95	416	24	485	
35	159	217	378	301	
385	408	24	326	428	
22	481	207	307	318	
153	265	388	305	360	
153	110	346	251	160	
120	245	138	337	156	
271	491	450	155	320	
61	4	402	281	455	
79	329	8	432	359	
393	189	126	194	414	
237	74	431	43	80	
235	198	453	477	223	
251	497	302	51	473	
459	436	417	97	26	
85	208	373	170	275	
73	95	357	171	10	
358	438	332	396	146	
213	428	340	348	232	
101	381	444	477	340	
233	416	206	262	70	
341	54	321	314	380	
390	250	208	66	151	
81	442	65	137	187	
50	214	21	147	291	
54	98	496	16	344	
353	151	380	219	85	
491	247	160	345	116	
348	144	407	232	246	
17	114	81	318	330	
433	183	403	228	379	
290	244	327	9	166	
208	479	432	351	409	
77	165	474	354	230	
221	449	404	124	452	
314	43	263	337	78	
379	37	227	161	366	
111	429	460	68	86	
494	407	98	148	130	
378	335	0	465	299	
401	245	189	419	287	
18	421	57	215	426	
475	105	182	101	375	
154	161	252	169	481	
425	423	152	124	214	
64	123	36	301	290	
67	131	424	144	440	
487	407	371	394	497	
79	401	300	303	90	
7	186	323	389	103	
440	0	109	241	86	
489	60	56	189	88	
406	484	414	132	482	
140	358	244	152	423	
181	291	187	339	95	
175	160	136	391	62	
53	490	161	183	42	
191	347	54	426	408	
482	88	17	125	256	
375	264	353	42	282	
209	353	399	238	439	
431	328	31	364	42	
388	238	297	150	107	
134	406	378	343	454	
247	257	274	430	2	
489	204	240	157	42	
47	270	132	253	340	
158	330	163	434	343	
437	243	47	134	198	
5	412	76	414	244	
264	498	465	337	287	
397	488	189	292	90	
222	426	486	218	61	
81	267	242	109	126	
275	420	104	358	241	
479	264	366	322	79	
134	381	427	295	493	
473	453	467	497	84	
152	489	227	427	280	
299	371	48	480	72	
255	119	379	445	380	
199	239	331	357	77	
252	34	39	160	13	
227	153	13	244	441	
352	174	313	441	218	
457	176	443	41	379	
331	283	364	17	112	
436	119	400	232	73	
163	440	196	108	372	
297	111	416	0	239	
106	472	113	491	396	
347	142	135	271	366	
476	35	33	435	115	
239	158	436	349	28	
55	415	287	79	4	
459	180	253	315	446	
323	273	138	20	230	
68	151	45	59	420	
274	142	154	20	373	
265	468	141	227	392	
414	179	1	250	198	
213	331	203	276	226	
354	384	280	194	43	
160	22	163	479	9	
81	129	144	336	138	
357	402	296	55	154	
81	29	411	111	328	
482	260	10	317	247	
68	160	486	171	346	
385	401	367	383	85	
479	192	224	181	444	
53	56	249	246	190	
3	491	14	123	179	
472	185	221	96	473	
408	146	336	207	312	
112	466	141	185	481	
251	368	351	241	478	
252	194	372	394	249	
275	369	380	373	12	
67	96	419	17	164	
247	499	126	352	259	
151	132	431	97	158	
58	483	392	411	405	
19	486	482	435	487	
27	264	376	333	81	
340	457	124	47	255	
171	58	5	464	370	
95	479	269	404	296	
22	186	4	136	305	
15	127	77	211	302	
297	268	336	333	331	
68	282	60	407	9	
356	332	243	288	250	
401	241	151	219	333	
303	286	108	444	110	
270	81	382	384	251	
312	127	248	57	324	
8	35	49	370	266	
481	259	341	54	171	
400	341	272	277	85	
132	160	25	130	262	
253	270	88	426	60	
350	397	232	346	77	
477	131	465	185	281	
335	450	49	38	490	
177	391	59	255	131	
291	305	24	194	251	
348	200	70	49	487	
334	77	189	274	102	
405	249	447	203	12	
235	458	446	250	371	
266	388	189	52	284	
250	242	325	146	182	
327	409	15	365	373	
346	487	90	342	283	
258	289	403	123	493	
59	170	358	1	402	
106	486	483	186	272	
210	224	393	306	147	
12	130	229	255	391	
277	470	110	220	197	
424	162	221	264	477	
114	398	460	129	301	
161	343	106	180	360	
378	246	40	157	278	
399	335	310	84	412	
321	174	49	162	206	
482	320	432	173	183	
42	101	336	169	247	
17	442	461	490	155	
202	246	371	471	375	
