28	7	42	15	32	27	
36	49	47	29	30	1	
25	32	31	48	42	29	
42	46	30	8	47	14	
28	43	29	6	44	34	
11	7	25	10	21	35	
29	48	43	47	14	19	
17	46	1	32	11	36	
45	10	27	21	2	11	
18	1	0	4	8	49	
14	12	27	16	31	18	
30	11	37	18	28	42	
9	2	23	41	14	43	
17	3	30	36	29	45	
10	43	38	40	35	31	
22	16	5	11	29	20	
20	36	26	16	23	17	
34	41	10	9	12	23	
28	19	1	7	18	17	
15	36	38	45	25	31	
2	26	5	38	21	30	
1	17	4	6	34	45	
9	39	42	19	31	28	
16	41	22	18	47	31	
29	13	28	46	1	21	
32	23	1	27	16	13	
47	22	43	32	9	44	
11	9	21	34	23	13	
31	13	40	12	38	42	
15	30	38	12	28	9	
1	2	31	49	23	35	
49	0	1	43	19	21	
2	13	34	5	35	28	
46	11	26	35	47	43	
5	16	28	23	7	17	
39	46	4	2	6	40	
4	27	18	42	34	10	
42	48	13	47	12	23	
3	37	31	6	28	34	
17	36	0	12	33	38	
39	46	24	34	16	20	
3	38	0	44	2	31	
19	49	12	8	47	37	
4	18	22	35	29	12	
48	18	11	0	45	7	
24	37	0	45	29	41	
30	45	18	49	7	46	
33	41	38	42	11	29	
48	41	21	15	25	42	
2	1	32	15	36	35	
54	96	83	98	84	82	
56	99	92	69	72	85	
97	87	89	52	69	70	
84	98	89	85	68	62	
99	75	66	50	74	58	
65	57	91	75	99	62	
87	75	77	92	99	63	
66	55	70	72	87	60	
61	93	59	58	95	52	
86	53	94	62	99	93	
65	71	54	78	52	72	
61	52	65	71	58	69	
64	95	80	51	66	50	
92	65	70	74	89	56	
58	86	92	88	66	74	
95	67	51	72	50	98	
83	84	96	71	92	72	
91	94	87	85	68	74	
86	82	64	69	60	83	
70	73	95	62	56	67	
80	84	98	68	73	57	
83	61	63	66	58	81	
94	85	95	63	50	86	
88	80	52	55	83	61	
81	50	56	85	55	52	
71	58	84	67	87	56	
79	78	60	85	86	67	
64	94	78	67	62	84	
63	62	58	69	83	70	
83	93	57	62	91	90	
52	57	53	55	58	97	
59	76	80	53	77	89	
73	80	55	58	92	93	
54	57	63	77	92	73	
57	62	83	98	74	59	
65	74	93	62	64	52	
63	79	82	75	90	66	
57	85	63	88	58	71	
85	55	51	52	68	99	
54	98	91	80	64	57	
94	55	88	51	89	56	
65	73	67	89	74	50	
73	74	63	76	97	75	
70	81	85	72	74	61	
69	78	52	82	67	91	
88	58	68	98	99	84	
53	90	60	87	77	81	
71	98	85	65	75	72	
98	73	65	71	97	78	
74	73	58	71	91	70	
117	131	137	140	123	128	
100	149	122	116	103	106	
128	112	149	115	148	140	
125	119	136	112	128	130	
114	134	127	137	118	146	
136	125	139	116	141	108	
145	130	131	138	147	141	
118	133	117	110	134	143	
109	104	117	106	145	146	
131	136	142	139	129	146	
128	134	130	149	143	105	
133	144	124	147	109	146	
108	142	124	129	141	106	
115	140	107	122	132	119	
144	148	147	100	127	105	
101	149	126	128	117	102	
128	122	117	137	147	141	
107	108	105	130	115	132	
117	108	109	145	135	134	
101	148	147	141	125	116	
132	137	140	144	123	138	
101	126	104	113	100	130	
143	124	102	122	106	107	
143	108	138	136	119	124	
110	115	122	139	149	126	
118	141	109	124	126	115	
110	115	145	105	135	121	
100	137	121	127	113	107	
139	142	125	126	141	100	
114	124	105	112	145	135	
126	140	143	124	121	149	
111	117	132	146	144	149	
112	139	134	105	133	138	
119	114	142	102	110	123	
135	121	137	117	111	131	
124	148	132	105	128	103	
148	131	147	101	120	114	
133	114	101	132	127	112	
147	141	139	103	143	135	
130	108	139	141	112	121	
104	127	125	148	112	109	
123	142	132	138	147	115	
127	143	134	112	125	132	
146	120	110	138	119	129	
125	113	147	129	148	143	
125	121	111	126	135	123	
104	113	141	114	111	103	
101	106	118	145	116	126	
135	111	108	136	124	147	
126	140	138	115	119	128	
152	158	159	172	169	175	
194	153	156	187	188	193	
176	179	184	183	175	185	
159	164	171	177	181	180	
185	171	164	154	181	162	
158	154	181	179	150	153	
164	150	188	160	155	151	
188	183	169	155	190	195	
158	161	179	152	190	196	
165	188	187	174	168	197	
151	191	182	173	183	175	
154	176	157	194	187	185	
164	156	173	177	194	159	
168	157	199	186	198	184	
153	171	197	193	176	182	
170	196	181	190	157	180	
180	160	157	195	194	184	
180	198	199	165	196	155	
180	194	154	197	188	173	
197	156	161	199	176	195	
193	158	187	155	180	163	
188	160	187	182	194	180	
195	194	186	160	157	190	
196	164	185	193	191	190	
186	177	189	190	195	171	
186	189	178	172	170	199	
174	183	155	161	177	173	
189	191	168	190	157	156	
161	196	168	178	158	180	
189	179	171	164	153	159	
191	171	153	177	164	160	
197	185	178	172	198	177	
192	184	154	163	162	152	
162	198	182	180	179	175	
169	160	184	163	172	191	
195	155	159	167	185	152	
186	165	196	169	185	167	
158	188	150	161	172	177	
188	150	152	170	180	164	
157	172	188	167	196	155	
183	155	167	192	165	171	
181	164	154	178	166	191	
178	198	196	176	162	169	
192	195	197	187	167	163	
199	161	172	170	180	182	
153	173	168	182	193	151	
168	194	181	159	164	176	
184	188	156	199	153	183	
181	158	191	190	179	177	
184	192	159	163	150	166	
248	231	240	228	212	201	
212	215	206	222	243	200	
230	234	249	247	241	225	
235	220	227	241	234	226	
210	221	248	205	244	213	
207	226	238	230	211	234	
231	232	203	247	204	227	
217	206	228	218	249	225	
211	221	212	233	234	240	
216	238	215	229	243	222	
224	207	214	206	225	219	
228	212	220	223	214	235	
236	231	200	208	212	235	
243	201	216	245	218	213	
229	231	234	227	236	249	
207	226	247	206	223	233	
249	238	207	211	204	223	
246	221	223	243	200	212	
217	224	228	208	216	207	
219	249	239	211	232	228	
200	222	204	232	226	224	
229	206	226	224	249	207	
200	201	227	202	249	236	
223	217	227	216	202	242	
217	229	209	204	211	208	
222	241	234	247	228	214	
246	237	229	200	243	231	
202	246	223	208	244	201	
210	208	200	242	230	249	
232	208	205	240	226	244	
203	236	207	204	224	209	
229	230	211	206	238	226	
234	216	222	247	210	204	
242	229	230	228	248	239	
249	230	224	241	222	235	
212	220	208	235	237	228	
214	248	210	202	235	224	
214	219	236	230	224	220	
208	227	236	249	230	221	
238	234	226	209	246	241	
215	201	230	208	229	216	
206	232	201	240	229	208	
208	213	227	247	210	248	
218	229	209	204	211	231	
236	209	245	235	201	206	
240	235	204	231	205	220	
238	211	222	231	227	246	
221	226	242	204	227	237	
208	245	214	207	201	246	
245	237	243	216	241	201	
271	272	277	251	269	260	
295	270	271	286	252	256	
252	256	265	263	273	288	
269	296	259	250	262	290	
277	289	260	259	252	286	
290	269	297	256	283	250	
275	285	276	264	270	278	
284	263	273	254	272	285	
267	280	278	276	252	290	
258	257	281	270	278	279	
265	274	284	271	261	273	
281	273	270	256	280	271	
275	283	295	289	297	299	
273	266	276	275	267	287	
269	273	296	253	276	266	
253	260	282	256	269	281	
285	289	259	257	263	287	
289	275	254	276	279	284	
269	282	289	255	273	294	
279	281	296	258	299	262	
273	297	268	254	259	296	
255	294	253	287	265	264	
280	274	294	271	260	295	
277	292	289	280	251	261	
277	259	298	263	278	293	
257	266	271	291	295	254	
257	256	290	276	294	277	
252	276	296	273	275	291	
299	287	255	285	256	263	
258	252	297	291	286	256	
296	284	268	278	289	250	
277	262	290	255	281	273	
282	286	290	283	261	274	
253	262	282	292	268	263	
281	293	294	284	254	288	
269	281	284	275	285	278	
259	296	297	288	258	275	
259	287	270	267	285	293	
282	250	292	251	285	291	
267	258	287	272	289	266	
284	267	257	273	287	281	
277	284	297	259	256	266	
273	263	294	283	266	275	
256	250	292	264	285	268	
294	284	272	273	275	254	
295	283	267	253	275	261	
258	290	299	281	292	250	
262	259	263	273	298	296	
283	278	289	274	276	273	
253	273	284	254	264	255	
331	319	341	335	347	339	
307	311	330	332	310	315	
342	306	320	324	318	341	
303	324	341	300	332	339	
347	325	342	314	327	317	
324	344	308	322	342	311	
330	346	344	306	337	313	
301	341	303	318	302	300	
322	337	319	304	332	340	
338	335	342	325	339	336	
300	308	343	344	326	335	
318	349	328	345	334	323	
347	325	304	318	338	341	
318	314	326	324	331	323	
330	324	342	306	332	317	
345	343	335	318	326	317	
301	331	323	324	337	347	
308	314	337	348	329	328	
314	319	304	300	305	343	
314	301	337	311	345	303	
349	344	340	310	347	330	
341	340	348	319	300	321	
344	327	330	307	340	339	
312	339	348	342	311	347	
302	328	303	307	326	319	
302	311	323	329	338	339	
317	341	301	302	306	309	
332	341	301	345	317	324	
312	314	306	328	347	320	
315	321	348	319	324	336	
345	317	315	347	324	342	
331	313	338	321	345	300	
308	335	302	307	345	323	
331	337	338	348	334	333	
317	326	336	342	348	339	
318	328	333	316	307	347	
347	344	333	329	318	313	
337	326	301	333	335	315	
311	307	338	347	317	331	
348	339	313	344	340	326	
316	319	304	332	329	348	
315	347	325	321	326	302	
303	304	319	337	300	326	
344	345	323	337	340	334	
312	311	345	348	300	307	
322	337	348	341	308	335	
325	305	339	347	344	318	
341	316	343	322	330	315	
336	301	331	304	344	308	
321	309	300	301	334	337	
372	385	363	399	379	398	
363	369	362	390	352	393	
384	393	358	374	399	354	
372	371	387	383	397	381	
396	392	364	394	355	366	
370	377	384	391	378	375	
397	376	368	367	387	394	
395	363	370	379	383	366	
372	352	380	365	398	389	
392	355	353	390	381	366	
389	377	391	352	355	375	
394	351	390	352	364	381	
384	385	366	387	353	397	
397	382	355	351	353	366	
362	393	364	358	377	382	
395	363	389	384	387	390	
361	364	368	374	357	398	
382	358	378	386	371	350	
386	377	373	396	382	355	
355	353	380	350	395	391	
354	380	351	399	385	382	
391	365	371	370	386	385	
355	362	373	392	357	358	
374	370	355	353	396	350	
398	365	358	393	375	356	
377	355	366	376	385	392	
369	386	359	387	385	395	
360	357	377	398	373	395	
392	379	354	385	391	360	
399	388	380	377	359	387	
353	351	376	392	389	360	
357	358	356	398	396	382	
385	364	373	352	389	354	
365	356	382	383	393	368	
352	395	379	380	363	361	
359	378	375	367	369	377	
397	359	379	395	353	368	
385	379	360	373	383	363	
372	358	389	395	355	377	
371	389	362	370	355	375	
371	353	370	398	366	396	
389	350	397	353	383	374	
368	394	395	373	382	380	
350	399	357	363	390	394	
374	365	353	384	371	361	
369	381	385	367	374	361	
388	367	396	385	390	391	
395	368	361	392	382	367	
376	355	366	384	373	368	
386	352	394	395	373	369	
427	413	439	444	423	400	
402	441	403	406	448	412	
419	439	402	428	416	420	
418	402	401	400	427	408	
419	427	449	433	420	423	
410	436	446	420	441	423	
416	414	446	415	411	402	
435	419	427	428	432	429	
448	418	447	406	435	405	
420	434	418	429	427	404	
414	425	404	446	412	405	
436	438	445	413	429	412	
423	431	407	445	411	433	
413	407	429	417	444	403	
443	410	407	430	423	440	
439	428	410	417	426	434	
410	416	426	434	409	400	
432	422	402	429	447	423	
413	430	427	424	406	415	
435	446	436	438	426	421	
424	411	417	429	400	416	
412	400	419	441	440	445	
430	420	403	431	429	448	
415	427	410	416	429	406	
438	407	413	417	449	432	
440	405	439	402	417	401	
404	448	429	439	443	419	
416	419	427	415	447	440	
420	403	419	414	408	435	
417	441	436	427	432	435	
432	418	406	449	436	400	
448	446	434	436	416	445	
426	403	437	430	446	410	
435	406	421	410	436	420	
443	429	405	421	438	414	
400	407	443	447	446	411	
409	415	411	422	442	445	
445	441	405	438	417	410	
429	412	404	434	421	400	
431	408	449	420	419	421	
439	418	419	435	442	408	
427	416	424	408	401	413	
400	437	401	422	429	427	
423	413	433	430	424	415	
404	439	424	403	417	426	
434	445	422	433	428	441	
403	414	441	447	438	442	
443	449	431	448	426	430	
436	421	442	405	426	418	
428	445	448	408	435	406	
457	465	496	468	454	470	
499	482	480	457	485	495	
452	481	483	488	460	462	
463	471	459	498	454	460	
462	485	487	475	467	495	
453	476	478	481	457	450	
493	465	464	462	487	484	
463	452	476	481	465	489	
470	476	482	483	469	473	
469	450	463	483	498	491	
479	465	466	485	480	472	
479	466	474	470	468	497	
475	490	470	484	472	461	
478	451	499	461	491	494	
459	472	493	478	465	475	
452	464	463	494	468	475	
455	465	489	463	477	470	
470	484	463	478	466	475	
487	451	450	460	463	479	
474	460	452	454	492	464	
486	462	472	453	452	480	
485	480	496	497	492	467	
479	481	462	477	489	466	
470	461	488	468	485	465	
454	486	490	478	494	450	
469	457	461	490	492	480	
499	480	477	487	478	483	
472	453	497	491	494	466	
453	464	478	463	465	496	
497	465	487	474	499	450	
481	496	475	477	489	457	
462	457	473	470	461	498	
473	460	493	482	485	496	
481	491	498	477	469	459	
471	497	451	456	495	461	
467	458	455	490	460	485	
454	488	497	495	465	486	
451	479	496	486	471	460	
489	483	457	450	453	456	
497	496	455	494	490	485	
465	495	453	475	461	481	
496	482	489	461	465	477	
496	460	453	455	454	450	
480	483	465	466	471	452	
475	479	494	488	450	474	
455	454	450	482	491	494	
472	452	487	470	456	499	
499	494	459	457	476	455	
489	490	475	498	461	456	
483	496	458	484	454	467	
32	10	44	43	30	48	4	
13	11	20	4	32	36	24	
31	47	8	25	21	5	24	
11	25	35	41	8	17	10	
30	20	19	28	41	1	7	
47	46	12	49	10	42	33	
0	9	18	20	22	11	2	
18	14	45	16	5	8	35	
24	5	27	39	19	29	45	
44	13	11	35	48	49	38	
18	0	10	11	44	1	47	
10	5	13	8	2	28	27	
22	2	46	5	9	15	35	
31	11	49	6	2	20	8	
1	49	14	11	47	39	46	
14	23	6	49	25	2	5	
16	10	41	8	13	15	45	
47	44	38	25	28	27	24	
36	47	32	6	30	41	19	
11	38	27	47	12	22	48	
39	38	31	13	36	14	42	
11	37	13	34	18	29	21	
24	13	34	23	11	26	40	
32	36	30	12	29	47	27	
30	19	2	20	18	9	23	
26	25	3	4	6	49	37	
43	21	39	18	34	8	33	
29	13	38	30	40	7	46	
13	20	33	23	45	49	31	
44	34	14	11	23	45	47	
29	12	5	8	19	32	17	
36	45	25	39	10	12	29	
36	2	17	45	29	47	31	
23	40	20	26	6	24	41	
21	9	5	24	37	46	25	
13	24	29	49	23	34	25	
21	38	14	31	42	9	8	
42	20	19	9	16	2	14	
4	10	27	16	49	36	46	
42	1	5	28	9	11	37	
3	45	43	14	25	23	16	
39	36	0	23	6	47	38	
1	44	49	33	36	35	17	
11	14	0	46	40	23	45	
4	27	2	43	11	5	41	
40	37	26	10	47	25	18	
5	23	13	39	33	0	21	
38	5	30	34	8	36	20	
11	0	3	30	16	19	12	
11	36	17	48	44	28	39	
57	53	66	90	80	75	83	
85	69	82	64	68	94	57	
90	92	52	85	83	75	89	
74	82	98	59	92	75	94	
70	69	99	63	71	75	84	
93	91	90	78	56	72	86	
86	89	96	69	80	83	94	
67	93	68	63	65	81	83	
79	53	97	93	72	92	51	
67	83	69	96	81	72	82	
79	83	77	82	64	98	95	
50	60	67	69	74	94	66	
66	83	98	70	69	62	91	
60	87	55	64	79	92	69	
57	76	72	54	74	63	83	
80	99	86	77	68	53	92	
84	75	68	73	65	62	64	
52	90	80	83	65	79	75	
51	82	56	90	66	89	94	
95	62	87	70	92	56	64	
59	97	60	73	56	89	50	
93	51	75	85	56	97	68	
66	96	59	62	78	84	73	
55	73	57	62	84	63	89	
74	86	50	85	59	78	64	
71	73	55	75	65	81	59	
76	50	90	59	57	99	84	
56	87	57	70	74	64	72	
57	77	51	70	95	74	55	
51	82	52	75	70	57	73	
50	94	79	62	74	56	55	
61	91	64	76	72	78	75	
84	78	72	54	56	98	74	
60	78	84	81	93	50	65	
83	68	74	89	96	81	59	
80	51	55	65	81	93	73	
84	79	89	50	74	83	62	
78	73	66	53	50	96	69	
59	83	73	72	53	71	57	
67	51	77	63	98	70	85	
95	93	76	58	62	85	75	
76	56	75	58	68	78	54	
82	53	80	81	51	55	62	
51	84	96	67	56	69	78	
61	76	55	79	86	57	77	
87	85	84	83	94	52	50	
79	83	61	68	54	77	80	
53	85	55	90	57	52	69	
50	87	63	58	61	79	92	
73	83	87	72	57	94	69	
132	141	111	110	131	116	139	
144	134	124	146	102	129	130	
123	147	139	124	137	106	143	
148	111	119	145	149	104	112	
101	139	136	106	131	114	110	
133	147	122	134	107	127	144	
145	109	110	105	111	101	132	
122	134	144	118	106	133	137	
123	109	118	142	147	120	121	
136	116	124	130	114	132	137	
127	126	101	129	121	124	119	
135	117	132	137	149	114	140	
118	101	145	115	147	108	127	
127	117	136	142	130	113	125	
116	118	146	139	114	103	134	
133	147	143	134	129	148	142	
128	129	133	145	105	106	110	
101	108	109	134	128	141	113	
138	148	124	122	110	117	137	
125	108	140	116	149	103	105	
145	142	135	107	120	102	101	
101	131	106	125	146	138	143	
118	119	147	109	127	117	105	
138	126	105	101	106	118	135	
102	130	146	136	124	111	144	
102	118	148	134	103	145	131	
126	101	114	127	107	139	111	
145	100	140	148	146	130	105	
122	116	112	144	105	124	113	
148	117	103	111	123	101	122	
141	124	115	111	146	107	104	
116	142	133	141	127	139	117	
118	138	125	116	124	115	145	
141	104	142	123	143	137	144	
118	131	135	142	125	119	138	
135	137	131	143	134	146	139	
135	126	149	138	108	119	142	
148	100	130	117	136	149	138	
100	136	103	115	135	112	134	
106	145	107	109	144	112	149	
148	133	146	106	128	114	144	
103	135	104	148	138	105	100	
117	119	115	147	106	148	144	
145	130	121	102	138	140	133	
147	141	111	138	137	105	116	
115	144	136	127	123	131	140	
137	149	141	138	127	101	148	
145	114	134	124	128	117	125	
144	114	134	127	140	125	130	
107	124	138	144	137	110	127	
163	190	199	176	185	187	173	
174	189	159	197	173	171	199	
163	188	193	175	159	195	165	
170	180	190	198	164	152	154	
183	170	155	179	181	153	159	
184	183	163	196	166	195	179	
189	170	172	171	184	186	167	
171	156	154	157	160	167	176	
153	165	176	162	196	179	183	
157	154	197	151	195	187	164	
174	188	172	150	182	168	193	
180	179	154	152	170	192	175	
183	182	152	178	177	170	196	
152	157	177	151	163	171	161	
171	189	153	184	178	185	196	
170	173	159	151	183	169	182	
188	150	173	187	157	171	184	
174	178	170	198	185	190	179	
193	182	177	172	166	196	150	
180	153	181	193	170	172	182	
170	180	178	193	168	190	192	
174	160	155	158	193	157	178	
199	150	165	182	168	191	159	
186	155	170	179	175	169	164	
191	197	175	198	194	168	185	
175	166	164	158	197	187	162	
195	177	155	151	198	192	160	
191	168	174	153	154	176	188	
172	189	171	182	192	156	184	
177	166	197	182	172	196	183	
165	162	169	183	180	159	153	
172	175	195	157	196	197	183	
189	156	157	155	190	161	152	
183	170	157	182	163	173	159	
194	178	150	154	156	159	193	
156	162	173	189	180	164	191	
150	164	153	194	159	157	195	
162	172	190	158	161	188	157	
155	189	175	177	182	163	165	
169	157	154	176	155	192	179	
176	195	167	182	157	153	192	
184	193	175	155	188	196	164	
150	167	157	154	158	190	174	
194	166	192	197	191	150	196	
164	188	175	196	184	160	154	
154	150	172	155	159	162	153	
158	160	170	154	195	150	177	
196	176	158	192	162	153	169	
150	183	156	187	195	154	176	
154	197	187	179	164	191	192	
236	201	212	218	211	215	242	
214	245	227	242	231	238	200	
215	229	246	201	230	210	224	
227	220	231	203	230	211	241	
231	248	233	207	212	239	204	
227	223	243	203	207	239	238	
235	238	221	241	201	248	223	
207	216	220	240	214	245	239	
239	218	224	237	238	223	209	
206	202	222	211	237	239	210	
209	218	219	203	240	210	226	
224	203	230	220	241	201	214	
230	236	218	244	225	209	234	
224	234	208	209	241	217	210	
212	216	231	220	211	202	200	
242	227	215	233	203	248	225	
210	236	219	212	241	227	223	
216	240	230	229	224	239	201	
227	228	200	246	239	243	206	
229	209	211	237	235	247	215	
200	221	230	233	222	204	217	
223	231	212	242	215	201	248	
246	219	213	207	229	242	236	
233	203	210	208	218	234	214	
221	210	216	237	202	205	242	
244	228	246	205	211	201	226	
232	216	230	241	229	249	207	
217	230	226	203	234	212	204	
200	211	229	202	204	216	218	
229	209	239	240	233	222	230	
247	238	219	214	209	240	244	
212	201	233	216	226	239	244	
233	229	244	213	234	238	200	
247	245	203	246	231	205	248	
205	204	224	249	212	207	214	
207	216	240	231	220	205	202	
210	237	226	201	217	208	243	
208	236	245	218	235	228	241	
230	200	204	222	245	205	209	
238	212	208	247	232	216	230	
215	225	235	231	230	226	232	
223	222	206	236	216	248	244	
220	203	244	223	219	229	247	
236	237	242	224	209	207	229	
207	245	248	234	246	208	243	
248	238	227	235	233	249	232	
224	216	204	218	210	222	228	
215	206	249	243	212	207	205	
227	207	212	214	239	234	232	
237	227	223	218	208	204	233	
293	250	272	251	265	259	254	
280	260	294	265	262	279	291	
270	294	273	275	271	290	287	
277	280	263	254	265	295	299	
259	250	290	279	280	294	287	
296	297	263	268	273	272	283	
277	290	260	289	282	283	292	
268	261	294	259	296	281	252	
279	252	297	257	268	260	292	
285	281	284	269	282	280	277	
293	259	284	269	261	271	252	
284	279	264	289	285	261	283	
298	284	292	290	295	266	260	
268	290	281	291	270	259	282	
278	283	297	266	270	276	292	
259	260	250	289	277	288	292	
256	299	277	289	278	272	279	
298	251	254	296	293	266	290	
262	292	254	287	257	263	267	
290	292	278	274	282	275	289	
272	296	261	266	263	250	269	
269	255	270	251	294	266	263	
287	288	255	291	277	285	299	
292	258	255	271	269	296	253	
265	254	283	266	272	262	267	
258	287	297	296	277	284	298	
269	267	253	255	296	250	254	
255	298	254	279	273	276	282	
255	293	298	272	269	265	271	
281	277	254	276	290	259	299	
261	271	299	293	255	274	263	
278	257	268	296	254	291	283	
293	297	285	294	255	289	281	
251	279	296	272	292	253	257	
256	255	251	259	288	298	291	
278	255	271	275	264	291	272	
288	272	295	293	283	285	275	
297	284	268	257	271	252	277	
290	278	275	283	273	274	272	
277	292	295	256	279	270	271	
271	281	275	254	274	267	285	
285	250	280	270	288	292	278	
257	261	280	278	254	282	294	
270	284	257	267	296	290	292	
274	260	268	258	290	292	265	
299	274	289	288	270	267	286	
251	295	257	275	297	260	299	
290	270	295	272	265	299	285	
253	285	275	270	264	276	256	
258	250	268	288	281	263	285	
304	331	335	343	314	300	330	
344	322	329	334	313	309	340	
336	319	321	344	326	324	325	
342	334	303	344	341	310	329	
323	309	333	339	302	337	340	
306	314	302	327	324	321	305	
315	317	347	316	326	339	348	
304	321	349	310	329	333	347	
346	333	305	336	312	304	334	
335	304	303	347	311	346	328	
333	303	348	330	302	346	335	
326	332	328	309	312	329	340	
315	312	345	304	300	340	341	
319	328	312	347	302	303	311	
338	343	333	327	323	308	349	
349	316	348	308	333	346	335	
347	334	335	327	349	303	339	
319	339	343	342	312	310	349	
343	342	311	346	308	327	323	
315	328	342	307	317	318	339	
327	307	320	342	345	325	331	
348	326	340	321	319	323	318	
318	304	335	320	338	333	330	
340	313	333	302	342	323	327	
310	312	303	305	345	340	311	
320	304	313	344	332	303	327	
333	316	343	318	301	319	331	
322	319	310	342	301	303	341	
327	319	326	337	304	341	342	
349	300	316	328	347	344	341	
302	328	305	337	307	322	309	
317	312	314	345	339	333	323	
311	320	333	344	329	316	338	
327	324	326	300	347	343	334	
343	347	334	313	345	303	317	
329	313	330	348	320	302	326	
338	327	303	330	301	315	314	
349	303	341	330	318	325	304	
331	319	333	327	317	323	342	
316	331	341	323	322	301	324	
323	321	306	332	349	328	326	
331	310	325	327	306	303	316	
339	322	323	301	343	321	306	
330	335	345	305	325	334	302	
315	313	325	335	326	339	320	
339	344	321	312	331	327	348	
331	349	339	300	301	340	306	
329	309	328	341	333	332	321	
324	315	304	306	303	339	347	
338	333	331	310	341	334	332	
379	384	381	377	397	399	382	
394	382	350	397	357	359	388	
369	366	371	363	397	384	357	
386	368	374	389	372	366	377	
355	393	356	370	359	367	395	
364	367	397	362	351	363	359	
390	379	366	374	375	354	367	
358	391	384	368	385	380	399	
388	367	357	377	396	368	386	
399	395	357	379	353	375	388	
372	364	358	351	361	399	357	
352	367	387	392	368	386	395	
351	379	384	356	364	376	392	
376	354	380	397	375	398	351	
355	397	350	398	372	380	384	
378	382	366	384	358	388	375	
375	357	371	390	356	353	360	
363	364	362	376	399	384	391	
367	354	385	391	364	395	350	
373	390	374	352	350	377	397	
357	368	379	399	365	356	361	
372	382	380	355	363	368	396	
365	396	356	363	359	377	362	
362	358	355	375	383	350	366	
366	372	374	353	376	398	391	
371	361	364	384	374	352	353	
397	380	350	392	395	376	366	
387	378	379	389	396	364	391	
368	366	393	394	359	395	355	
367	362	368	376	369	381	386	
364	353	378	361	397	367	388	
354	390	351	388	384	386	396	
352	373	387	366	350	368	369	
352	367	375	395	350	378	368	
367	361	392	368	387	350	364	
351	393	381	361	383	390	384	
387	350	388	386	393	381	396	
393	370	389	385	378	383	367	
384	387	355	361	386	392	385	
355	360	367	363	399	356	354	
398	356	364	357	376	375	379	
389	388	352	382	353	371	381	
353	370	369	393	389	378	365	
366	392	389	368	399	387	365	
370	366	389	351	372	388	392	
355	366	369	378	362	360	367	
372	371	383	396	379	356	369	
397	361	372	374	370	358	363	
397	396	384	375	387	365	383	
368	397	354	373	387	367	363	
423	430	412	403	418	441	443	
443	433	447	432	400	435	416	
412	422	430	449	442	439	417	
411	438	435	406	425	424	442	
423	437	402	407	419	441	444	
413	432	439	427	426	416	429	
438	444	449	400	422	423	435	
433	447	431	435	444	414	412	
414	437	435	443	410	425	428	
420	445	412	403	400	433	415	
411	422	418	423	442	434	433	
426	412	440	405	424	439	403	
426	427	434	442	408	406	415	
423	407	406	424	440	447	403	
402	423	413	414	430	444	419	
421	433	404	401	418	411	408	
404	448	411	442	436	440	416	
429	408	446	411	403	445	428	
422	429	400	408	430	438	442	
412	438	428	440	408	413	434	
441	417	434	402	401	429	440	
418	407	415	404	417	428	434	
431	433	437	428	429	411	414	
422	424	418	414	420	428	417	
417	425	449	446	420	423	413	
406	413	437	412	419	403	423	
431	408	436	432	440	403	443	
404	424	442	403	419	422	426	
412	422	410	423	446	413	434	
404	401	409	427	418	444	402	
410	405	425	428	439	418	446	
411	425	426	409	439	423	412	
428	443	413	446	417	430	409	
442	419	424	408	434	428	436	
425	417	445	448	419	439	426	
440	438	435	445	427	409	448	
409	404	408	433	425	449	403	
436	421	403	441	435	433	448	
422	402	448	442	445	411	427	
440	411	441	407	444	409	406	
448	416	412	442	415	425	422	
447	422	436	408	411	410	419	
401	445	433	420	424	444	414	
425	430	407	422	420	435	424	
435	421	401	443	423	416	445	
438	424	427	407	431	406	423	
438	414	434	445	409	408	415	
400	443	442	436	404	445	412	
411	436	449	431	401	419	444	
435	439	431	429	410	427	428	
488	459	470	473	466	486	452	
462	452	482	495	463	479	457	
462	499	475	456	477	455	470	
455	490	486	459	494	451	463	
451	485	489	476	463	466	464	
498	486	463	451	490	492	452	
464	468	466	469	470	456	492	
463	491	485	479	453	474	462	
450	468	454	488	452	496	479	
454	455	459	483	465	453	456	
485	457	458	451	480	453	456	
482	479	465	493	455	487	483	
460	491	480	485	496	499	466	
494	468	495	470	497	487	481	
463	459	474	491	457	467	481	
494	482	467	464	455	478	461	
498	487	493	495	451	497	473	
491	462	476	474	459	498	467	
478	451	490	459	479	482	488	
472	479	464	494	473	459	470	
482	497	458	459	490	489	453	
466	469	486	461	453	499	488	
489	475	456	483	488	481	461	
460	491	473	494	497	466	457	
477	479	468	490	465	478	480	
486	494	484	461	464	455	468	
468	472	495	490	491	488	469	
451	488	450	462	474	457	478	
481	490	456	453	472	494	488	
474	477	499	464	453	483	475	
496	470	474	459	456	492	497	
454	468	452	493	492	467	453	
459	461	497	452	483	494	477	
477	468	453	482	487	470	480	
499	451	461	494	484	472	452	
478	456	474	496	451	499	495	
450	498	485	451	457	477	462	
458	469	466	478	481	474	497	
467	499	481	457	498	468	458	
456	468	480	461	466	451	489	
486	487	465	453	489	462	473	
487	493	460	490	475	468	494	
464	495	460	477	458	482	497	
456	486	466	464	452	487	453	
466	498	459	487	491	452	473	
474	485	464	488	452	476	484	
470	465	459	487	488	492	480	
487	455	466	490	491	472	458	
476	466	487	498	479	453	470	
456	460	493	451	490	478	464	
36	20	15	49	24	3	5	8	
12	45	20	37	48	17	27	23	
33	39	10	28	16	35	37	21	
27	1	8	35	31	13	24	29	
20	22	30	17	16	33	29	32	
3	28	32	17	9	30	49	18	
12	8	33	14	6	16	32	15	
8	19	11	47	21	22	27	45	
42	8	41	11	48	6	39	44	
26	19	31	25	10	12	1	34	
7	13	14	36	17	46	49	35	
16	3	29	49	13	21	25	2	
48	11	34	19	15	7	37	43	
48	44	27	32	21	33	30	24	
10	31	49	43	18	12	0	4	
42	28	31	1	19	0	30	10	
9	19	28	18	4	40	34	44	
38	30	41	8	24	35	43	28	
2	42	21	41	44	8	34	43	
26	40	39	29	33	30	6	17	
17	47	38	8	23	49	19	9	
6	38	28	29	45	27	26	23	
36	46	16	18	44	40	37	5	
6	45	26	22	7	32	30	17	
46	16	36	37	6	47	43	18	
13	32	41	43	25	38	42	21	
24	2	15	12	21	37	0	38	
33	22	47	12	41	14	46	29	
18	9	16	47	26	40	23	49	
25	14	33	41	44	43	37	10	
40	18	1	46	30	4	34	36	
12	35	29	42	17	8	31	46	
33	18	15	24	3	28	4	43	
20	11	33	49	9	28	39	1	
13	48	29	47	3	20	45	30	
25	15	23	20	42	45	11	38	
36	25	4	0	48	15	30	43	
3	0	9	40	43	8	47	1	
36	5	4	21	11	37	27	10	
13	16	4	33	28	18	32	11	
38	42	32	30	40	15	18	44	
49	43	2	38	12	4	32	42	
46	22	32	0	31	41	47	45	
29	10	26	14	15	21	2	38	
7	14	35	27	17	13	31	30	
48	38	22	36	24	23	3	39	
9	41	31	13	25	7	4	38	
45	12	17	44	40	37	22	27	
17	45	7	30	6	27	39	13	
35	45	29	17	6	28	46	18	
63	64	85	97	59	76	88	56	
50	70	66	83	62	93	69	74	
99	76	54	64	61	72	94	71	
91	57	53	88	89	61	97	77	
67	87	51	50	95	60	91	62	
80	73	66	87	86	56	54	52	
64	55	58	84	98	59	50	95	
67	59	73	72	62	60	57	58	
80	87	91	81	57	78	96	56	
96	84	56	57	53	89	68	87	
72	96	76	60	75	84	98	73	
88	83	53	94	77	80	95	92	
82	50	87	56	70	77	76	96	
66	87	58	81	64	70	99	89	
93	78	94	84	70	87	59	90	
66	95	84	83	80	73	90	87	
96	99	63	74	62	67	57	64	
61	56	98	62	81	57	78	87	
94	77	65	89	69	62	86	66	
79	85	81	69	57	98	74	96	
86	95	83	90	99	54	91	55	
81	59	66	97	96	86	71	77	
56	55	53	75	60	84	68	65	
53	76	94	59	99	58	85	66	
85	61	87	60	74	92	57	69	
87	97	76	69	80	73	79	88	
95	85	99	62	50	68	87	91	
52	99	61	77	84	79	75	72	
57	95	73	59	97	64	56	81	
73	60	59	76	82	94	66	92	
99	59	55	91	53	64	65	62	
53	99	55	97	93	75	50	95	
50	92	82	66	99	89	76	56	
77	98	68	55	78	71	73	86	
54	82	62	96	68	60	71	94	
76	77	90	71	89	96	99	57	
71	56	52	94	86	67	77	89	
65	62	69	75	55	76	70	77	
58	60	73	93	61	94	52	72	
96	66	74	90	88	59	72	86	
66	73	61	82	93	77	96	68	
53	80	68	57	66	60	75	90	
82	55	53	80	52	90	76	86	
81	69	78	90	88	87	68	72	
67	72	80	70	54	71	82	88	
71	77	85	92	99	63	57	61	
68	91	50	66	87	72	73	70	
57	87	64	75	74	89	98	95	
54	68	56	80	62	97	86	64	
91	78	61	76	84	62	80	50	
100	104	114	109	103	105	122	110	
141	138	117	111	121	124	110	140	
112	104	108	107	147	119	116	136	
139	110	122	142	128	132	106	115	
127	128	114	107	142	100	120	144	
124	118	105	122	131	119	123	139	
125	116	103	141	127	130	110	120	
113	136	144	107	125	123	103	140	
131	111	143	124	100	128	104	138	
145	133	128	122	131	108	140	130	
138	147	137	104	113	121	146	125	
129	127	108	122	107	145	116	124	
113	109	120	116	118	126	135	119	
114	124	121	131	136	147	107	112	
109	133	106	125	121	140	103	139	
149	133	141	138	109	107	135	120	
143	141	112	129	148	118	109	142	
142	141	144	123	133	114	112	105	
142	103	119	132	137	143	122	102	
143	129	112	145	149	113	119	107	
130	105	128	132	106	145	111	148	
130	129	126	101	137	121	100	119	
106	105	110	102	147	121	146	144	
149	131	117	112	105	121	144	129	
137	123	126	118	136	101	138	135	
139	128	145	149	107	132	148	112	
148	138	131	127	100	136	109	133	
108	117	123	149	124	116	100	118	
103	149	144	126	127	108	124	139	
119	108	100	135	146	134	136	140	
136	146	105	119	124	102	140	117	
114	115	103	129	106	118	136	120	
147	134	146	102	148	136	141	103	
146	145	113	107	108	128	118	115	
124	145	114	146	149	110	139	103	
138	146	133	124	148	114	119	111	
108	142	102	135	133	100	134	136	
136	145	129	102	148	110	115	139	
101	119	118	100	130	114	104	140	
144	100	143	119	114	142	139	103	
142	125	135	120	100	103	115	104	
144	141	145	139	123	110	137	105	
108	143	115	136	104	119	112	137	
100	114	127	132	148	124	123	112	
144	130	131	127	132	122	107	146	
110	100	133	135	134	112	147	138	
116	119	124	100	102	108	149	143	
149	123	131	108	121	111	127	101	
149	131	147	112	106	132	104	124	
111	122	116	115	123	133	149	120	
190	172	180	196	165	159	197	176	
163	183	165	182	187	161	166	180	
197	157	196	179	168	167	178	153	
171	159	182	181	151	183	185	170	
182	177	191	197	199	192	171	166	
152	188	180	154	184	186	189	153	
164	172	156	199	167	178	183	180	
197	155	151	167	193	196	184	162	
170	185	154	174	161	153	175	179	
183	199	170	153	185	180	160	198	
153	185	181	197	156	195	150	158	
153	155	161	152	154	188	168	193	
172	187	194	188	157	173	179	176	
183	157	172	160	176	166	165	174	
181	188	175	177	184	172	187	173	
190	177	150	195	174	183	185	189	
197	150	160	155	193	189	183	174	
159	160	199	194	156	188	177	176	
160	173	159	193	182	155	198	179	
178	174	162	180	181	199	167	184	
191	199	155	189	185	181	182	186	
197	175	195	161	184	178	158	183	
179	167	151	173	159	197	171	198	
184	150	196	195	154	177	172	187	
178	196	175	151	186	168	181	162	
197	165	185	179	161	156	198	184	
176	189	197	180	178	175	151	164	
187	175	169	164	179	192	197	199	
189	199	162	157	154	158	151	175	
167	152	157	161	195	166	180	169	
182	190	196	158	157	193	194	160	
182	196	154	173	192	169	194	197	
169	166	154	197	165	171	182	174	
152	184	199	158	154	185	183	187	
199	182	190	178	165	171	183	167	
183	155	179	191	192	165	150	168	
190	161	153	160	182	199	154	163	
166	159	161	192	182	172	168	175	
161	190	179	173	193	160	174	162	
164	174	171	188	160	167	179	155	
163	179	171	194	156	182	155	167	
166	196	182	175	193	158	167	198	
167	162	151	193	177	189	165	154	
154	157	180	165	190	178	155	151	
197	193	173	167	179	186	182	198	
199	163	173	186	198	184	157	154	
195	160	192	187	165	151	173	191	
189	177	184	195	188	163	167	164	
171	185	177	155	184	153	194	179	
199	194	154	185	189	167	188	176	
247	223	244	218	214	234	233	213	
214	215	235	210	228	229	217	240	
218	242	225	239	206	219	249	246	
224	207	232	219	210	218	228	222	
236	241	220	234	240	213	221	242	
219	226	246	236	229	230	241	210	
223	237	210	245	226	234	221	229	
232	249	214	229	242	216	204	240	
204	241	244	232	239	212	235	233	
209	214	246	217	239	200	232	240	
209	244	214	220	225	200	240	215	
240	224	245	236	208	205	231	217	
224	216	241	239	222	209	202	204	
227	231	248	210	225	224	203	233	
202	243	219	227	222	214	221	232	
218	214	247	224	229	216	238	220	
225	234	241	242	221	213	249	215	
212	214	215	238	228	203	213	216	
236	232	208	213	203	205	209	210	
209	211	208	222	200	242	205	241	
220	211	227	236	239	204	224	213	
223	224	221	218	238	241	240	229	
244	224	231	203	219	242	243	211	
247	240	237	202	207	236	217	241	
206	215	233	203	200	213	241	227	
247	232	214	226	234	236	212	238	
229	201	245	231	213	227	248	206	
202	212	239	200	243	236	248	205	
248	227	211	231	218	220	224	238	
222	233	200	238	203	208	223	213	
233	223	236	232	207	227	241	221	
233	236	230	209	216	200	231	221	
219	214	210	207	247	236	244	231	
217	205	241	240	219	207	218	226	
237	235	204	243	212	241	200	219	
205	244	217	215	202	245	230	204	
201	228	216	240	221	215	205	239	
229	217	231	208	203	236	246	224	
218	202	244	219	200	213	226	227	
232	248	206	243	247	205	215	226	
240	238	204	230	201	210	220	245	
216	222	241	214	247	217	249	239	
210	245	231	242	227	235	225	205	
220	201	205	209	211	222	215	248	
241	204	206	209	236	220	229	249	
206	204	240	221	211	248	207	213	
242	208	212	201	202	228	224	207	
246	241	214	220	208	247	215	233	
221	227	218	213	241	222	237	242	
237	240	225	248	227	232	205	222	
283	258	252	259	263	272	289	279	
274	297	287	276	267	280	285	262	
268	266	292	259	269	253	290	298	
266	262	265	293	270	294	267	278	
264	257	251	279	288	289	281	271	
276	255	268	291	279	270	254	288	
259	277	287	295	272	250	265	289	
255	283	281	257	294	262	296	293	
275	269	270	265	257	272	266	296	
275	273	282	281	252	265	286	274	
297	277	272	279	284	268	299	256	
299	260	286	257	267	281	251	294	
286	276	299	271	255	292	297	288	
282	288	271	275	298	290	285	253	
297	281	250	273	263	272	256	268	
252	259	282	285	253	269	268	295	
283	270	269	256	295	275	255	288	
266	250	281	251	279	293	291	255	
297	279	288	290	293	250	261	253	
268	298	294	266	288	273	276	295	
268	270	293	279	296	260	272	278	
261	290	265	263	291	298	276	253	
276	293	270	262	285	283	253	278	
276	284	277	288	256	271	267	296	
299	256	263	280	286	288	252	293	
292	279	293	277	252	269	274	267	
286	254	253	255	268	270	274	258	
272	271	286	256	267	250	260	268	
288	298	255	259	254	287	295	299	
259	277	285	258	257	263	299	252	
293	271	262	284	285	292	299	278	
277	273	293	254	283	272	265	258	
274	281	290	272	286	277	252	287	
273	255	265	259	250	294	254	270	
264	259	275	271	287	261	250	291	
274	285	279	283	259	297	250	281	
280	294	282	293	273	283	289	264	
283	255	257	251	296	276	252	282	
285	261	295	260	290	259	256	250	
252	251	288	268	265	260	289	295	
285	296	268	292	290	265	275	282	
294	282	260	285	271	287	277	268	
295	285	272	263	251	253	297	291	
265	258	293	266	276	253	298	250	
270	275	263	264	299	279	294	257	
281	261	250	271	288	253	256	295	
292	262	290	267	251	255	275	288	
259	275	273	254	266	285	257	284	
290	267	257	260	265	253	298	255	
287	289	292	260	272	270	262	261	
329	318	333	321	336	330	306	303	
329	326	308	334	301	335	311	304	
304	303	335	345	301	308	310	317	
318	320	343	324	305	328	337	346	
312	311	316	334	323	331	317	302	
337	345	331	316	321	314	323	349	
314	300	302	319	331	301	348	326	
344	334	320	306	331	317	300	343	
335	347	336	315	328	330	305	309	
337	344	334	341	327	315	302	346	
329	333	305	334	321	319	318	349	
302	300	332	313	336	312	342	344	
316	336	315	326	301	312	300	317	
311	312	301	334	305	328	309	329	
308	301	300	345	349	331	347	320	
310	327	311	346	330	305	317	320	
304	331	344	346	336	342	338	305	
325	345	322	321	317	319	307	304	
304	313	345	344	346	329	320	339	
337	325	311	321	339	332	340	312	
336	316	322	344	329	318	346	335	
331	342	336	321	346	304	345	348	
312	348	318	341	309	342	307	339	
319	328	324	303	346	347	304	305	
347	345	323	329	300	308	304	315	
338	319	304	322	344	348	333	303	
339	336	304	333	301	305	335	316	
328	319	324	315	307	309	311	346	
307	313	344	334	324	329	304	337	
334	342	309	303	316	337	317	306	
341	338	345	326	337	317	305	316	
340	328	306	302	337	313	326	343	
311	310	340	306	322	328	319	338	
309	313	346	320	316	322	328	317	
344	327	340	334	329	319	301	312	
301	309	308	320	338	343	349	302	
342	315	317	323	316	311	312	324	
309	326	306	340	333	331	304	303	
305	348	321	325	338	304	330	343	
308	333	344	312	343	346	320	331	
302	313	301	307	305	346	332	345	
310	324	317	305	303	331	304	347	
300	327	321	330	303	337	338	308	
332	315	310	348	316	309	344	331	
304	339	326	317	348	309	347	331	
347	338	324	344	305	339	308	309	
305	337	330	319	308	314	311	316	
323	308	319	310	328	346	303	347	
348	341	319	343	314	344	317	336	
342	303	319	343	320	336	307	318	
352	373	359	360	397	361	362	358	
371	384	390	364	362	382	379	381	
356	363	360	358	396	385	368	371	
380	354	371	379	393	378	361	381	
381	371	355	376	372	396	358	364	
362	364	351	381	377	382	365	388	
393	373	362	387	381	399	392	358	
392	388	370	375	378	381	365	366	
393	356	358	385	380	394	378	384	
381	388	355	380	399	379	395	386	
391	371	360	393	363	386	367	361	
371	376	387	393	363	399	375	360	
372	383	380	362	398	350	370	395	
384	390	364	376	367	365	378	358	
384	361	354	355	395	377	375	385	
380	394	365	355	390	381	389	354	
399	371	396	386	352	397	369	370	
390	367	361	375	356	355	374	377	
379	373	395	398	387	391	389	394	
384	382	397	371	356	398	387	373	
350	366	358	399	360	381	354	379	
351	360	374	368	363	364	387	362	
357	354	363	351	399	385	388	352	
371	360	385	368	359	390	392	350	
352	397	358	389	350	363	384	360	
359	360	370	368	351	387	379	393	
375	368	354	389	372	383	371	380	
377	395	363	381	366	386	355	360	
397	388	370	374	390	377	395	357	
384	387	383	360	355	376	396	362	
351	378	366	360	375	383	368	393	
389	379	351	376	359	372	356	373	
358	376	379	369	364	367	385	398	
380	399	365	366	377	353	360	359	
355	366	368	373	379	389	372	350	
394	385	371	357	392	353	362	378	
393	398	373	389	378	361	368	377	
357	367	352	360	372	378	374	390	
366	364	365	374	380	368	379	381	
352	356	398	382	376	393	365	386	
378	384	386	379	372	377	367	352	
371	388	362	387	365	384	373	392	
392	378	384	382	393	394	369	373	
393	399	385	387	398	363	354	397	
362	371	389	381	363	385	377	397	
392	384	375	383	372	361	381	387	
350	387	360	373	372	394	384	392	
369	382	380	377	385	395	360	354	
369	397	366	376	371	393	360	378	
371	380	393	384	381	378	392	373	
408	416	418	438	439	430	402	432	
436	420	441	449	435	408	440	401	
446	445	440	401	417	404	434	449	
422	401	409	443	411	445	408	435	
409	438	421	423	422	416	435	440	
445	431	434	421	443	426	403	425	
422	409	430	436	449	426	435	448	
408	414	430	405	432	449	415	404	
439	446	441	422	400	415	432	404	
427	401	443	406	420	444	411	422	
423	415	446	428	427	443	404	402	
448	409	407	421	405	415	443	403	
428	401	444	415	413	429	443	446	
426	420	412	410	416	411	421	407	
430	429	425	404	447	446	427	417	
438	419	400	426	408	432	431	445	
425	415	426	449	423	404	411	422	
418	403	417	408	419	415	411	400	
400	418	414	438	406	402	449	427	
410	439	414	402	435	418	404	417	
446	412	427	419	410	438	448	417	
434	405	421	449	402	430	417	437	
422	425	448	436	412	411	418	426	
437	416	449	413	400	430	435	403	
412	424	426	444	415	437	448	401	
418	410	402	436	425	438	419	439	
442	449	443	412	427	416	430	447	
423	415	421	436	419	434	424	428	
411	437	444	412	446	424	414	438	
405	419	407	438	424	401	441	420	
418	408	433	423	431	448	416	420	
432	447	449	418	407	417	411	409	
444	432	434	446	407	419	433	409	
449	410	415	403	419	444	446	404	
411	420	409	440	423	443	406	414	
410	431	427	436	442	435	432	401	
412	434	401	403	445	427	408	441	
407	441	413	443	414	439	403	438	
434	439	422	449	411	433	421	420	
415	412	407	432	436	434	409	444	
425	410	449	402	403	413	436	408	
438	409	418	440	402	403	439	420	
424	435	404	436	401	430	407	433	
417	407	429	432	441	416	435	400	
424	408	426	436	415	414	420	404	
405	408	416	412	437	431	448	439	
400	419	449	436	405	447	420	426	
430	429	449	420	411	446	441	409	
437	404	403	431	416	427	430	419	
408	409	420	417	404	440	416	428	
464	477	453	496	479	495	454	468	
457	450	467	482	452	494	477	460	
456	495	479	478	475	474	496	459	
497	450	472	463	484	491	487	477	
480	489	469	476	454	479	467	452	
489	457	469	460	481	451	486	477	
484	492	471	464	450	458	494	465	
492	460	476	489	496	454	498	453	
479	473	476	485	453	491	454	456	
457	468	486	471	469	495	463	494	
472	475	474	484	468	476	489	473	
465	464	462	477	485	488	454	478	
474	466	454	494	462	471	487	473	
472	483	458	481	480	470	482	454	
473	454	483	471	450	477	456	497	
468	450	488	477	493	497	478	479	
459	498	463	497	457	479	483	468	
479	470	466	482	451	457	485	453	
454	480	477	462	487	494	458	498	
486	451	468	498	463	452	485	497	
452	469	465	481	491	467	479	488	
479	481	452	450	465	461	462	485	
482	462	484	468	457	489	487	480	
453	460	466	467	474	471	473	490	
476	483	485	472	499	478	462	457	
468	451	456	496	494	480	474	457	
486	491	472	478	493	499	459	461	
476	451	487	467	496	479	464	472	
487	476	474	481	483	497	469	484	
450	486	460	485	459	495	470	457	
474	468	453	481	457	478	499	485	
469	466	471	472	492	488	495	483	
478	476	471	472	457	482	470	450	
466	485	478	453	489	456	494	492	
499	460	472	484	452	456	486	489	
463	472	473	456	469	485	499	474	
489	476	492	498	458	460	473	459	
453	488	496	478	477	490	491	492	
467	498	487	454	464	452	474	469	
490	491	464	455	468	478	479	498	
450	471	454	485	499	492	481	493	
497	471	492	472	490	462	480	477	
466	471	458	461	474	477	451	487	
461	452	487	498	455	451	463	483	
487	491	457	498	465	450	494	461	
458	494	486	496	476	475	464	454	
456	471	469	461	464	497	454	452	
482	464	458	455	473	450	499	484	
486	455	470	488	452	472	493	471	
456	472	452	471	460	492	458	463	
52	422	378	
424	274	496	
4	166	116	
442	260	322	
75	148	3	
130	216	12	
43	142	242	
347	177	229	
293	273	114	
88	149	439	
93	130	1	
245	137	444	
393	208	413	
142	108	188	
433	261	131	
111	55	247	
11	31	85	
254	279	221	
36	289	101	
170	109	57	
298	460	206	
288	210	409	
262	59	488	
445	334	303	
326	0	159	
370	405	244	
313	294	424	
177	486	292	
347	89	250	
352	306	359	
31	382	61	
78	94	239	
458	185	41	
461	132	409	
114	494	20	
396	350	60	
498	394	342	
241	87	123	
56	308	247	
337	443	22	
498	14	19	
274	409	361	
492	82	154	
451	275	408	
135	417	224	
418	172	66	
223	70	265	
162	441	186	
121	396	95	
167	43	26	
349	466	16	132	
94	329	287	149	
91	352	381	458	
171	298	429	290	
183	324	231	46	
451	480	50	321	
163	374	35	284	
172	349	82	451	
266	481	61	69	
388	78	455	329	
76	488	467	455	
436	299	129	262	
7	266	67	86	
353	299	115	329	
148	369	53	107	
474	300	256	88	
201	213	291	239	
264	148	145	260	
460	492	73	286	
409	192	491	490	
357	104	262	43	
258	345	214	403	
465	358	27	101	
427	490	119	4	
317	462	57	415	
412	44	430	4	
24	141	402	238	
32	251	498	274	
347	267	466	316	
79	197	479	412	
437	93	165	130	
361	51	3	191	
363	243	74	223	
123	162	126	145	
126	87	136	257	
314	276	173	465	
262	303	177	309	
358	346	344	16	
184	158	417	349	
77	344	2	297	
463	475	274	400	
105	136	188	412	
206	446	414	19	
480	137	18	4	
380	442	278	461	
398	98	27	488	
10	351	364	32	
217	328	225	91	
45	62	244	353	
102	236	386	492	
351	126	288	76	132	
251	215	182	114	421	
464	494	125	73	268	
253	159	446	111	223	
80	283	284	492	274	
267	66	432	481	323	
77	387	349	10	413	
48	349	143	351	459	
327	128	144	390	354	
349	327	459	443	285	
250	391	444	187	25	
308	223	358	111	190	
112	446	222	135	482	
202	369	237	436	167	
367	212	116	252	185	
88	453	407	154	65	
286	460	441	197	204	
414	354	386	39	343	
72	18	490	398	73	
11	483	20	290	3	
487	66	387	115	350	
288	174	390	76	344	
38	47	156	274	312	
428	30	319	214	206	
61	38	394	165	141	
96	100	132	345	246	
435	51	149	59	434	
97	446	128	477	492	
366	472	294	478	104	
101	3	438	426	413	
204	317	388	117	4	
208	264	154	55	17	
406	412	1	71	34	
232	77	83	138	150	
76	418	417	0	37	
172	299	92	201	131	
480	277	30	484	457	
55	227	285	172	11	
192	342	450	227	231	
405	133	244	436	331	
448	329	331	43	57	
417	282	385	231	314	
32	457	330	188	126	
359	379	195	290	173	
33	57	481	240	21	
403	208	410	476	120	
406	53	293	174	363	
219	450	3	358	339	
140	230	210	3	245	
469	275	114	330	385	
