39	16	14	28	32	10	
28	30	0	42	26	27	
41	36	7	22	44	11	
27	35	9	43	8	24	
3	33	41	32	44	12	
28	35	7	40	48	20	
28	48	44	8	38	13	
43	5	2	36	40	21	
44	6	16	31	15	21	
43	24	16	26	10	21	
34	30	20	10	12	49	
15	35	39	26	48	6	
12	29	24	4	13	22	
1	38	22	39	16	19	
12	22	21	26	35	32	
47	22	19	49	23	30	
48	0	43	28	7	20	
27	18	5	3	22	39	
20	43	37	25	35	18	
30	41	23	44	12	22	
36	47	27	7	49	19	
48	17	11	10	9	33	
27	12	49	36	42	46	
27	46	25	16	8	38	
27	26	19	46	28	35	
33	42	26	39	18	5	
38	37	25	21	29	36	
6	25	13	18	22	48	
11	43	33	49	5	41	
11	41	31	1	10	20	
2	26	30	35	38	16	
30	44	42	33	48	25	
20	21	5	46	10	48	
9	4	1	40	23	26	
31	29	43	18	8	12	
48	14	37	26	33	38	
20	35	5	18	42	14	
17	26	25	47	42	29	
13	0	3	8	35	27	
17	27	7	8	6	9	
3	36	4	8	40	26	
16	12	26	38	5	0	
39	28	16	20	24	44	
44	43	6	9	5	8	
10	33	25	29	45	20	
4	28	29	5	19	33	
10	37	39	43	7	6	
16	39	26	1	3	44	
3	34	38	26	27	29	
13	8	19	33	18	2	
74	64	83	88	73	85	
63	50	54	56	51	61	
53	56	99	51	60	93	
51	63	74	93	73	65	
69	54	80	97	79	92	
77	60	84	61	93	97	
70	73	76	51	85	61	
57	79	77	74	76	66	
51	88	75	81	74	65	
62	60	94	68	84	91	
64	87	74	54	83	51	
54	55	59	56	96	74	
85	66	97	72	92	61	
90	52	66	75	84	68	
75	52	69	53	81	89	
89	95	82	87	96	91	
60	55	68	81	87	50	
56	76	82	53	96	51	
82	54	88	75	83	93	
52	68	57	59	74	84	
81	92	56	98	61	59	
77	94	56	97	84	75	
50	56	57	53	58	78	
57	99	88	70	85	76	
99	58	54	81	57	77	
92	61	75	52	84	82	
90	99	76	53	93	98	
93	76	77	69	60	99	
82	99	72	65	68	63	
52	96	72	68	94	69	
58	84	59	80	85	70	
63	87	55	76	89	53	
68	92	63	58	74	60	
50	85	80	66	99	86	
83	89	55	99	91	88	
52	66	53	55	71	86	
81	96	65	72	93	95	
70	94	71	69	74	55	
69	89	83	71	62	94	
61	53	96	98	62	88	
79	52	74	71	83	85	
90	89	53	96	57	98	
98	92	87	77	97	69	
70	74	61	89	73	62	
67	89	81	54	83	74	
73	69	61	91	70	95	
84	86	78	87	82	85	
98	70	91	90	87	64	
70	67	72	71	80	95	
90	84	88	94	72	79	
104	129	136	135	131	122	
131	138	129	142	146	134	
145	143	128	119	109	112	
126	112	138	132	122	136	
134	124	120	131	145	115	
142	134	135	109	132	105	
107	124	101	145	140	135	
123	100	132	101	126	122	
112	144	100	111	105	113	
131	101	110	143	109	104	
134	141	125	106	148	129	
133	101	141	110	148	138	
122	135	140	127	116	143	
118	119	101	104	134	109	
144	127	130	125	117	149	
114	110	123	100	125	124	
109	148	145	108	132	134	
127	114	111	128	109	141	
117	132	139	129	118	120	
130	132	104	120	134	118	
104	149	116	147	139	112	
133	118	107	135	102	147	
146	131	113	114	145	141	
108	138	117	129	139	127	
105	142	121	141	104	107	
107	149	132	115	113	127	
103	107	129	140	136	115	
141	137	143	111	134	101	
127	145	120	101	131	110	
101	138	143	117	134	148	
103	104	118	121	134	125	
147	110	127	148	134	121	
139	149	107	105	111	122	
114	128	100	120	149	115	
143	134	142	130	145	122	
107	143	100	110	114	141	
121	141	149	142	122	112	
116	142	144	109	135	133	
133	134	113	137	127	103	
144	141	125	135	126	146	
127	107	134	133	122	118	
143	131	107	105	118	146	
144	127	124	134	122	123	
131	117	114	141	135	143	
144	110	113	104	130	121	
149	114	111	138	143	147	
124	144	117	118	119	111	
149	122	133	123	137	124	
121	122	134	111	129	110	
119	135	107	141	123	131	
150	166	173	165	198	195	
153	185	159	161	187	173	
169	155	165	186	185	172	
169	195	158	187	172	179	
178	199	191	171	188	165	
187	196	164	162	174	191	
181	187	170	199	189	179	
195	167	171	159	196	162	
155	159	184	153	167	180	
162	189	180	168	155	160	
192	187	182	170	181	196	
180	157	170	188	185	152	
187	166	171	191	190	195	
164	188	170	191	157	178	
173	191	151	185	193	176	
190	198	169	182	165	186	
151	161	155	166	190	176	
176	196	161	167	151	150	
194	176	196	188	178	160	
182	179	178	157	191	183	
173	199	169	191	156	186	
193	151	161	162	174	196	
190	183	168	195	181	164	
189	194	186	173	190	196	
192	161	195	194	167	193	
194	158	189	184	160	190	
197	179	185	190	168	174	
177	193	154	194	161	179	
192	163	183	150	160	155	
170	154	169	195	151	178	
193	168	156	182	199	195	
197	177	181	150	164	198	
199	161	185	164	183	189	
153	175	151	178	188	186	
195	188	159	178	154	155	
160	163	190	161	180	187	
179	195	190	168	152	199	
166	191	156	194	199	190	
157	152	160	171	162	156	
176	168	197	157	182	159	
187	163	157	150	195	165	
189	182	198	163	191	152	
172	180	163	177	168	156	
198	154	190	194	191	150	
186	198	165	172	164	174	
198	184	165	178	182	166	
185	155	152	182	187	158	
153	196	175	189	199	195	
190	174	163	168	185	169	
162	187	170	193	172	196	
228	238	201	246	239	232	
209	223	219	234	225	239	
210	211	201	244	235	224	
221	232	205	227	210	226	
203	231	206	214	222	209	
230	244	205	234	221	208	
244	249	208	202	234	200	
204	211	236	215	244	219	
236	227	220	209	225	208	
238	219	245	230	247	231	
244	217	211	231	243	202	
236	203	221	216	223	224	
216	204	224	221	233	210	
216	231	241	245	243	239	
227	236	219	233	237	228	
202	219	208	218	209	210	
247	235	208	218	231	206	
239	202	230	231	215	225	
207	223	216	226	221	233	
233	224	240	226	221	246	
219	208	234	238	201	247	
242	238	209	213	240	216	
229	215	208	220	201	238	
239	242	206	218	247	238	
228	219	246	226	234	224	
237	217	227	212	228	201	
228	227	204	233	239	226	
208	219	206	218	215	248	
209	218	210	240	208	248	
215	240	216	224	241	204	
227	222	241	229	245	240	
236	213	231	248	245	216	
225	203	221	238	204	246	
246	216	241	221	229	227	
220	206	243	213	239	231	
232	224	219	233	240	229	
202	203	219	211	232	245	
206	233	234	245	216	224	
238	242	226	239	219	230	
207	205	212	248	230	210	
200	205	211	239	233	216	
228	215	216	201	220	226	
234	246	226	210	213	247	
230	225	218	217	241	202	
242	217	209	219	223	245	
233	232	204	212	209	230	
206	210	234	223	216	207	
228	249	244	238	205	229	
241	240	219	225	237	201	
246	204	223	241	231	214	
257	297	294	255	253	291	
266	288	257	295	252	259	
254	271	285	287	280	264	
270	296	273	251	257	261	
270	265	281	290	284	255	
276	274	268	262	283	281	
288	261	286	258	276	284	
265	276	287	291	275	251	
279	254	292	287	265	281	
279	298	273	265	257	281	
276	268	258	266	253	274	
295	283	290	284	265	269	
256	262	261	253	273	254	
282	294	280	290	259	278	
271	285	266	268	296	299	
270	279	290	272	256	296	
299	257	280	281	250	263	
266	267	256	260	252	294	
260	287	279	263	282	250	
268	267	286	296	282	260	
289	288	263	258	254	279	
298	260	250	251	269	293	
290	277	293	289	250	271	
275	286	272	282	259	265	
288	293	276	282	255	284	
272	293	275	296	260	256	
284	299	263	291	276	270	
293	291	298	270	266	275	
285	297	292	264	270	251	
273	280	254	279	282	262	
253	256	272	285	290	293	
273	282	254	261	279	269	
287	285	253	258	262	278	
281	268	274	256	271	266	
272	268	275	274	284	281	
273	282	272	277	278	275	
288	260	257	255	292	278	
286	288	264	262	267	275	
263	261	287	270	252	271	
275	298	262	255	259	274	
254	263	256	255	283	250	
295	294	268	252	299	267	
299	260	293	262	298	251	
275	278	276	250	296	251	
256	297	269	279	270	262	
256	288	272	257	291	298	
289	287	274	253	263	291	
294	256	265	291	264	282	
276	256	251	290	281	294	
253	261	275	267	278	260	
326	341	344	330	315	340	
333	317	315	331	309	339	
339	331	333	306	314	311	
305	306	338	318	320	315	
303	301	316	329	313	320	
311	349	329	324	342	314	
304	344	305	309	320	312	
303	335	324	327	319	317	
339	345	330	322	336	307	
334	339	301	349	329	341	
347	319	326	300	315	304	
312	322	316	310	305	338	
334	302	301	349	329	318	
320	303	324	347	326	342	
341	331	348	313	310	300	
306	313	310	321	327	329	
306	321	336	332	313	304	
308	340	327	303	320	329	
301	319	315	341	307	314	
311	304	318	302	337	317	
332	330	303	312	349	323	
344	321	341	311	345	349	
339	340	347	305	341	338	
337	302	328	310	319	314	
322	329	345	325	333	308	
324	334	339	300	344	307	
306	311	339	308	313	309	
337	338	316	327	306	336	
340	311	301	326	341	304	
321	336	349	320	347	331	
301	329	320	347	310	325	
303	306	337	328	305	312	
335	345	337	319	327	341	
335	315	303	324	323	317	
306	343	327	319	321	340	
335	316	325	349	334	314	
326	322	349	323	310	324	
330	314	304	318	329	323	
342	349	310	334	326	325	
331	304	344	308	323	302	
343	324	336	317	314	331	
316	301	341	311	330	310	
339	335	302	303	329	319	
340	317	301	329	349	348	
318	335	325	322	340	346	
301	314	323	324	308	347	
340	306	344	322	302	316	
326	341	330	309	301	305	
310	334	349	311	329	347	
318	319	322	335	306	320	
387	389	380	376	350	365	
368	369	385	361	358	367	
375	379	394	371	381	350	
384	354	390	399	363	377	
371	394	363	395	392	393	
393	352	370	384	387	379	
384	360	359	368	374	395	
395	352	374	355	386	360	
395	384	377	368	396	351	
362	350	380	393	389	354	
387	394	388	371	386	378	
380	357	371	370	396	375	
393	365	351	366	359	354	
350	353	389	385	352	360	
363	398	367	350	375	378	
398	395	383	391	388	358	
380	394	395	392	377	369	
374	362	378	395	389	394	
357	380	396	354	398	350	
366	360	374	394	388	377	
380	392	354	396	352	358	
379	360	351	359	388	350	
368	354	399	397	382	351	
384	381	374	361	390	393	
360	369	374	376	396	350	
377	376	387	384	361	383	
367	354	360	397	389	350	
390	369	382	383	391	399	
385	392	374	378	359	386	
360	384	361	372	395	390	
375	391	366	397	350	377	
381	368	374	364	351	393	
389	362	376	387	380	378	
360	389	392	359	388	386	
361	352	395	384	394	358	
376	380	379	356	369	350	
373	359	386	372	369	384	
382	391	372	353	376	373	
383	363	377	379	365	350	
376	382	351	352	362	390	
363	398	392	399	368	370	
356	396	383	386	395	369	
382	350	392	366	375	362	
353	396	350	379	378	355	
397	379	382	391	371	357	
396	391	375	386	353	369	
356	374	387	364	363	388	
368	365	380	375	362	356	
376	358	388	390	391	361	
353	389	350	357	383	391	
430	434	415	447	404	400	
434	409	401	446	423	419	
405	432	444	449	415	429	
405	443	400	444	423	435	
447	400	413	446	421	409	
402	434	424	417	425	409	
445	435	422	430	429	403	
417	431	421	403	411	444	
418	422	421	410	434	420	
436	430	403	435	431	434	
403	400	417	438	409	447	
446	405	429	414	410	422	
414	427	418	403	417	426	
420	437	423	426	441	409	
407	428	440	442	437	426	
419	424	402	444	436	432	
438	403	437	433	446	405	
407	418	411	413	448	402	
420	439	403	429	411	424	
437	446	413	427	449	402	
420	444	419	424	429	415	
428	414	444	443	425	413	
422	428	436	429	447	401	
405	437	420	421	406	415	
423	404	428	433	413	437	
449	421	411	401	404	423	
422	436	449	414	421	413	
412	403	429	425	413	411	
423	426	432	408	438	415	
442	424	446	429	404	414	
408	426	416	407	427	419	
444	440	448	414	410	432	
411	402	430	409	410	426	
428	404	415	447	446	444	
432	411	439	410	409	419	
429	443	431	405	442	430	
420	433	428	413	422	437	
424	441	439	420	433	416	
442	414	409	435	444	411	
429	437	426	447	408	404	
427	402	420	405	438	411	
427	405	430	404	412	437	
435	411	448	422	419	423	
415	438	432	422	442	441	
419	440	437	400	412	425	
424	441	447	404	416	439	
429	407	418	448	434	412	
449	419	446	407	430	428	
409	429	419	428	401	445	
423	441	445	440	415	439	
488	480	453	474	472	486	
469	488	462	478	459	493	
475	485	480	462	496	484	
452	498	489	481	467	454	
456	498	452	459	493	499	
485	454	480	482	484	493	
486	488	485	481	450	461	
493	460	490	453	497	483	
471	458	478	484	461	450	
450	497	492	478	473	485	
472	459	489	482	469	450	
455	490	480	485	499	462	
465	463	475	471	456	481	
495	460	469	490	468	458	
469	470	483	480	496	488	
465	461	469	492	460	497	
477	495	465	498	463	474	
451	476	459	458	454	470	
463	490	491	451	456	492	
491	461	458	494	465	452	
484	477	458	451	481	464	
452	465	453	475	496	478	
466	491	488	489	457	462	
498	465	471	488	484	489	
494	495	488	498	455	470	
459	496	486	456	455	451	
464	477	471	489	450	475	
489	482	485	459	472	487	
454	476	468	478	492	458	
492	499	493	462	497	494	
450	489	468	478	494	476	
498	482	478	484	492	493	
479	477	464	492	458	488	
458	479	495	469	468	490	
487	456	451	486	472	463	
483	475	471	485	460	462	
493	468	479	491	478	466	
458	479	478	474	456	461	
462	475	470	484	492	450	
471	483	474	497	452	477	
464	478	463	453	452	497	
467	474	466	479	457	452	
461	475	491	452	458	497	
460	453	465	478	466	488	
467	491	453	488	473	477	
471	458	462	480	490	468	
492	465	495	479	472	497	
481	453	497	492	462	483	
496	466	456	476	454	460	
497	457	451	467	490	486	
17	35	5	10	24	29	11	
36	28	30	38	21	34	1	
33	43	25	42	40	32	35	
20	41	46	9	49	45	19	
15	34	12	0	47	24	22	
33	26	8	15	10	22	48	
9	48	49	39	20	12	1	
6	3	31	22	15	8	7	
36	10	26	48	11	30	24	
23	10	2	21	44	47	6	
2	38	3	27	43	49	47	
29	27	25	30	47	35	9	
11	40	5	9	7	12	26	
0	41	1	7	34	31	20	
25	42	22	11	28	1	49	
47	12	46	7	30	35	42	
31	35	26	17	21	1	24	
24	15	3	43	23	6	14	
36	45	10	14	28	16	9	
33	23	41	4	37	3	13	
22	19	38	10	6	2	5	
16	44	13	29	10	6	49	
16	6	13	48	8	43	1	
3	8	22	5	27	32	21	
30	14	11	19	15	9	17	
7	8	23	41	33	12	1	
16	3	44	32	34	20	29	
3	38	25	33	29	23	13	
23	45	15	11	9	5	20	
41	8	46	40	49	45	6	
44	30	28	10	48	3	22	
41	43	35	33	31	47	23	
7	10	45	20	30	4	24	
43	39	15	13	23	3	40	
16	41	0	37	20	46	10	
33	49	22	1	18	46	40	
27	23	34	41	48	2	18	
46	49	38	36	48	40	16	
46	39	49	0	35	26	38	
2	45	27	29	15	28	11	
49	44	47	22	36	35	28	
4	7	44	16	21	3	25	
21	12	1	3	9	13	20	
18	13	16	31	32	45	21	
6	5	49	27	21	15	25	
46	11	28	35	26	40	17	
34	16	26	33	15	14	4	
30	28	25	11	1	8	14	
47	4	18	7	49	15	10	
17	33	35	46	13	25	42	
63	54	66	58	61	83	56	
79	64	89	96	85	65	56	
82	92	87	68	66	53	60	
61	98	59	90	78	79	65	
62	82	75	60	69	56	83	
90	75	79	77	62	95	85	
82	68	61	52	84	89	70	
69	57	84	70	58	91	81	
65	68	66	93	91	97	53	
97	80	63	57	52	54	67	
81	98	57	86	73	66	96	
63	67	62	58	51	86	61	
98	88	76	74	72	66	93	
80	70	88	72	97	78	65	
90	72	78	54	61	85	60	
57	69	59	58	78	53	89	
80	60	54	71	90	72	59	
78	92	67	60	70	85	57	
95	85	64	86	53	51	91	
57	93	86	66	97	70	69	
53	99	59	54	69	66	83	
89	76	78	73	91	85	57	
88	91	60	82	84	70	98	
88	77	72	93	73	63	76	
76	87	92	81	83	73	97	
63	68	81	57	59	84	98	
86	98	87	50	82	74	89	
62	76	58	66	85	89	77	
98	81	64	68	75	54	88	
85	99	61	63	53	93	67	
94	75	95	91	77	62	92	
70	66	89	74	77	73	86	
98	70	53	69	54	84	73	
69	87	76	70	57	55	86	
61	75	60	53	58	79	73	
99	72	76	56	52	55	98	
85	95	68	96	56	92	86	
57	76	83	95	81	94	96	
86	76	57	61	88	94	58	
89	94	61	62	66	99	56	
80	73	55	76	79	60	95	
91	60	95	97	51	69	54	
67	61	93	99	79	89	96	
65	95	96	51	68	58	50	
89	95	86	73	55	80	64	
52	56	61	99	86	72	68	
73	90	57	93	92	91	79	
98	67	75	61	59	54	96	
62	67	93	72	79	58	55	
80	93	50	79	98	84	74	
136	144	127	114	101	119	109	
123	105	126	135	146	118	147	
103	114	136	111	121	110	101	
110	118	123	100	134	132	114	
112	145	123	114	106	133	141	
123	119	111	101	109	120	148	
134	123	112	116	137	130	122	
104	108	107	121	109	113	142	
137	130	138	110	105	111	119	
132	112	107	131	124	142	101	
110	115	136	109	100	107	122	
139	121	125	124	145	111	110	
128	126	143	111	114	124	116	
107	104	102	118	146	148	149	
109	129	136	143	112	127	122	
132	110	128	119	114	122	101	
146	145	126	111	140	122	100	
136	147	143	139	127	137	133	
109	127	149	145	120	115	121	
146	113	124	129	142	147	128	
106	133	110	146	137	108	121	
134	136	146	100	129	108	144	
107	149	103	143	128	140	122	
144	133	139	136	117	118	142	
136	137	138	100	131	121	140	
110	124	102	135	139	134	130	
141	144	135	140	105	128	112	
110	120	142	131	108	116	144	
131	148	105	126	107	114	146	
147	124	100	123	132	125	106	
126	109	116	103	148	125	119	
107	138	117	101	139	119	143	
135	140	141	131	146	121	132	
135	113	119	145	122	109	112	
108	127	135	110	106	141	116	
103	114	120	127	146	132	131	
117	106	116	112	126	127	143	
133	137	112	111	109	129	116	
103	100	110	122	118	104	108	
101	132	148	144	146	135	112	
123	107	130	103	121	146	132	
148	106	108	104	102	146	109	
124	134	103	125	121	131	146	
125	143	142	101	106	122	114	
137	111	113	115	138	107	128	
105	116	117	118	144	101	146	
118	129	104	126	108	136	124	
101	105	115	108	129	118	145	
131	126	149	122	144	148	142	
124	134	139	116	133	138	125	
191	188	170	155	187	158	194	
159	197	154	189	169	174	190	
167	168	157	174	160	195	184	
184	162	165	183	167	164	178	
198	158	199	171	181	161	178	
177	191	169	180	181	163	197	
170	174	185	166	171	191	195	
165	156	192	166	167	175	158	
196	167	186	183	155	166	170	
182	177	173	163	198	192	157	
176	191	163	165	195	158	177	
151	195	181	176	157	174	156	
159	165	187	181	154	170	156	
180	159	156	189	153	175	165	
199	174	162	171	183	151	154	
158	180	162	150	176	166	155	
156	154	175	163	192	164	151	
192	178	155	165	191	174	152	
166	179	154	198	162	150	167	
150	188	173	190	187	169	198	
176	167	172	183	168	199	170	
192	188	169	183	177	195	154	
199	196	152	151	155	175	188	
181	157	152	162	183	171	182	
156	173	179	199	178	159	180	
196	194	159	197	160	161	179	
164	187	182	191	165	162	171	
183	193	171	181	163	189	185	
173	165	180	154	196	163	193	
172	155	197	188	171	191	159	
171	180	174	153	199	158	183	
154	166	167	189	151	178	186	
171	159	176	180	175	185	163	
196	198	171	175	194	152	164	
170	185	189	158	168	180	155	
182	162	153	160	190	155	199	
150	170	192	194	184	196	162	
168	167	177	193	186	192	180	
185	164	165	180	154	169	152	
154	197	164	171	173	176	182	
177	187	196	186	183	190	169	
166	167	180	169	163	192	189	
162	171	196	151	154	156	166	
161	163	174	181	166	172	169	
172	157	160	192	168	181	184	
169	196	155	172	192	195	165	
175	160	184	163	192	197	174	
174	168	195	196	199	173	178	
188	153	174	157	179	162	163	
178	183	177	153	181	194	186	
208	226	211	244	221	218	245	
200	211	215	239	244	202	201	
231	233	221	216	207	215	242	
209	238	217	214	241	216	207	
223	202	227	200	233	246	211	
246	230	205	226	225	220	249	
233	248	218	210	227	225	201	
239	234	240	219	203	230	218	
204	235	248	231	228	200	202	
229	237	203	200	236	246	212	
246	203	239	202	205	248	234	
216	213	242	202	223	222	219	
221	228	207	245	226	230	238	
227	212	208	234	238	243	222	
244	236	243	203	209	239	222	
248	241	202	239	201	224	237	
238	201	210	244	223	225	203	
206	242	213	224	237	230	243	
239	241	213	230	235	233	246	
234	232	221	245	239	216	244	
217	203	205	208	236	231	229	
246	204	202	235	230	249	215	
219	232	231	248	236	206	241	
219	249	231	242	216	245	243	
239	204	222	225	228	205	221	
208	224	234	202	238	205	201	
205	243	215	230	203	214	229	
230	245	235	207	212	206	214	
221	206	211	236	235	216	219	
216	227	232	224	203	222	218	
209	238	231	229	242	233	221	
215	218	234	204	224	235	240	
234	209	211	202	245	230	214	
229	237	242	205	223	215	228	
215	201	231	202	246	217	244	
236	217	206	230	215	247	249	
217	213	207	225	211	201	215	
242	238	227	228	224	220	249	
229	226	201	219	233	244	227	
223	241	227	244	231	216	247	
206	203	240	244	208	215	237	
220	216	210	202	218	235	238	
208	202	234	200	232	242	248	
248	213	228	222	231	229	214	
238	230	231	210	204	245	200	
235	223	245	232	234	213	202	
219	215	247	243	224	211	230	
238	223	202	235	203	234	204	
202	212	213	208	238	227	220	
227	223	232	221	222	218	237	
265	256	272	260	263	297	288	
290	251	257	274	262	293	297	
258	287	272	274	253	277	285	
255	295	268	273	281	277	292	
277	253	269	297	279	260	286	
270	288	293	276	294	273	265	
261	274	285	278	260	259	271	
291	299	256	279	288	251	262	
293	298	288	275	250	295	255	
265	274	293	256	279	257	280	
291	287	261	286	259	251	265	
282	266	292	269	275	264	285	
281	293	268	297	296	283	286	
280	260	257	281	270	282	254	
288	269	265	283	250	267	254	
266	250	275	294	297	286	285	
250	282	258	266	285	271	290	
282	253	264	289	291	274	296	
296	264	268	251	290	254	261	
276	259	255	277	270	299	287	
280	263	284	273	262	258	256	
264	298	268	279	271	282	263	
259	264	260	256	282	277	279	
250	293	259	261	279	260	255	
273	276	268	282	274	271	263	
274	272	291	299	269	266	264	
272	296	277	295	263	250	287	
271	289	272	276	279	261	265	
299	283	275	297	281	295	298	
277	250	260	299	282	266	262	
255	290	285	289	292	296	254	
292	262	252	283	272	297	269	
291	298	284	259	299	296	271	
274	271	256	282	257	261	284	
276	296	295	290	294	267	252	
273	254	295	297	258	285	294	
286	293	277	254	280	265	279	
277	288	290	269	254	264	273	
299	254	255	282	259	290	276	
284	273	254	297	263	292	286	
254	297	287	289	260	268	294	
272	256	283	250	253	290	289	
279	280	290	272	283	277	298	
250	257	279	294	291	281	289	
275	289	270	271	296	294	253	
269	262	261	271	265	268	251	
297	261	291	272	269	283	296	
262	274	281	259	258	299	273	
262	272	292	266	267	295	254	
274	257	291	262	253	256	270	
323	316	312	318	349	324	336	
335	304	313	333	303	343	322	
302	318	347	343	314	337	331	
344	308	321	337	328	326	335	
338	309	344	300	328	347	312	
308	323	340	318	300	348	342	
343	302	300	340	331	325	314	
345	301	315	314	306	325	311	
335	339	329	349	341	315	313	
335	341	308	345	348	325	327	
332	331	301	309	325	339	314	
339	348	304	334	328	347	338	
310	343	314	318	302	336	311	
334	346	332	339	301	321	307	
318	317	307	335	330	309	306	
304	343	300	348	334	307	339	
338	328	340	330	315	346	342	
345	343	319	347	328	330	335	
302	306	325	301	345	320	315	
319	323	305	308	331	346	317	
337	310	315	346	335	331	326	
347	307	337	301	318	306	303	
319	312	341	331	302	310	314	
305	320	324	321	347	308	344	
328	335	321	319	330	326	322	
311	324	302	339	328	309	327	
302	339	311	347	343	307	334	
347	307	340	312	317	348	329	
338	312	343	335	316	304	341	
329	305	319	328	308	307	347	
319	325	308	315	317	337	347	
305	303	308	321	309	348	332	
303	334	307	322	344	317	325	
319	342	337	305	313	338	301	
301	302	315	309	330	341	334	
315	306	338	349	307	348	331	
320	332	312	304	300	311	329	
338	310	342	331	320	314	335	
349	314	315	319	301	313	337	
337	335	324	308	318	330	313	
332	318	310	339	311	306	342	
317	323	325	321	301	319	327	
333	343	304	306	316	329	347	
335	329	333	347	345	301	312	
335	343	348	330	320	342	306	
303	312	319	321	328	325	333	
335	303	323	343	330	333	347	
334	338	314	342	301	321	345	
341	337	319	307	317	325	334	
313	319	347	302	310	301	336	
370	389	374	388	372	377	365	
395	388	393	398	359	375	364	
367	357	362	356	378	374	351	
388	385	395	363	356	364	397	
352	371	395	362	353	359	356	
385	387	356	365	369	383	395	
390	375	376	382	368	369	380	
371	369	375	365	370	383	388	
369	399	390	391	354	376	380	
376	386	394	392	377	356	378	
359	352	395	378	350	363	387	
357	371	386	381	396	382	358	
398	356	359	384	379	373	369	
396	361	398	382	364	359	353	
355	367	365	393	358	377	359	
357	385	377	362	360	396	388	
350	351	377	378	360	368	362	
359	378	356	358	361	393	399	
388	387	372	382	358	351	378	
350	390	364	392	354	369	385	
386	370	353	369	360	380	363	
376	375	366	380	396	389	383	
355	358	368	399	363	374	375	
359	355	364	371	363	356	399	
386	359	357	370	366	387	390	
356	362	394	392	379	360	378	
361	381	395	391	370	374	375	
378	398	394	356	377	363	384	
374	358	369	395	389	363	366	
379	375	368	388	354	396	350	
373	356	377	364	352	383	360	
368	388	367	352	353	361	369	
355	385	394	377	356	360	375	
350	353	395	377	370	397	386	
350	395	373	356	389	370	380	
357	362	351	350	353	356	376	
390	376	383	382	391	375	392	
362	388	357	390	350	379	387	
385	383	398	368	379	389	353	
377	398	384	356	386	376	370	
375	363	370	372	395	362	377	
376	385	393	354	355	399	389	
389	369	383	368	373	384	380	
383	394	350	384	374	367	391	
384	390	372	376	365	393	354	
391	374	364	376	398	368	386	
399	357	354	397	375	398	368	
394	369	381	386	353	391	364	
351	371	372	356	353	386	363	
375	393	360	359	388	366	374	
446	422	406	426	448	430	416	
428	405	432	400	409	416	440	
430	445	406	411	414	421	423	
408	416	400	402	432	412	406	
427	435	428	437	439	412	433	
403	418	445	443	426	441	438	
403	431	434	428	406	444	449	
444	432	431	446	440	401	412	
406	448	400	409	438	407	402	
447	417	413	425	422	403	406	
410	400	446	408	444	414	404	
433	446	403	441	407	421	425	
406	401	436	435	416	418	405	
407	418	416	437	429	422	434	
408	431	449	401	420	439	442	
401	444	428	445	446	403	407	
400	403	401	447	405	414	404	
441	416	417	426	446	435	436	
412	423	402	437	446	419	409	
407	444	448	426	413	432	445	
405	421	420	400	409	446	408	
420	417	421	434	413	410	446	
423	400	417	416	449	440	401	
420	416	440	411	425	437	427	
426	401	447	432	433	438	440	
418	424	416	402	409	434	407	
412	441	405	423	433	406	447	
446	429	418	424	428	435	441	
441	406	425	446	414	434	443	
407	432	442	430	426	431	448	
422	417	424	421	432	437	431	
447	412	440	416	400	438	418	
429	428	435	418	437	410	408	
401	432	413	444	427	442	430	
416	440	405	435	430	417	412	
413	414	441	404	416	409	402	
429	434	401	409	437	420	426	
414	417	410	422	431	439	440	
444	445	426	428	449	402	432	
403	416	427	401	443	424	420	
425	441	410	417	449	416	403	
435	425	441	430	442	437	408	
429	404	442	423	434	419	406	
444	441	429	411	422	412	418	
417	416	434	418	408	433	428	
426	440	441	430	408	401	407	
432	418	429	417	443	416	444	
433	426	435	407	421	411	416	
444	416	430	424	419	401	409	
400	445	449	408	426	430	440	
484	487	476	495	485	475	490	
456	457	464	452	475	498	450	
457	487	453	467	490	483	471	
498	454	471	485	459	493	499	
480	479	468	466	472	481	491	
495	454	469	463	486	489	496	
467	494	471	492	489	466	468	
454	464	474	490	481	469	477	
473	490	469	486	489	465	476	
482	481	462	456	451	495	494	
481	485	459	494	498	480	493	
464	491	463	453	481	456	475	
452	460	485	498	497	464	453	
452	485	495	454	480	453	490	
464	462	488	486	467	458	489	
467	477	497	472	474	471	453	
497	472	485	493	483	498	478	
463	464	481	470	473	456	478	
497	471	485	468	452	450	472	
455	459	460	458	486	465	462	
465	494	483	469	456	460	474	
476	459	450	492	451	491	489	
464	455	470	469	484	483	487	
479	499	464	493	463	465	495	
496	464	451	450	482	494	490	
487	461	497	482	491	470	458	
490	471	478	483	457	456	481	
474	495	462	481	461	487	473	
484	488	490	457	464	493	498	
467	477	469	492	499	482	472	
457	454	478	471	498	476	460	
493	466	496	484	453	482	498	
497	477	461	491	476	482	499	
476	456	479	452	459	499	462	
491	479	477	490	499	460	451	
450	475	464	472	477	453	484	
498	481	479	485	486	499	474	
479	482	489	483	499	455	473	
466	474	496	465	472	499	498	
488	496	483	450	463	467	481	
478	490	472	467	466	479	487	
490	452	488	466	465	475	498	
458	463	456	476	494	491	477	
473	468	465	471	489	490	451	
459	457	487	473	477	483	497	
477	499	485	454	488	463	493	
455	451	454	456	476	473	486	
493	467	460	498	468	474	494	
483	494	478	471	473	450	484	
465	497	470	484	499	460	467	
17	7	6	12	2	9	23	48	
5	35	8	16	9	31	7	22	
17	40	28	1	5	19	16	22	
21	0	47	7	46	8	11	34	
39	13	28	26	27	4	25	2	
16	0	22	31	3	43	1	35	
29	30	16	8	38	23	22	3	
29	6	32	42	33	3	20	22	
20	49	41	43	26	32	48	1	
38	11	40	17	6	45	35	16	
41	16	19	37	36	27	24	13	
6	0	21	26	30	33	48	22	
28	1	24	48	42	16	4	26	
0	47	2	24	41	40	6	10	
9	31	19	15	18	43	35	24	
25	4	22	0	39	21	15	29	
11	39	48	29	2	30	36	21	
20	19	37	6	32	29	38	27	
40	22	28	42	6	48	16	37	
29	0	32	46	28	4	6	16	
25	43	40	24	26	17	3	11	
26	6	18	40	1	39	25	47	
42	23	32	40	19	39	15	35	
12	36	24	39	21	33	14	26	
22	37	42	3	36	49	19	31	
19	2	30	14	8	43	35	48	
4	12	29	45	27	42	13	43	
44	4	26	3	17	12	8	41	
8	41	12	35	21	1	25	43	
7	27	44	20	34	5	6	31	
49	38	33	0	45	19	12	6	
24	43	35	21	37	26	20	11	
14	38	49	44	5	34	12	9	
16	15	6	49	18	42	13	23	
9	21	25	17	23	30	29	37	
40	35	45	36	8	29	33	4	
39	3	30	15	38	23	32	9	
39	14	1	13	47	42	22	43	
25	11	35	14	1	29	40	33	
46	21	0	33	47	1	43	32	
39	31	25	15	47	36	7	48	
48	30	4	0	18	3	46	17	
40	7	15	39	28	0	1	12	
47	39	33	4	20	14	35	7	
36	23	22	27	28	5	37	34	
13	36	38	8	0	26	49	39	
16	36	1	11	13	14	28	39	
40	39	12	26	24	13	15	16	
41	0	31	16	39	5	37	45	
14	11	22	17	26	16	34	40	
67	68	57	62	93	81	92	66	
50	84	93	53	62	87	75	89	
50	98	86	85	96	79	90	60	
53	85	82	97	91	57	52	95	
92	84	97	89	66	60	91	59	
77	86	96	93	68	63	58	60	
94	79	54	51	90	95	98	91	
71	78	61	60	82	53	90	79	
53	64	76	77	87	88	93	79	
93	77	69	87	78	71	50	81	
52	92	85	57	90	69	75	97	
91	63	84	61	51	71	89	54	
81	80	78	64	87	71	96	56	
91	50	74	64	71	55	87	93	
55	70	51	73	94	65	95	61	
99	68	98	55	54	60	82	57	
88	65	87	80	85	92	77	82	
92	95	59	87	51	86	75	73	
54	84	67	97	87	81	89	78	
77	50	57	52	71	68	66	61	
82	80	90	59	64	63	99	91	
72	60	55	70	77	65	80	61	
76	53	82	98	94	72	56	74	
76	98	63	60	64	56	59	85	
53	60	86	94	68	66	97	81	
95	70	81	66	98	67	58	80	
81	62	79	90	88	51	66	85	
77	93	52	56	61	54	64	84	
98	64	90	71	82	92	60	56	
73	52	95	88	97	55	91	70	
68	62	78	63	76	71	80	56	
95	86	52	51	84	50	80	97	
56	68	79	66	51	63	74	64	
89	91	67	64	88	78	70	60	
97	96	76	51	88	84	75	90	
78	68	62	87	58	72	55	53	
60	64	52	77	85	94	95	51	
80	91	56	87	83	54	51	90	
56	88	66	52	73	79	84	51	
96	89	86	59	69	53	79	72	
63	79	72	59	85	93	58	81	
73	65	57	77	79	94	88	51	
55	75	54	68	90	56	89	71	
86	69	71	75	63	84	79	87	
73	62	71	75	93	52	94	74	
86	58	69	93	90	68	87	65	
75	87	69	95	58	98	60	88	
75	94	74	58	80	64	59	73	
65	71	53	82	91	55	90	50	
84	56	92	97	79	67	93	94	
118	112	123	108	142	122	116	111	
140	138	113	123	132	104	139	121	
144	139	128	130	109	126	142	124	
114	113	135	120	136	144	134	137	
110	121	104	106	143	115	148	135	
132	138	141	142	146	133	119	104	
132	131	117	112	101	128	124	122	
136	130	133	126	132	149	106	111	
142	128	139	125	121	140	122	120	
134	115	142	137	133	102	128	147	
130	105	133	121	144	109	147	126	
121	139	134	109	120	130	135	123	
135	107	139	121	140	126	122	127	
123	143	125	136	135	138	117	120	
130	120	141	136	111	100	124	123	
103	122	110	137	147	132	124	144	
117	135	141	144	139	127	124	113	
114	101	103	108	147	143	142	140	
135	136	109	112	148	116	129	144	
116	124	125	142	100	147	115	130	
118	113	131	108	104	103	121	149	
138	110	139	147	133	141	134	100	
144	130	126	148	115	119	125	110	
106	109	129	105	103	118	101	145	
135	111	119	134	149	131	127	130	
111	116	105	100	117	137	107	106	
130	145	144	138	122	134	102	127	
117	136	135	143	138	112	101	116	
123	121	126	110	118	127	119	125	
132	108	107	139	111	131	126	140	
113	138	148	137	120	139	112	131	
133	140	129	105	107	135	149	110	
140	108	130	141	129	115	102	125	
115	131	111	120	117	130	108	138	
111	126	113	102	145	106	104	148	
148	103	137	134	128	125	131	140	
120	129	133	148	105	110	108	142	
131	105	104	125	141	146	142	136	
144	139	109	118	143	145	110	131	
130	119	134	125	103	149	105	109	
105	117	110	108	114	146	126	100	
101	122	141	136	107	135	137	116	
101	126	119	118	134	102	137	110	
120	119	141	111	138	144	124	129	
123	124	147	129	148	137	104	126	
144	128	131	135	119	130	137	108	
141	116	103	108	149	120	126	109	
103	141	124	104	108	147	109	102	
115	137	138	120	122	102	139	121	
100	140	113	133	122	132	123	114	
170	156	155	182	187	185	176	197	
163	198	185	199	171	183	166	189	
165	180	197	183	161	160	150	195	
194	153	157	195	185	189	169	183	
188	177	187	199	175	189	164	166	
194	164	169	173	184	183	189	187	
157	195	176	194	160	152	186	180	
185	192	164	160	161	172	169	184	
177	187	162	196	199	151	190	153	
182	150	157	195	197	168	158	155	
165	170	189	175	168	179	176	150	
157	164	159	194	171	189	152	198	
193	187	185	192	155	157	172	180	
192	182	177	196	179	199	160	157	
150	198	193	190	169	175	194	184	
160	189	182	167	187	171	191	190	
186	188	155	162	167	176	163	150	
176	166	186	162	153	187	182	156	
172	189	181	175	174	185	188	161	
170	152	188	168	192	197	166	199	
153	150	194	157	178	172	162	190	
184	195	198	159	160	155	178	196	
167	163	172	164	152	196	187	153	
167	175	160	173	159	179	197	164	
164	157	184	161	165	192	190	171	
196	157	183	169	187	152	154	192	
167	170	188	151	177	176	171	191	
177	199	172	192	191	194	178	196	
195	164	154	189	192	181	199	168	
161	188	194	157	150	173	195	193	
158	178	177	172	170	153	197	188	
171	155	185	162	176	194	163	170	
187	166	168	179	167	164	182	172	
154	152	153	196	184	179	165	162	
161	188	194	155	191	168	152	181	
157	152	158	193	160	199	154	156	
153	189	155	180	171	195	176	188	
198	180	152	166	151	160	170	199	
195	178	193	153	158	170	176	150	
180	165	189	157	182	166	176	199	
163	182	168	150	186	187	176	167	
159	176	192	152	161	188	162	174	
165	181	153	193	162	155	191	194	
196	164	194	174	172	161	176	178	
159	182	150	172	194	180	178	158	
152	168	198	162	175	163	157	194	
185	177	169	192	178	162	160	167	
194	192	173	166	198	178	155	160	
156	181	192	158	179	172	163	178	
159	192	179	189	155	182	156	170	
229	238	233	230	239	223	243	206	
223	214	215	232	208	201	249	220	
204	247	233	244	229	228	223	227	
225	212	205	207	213	219	202	217	
234	236	204	242	229	216	248	212	
224	248	237	240	236	225	221	239	
214	201	229	220	236	215	234	221	
242	200	222	243	206	224	203	238	
233	243	211	238	202	235	246	222	
212	210	226	237	225	249	248	200	
216	217	218	225	203	240	206	208	
207	217	214	203	238	232	240	229	
244	239	204	208	202	214	210	240	
206	236	231	225	246	207	200	229	
202	231	224	247	227	207	221	201	
228	203	240	246	244	214	231	201	
201	236	247	226	228	243	222	246	
243	211	212	207	213	224	232	236	
221	202	217	229	248	249	245	219	
245	230	211	215	248	213	212	244	
214	215	247	224	226	200	227	209	
235	238	223	211	226	217	224	249	
209	249	210	208	220	206	227	233	
229	215	212	223	213	202	203	204	
208	240	222	244	235	238	226	245	
223	212	237	242	241	243	214	238	
247	229	203	246	202	213	219	237	
249	207	201	246	234	242	219	231	
217	243	239	215	212	232	236	235	
241	208	205	227	245	232	219	233	
215	238	207	224	212	242	203	206	
247	210	201	244	203	236	237	223	
214	227	216	235	215	236	245	225	
238	237	236	243	219	239	213	241	
205	206	221	248	217	233	231	229	
216	226	236	231	202	204	241	219	
231	200	248	238	244	241	224	212	
241	223	231	244	209	204	215	202	
229	237	239	221	220	245	212	230	
210	245	237	249	205	214	204	228	
242	237	229	218	207	211	231	206	
213	217	233	230	222	223	229	221	
232	246	212	230	215	203	209	204	
206	227	239	242	249	229	233	224	
237	205	203	225	226	214	234	224	
211	208	212	220	235	219	203	202	
238	239	248	246	204	200	217	229	
235	240	213	227	215	226	203	209	
210	249	233	240	231	235	203	226	
222	238	236	248	213	204	226	200	
293	263	292	287	286	255	265	271	
292	290	271	299	274	263	253	255	
271	273	288	281	295	291	280	298	
288	257	282	252	264	256	273	268	
265	266	279	299	295	273	288	281	
294	291	278	283	253	275	258	287	
296	295	274	287	299	265	256	291	
260	259	284	297	299	261	292	252	
288	277	273	254	251	284	272	255	
289	286	295	267	271	278	274	264	
257	289	269	253	280	286	263	294	
283	261	292	290	254	291	281	264	
256	299	287	271	288	252	283	276	
253	257	284	298	278	252	277	293	
270	299	264	279	272	269	296	293	
283	253	259	265	250	254	258	279	
258	250	285	273	289	297	279	280	
271	272	281	274	275	264	282	296	
255	294	285	263	280	283	261	282	
252	276	282	287	258	268	275	286	
278	281	271	298	258	292	257	260	
289	290	291	269	274	254	285	257	
297	285	265	296	275	289	252	278	
267	254	261	279	264	262	294	280	
281	260	278	256	298	263	273	285	
298	268	289	274	299	295	263	286	
274	270	275	287	278	280	299	252	
259	258	281	276	256	282	294	250	
296	260	262	253	259	274	250	284	
281	274	290	250	294	262	288	271	
260	273	284	294	297	257	279	255	
288	258	274	299	292	285	266	271	
299	268	273	257	286	277	295	275	
293	254	252	268	273	271	261	286	
298	278	266	279	281	294	287	291	
263	293	264	267	257	258	292	277	
278	263	298	267	268	271	279	294	
258	295	274	286	259	251	255	262	
281	288	275	251	276	291	292	260	
288	286	257	299	263	295	278	274	
259	295	269	299	298	283	276	256	
272	264	268	296	254	252	261	257	
278	260	280	286	283	279	276	291	
253	262	252	265	292	288	299	270	
294	275	257	284	268	266	269	265	
272	287	263	268	254	259	292	252	
278	294	295	260	272	254	298	297	
259	250	274	263	275	279	299	295	
270	254	294	277	278	279	272	256	
268	273	256	288	270	269	298	252	
311	332	335	337	316	322	309	318	
301	347	305	315	343	334	331	345	
337	325	343	336	300	302	327	335	
302	303	310	336	327	320	307	348	
331	329	319	306	349	324	312	342	
309	325	315	338	335	334	302	317	
319	305	304	346	331	339	307	300	
307	333	338	316	305	328	313	312	
318	334	340	349	327	307	328	330	
327	314	302	300	335	337	341	322	
326	300	313	334	338	307	301	340	
326	318	306	321	301	330	327	316	
312	321	305	306	304	324	343	326	
334	304	324	311	344	317	333	325	
313	334	321	317	340	304	301	318	
306	346	343	319	316	300	345	326	
346	347	310	304	334	327	309	342	
319	335	309	304	348	313	314	310	
321	311	325	308	313	304	336	309	
326	329	316	313	334	312	342	336	
337	344	346	345	305	332	319	338	
329	317	301	316	336	308	311	304	
300	333	303	321	301	342	324	328	
319	309	315	344	345	307	325	303	
329	331	304	315	340	324	311	305	
340	321	305	335	331	306	315	322	
334	317	302	314	312	347	319	331	
349	319	320	347	313	346	302	333	
311	313	317	339	320	316	342	347	
305	321	322	317	309	349	328	320	
345	335	344	302	314	323	322	324	
312	315	332	345	334	309	313	342	
300	332	349	326	329	303	306	339	
305	306	340	322	336	328	329	344	
307	342	326	329	340	334	314	328	
310	324	320	301	332	333	346	314	
304	307	305	308	341	326	330	349	
319	333	316	332	343	313	322	349	
341	336	332	327	308	344	310	315	
308	311	318	347	303	305	301	349	
302	323	330	316	342	328	335	305	
333	301	315	325	321	324	330	327	
339	329	313	311	301	323	321	303	
327	303	343	309	332	326	321	307	
336	308	328	331	333	318	307	349	
315	338	345	312	309	330	327	329	
328	318	329	313	305	321	301	348	
324	312	303	301	338	307	335	329	
311	310	335	344	307	324	347	328	
340	346	349	328	347	309	335	316	
381	356	365	377	360	398	378	383	
364	356	393	396	394	359	373	374	
375	364	388	382	369	378	354	381	
381	365	371	384	389	388	398	369	
368	371	373	380	356	374	363	359	
364	368	355	356	373	354	351	395	
378	377	379	384	353	365	380	392	
382	389	399	351	352	356	360	364	
379	368	386	355	358	363	382	357	
398	364	384	361	368	357	390	376	
395	388	363	374	391	372	352	351	
396	353	371	361	393	379	350	395	
379	361	365	388	351	353	393	385	
360	381	358	374	384	397	382	375	
373	398	380	383	355	354	372	365	
387	367	393	363	395	399	368	355	
386	387	354	393	369	357	370	373	
380	384	394	369	364	354	352	362	
373	387	368	354	398	392	363	364	
376	358	359	369	391	379	374	392	
398	367	391	356	351	361	383	376	
372	375	360	381	398	387	361	392	
391	364	358	387	352	376	383	372	
355	373	391	375	394	356	359	395	
359	365	388	350	372	373	389	367	
352	362	391	350	359	371	356	357	
381	359	375	376	399	374	387	384	
386	372	375	369	350	360	351	383	
376	352	383	351	367	386	398	380	
394	383	381	376	373	365	366	363	
384	350	359	398	376	381	355	385	
378	350	376	374	351	397	370	387	
388	354	353	395	385	383	360	393	
377	398	362	370	391	374	397	361	
365	389	364	363	371	353	352	395	
390	380	397	370	379	386	374	394	
378	352	362	383	390	380	386	396	
383	350	381	374	375	366	371	396	
391	369	371	353	383	366	364	380	
391	370	351	388	393	352	366	398	
383	397	394	391	350	387	384	377	
399	389	357	398	395	368	373	361	
356	389	358	382	384	350	397	385	
350	375	366	396	357	383	362	351	
356	355	366	372	399	362	386	388	
390	360	398	380	356	351	378	385	
395	388	365	379	385	361	360	397	
376	361	380	383	375	368	363	371	
386	354	363	350	371	390	377	374	
392	376	353	375	368	372	391	367	
445	409	431	410	405	436	421	406	
410	429	444	417	448	411	423	432	
426	436	437	421	433	446	407	423	
401	430	405	446	404	432	443	409	
424	435	445	409	422	423	404	443	
426	446	447	413	416	407	420	431	
438	412	417	428	449	419	414	421	
422	408	414	442	436	437	415	439	
412	401	421	441	418	403	427	415	
417	404	412	405	429	430	414	410	
440	400	404	411	414	415	426	424	
409	414	432	446	400	401	422	418	
416	446	444	406	447	402	404	429	
441	403	432	423	412	421	419	422	
418	426	436	449	444	434	437	438	
429	424	412	447	418	416	409	441	
428	440	421	441	417	406	418	445	
442	402	430	433	448	427	421	445	
404	418	419	449	446	403	435	400	
417	440	425	441	436	401	420	432	
400	445	419	442	420	430	414	416	
442	424	429	422	420	436	400	412	
411	408	417	400	445	443	424	402	
438	432	409	428	416	424	418	408	
442	401	408	421	426	430	438	404	
407	431	408	446	406	400	413	436	
438	405	445	420	401	441	426	402	
446	427	405	416	407	437	424	435	
439	405	423	407	415	442	412	417	
429	435	437	441	421	400	414	420	
401	402	448	442	429	433	444	445	
414	410	439	442	418	407	445	408	
442	432	412	410	441	415	449	445	
434	405	441	418	430	411	427	417	
435	413	425	430	437	431	416	429	
423	448	401	425	444	420	403	436	
435	402	421	409	443	410	411	403	
424	447	404	407	440	434	409	417	
443	407	434	436	437	423	402	438	
410	411	429	447	405	422	446	401	
400	434	409	429	408	444	424	423	
442	418	445	433	424	413	432	416	
439	407	441	448	425	433	447	437	
426	434	424	447	409	422	436	410	
423	409	422	412	419	424	410	439	
441	444	449	433	400	419	424	440	
419	443	448	442	434	440	426	431	
439	434	427	420	438	435	430	440	
431	430	401	417	429	408	438	410	
426	421	408	434	429	422	402	444	
475	485	481	466	467	456	477	451	
466	461	458	455	487	479	467	485	
457	476	454	498	459	489	486	499	
477	498	491	486	451	478	468	489	
495	480	498	467	496	494	473	490	
476	460	483	490	452	480	499	479	
496	486	460	498	476	483	488	490	
481	484	460	454	493	482	467	472	
490	462	499	473	454	498	474	497	
497	489	456	453	488	452	474	492	
460	471	458	487	481	497	490	486	
459	456	457	463	494	493	475	477	
460	450	476	493	481	459	471	484	
458	479	455	450	477	486	454	498	
495	491	494	496	457	487	468	489	
495	497	460	479	498	488	458	489	
462	450	455	472	451	477	469	475	
472	496	460	477	462	474	458	470	
477	470	463	462	486	479	466	471	
451	471	475	491	469	456	489	493	
450	452	499	479	473	472	489	469	
489	470	480	457	484	474	452	479	
490	466	481	450	470	491	472	493	
492	461	464	497	482	467	495	469	
451	455	484	461	476	492	479	463	
452	484	468	474	466	450	475	494	
461	493	479	452	455	464	456	451	
460	497	476	471	486	450	466	491	
497	451	453	455	456	459	493	469	
497	472	488	474	490	457	459	487	
467	487	469	497	460	480	482	483	
485	460	490	499	450	464	495	457	
486	480	465	455	452	477	484	459	
488	480	452	466	454	475	456	485	
467	497	471	489	492	457	485	486	
463	455	467	478	479	468	465	486	
499	455	486	484	485	480	493	454	
493	461	458	477	470	485	498	484	
458	483	453	467	457	489	487	486	
452	473	465	463	492	491	457	476	
462	464	496	494	498	487	461	455	
455	450	499	495	497	468	479	487	
489	494	453	477	456	451	452	465	
492	454	495	489	457	456	463	466	
457	474	497	494	468	490	451	486	
471	474	463	470	466	496	462	491	
472	469	468	482	459	454	477	460	
451	498	469	486	473	465	466	464	
489	493	491	482	456	470	492	486	
450	482	463	474	460	496	456	461	
216	300	25	
457	351	74	
318	50	298	
161	226	19	
401	65	423	
280	216	143	
360	481	213	
273	199	63	
86	140	48	
441	165	257	
294	349	237	
84	493	485	
334	153	15	
188	297	243	
274	87	301	
355	204	214	
392	309	202	
290	87	265	
449	482	327	
312	280	179	
31	313	496	
180	208	390	
313	264	342	
38	161	81	
207	9	380	
121	65	130	
248	256	435	
57	108	324	
293	458	454	
91	409	393	
59	439	155	
460	399	33	
296	337	470	
347	357	221	
271	489	15	
17	450	455	
304	342	2	
313	451	338	
379	67	146	
379	115	153	
187	195	91	
261	37	103	
148	362	88	
84	267	357	
201	359	456	
42	96	290	
362	388	66	
321	342	84	
112	47	223	
246	9	39	
297	240	301	
488	39	458	
76	107	379	
105	481	466	
107	111	394	
29	417	97	
290	23	422	
221	359	203	
379	421	25	
267	411	131	
233	234	399	
297	107	274	
211	334	297	
474	267	12	
108	87	209	
4	219	48	
391	266	270	
127	286	130	
158	33	181	
123	14	464	
67	307	62	
113	280	335	
258	147	454	
44	317	221	
312	92	410	
218	253	390	
32	38	440	
495	305	442	
261	165	133	
242	103	28	
92	37	315	
220	207	318	
381	217	395	
174	488	194	
122	260	62	
7	374	12	
175	404	185	
362	321	434	
214	469	410	
478	269	83	
394	97	178	
2	116	240	
157	167	77	
304	21	48	
206	7	404	
412	280	60	
174	150	364	
178	456	145	
137	421	480	
91	116	259	
77	31	317	
72	359	436	
151	141	454	
127	161	155	
141	495	415	
378	15	7	
66	165	399	
294	251	86	
259	149	131	
26	64	247	
7	287	365	
220	335	161	
99	408	21	
202	491	463	
293	359	262	
323	139	202	
166	322	319	
401	101	478	
49	285	6	
400	133	87	
431	154	93	
41	224	101	
274	261	197	
156	232	93	
357	406	4	
456	379	303	
200	316	391	
3	481	84	
157	495	118	
206	320	216	
241	324	385	
417	319	425	
57	494	410	
418	177	156	
95	131	359	
451	203	298	
392	206	314	
357	275	407	
153	461	154	
493	373	395	
303	169	460	
168	85	288	
125	225	96	
367	462	450	
299	353	93	
3	115	144	
120	213	211	
297	203	388	
41	414	56	
95	333	16	
119	116	498	
185	290	390	
434	430	288	
316	67	36	
270	407	221	
184	118	23	
411	267	134	
258	317	450	
353	331	475	
160	215	274	
274	443	363	
245	361	30	
239	209	173	
416	439	383	
281	76	356	
198	491	125	
489	307	253	
131	458	53	
274	408	43	
269	431	323	
375	154	435	
448	311	246	
193	298	462	
111	287	373	
303	113	354	
68	277	202	
401	375	435	
56	118	122	
469	123	110	
150	359	399	
52	247	474	
334	347	159	
255	27	376	
352	20	254	
147	157	42	
399	269	380	
300	266	42	
133	13	313	
261	189	411	
83	155	57	
283	148	420	
454	99	26	
472	185	413	
274	414	316	
128	394	301	
466	28	368	
308	397	448	
26	295	24	
296	343	314	
415	140	41	
349	45	219	40	
118	208	36	293	
437	397	203	26	
338	36	273	110	
378	165	52	473	
218	23	354	59	
456	69	84	138	
277	417	36	286	
33	269	489	340	
399	350	196	144	
182	329	212	199	
491	81	292	199	
239	14	475	382	
268	386	150	257	
457	288	277	348	
389	207	162	459	
153	83	287	101	
424	283	227	9	
113	332	224	361	
227	357	294	182	
408	44	344	171	
34	77	210	398	
486	312	37	384	
105	320	280	457	
374	134	97	456	
114	367	220	444	
138	143	225	129	
373	426	196	360	
279	80	102	6	
274	380	488	258	
347	174	168	55	
18	112	46	266	
317	408	411	161	
349	392	77	245	
428	85	369	68	
240	151	271	46	
382	170	424	251	
494	181	372	394	
365	272	343	93	
472	285	125	486	
330	438	27	79	
150	398	182	211	
319	259	271	90	
399	147	234	167	
402	493	344	59	
237	308	117	110	
141	189	363	151	
138	176	331	93	
494	121	323	341	
416	385	402	124	
149	257	85	12	
191	312	397	44	
210	72	245	186	
24	68	264	344	
340	215	137	258	
21	234	207	452	
10	150	352	341	
302	10	303	359	
216	436	236	398	
427	470	227	351	
157	423	214	237	
488	59	182	83	
352	72	69	124	
369	259	437	233	
14	437	325	30	
417	59	224	330	
35	431	436	488	
439	424	440	400	
456	301	53	92	
483	411	340	91	
217	369	204	388	
478	256	155	75	
228	362	300	113	
68	222	363	45	
366	436	57	405	
440	319	377	464	
330	479	284	364	
201	165	128	368	
49	199	468	97	
223	97	319	203	
197	442	166	322	
333	81	481	71	
396	476	410	85	
206	250	312	166	
222	92	364	277	
120	384	367	125	
88	176	242	85	
185	425	476	77	
347	403	129	51	
162	297	223	174	
393	456	437	280	
320	440	412	244	
400	429	230	28	
88	158	209	474	
210	99	91	261	
285	107	114	76	
41	368	390	141	
100	87	485	313	
63	469	427	122	
31	400	72	238	
363	332	357	127	
199	478	202	345	
236	495	136	10	
182	201	276	85	
464	423	154	133	
247	468	251	40	
178	413	35	210	
271	33	253	287	
166	351	45	469	
476	61	139	128	
26	81	480	73	
449	63	257	10	
70	216	297	469	
290	277	110	37	
237	322	364	198	
73	241	152	412	
140	200	436	488	
321	87	337	135	
495	306	380	134	
222	161	242	223	
6	8	148	263	
190	255	248	77	
446	230	88	135	
444	294	445	247	
417	290	484	161	
317	411	371	362	
129	260	449	474	
379	492	377	281	
384	13	53	140	
22	100	379	322	
136	193	307	446	
47	376	73	115	
388	166	367	162	
264	290	422	434	
99	135	464	22	
168	1	352	190	
232	270	96	162	
97	171	281	487	
305	112	464	495	
252	349	13	354	
419	6	369	424	
294	487	196	267	
428	125	468	115	
144	420	328	495	
47	407	218	386	
329	198	64	150	
230	468	289	246	
11	147	270	52	
169	48	488	309	
482	68	305	208	
278	424	472	247	
46	127	36	311	
170	486	490	166	
90	291	323	18	
130	328	184	364	
57	368	239	351	
490	156	499	38	
466	202	83	270	
486	182	0	232	
197	252	125	13	
18	458	70	375	
93	256	39	160	
56	157	351	496	
463	491	24	354	
286	97	433	331	
419	157	450	48	
89	56	152	375	
273	96	436	192	
222	393	129	227	
173	191	359	303	
142	434	176	320	
459	476	443	175	
244	195	154	190	
217	108	102	398	
166	12	158	305	
59	151	304	318	
317	240	232	482	
230	17	62	145	
69	416	399	302	
243	425	306	126	
188	445	409	24	
280	193	301	300	
97	356	24	449	
132	291	350	94	
458	414	415	116	
412	269	54	452	
111	114	454	157	
105	143	81	375	
392	146	150	338	
405	256	303	60	
53	148	498	419	
187	134	107	490	
313	258	285	414	
445	152	472	82	
1	224	176	181	
329	196	266	370	
39	59	282	337	
72	116	0	135	
298	1	409	421	
161	472	380	56	
372	72	171	91	111	
298	454	70	396	212	
192	364	384	104	406	
67	113	129	303	472	
198	349	84	207	488	
31	362	62	220	474	
115	374	43	17	186	
125	279	465	326	114	
298	68	417	134	455	
456	381	236	237	444	
126	263	176	309	212	
160	84	333	427	123	
97	119	271	230	462	
464	23	68	295	88	
89	303	4	415	304	
238	441	177	210	124	
25	217	426	385	93	
339	333	110	11	374	
8	293	348	118	435	
117	298	321	289	494	
170	322	225	457	429	
207	23	178	258	380	
326	380	20	409	411	
482	379	103	85	291	
38	340	301	473	323	
21	471	120	491	341	
334	148	474	451	490	
369	216	447	5	273	
310	282	54	422	495	
37	303	197	78	481	
440	8	353	97	339	
156	267	217	48	226	
458	411	489	205	54	
101	40	234	11	189	
270	303	460	282	83	
348	4	178	47	329	
423	167	384	118	98	
117	308	180	203	288	
480	329	324	392	197	
171	376	355	219	289	
340	209	147	470	131	
19	487	323	217	208	
56	158	167	274	239	
370	36	73	161	88	
19	225	291	480	129	
307	443	311	94	404	
95	170	280	226	484	
271	108	168	66	482	
231	214	463	354	194	
115	490	101	139	197	
101	339	358	321	348	
3	257	357	192	146	
40	342	110	46	232	
171	77	28	200	203	
90	189	245	49	450	
50	427	125	334	467	
187	95	159	109	133	
396	160	414	260	395	
401	275	402	475	183	
266	498	285	72	127	
149	27	315	405	225	
476	102	489	17	188	
478	24	258	118	466	
395	377	433	439	328	
145	289	324	488	330	
281	186	434	271	107	
14	428	479	340	391	
478	121	55	51	150	
338	109	370	8	227	
138	291	41	49	371	
142	408	48	361	476	
297	210	373	398	85	
387	322	155	148	226	
219	428	71	81	432	
2	421	119	419	423	
434	348	16	269	400	
371	412	33	454	166	
496	470	148	355	371	
423	31	156	449	33	
315	111	218	205	410	
388	45	188	195	18	
322	12	296	492	293	
352	460	21	208	36	
491	181	325	315	158	
350	418	11	319	393	
58	461	112	46	62	
425	80	308	398	375	
99	344	133	367	41	
216	2	222	428	465	
443	429	174	90	77	
344	164	453	170	285	
184	424	318	480	326	
107	365	436	419	407	
450	444	292	437	233	
446	423	497	254	258	
395	59	451	455	175	
106	132	144	419	39	
91	480	333	227	363	
290	18	413	53	276	
228	148	422	324	127	
409	261	139	186	406	
92	212	129	82	165	
342	357	444	152	108	
448	143	389	95	367	
36	266	499	443	395	
201	449	337	230	413	
338	163	49	121	322	
436	223	450	315	194	
253	354	21	169	172	
339	458	70	94	176	
22	402	378	100	111	
453	382	68	101	290	
6	293	130	398	175	
165	464	450	203	418	
91	59	470	413	51	
400	209	116	391	355	
432	199	441	223	436	
77	7	198	434	240	
322	296	367	418	220	
316	466	496	441	419	
325	194	196	34	260	
308	177	329	327	470	
490	196	447	459	17	
141	169	171	394	198	
379	84	422	215	50	
493	47	393	2	268	
147	462	394	236	102	
331	341	96	360	409	
494	2	108	172	238	
487	171	326	491	248	
47	308	479	19	251	
183	332	89	327	449	
15	265	184	180	261	
325	305	2	262	143	
456	274	282	394	264	
9	227	215	288	418	
15	325	321	342	231	
191	492	439	355	462	
274	354	100	357	469	
372	74	303	351	313	
336	201	322	248	312	
176	59	169	24	355	
139	302	169	421	386	
371	328	109	54	370	
16	143	166	195	407	
224	362	497	372	409	
259	260	148	484	352	
42	169	86	73	51	
301	339	489	5	85	
6	469	368	10	234	
282	367	71	38	475	
195	38	326	177	9	
433	265	440	337	224	
311	439	267	250	359	
296	111	22	499	138	
29	104	215	115	320	
494	356	66	174	231	
181	391	86	209	471	
196	272	174	178	35	
499	496	277	470	173	
361	284	381	394	108	
86	7	334	348	50	
297	489	59	401	143	
254	360	249	397	213	
109	466	57	303	92	
67	189	120	98	203	
75	245	346	95	199	
466	325	351	177	3	
220	257	229	167	480	
136	299	447	139	402	
469	249	211	334	372	
495	295	369	119	105	
250	473	219	326	49	
127	229	274	335	146	
457	350	325	450	494	
264	379	424	107	55	
40	491	233	72	125	
190	49	287	42	194	
351	463	191	88	245	
314	175	176	31	360	
407	409	247	15	498	
427	322	187	88	125	
430	434	345	320	340	
278	189	155	201	71	
125	105	444	330	294	
375	208	273	484	422	
276	396	4	443	376	
450	293	58	458	435	
314	352	153	378	51	
328	276	372	132	457	
190	127	137	161	444	
175	446	193	266	236	
399	315	119	160	172	
8	336	2	449	464	
481	76	255	265	110	
359	314	162	341	311	
19	165	288	476	73	
439	318	376	29	46	
119	471	239	495	203	
489	123	268	407	419	
