31	8	35	29	48	20	
49	6	44	21	25	38	
21	13	16	28	49	25	
42	18	23	48	0	13	
23	11	9	24	21	27	
43	8	49	3	33	19	
43	35	27	16	32	48	
42	49	8	40	32	45	
38	49	47	2	40	34	
30	22	48	42	18	25	
9	33	8	36	7	27	
12	18	39	2	46	48	
43	10	23	18	13	25	
17	18	37	9	28	3	
19	24	29	5	10	0	
23	40	21	12	36	25	
37	33	49	48	11	22	
46	12	30	27	17	13	
18	33	47	13	9	15	
36	18	20	4	31	34	
13	31	10	19	40	16	
1	43	28	40	26	34	
4	7	42	33	30	16	
24	16	6	26	27	23	
43	15	25	44	6	37	
28	18	26	31	10	36	
15	48	18	3	45	42	
21	46	45	35	27	8	
17	5	42	47	14	39	
24	15	3	2	39	26	
29	9	37	24	48	31	
41	0	40	42	3	24	
25	40	32	35	46	15	
16	34	4	25	38	13	
42	19	35	47	39	3	
35	2	49	26	38	13	
38	20	6	49	7	1	
34	17	30	4	38	43	
11	18	38	47	31	34	
48	46	16	30	4	41	
3	6	1	5	40	24	
31	41	12	2	7	23	
48	3	41	1	31	25	
48	41	19	47	13	7	
39	44	5	6	22	46	
15	35	2	5	17	21	
32	22	24	39	2	49	
40	11	45	24	43	2	
38	33	34	42	45	43	
33	19	37	47	0	4	
56	60	58	94	87	96	
87	65	51	78	67	55	
61	53	50	51	74	97	
68	70	61	55	92	78	
56	58	65	97	91	87	
71	63	89	91	92	54	
71	80	66	55	94	58	
96	88	89	76	64	53	
55	91	78	64	71	61	
69	75	95	66	91	56	
84	95	50	91	61	52	
82	86	64	90	83	88	
67	69	82	76	90	65	
98	84	93	55	80	75	
71	63	56	54	89	77	
94	93	65	82	68	57	
88	70	58	65	59	96	
65	81	71	93	96	72	
65	57	82	69	84	90	
85	98	88	97	76	94	
64	99	80	63	54	75	
52	69	66	62	96	61	
58	81	57	94	52	75	
64	76	91	73	54	70	
61	79	99	81	54	85	
96	80	55	68	88	58	
60	56	91	74	89	99	
71	76	52	59	82	87	
84	52	55	94	71	75	
55	72	80	61	94	67	
63	77	96	79	73	75	
81	60	65	67	82	73	
61	84	94	72	70	77	
70	69	98	74	90	97	
69	57	79	65	94	83	
96	72	75	64	91	98	
58	66	96	71	54	88	
79	52	62	51	53	78	
72	96	94	86	85	61	
77	98	67	51	74	91	
58	51	80	73	94	68	
80	77	51	79	55	81	
58	86	70	83	98	51	
87	96	77	69	83	78	
62	91	55	70	85	74	
84	62	65	73	97	69	
79	88	73	72	94	66	
52	50	88	83	64	61	
54	61	71	60	67	63	
93	94	54	51	81	50	
129	140	109	137	101	114	
135	136	129	133	108	109	
103	117	148	138	123	125	
110	111	128	144	101	134	
147	135	133	148	144	142	
122	105	127	140	106	136	
121	129	145	100	142	126	
135	130	145	103	108	112	
143	126	121	148	146	115	
130	138	109	146	114	144	
132	141	135	115	102	134	
100	117	125	123	136	120	
113	139	125	145	137	129	
108	112	123	105	132	106	
145	111	100	128	105	113	
119	147	112	117	139	111	
145	138	142	136	134	102	
107	108	141	105	134	144	
108	115	103	109	122	100	
101	100	116	144	109	142	
146	139	123	104	114	136	
135	113	105	126	107	119	
104	108	141	129	113	124	
122	112	121	136	148	116	
128	114	123	104	113	135	
119	103	128	120	112	125	
138	110	104	119	135	147	
105	130	125	142	114	143	
148	106	137	143	136	126	
107	137	132	149	147	133	
100	130	149	128	121	126	
105	136	125	126	119	123	
123	147	118	135	125	143	
114	140	118	113	142	141	
131	129	134	124	125	122	
130	149	129	117	119	105	
118	149	116	127	138	105	
147	120	146	148	113	142	
129	103	130	111	132	106	
104	107	113	132	131	129	
131	116	136	140	110	145	
122	124	102	120	133	148	
139	134	124	108	137	127	
128	108	110	131	109	115	
122	144	117	120	106	110	
130	101	110	138	144	120	
138	137	119	124	140	133	
100	104	117	122	125	111	
129	116	111	109	121	138	
110	105	123	136	145	132	
177	176	161	165	180	150	
197	189	190	155	156	182	
189	191	173	184	190	194	
181	197	187	151	185	194	
179	166	184	154	183	189	
161	160	183	172	173	177	
159	199	195	152	176	171	
185	155	163	191	190	197	
163	168	199	176	159	198	
167	158	170	176	160	150	
163	152	179	170	190	175	
176	177	181	171	197	170	
176	174	168	190	166	199	
195	162	151	170	189	153	
162	180	154	174	169	152	
158	165	193	156	198	191	
169	183	171	162	195	170	
178	177	195	161	164	189	
173	185	162	194	180	150	
174	151	160	186	162	175	
178	177	170	189	159	194	
164	190	158	175	177	194	
173	163	156	175	184	181	
174	176	189	157	178	188	
161	169	195	189	177	153	
152	159	199	156	186	169	
188	173	185	155	177	192	
170	198	183	153	159	187	
153	194	180	178	161	165	
151	180	190	155	161	192	
195	194	166	185	182	164	
166	186	158	183	169	155	
177	191	163	180	179	194	
174	188	169	193	194	153	
172	154	199	181	182	153	
160	169	190	194	183	166	
191	173	182	194	162	170	
161	157	168	175	150	193	
184	156	153	182	165	167	
171	152	180	161	189	187	
199	170	158	171	191	183	
171	178	169	176	165	198	
198	161	162	170	183	150	
198	180	160	188	190	189	
177	198	175	162	180	155	
187	151	191	183	153	190	
190	196	199	162	180	157	
158	155	159	185	190	153	
191	174	161	151	187	171	
166	153	179	181	190	161	
216	247	237	218	236	213	
218	219	213	206	233	211	
214	222	204	225	228	201	
206	247	244	201	243	227	
212	226	201	234	211	227	
239	236	213	222	245	201	
241	245	200	202	238	236	
236	200	215	204	214	223	
245	221	206	225	213	224	
234	239	231	208	221	238	
213	241	238	201	239	216	
239	246	219	234	213	207	
219	206	232	235	230	248	
209	212	238	203	210	247	
229	225	208	228	211	206	
216	210	240	205	243	249	
203	235	209	241	245	222	
212	204	219	245	243	234	
206	232	230	221	246	237	
206	231	233	242	224	244	
227	248	201	209	218	240	
208	239	206	200	244	210	
211	212	247	228	238	229	
222	200	245	238	207	208	
247	219	236	242	226	244	
234	219	237	205	215	217	
249	244	218	240	219	228	
207	211	242	244	223	206	
232	201	230	211	200	207	
206	210	243	244	249	201	
246	249	247	207	213	231	
204	205	218	214	238	234	
200	243	236	229	201	230	
243	216	215	227	203	237	
240	216	236	228	218	215	
203	248	219	238	230	201	
237	243	241	200	212	222	
236	208	206	227	201	225	
222	234	230	203	214	216	
227	214	239	224	204	200	
231	217	232	227	223	244	
209	212	219	246	206	248	
230	219	216	232	202	244	
223	215	248	209	226	247	
212	248	233	235	204	215	
219	236	213	228	224	225	
207	213	233	220	225	202	
223	226	214	206	241	249	
241	209	205	232	218	203	
222	212	233	216	214	227	
261	280	283	273	254	251	
263	285	288	289	284	261	
282	286	295	281	278	266	
252	267	263	255	253	250	
279	263	262	266	261	285	
290	280	252	285	251	265	
287	294	277	278	272	275	
270	280	262	268	277	269	
254	288	294	283	281	267	
285	299	279	253	281	261	
296	261	285	295	271	288	
279	274	298	288	289	270	
250	257	298	264	275	296	
284	257	270	278	274	277	
298	286	256	296	262	278	
296	280	251	287	252	278	
269	281	287	295	254	286	
261	280	287	299	294	283	
292	250	276	279	265	257	
298	262	269	266	275	256	
299	282	275	261	284	286	
280	297	258	273	288	268	
270	266	256	272	283	263	
278	298	269	263	279	275	
262	253	277	299	266	281	
266	273	270	263	253	271	
260	282	277	270	288	266	
263	286	297	275	255	251	
278	290	260	297	259	284	
292	290	283	257	270	252	
278	284	280	251	275	296	
254	289	262	285	297	266	
260	280	299	284	291	257	
291	289	269	262	293	294	
297	250	273	281	295	286	
258	286	250	279	268	294	
254	282	293	299	295	285	
299	297	266	258	298	268	
268	267	255	253	262	288	
299	265	257	283	259	274	
269	282	257	281	273	275	
284	276	286	257	278	272	
280	277	261	293	259	260	
288	283	257	299	261	252	
256	271	259	264	291	280	
255	260	257	265	268	262	
261	271	256	252	258	254	
294	290	297	279	263	273	
285	283	291	264	277	255	
251	288	285	263	274	254	
332	307	341	323	324	303	
313	318	316	333	319	335	
326	324	310	320	340	329	
337	325	314	311	316	312	
339	341	325	323	312	313	
327	320	306	301	339	303	
342	321	340	349	333	308	
306	335	300	305	338	326	
303	311	332	339	323	308	
346	323	336	342	324	319	
334	308	320	321	338	330	
332	301	338	312	310	316	
304	349	339	305	310	346	
306	346	319	304	340	329	
330	329	341	335	322	340	
348	321	309	346	315	326	
330	348	347	332	323	305	
313	335	306	315	309	320	
330	329	348	315	335	314	
341	339	330	336	303	332	
344	322	345	340	326	302	
335	333	337	344	304	348	
335	319	328	340	307	320	
338	346	305	340	320	311	
314	320	317	305	312	334	
319	318	303	311	333	312	
340	312	335	334	311	319	
322	332	305	304	342	348	
306	317	315	345	303	326	
341	317	328	327	303	342	
338	335	312	342	348	345	
300	339	346	312	307	327	
300	334	305	314	333	323	
328	339	300	305	311	306	
311	310	345	321	317	309	
324	327	330	332	303	311	
308	349	322	309	331	332	
309	301	302	335	348	316	
341	318	338	303	333	302	
312	304	303	302	346	349	
333	342	313	316	345	308	
312	310	307	338	313	330	
323	316	313	306	345	344	
328	346	321	347	311	306	
329	315	310	344	325	337	
342	301	340	302	321	313	
319	314	348	331	309	300	
303	341	319	334	337	343	
327	320	326	301	330	318	
327	338	306	345	311	312	
365	363	381	387	353	364	
385	382	386	395	390	364	
394	399	393	359	372	388	
375	371	372	398	396	362	
388	355	354	368	397	364	
354	353	373	388	362	379	
383	367	382	354	391	368	
366	399	394	390	384	358	
382	354	383	363	355	377	
358	362	377	392	396	364	
378	375	377	389	392	359	
350	374	386	366	363	353	
351	362	393	356	383	368	
367	366	398	392	395	357	
379	395	392	399	394	380	
362	368	398	360	364	374	
397	354	388	376	360	380	
368	360	354	387	366	365	
398	354	374	385	361	372	
377	399	389	363	381	376	
371	385	389	373	398	364	
372	352	360	380	381	362	
360	354	369	367	393	386	
388	377	379	359	370	384	
393	352	395	355	372	397	
369	375	396	372	398	381	
362	376	357	360	367	392	
386	375	365	353	393	368	
377	398	378	356	351	369	
374	353	354	380	350	399	
366	399	376	390	365	378	
361	354	351	377	356	382	
376	356	397	355	382	357	
387	395	399	391	353	362	
383	378	351	396	397	372	
378	364	360	369	385	368	
387	370	377	362	365	383	
351	393	371	364	373	391	
394	367	362	388	397	360	
391	355	358	368	385	371	
350	378	369	385	399	351	
359	355	398	381	372	399	
372	397	369	362	376	377	
368	351	384	363	393	357	
370	386	352	358	381	396	
398	370	351	366	396	358	
381	355	393	368	398	353	
363	399	376	387	398	385	
380	387	397	385	386	350	
373	363	371	378	384	359	
403	438	444	427	412	429	
408	422	429	401	433	441	
409	432	425	443	411	415	
436	440	402	414	439	438	
401	428	425	426	449	448	
415	418	435	428	438	414	
422	400	420	434	428	431	
407	445	409	437	417	427	
414	423	425	403	416	439	
401	423	426	428	424	403	
402	416	405	449	420	436	
423	411	424	442	408	416	
437	423	444	449	425	401	
402	418	440	449	415	435	
447	408	431	437	416	413	
430	404	432	437	407	415	
403	445	418	443	430	411	
400	430	425	440	421	442	
414	419	433	412	413	429	
431	448	400	441	406	427	
415	411	402	400	448	408	
432	424	438	410	401	447	
432	440	426	436	446	441	
410	427	432	402	411	436	
402	443	437	418	432	423	
424	423	448	401	443	430	
427	414	404	400	410	423	
428	408	419	433	432	414	
445	425	408	421	431	439	
407	413	430	429	416	443	
437	435	436	417	404	409	
446	402	416	447	414	434	
418	449	401	411	437	429	
412	445	428	408	407	430	
405	411	446	404	409	443	
419	430	407	420	400	408	
429	444	419	447	431	403	
403	407	402	445	416	401	
419	411	433	438	431	410	
444	409	449	442	446	422	
439	420	431	449	400	410	
442	419	408	417	441	420	
409	442	419	402	428	418	
441	446	406	429	405	447	
407	446	414	433	419	412	
424	443	409	436	410	411	
417	442	429	445	413	405	
403	401	410	428	447	436	
432	426	424	409	418	435	
416	400	444	432	430	421	
490	465	460	480	477	478	
451	485	472	487	494	476	
491	461	453	450	454	467	
499	470	460	467	493	475	
483	468	487	478	489	488	
498	471	450	487	497	463	
451	450	486	494	497	456	
478	499	487	475	460	451	
476	469	486	470	483	488	
482	456	498	475	458	495	
493	462	470	465	467	451	
496	485	494	469	498	491	
497	480	468	451	496	483	
492	484	478	486	470	461	
495	481	463	499	456	477	
496	495	489	465	452	467	
459	462	484	485	470	463	
483	491	484	479	482	489	
453	467	486	487	496	472	
459	468	461	475	496	460	
452	478	491	457	477	464	
485	489	481	472	470	499	
482	476	498	460	468	488	
479	461	476	492	496	460	
479	467	495	456	463	483	
491	487	484	495	497	456	
459	485	464	466	490	492	
455	485	481	453	456	496	
472	470	490	454	456	460	
484	496	475	460	461	481	
476	462	488	490	486	450	
477	492	469	451	457	473	
479	496	463	487	455	472	
464	479	481	494	452	455	
464	470	486	492	477	466	
457	480	467	470	459	462	
484	466	461	480	455	483	
460	458	473	482	494	486	
485	469	478	482	477	487	
493	472	489	458	474	469	
470	472	456	454	450	468	
462	480	472	452	484	488	
491	489	477	470	483	457	
457	455	464	474	463	453	
491	494	472	450	466	483	
450	451	492	481	459	465	
463	472	499	495	466	452	
460	470	453	496	491	497	
460	492	480	455	487	474	
464	472	491	451	456	474	
5	29	10	36	8	24	0	
22	0	23	25	45	30	29	
17	45	39	32	49	42	37	
3	9	7	6	4	43	1	
28	14	47	21	1	33	43	
22	32	49	40	3	47	20	
23	12	29	41	24	28	32	
20	8	10	13	39	18	7	
38	0	20	2	18	49	14	
37	3	5	21	26	47	27	
45	20	30	44	25	7	27	
34	38	1	6	7	42	24	
17	42	34	36	40	19	32	
15	27	11	14	9	18	36	
24	10	29	16	43	4	9	
30	21	34	35	10	15	4	
25	43	34	42	6	41	23	
17	14	42	43	22	26	37	
8	32	9	45	17	2	6	
9	44	43	45	27	46	11	
14	27	39	35	8	29	41	
40	31	9	48	17	42	18	
40	46	1	27	32	31	28	
45	35	22	40	15	37	44	
41	15	7	43	0	39	6	
0	12	29	26	13	23	44	
3	48	10	23	38	9	44	
1	34	16	19	8	24	44	
31	48	47	44	4	43	29	
26	33	6	19	39	32	8	
36	44	0	2	4	13	3	
4	5	30	34	27	29	42	
45	19	4	13	30	38	44	
46	35	24	49	18	47	20	
38	0	48	22	44	14	42	
17	48	20	32	12	7	38	
37	27	25	40	23	35	33	
7	43	33	36	40	29	3	
10	5	42	25	36	43	11	
41	44	1	19	23	11	22	
35	36	6	3	49	47	32	
49	44	13	3	10	14	31	
3	16	26	38	46	44	30	
25	40	10	5	29	18	23	
19	20	11	46	6	5	48	
48	11	9	43	21	0	46	
11	32	12	23	37	16	10	
0	45	9	30	17	20	7	
46	24	4	6	10	0	20	
41	18	40	5	28	19	49	
79	56	58	91	82	97	62	
71	78	68	95	52	83	61	
87	60	72	93	52	69	99	
96	79	93	60	78	82	86	
61	66	93	78	58	56	75	
97	96	70	68	95	60	83	
89	59	71	51	78	80	67	
61	65	57	54	56	89	60	
52	50	54	95	51	92	86	
51	97	69	98	86	54	68	
83	97	98	77	94	86	57	
99	50	72	62	95	73	57	
54	78	74	68	71	85	93	
91	83	71	92	70	63	87	
60	52	56	57	72	86	78	
78	70	56	93	75	67	50	
88	50	64	85	93	73	81	
81	57	51	78	90	56	94	
91	58	86	89	69	52	67	
93	63	77	55	52	56	89	
51	77	70	88	50	85	86	
51	80	93	71	72	75	52	
94	76	88	63	98	79	95	
83	96	97	60	57	54	55	
99	81	82	85	50	59	73	
99	96	86	72	60	69	57	
66	85	73	55	62	70	86	
60	88	93	73	82	90	72	
61	86	93	53	75	99	68	
91	99	59	89	72	98	56	
93	88	79	54	82	66	84	
55	67	68	61	71	51	59	
92	72	52	79	93	77	51	
51	94	69	87	71	95	76	
77	79	75	65	55	76	53	
88	99	83	53	58	78	52	
71	88	54	82	72	85	93	
61	82	69	63	58	57	71	
81	61	59	94	93	87	90	
77	85	91	97	50	60	95	
58	66	60	71	79	80	65	
64	62	85	53	96	99	84	
69	61	83	60	70	66	58	
60	61	53	79	90	69	74	
83	92	95	62	81	58	85	
51	62	69	59	78	72	74	
86	97	73	58	61	72	87	
75	56	80	89	77	51	90	
64	62	75	78	77	51	87	
59	72	86	69	73	88	65	
131	140	121	125	123	115	109	
131	107	147	149	119	146	114	
115	147	148	116	113	124	118	
130	149	116	111	107	127	122	
135	134	118	127	125	137	103	
128	116	125	100	132	118	124	
123	113	103	125	118	107	102	
148	104	101	108	149	118	100	
138	122	116	147	140	130	121	
141	108	122	129	143	123	104	
106	101	134	135	147	136	121	
133	145	128	147	130	126	103	
107	114	144	146	119	142	145	
127	109	122	149	119	105	113	
119	138	109	120	145	104	127	
144	109	119	116	143	117	103	
142	119	121	124	136	126	135	
109	148	110	127	124	106	138	
131	115	132	108	145	107	120	
107	140	127	118	122	141	142	
108	117	113	111	112	132	106	
141	110	124	101	136	125	143	
104	107	143	146	108	142	136	
146	129	141	148	139	130	109	
111	122	129	102	145	123	124	
105	135	106	109	111	130	110	
137	125	124	110	108	100	139	
135	145	142	146	103	128	137	
100	113	133	132	146	124	107	
109	132	148	117	112	108	129	
111	143	128	121	126	136	102	
144	110	138	130	111	147	132	
115	128	104	113	111	121	120	
112	133	118	116	102	147	115	
123	100	126	132	142	122	104	
132	136	147	128	123	138	135	
149	123	108	147	134	124	118	
108	118	120	102	110	106	133	
105	145	146	134	117	137	148	
130	109	125	115	136	131	111	
127	145	135	115	109	126	129	
101	108	121	102	139	137	119	
125	142	112	122	132	120	145	
126	136	106	125	145	141	121	
112	126	102	138	106	115	114	
110	127	115	144	146	104	140	
146	143	125	100	107	128	137	
104	146	132	115	123	141	101	
102	108	110	114	134	125	132	
112	104	143	120	113	146	127	
152	175	185	191	172	194	182	
192	173	187	188	153	183	167	
176	172	193	188	183	189	185	
199	188	174	180	185	153	175	
196	153	163	187	188	160	199	
169	185	153	170	157	161	172	
193	197	184	185	154	153	180	
161	150	158	162	189	192	190	
155	197	180	196	190	189	184	
199	153	193	168	181	151	190	
169	178	157	150	175	182	189	
169	155	167	181	163	154	192	
191	150	163	164	162	156	159	
190	153	152	180	161	185	166	
160	164	186	187	156	163	153	
152	173	158	160	191	194	199	
166	198	154	162	191	190	153	
162	157	191	183	185	175	188	
178	191	156	153	150	157	186	
181	173	165	171	196	191	192	
151	161	177	191	160	196	197	
173	168	183	199	189	188	151	
184	168	165	192	176	196	199	
168	193	187	172	166	179	163	
180	193	192	186	170	175	157	
169	190	160	166	181	162	196	
168	188	184	175	155	181	195	
183	154	194	186	170	167	198	
155	168	169	191	163	162	197	
186	169	182	160	193	192	159	
151	197	152	189	160	188	184	
196	164	167	172	160	163	173	
174	196	192	191	171	163	186	
176	190	174	182	170	151	194	
198	176	151	164	186	174	197	
176	198	190	194	175	174	185	
167	151	183	168	174	194	155	
186	178	172	165	190	197	170	
183	170	171	194	198	187	179	
187	152	198	182	188	193	171	
190	165	193	160	164	181	157	
176	178	160	175	182	184	169	
159	193	166	152	183	158	175	
190	165	178	168	167	179	187	
187	171	193	159	156	190	198	
157	165	171	153	179	184	189	
186	161	167	160	193	174	198	
153	167	172	177	182	154	196	
194	172	197	154	182	169	173	
170	178	189	154	152	169	193	
242	223	214	213	219	246	221	
204	238	232	229	219	220	243	
207	247	222	237	215	241	218	
221	246	215	247	211	235	218	
218	232	246	231	216	244	202	
241	240	236	226	229	202	228	
244	246	204	242	203	201	240	
220	239	214	216	244	243	222	
217	226	248	223	232	247	236	
244	226	209	240	229	220	246	
211	214	223	226	234	225	245	
231	200	241	202	226	243	221	
208	220	233	242	207	230	239	
204	230	219	229	200	225	223	
207	218	240	209	203	200	222	
216	240	245	208	213	234	239	
233	236	218	220	249	214	217	
210	246	220	238	233	212	245	
201	211	241	223	234	217	240	
207	244	226	249	204	248	201	
220	244	241	219	231	230	213	
232	201	216	211	208	202	231	
241	230	225	239	243	247	237	
224	225	234	219	218	223	200	
248	214	223	218	210	224	212	
232	245	233	247	238	231	224	
228	219	216	220	223	231	209	
225	214	217	219	222	237	216	
212	210	213	225	243	216	229	
243	225	208	221	236	231	237	
213	247	218	208	239	246	221	
205	232	203	224	243	236	208	
227	229	218	231	238	240	201	
233	244	243	229	216	207	202	
211	206	247	233	242	202	213	
228	220	200	248	210	217	230	
201	244	230	241	203	232	224	
231	240	236	206	241	230	208	
243	209	231	216	214	212	240	
222	213	202	216	205	210	219	
208	237	204	249	213	210	240	
249	200	201	205	209	228	237	
234	229	227	249	243	244	241	
202	235	245	222	241	220	214	
221	214	217	211	249	230	236	
219	203	218	238	242	244	245	
228	240	249	210	241	244	226	
206	249	245	202	215	228	229	
242	225	211	245	204	230	241	
237	244	248	228	203	249	240	
298	263	264	287	267	278	271	
267	288	283	293	261	296	250	
263	259	281	271	284	279	291	
297	293	260	273	299	292	266	
289	295	292	284	274	281	267	
267	254	271	250	274	256	263	
296	258	275	277	287	261	274	
287	296	257	266	292	256	251	
293	288	290	273	256	272	263	
251	282	291	250	278	273	266	
274	276	257	253	293	287	278	
260	283	298	276	282	265	262	
264	278	279	292	293	274	282	
281	277	252	285	257	286	275	
275	283	258	277	280	259	256	
255	293	250	254	265	288	284	
292	265	256	268	260	267	295	
273	296	268	260	263	254	287	
286	270	259	261	277	281	251	
296	286	264	268	271	262	274	
255	263	276	268	291	293	253	
278	281	263	258	256	294	276	
292	269	255	264	280	272	257	
283	266	265	269	292	289	276	
294	271	259	277	296	251	293	
267	288	272	260	252	277	280	
274	289	271	253	262	296	259	
287	257	251	297	281	260	295	
278	276	250	296	275	274	284	
281	254	292	252	276	253	279	
273	277	280	267	294	257	263	
287	277	291	296	267	279	274	
270	255	265	299	258	280	264	
268	287	298	284	276	251	262	
265	257	254	253	293	277	289	
272	250	284	269	286	276	279	
297	295	296	270	276	273	287	
262	281	274	275	264	279	259	
260	259	282	256	278	296	272	
286	277	279	275	298	294	282	
282	253	294	298	290	255	281	
258	271	280	288	270	275	250	
258	278	270	253	250	282	251	
259	274	289	253	267	268	281	
267	299	292	290	265	288	255	
284	260	258	296	276	288	267	
262	296	287	286	282	263	251	
266	261	285	296	268	289	257	
259	258	290	267	284	274	263	
279	290	276	251	270	256	252	
335	317	310	331	346	301	309	
315	324	312	332	305	336	310	
303	328	324	323	346	329	349	
329	324	338	328	325	302	326	
331	348	338	321	309	329	344	
315	349	314	337	306	307	336	
332	309	302	335	304	338	343	
310	340	325	321	339	345	346	
314	300	312	331	308	346	332	
349	344	324	312	336	314	334	
318	311	333	341	310	320	325	
326	337	341	339	345	348	309	
342	334	329	347	331	346	312	
347	308	348	306	319	325	320	
332	304	302	327	346	305	342	
302	301	322	307	316	333	324	
326	327	307	341	343	330	332	
343	307	325	320	340	328	334	
340	330	342	320	334	305	322	
305	320	318	306	317	328	319	
327	307	314	339	315	344	312	
343	333	326	309	325	329	311	
319	345	348	320	317	336	302	
337	307	343	304	338	344	326	
326	317	323	307	309	302	322	
321	315	319	309	307	349	325	
340	321	301	310	313	339	312	
306	320	341	302	343	309	330	
333	308	328	319	301	325	349	
332	330	309	346	328	317	305	
341	349	345	348	317	340	334	
329	315	306	345	309	307	317	
329	345	330	306	328	343	308	
340	309	335	348	344	327	302	
331	346	336	347	343	329	307	
308	333	325	329	342	341	323	
339	342	322	311	320	305	303	
340	327	314	336	338	339	342	
342	336	348	313	316	332	309	
344	305	319	342	309	312	315	
339	340	331	312	307	301	345	
307	324	320	316	343	325	313	
337	300	329	343	307	322	314	
347	308	317	337	322	323	339	
322	304	317	327	340	308	310	
316	336	327	301	342	341	333	
305	317	344	339	327	315	320	
322	330	348	303	346	329	302	
323	339	342	302	310	319	331	
318	338	345	309	332	312	305	
399	350	362	376	377	389	370	
366	369	380	361	371	364	394	
378	370	374	399	358	390	392	
363	387	354	394	369	382	370	
392	368	382	383	399	362	388	
369	398	385	388	371	397	367	
381	385	392	384	379	369	353	
379	389	392	384	381	370	354	
395	359	360	352	350	398	356	
396	383	399	386	390	358	355	
387	363	357	399	386	388	364	
394	390	360	383	357	368	398	
351	363	397	395	354	362	373	
359	383	375	378	353	382	374	
363	365	395	354	366	376	368	
392	385	396	399	352	391	384	
381	356	355	376	383	380	397	
375	372	366	381	367	357	398	
373	370	385	392	382	368	358	
351	363	350	379	386	378	373	
399	354	368	388	355	365	351	
382	398	351	389	357	395	374	
359	385	377	366	358	386	364	
376	372	398	370	399	368	386	
366	373	387	354	376	353	358	
395	387	388	367	385	386	356	
368	357	388	385	378	363	364	
393	353	363	381	389	371	362	
366	388	382	381	363	377	355	
398	396	389	378	354	373	374	
386	396	350	395	392	390	364	
357	360	379	389	377	368	350	
368	376	350	375	381	353	371	
382	352	388	396	355	372	354	
367	375	378	368	399	353	365	
395	399	390	366	356	370	361	
396	388	387	376	354	384	350	
390	372	378	357	399	363	394	
360	399	397	382	390	395	368	
386	389	371	370	359	381	387	
356	364	381	379	373	369	372	
379	380	372	366	354	359	399	
359	369	394	354	381	389	390	
381	385	391	370	363	380	396	
376	379	362	351	361	380	370	
367	373	376	390	360	383	382	
353	391	396	356	375	385	393	
356	363	371	358	372	357	393	
352	379	384	378	383	360	350	
356	371	376	369	350	397	380	
441	427	419	426	443	413	428	
445	408	432	437	429	409	403	
411	438	437	409	429	419	439	
435	415	402	424	442	437	441	
416	427	441	434	414	404	443	
447	425	433	429	413	424	445	
433	427	443	426	410	407	405	
409	434	410	426	430	418	425	
441	429	438	409	423	439	443	
401	445	405	438	437	406	447	
416	425	449	448	441	443	409	
449	436	439	432	418	442	410	
447	408	448	424	417	449	428	
412	404	406	407	440	420	422	
439	423	426	417	449	436	443	
429	400	404	421	405	435	432	
436	411	426	443	400	413	423	
435	447	431	403	423	405	438	
430	407	411	425	442	432	441	
401	409	402	428	430	421	442	
432	429	411	437	438	443	442	
443	405	433	404	419	406	448	
422	421	403	442	411	430	443	
415	412	419	418	413	439	440	
435	418	443	438	446	406	407	
407	423	448	426	420	421	431	
439	415	411	400	404	443	408	
439	422	443	416	425	448	415	
412	427	438	419	410	432	436	
421	443	432	436	415	446	410	
434	424	431	448	440	449	402	
415	418	433	437	402	408	419	
402	443	432	428	403	435	430	
443	428	423	432	437	440	444	
425	415	427	431	405	426	442	
421	442	446	418	405	441	433	
435	419	449	442	402	436	417	
400	411	425	418	441	431	432	
447	446	444	409	441	411	430	
424	437	445	423	422	426	439	
409	425	415	441	434	431	445	
420	412	436	407	402	405	417	
401	430	426	427	411	446	429	
404	427	418	401	408	439	431	
407	409	416	400	403	446	404	
445	405	409	426	449	425	448	
439	427	430	420	414	416	425	
428	434	435	430	410	402	407	
436	445	424	418	422	447	412	
403	431	412	418	446	449	416	
464	465	470	476	472	483	499	
450	474	498	457	461	460	467	
486	476	494	498	480	484	499	
469	462	488	451	491	482	465	
485	483	470	454	478	475	496	
474	478	450	491	482	485	487	
499	478	465	489	484	497	457	
462	499	491	498	459	496	494	
467	499	454	494	473	493	471	
483	453	497	481	478	496	468	
490	452	456	469	477	499	483	
490	462	486	474	480	482	467	
477	464	492	474	460	483	476	
498	453	485	469	497	480	462	
456	488	461	489	469	476	492	
477	491	474	471	490	493	475	
459	460	480	467	475	489	482	
452	476	470	475	467	490	473	
470	475	462	497	496	480	471	
484	485	451	498	453	457	477	
479	497	456	484	470	491	452	
489	492	486	454	467	483	473	
463	492	469	466	498	488	460	
493	473	462	455	472	461	498	
453	454	471	469	450	477	499	
452	456	460	459	461	462	476	
460	499	461	458	471	495	494	
490	477	450	494	496	463	488	
483	474	468	471	453	469	473	
470	491	469	489	496	453	467	
476	472	481	470	473	488	484	
495	462	483	471	488	474	478	
491	451	475	484	492	495	482	
455	491	475	450	474	483	486	
456	471	493	455	484	457	487	
470	461	456	466	496	485	494	
493	453	469	460	462	467	471	
497	461	485	499	454	455	490	
457	475	481	453	470	496	477	
456	451	480	496	459	492	483	
498	482	460	493	471	486	487	
491	474	451	481	453	498	496	
495	493	498	460	453	499	482	
485	450	462	491	498	456	458	
477	482	464	479	455	490	460	
469	465	486	495	492	481	470	
499	484	481	453	477	487	476	
485	499	479	451	461	490	474	
490	459	494	498	478	489	492	
463	491	452	480	492	472	475	
42	38	3	41	8	36	37	39	
47	42	6	39	40	8	45	38	
7	14	20	23	43	32	28	45	
12	35	38	48	10	28	13	19	
0	13	15	17	2	28	25	5	
29	15	48	27	5	12	21	37	
15	30	29	27	31	35	44	17	
6	0	24	28	27	48	42	43	
35	47	17	49	3	44	16	4	
24	23	22	37	15	35	33	7	
35	14	49	19	7	33	44	5	
5	11	6	37	30	29	20	27	
46	24	19	21	18	3	36	44	
18	21	6	30	19	47	43	27	
4	40	1	2	20	39	47	27	
11	17	44	22	8	10	0	30	
43	4	10	18	23	28	29	12	
13	2	19	41	18	9	37	23	
38	33	43	29	14	49	34	20	
23	0	33	39	31	16	38	8	
28	10	25	44	27	33	47	37	
0	19	42	49	45	25	22	3	
40	15	25	24	33	4	19	43	
0	18	38	13	20	7	29	15	
17	8	12	2	37	21	31	36	
28	20	18	11	8	43	22	25	
47	0	31	11	33	28	10	5	
37	6	32	10	42	39	9	2	
44	48	6	27	16	4	24	42	
46	31	19	28	9	45	34	47	
14	37	32	29	13	36	26	48	
22	24	11	20	21	14	25	44	
25	7	3	1	35	32	45	34	
38	39	45	31	40	12	29	14	
5	4	19	31	39	7	18	23	
22	18	26	5	25	34	16	27	
4	32	44	17	5	6	35	16	
22	31	48	41	14	19	49	6	
21	41	16	49	4	28	39	27	
19	47	33	28	8	32	4	41	
4	42	21	3	41	35	48	31	
49	9	34	24	4	25	45	42	
10	38	42	49	24	29	11	18	
45	22	44	38	28	41	4	20	
13	15	5	37	46	23	47	49	
48	1	38	2	40	9	26	27	
20	27	15	29	41	6	5	1	
44	20	13	29	49	26	32	39	
17	33	7	32	46	9	41	20	
29	5	11	36	35	27	30	12	
97	87	79	60	67	82	78	51	
98	75	74	86	95	84	93	63	
61	60	93	91	89	58	68	63	
61	86	85	79	57	83	66	67	
66	78	57	54	56	88	53	70	
55	51	72	69	63	73	96	97	
84	89	81	98	50	97	58	62	
60	54	85	55	68	72	56	96	
88	76	81	99	95	51	74	62	
52	82	66	59	81	54	73	68	
90	66	71	72	57	69	56	91	
92	71	96	56	99	59	77	87	
68	72	95	51	55	93	87	56	
55	61	84	52	71	81	85	95	
53	63	89	57	51	74	94	77	
54	60	86	57	85	94	50	97	
53	64	72	60	59	93	92	78	
60	91	97	75	87	76	82	50	
82	74	65	91	57	92	96	63	
53	50	73	55	91	54	78	93	
53	50	57	54	65	61	81	79	
82	80	83	95	57	76	61	73	
86	88	96	51	85	98	99	77	
50	57	89	93	87	84	53	94	
95	85	51	92	81	90	74	84	
76	67	52	65	85	53	75	84	
90	57	76	87	63	83	80	79	
86	82	88	78	67	92	64	91	
57	78	79	93	62	60	77	83	
88	99	84	62	57	52	72	91	
80	98	57	87	61	96	92	68	
97	79	89	99	93	70	91	77	
90	77	78	62	89	84	86	68	
88	52	70	84	78	82	94	95	
80	64	94	51	69	86	71	66	
65	97	85	74	87	98	70	69	
53	69	52	91	65	78	66	80	
79	63	76	94	90	75	83	81	
57	72	53	94	86	58	74	63	
55	51	74	94	68	81	96	65	
95	87	82	89	72	83	56	58	
77	86	87	92	75	64	65	54	
55	72	80	94	90	66	65	88	
75	53	82	87	69	76	66	90	
80	88	87	56	57	96	75	85	
53	70	79	93	62	63	56	96	
69	84	88	55	63	56	61	68	
76	86	75	91	89	88	80	68	
97	71	51	79	50	80	86	81	
87	77	74	51	55	92	85	67	
121	114	101	123	135	134	102	130	
114	121	106	137	138	141	100	124	
100	146	140	115	124	120	127	121	
148	103	107	144	124	136	118	114	
104	135	122	118	116	112	123	148	
145	139	129	102	108	138	113	123	
100	124	103	117	140	144	139	130	
126	143	127	105	136	123	130	144	
141	138	134	104	115	133	124	117	
131	125	113	120	124	129	130	107	
110	139	109	104	103	121	144	116	
117	122	133	144	106	124	116	130	
132	121	110	106	146	148	125	149	
118	136	115	135	123	140	132	105	
108	145	128	106	132	143	118	105	
134	124	147	132	107	126	101	122	
105	121	122	106	131	135	110	104	
134	124	128	144	126	147	117	136	
131	113	138	133	109	147	125	127	
109	143	124	134	112	130	104	118	
133	103	146	140	108	127	135	138	
135	112	108	140	133	145	109	115	
110	132	129	119	109	138	125	123	
119	106	116	132	147	124	130	133	
147	127	111	144	139	101	137	104	
120	129	104	145	107	125	124	122	
113	143	129	122	100	133	136	140	
148	139	108	137	106	125	100	121	
116	130	121	131	105	120	128	123	
107	144	133	148	115	132	149	130	
131	137	118	140	149	127	102	106	
123	101	119	117	105	104	124	135	
106	141	105	139	104	102	149	130	
106	118	121	149	147	122	117	144	
147	134	103	135	139	128	113	130	
134	145	146	135	122	149	106	105	
147	100	117	114	128	142	116	139	
123	100	137	114	122	115	101	120	
143	146	106	110	123	148	139	107	
118	145	104	148	115	109	141	127	
139	105	125	124	127	123	112	133	
145	101	120	143	148	146	149	131	
101	137	147	118	115	111	145	149	
145	102	110	122	106	138	123	104	
127	148	124	116	123	137	112	105	
134	139	147	122	148	107	129	149	
115	130	114	105	110	148	137	141	
100	101	126	135	131	136	144	112	
118	111	136	123	135	125	107	101	
128	114	111	145	119	124	137	104	
178	154	174	162	194	161	183	166	
168	166	171	159	194	151	172	167	
177	197	158	174	151	196	189	157	
160	197	167	188	169	199	193	170	
199	161	166	188	175	167	195	184	
158	176	161	189	194	150	198	167	
190	168	196	182	189	171	184	170	
159	185	151	178	189	163	166	155	
160	195	172	150	198	159	190	177	
156	181	154	172	191	160	152	155	
177	152	174	170	197	180	166	187	
183	151	178	195	162	186	185	157	
186	157	165	179	151	180	164	199	
195	181	163	159	165	162	160	196	
166	162	165	195	198	168	197	155	
185	167	187	197	189	171	192	153	
182	158	172	186	176	192	154	183	
153	178	189	195	192	170	184	186	
191	156	190	182	153	198	181	180	
161	196	191	185	182	179	160	150	
158	189	192	156	168	152	153	191	
182	153	188	176	193	169	194	181	
171	186	199	178	193	176	190	183	
150	196	154	177	188	184	181	170	
176	160	189	159	182	150	157	195	
191	169	178	176	161	188	177	185	
161	175	153	166	198	150	157	191	
180	184	177	162	173	157	161	197	
195	186	158	164	173	197	151	185	
180	189	191	169	151	166	156	170	
192	172	173	194	150	151	179	170	
192	174	177	150	181	151	185	168	
166	179	170	171	154	152	196	153	
187	166	174	164	199	173	171	154	
162	193	155	153	173	174	186	185	
184	155	193	165	198	164	195	185	
185	176	198	153	171	152	190	151	
163	169	168	192	150	182	151	179	
192	156	195	189	182	181	150	175	
191	157	156	154	181	192	169	150	
182	183	195	160	173	175	153	197	
179	158	151	173	169	175	182	186	
165	190	184	183	174	189	161	195	
180	176	170	160	181	165	161	172	
179	188	168	158	194	176	183	178	
157	192	177	175	167	173	195	159	
154	194	168	183	182	166	153	155	
197	163	167	154	177	184	159	199	
197	170	173	172	154	165	150	181	
156	177	194	159	196	171	166	160	
203	231	223	248	230	229	214	209	
245	222	234	237	249	201	203	219	
232	203	210	235	221	208	216	242	
222	201	218	206	245	232	209	210	
220	215	227	239	226	200	208	219	
216	202	214	218	219	225	239	222	
209	205	237	227	244	210	203	248	
205	238	244	210	249	239	216	204	
247	205	209	219	200	207	215	226	
216	239	219	222	209	225	224	201	
211	240	209	216	220	222	204	231	
204	214	220	217	229	243	202	231	
202	222	241	215	233	228	234	231	
237	244	213	243	219	226	200	232	
249	223	218	215	212	200	232	241	
214	244	212	231	218	213	236	237	
237	229	207	224	249	225	220	236	
215	220	213	221	240	249	216	211	
221	225	245	214	228	203	239	202	
242	245	203	225	221	228	239	246	
219	203	243	239	228	233	224	202	
209	214	246	249	220	237	243	205	
207	221	228	226	248	230	234	208	
208	249	228	221	207	236	204	212	
211	216	200	210	203	204	225	238	
215	205	200	206	211	224	230	208	
222	227	241	234	208	200	210	231	
211	229	219	215	231	244	238	245	
219	208	249	202	229	213	206	233	
231	239	233	221	215	226	224	205	
244	240	248	216	218	241	206	238	
221	215	205	219	245	209	244	234	
239	220	215	210	237	242	222	236	
206	223	221	239	247	212	238	249	
210	232	235	230	248	242	223	241	
235	201	243	203	240	213	231	205	
219	202	229	201	228	240	241	231	
234	201	207	209	208	242	241	243	
232	224	218	236	220	247	229	233	
202	213	244	208	248	219	228	203	
201	235	245	200	236	222	218	219	
220	225	224	219	249	213	239	201	
239	242	238	218	205	212	234	202	
224	244	223	216	243	226	234	220	
214	249	242	230	207	246	241	238	
234	224	215	218	244	228	238	227	
229	236	243	207	249	209	231	246	
233	203	234	243	202	201	213	207	
205	211	240	229	230	226	231	242	
225	213	248	221	209	232	231	219	
258	276	294	264	252	254	269	262	
272	286	294	293	297	253	278	271	
290	250	263	294	258	261	299	259	
285	292	291	269	289	263	275	296	
285	251	295	282	280	290	264	261	
274	255	287	257	261	282	258	280	
286	296	295	284	260	266	264	271	
259	260	282	256	297	295	251	265	
296	270	291	277	287	272	295	284	
286	287	264	257	284	260	296	277	
264	267	255	297	251	296	281	271	
262	278	273	283	254	282	253	279	
287	267	272	288	283	279	257	261	
262	286	267	287	298	257	294	290	
291	259	280	258	295	276	253	263	
259	289	257	291	255	283	277	263	
266	254	256	299	289	286	294	298	
278	287	257	275	270	253	279	274	
290	277	282	261	269	253	255	258	
284	283	277	258	288	282	293	272	
279	254	296	268	293	285	286	277	
282	259	298	275	274	253	251	292	
279	276	272	284	282	267	291	274	
286	283	296	266	271	274	250	295	
260	255	293	270	258	253	272	298	
254	289	296	260	267	276	251	250	
262	265	281	279	267	256	285	251	
264	281	255	268	273	259	291	277	
255	284	273	272	251	285	279	287	
292	290	283	291	275	253	280	254	
275	299	280	271	276	252	261	270	
250	276	269	296	293	266	256	252	
264	275	277	274	250	282	265	273	
295	292	291	260	254	286	269	257	
253	262	287	269	280	257	292	270	
288	256	266	285	297	283	252	271	
258	272	285	275	287	291	283	263	
255	282	291	264	272	279	251	261	
279	276	254	253	251	292	267	284	
277	254	290	284	261	260	297	279	
298	287	258	299	296	288	286	297	
274	267	262	265	294	286	293	297	
278	280	267	289	277	261	273	275	
255	299	286	261	253	282	281	287	
285	272	291	264	274	293	256	267	
258	288	282	261	266	299	256	279	
275	276	263	272	262	259	298	294	
264	276	250	282	258	271	277	260	
251	299	297	285	291	292	270	276	
296	290	255	256	281	262	285	291	
304	329	309	325	301	311	326	324	
331	349	332	333	300	337	306	330	
314	303	309	323	307	334	302	317	
340	346	311	307	321	336	300	347	
300	321	335	311	343	329	319	310	
305	309	311	330	304	336	302	340	
305	338	347	348	310	331	318	324	
348	315	338	327	318	333	349	328	
300	330	319	322	313	323	302	346	
314	332	320	345	323	325	316	301	
306	346	300	321	333	312	340	347	
349	327	302	312	346	319	300	306	
317	311	305	348	313	326	309	341	
320	308	345	338	328	347	310	317	
329	302	315	331	305	341	301	348	
335	332	312	337	327	306	324	345	
346	315	320	330	304	319	321	328	
340	311	337	303	319	346	342	313	
306	343	309	300	305	321	347	323	
328	339	326	335	331	316	341	309	
312	308	306	339	322	319	324	317	
348	331	317	349	318	338	313	302	
316	323	327	311	341	313	305	342	
349	345	331	333	306	305	339	307	
312	343	342	318	348	340	325	300	
347	305	301	344	303	325	327	321	
321	301	331	339	310	348	349	342	
325	309	348	342	326	306	319	336	
303	341	317	342	316	334	328	321	
349	314	326	346	348	303	319	328	
328	305	341	329	327	300	335	302	
306	312	346	326	342	339	338	320	
343	307	312	337	300	344	328	341	
326	305	333	316	300	324	302	332	
347	333	317	315	345	303	324	300	
331	312	321	334	302	316	343	340	
339	313	322	301	318	303	309	302	
317	322	338	305	303	340	300	339	
327	320	326	310	343	329	325	306	
328	308	333	320	345	313	305	301	
347	344	346	327	301	315	345	319	
309	321	305	314	345	342	337	329	
305	322	325	318	330	339	342	313	
310	325	346	311	302	317	334	306	
340	313	332	308	334	336	304	301	
334	326	325	303	308	305	300	304	
313	342	302	348	312	340	310	305	
330	328	309	341	334	349	315	317	
300	328	321	336	342	308	324	347	
303	324	341	309	328	310	335	339	
356	387	399	362	359	374	384	379	
359	371	358	399	390	397	387	354	
390	363	388	374	381	355	391	359	
355	387	353	361	397	384	356	367	
393	354	361	372	353	375	373	398	
392	375	353	366	384	365	355	376	
386	361	357	353	383	384	394	388	
374	389	375	390	373	392	378	381	
379	357	350	371	391	396	376	378	
376	363	397	353	371	390	379	391	
382	368	386	376	391	355	374	365	
357	381	394	351	386	382	375	379	
373	379	362	384	374	383	396	367	
353	393	368	359	363	398	364	352	
396	399	388	375	369	382	353	374	
369	398	362	354	394	395	381	351	
396	377	350	395	358	392	397	374	
364	357	354	375	365	356	397	371	
394	386	391	368	360	358	372	361	
385	374	355	353	384	387	399	361	
376	367	352	385	393	399	365	378	
369	351	367	358	362	373	363	361	
376	366	390	351	383	389	355	387	
380	374	356	367	384	387	371	350	
393	350	363	358	389	383	351	378	
380	357	396	382	364	392	356	381	
369	383	391	388	385	364	351	361	
361	377	399	394	359	352	376	380	
353	371	373	360	397	392	355	361	
357	393	379	351	360	376	359	392	
384	375	393	369	381	358	397	371	
397	387	363	384	360	379	368	390	
382	387	398	359	396	369	378	381	
385	398	386	364	354	358	388	375	
370	354	375	362	398	355	386	394	
388	385	376	364	369	355	363	366	
362	390	376	379	395	386	374	358	
361	380	357	356	381	371	399	369	
381	376	370	377	372	399	383	352	
359	363	387	392	372	399	378	397	
373	360	372	382	364	363	366	387	
398	365	389	360	381	394	390	386	
393	355	394	377	387	373	354	396	
381	397	359	386	395	391	393	374	
398	395	367	372	352	384	361	380	
356	364	350	369	377	375	360	351	
368	354	351	385	379	350	362	367	
351	392	381	357	354	389	378	374	
363	388	398	364	372	350	374	368	
372	373	393	364	351	363	379	392	
438	416	441	432	415	410	433	409	
406	421	407	434	412	402	419	432	
449	427	448	419	417	402	442	416	
435	433	423	411	404	432	416	409	
424	438	434	410	427	422	404	443	
403	427	440	443	414	413	439	436	
413	446	405	400	407	445	439	429	
422	429	401	431	447	436	421	424	
411	403	424	445	425	422	433	415	
430	402	409	436	448	424	408	404	
441	410	427	407	416	403	445	417	
441	414	421	439	423	432	419	435	
444	400	448	433	411	439	419	426	
422	421	440	415	444	414	424	443	
414	405	413	404	412	445	442	447	
414	419	416	442	402	422	407	435	
442	445	430	412	444	437	414	425	
407	445	401	440	426	419	402	417	
405	412	417	434	418	447	440	425	
440	432	421	410	437	400	427	428	
448	447	428	401	405	403	438	419	
420	443	409	436	419	403	438	437	
426	440	446	441	436	429	419	439	
436	420	439	407	446	444	441	418	
444	440	443	449	424	423	413	401	
408	423	410	448	430	413	441	446	
423	428	442	426	409	411	441	445	
435	422	418	406	409	430	420	400	
443	415	407	412	418	417	421	447	
411	441	424	435	419	414	442	410	
439	403	433	409	425	417	415	408	
426	425	403	413	429	443	431	441	
418	407	443	442	405	422	428	423	
444	438	441	428	408	407	413	420	
401	405	447	445	413	402	438	415	
417	429	430	426	444	421	438	447	
413	444	423	418	442	433	437	434	
412	440	410	426	425	411	423	432	
408	441	440	449	417	421	443	414	
410	448	434	431	436	421	430	425	
413	438	411	404	423	421	441	449	
400	401	447	444	421	408	425	438	
420	434	425	430	401	448	446	417	
431	445	419	435	411	443	424	406	
422	418	410	401	419	443	427	420	
420	432	439	437	430	413	412	440	
436	427	441	448	401	444	406	408	
412	420	401	427	438	416	430	404	
410	435	446	420	429	401	436	440	
448	413	430	443	422	414	434	410	
452	492	451	455	459	487	461	464	
496	493	482	498	475	487	464	470	
496	476	461	486	475	460	464	485	
457	450	482	461	460	480	451	472	
487	471	490	465	463	450	454	476	
476	485	457	468	481	474	482	490	
457	452	465	490	455	467	450	471	
494	463	468	474	453	467	465	480	
472	469	451	498	464	473	465	497	
487	452	466	454	475	492	490	482	
490	462	498	455	489	492	451	473	
496	486	484	494	465	471	455	483	
455	479	496	456	458	486	460	483	
470	461	477	494	460	499	480	469	
459	460	499	479	491	480	462	486	
483	459	475	497	461	494	498	490	
463	478	474	475	457	492	459	480	
472	486	490	497	478	467	476	493	
460	492	496	461	463	464	495	498	
450	456	463	462	458	491	499	487	
454	461	462	460	471	455	452	456	
451	450	454	475	489	473	471	461	
456	493	458	494	486	457	475	453	
495	496	475	468	458	493	470	466	
458	463	469	489	477	471	486	452	
499	462	487	453	483	472	494	490	
461	498	494	452	493	497	472	455	
462	451	476	474	478	499	485	496	
484	463	451	479	469	494	473	464	
486	467	496	497	490	491	463	470	
460	492	458	481	457	464	454	450	
470	468	464	478	469	453	497	483	
465	490	496	472	483	469	464	466	
490	476	451	482	469	499	479	471	
466	467	488	497	495	475	487	457	
495	456	472	453	468	489	496	494	
452	489	474	480	451	473	450	486	
469	476	488	463	464	485	492	460	
466	477	480	470	488	486	450	494	
451	494	476	469	468	458	467	491	
465	483	470	463	477	455	497	453	
469	459	475	489	470	465	460	451	
490	487	475	495	493	489	474	481	
458	461	457	476	465	467	474	488	
455	473	481	450	486	479	464	482	
496	484	460	495	463	479	451	498	
486	464	458	488	478	468	460	492	
484	494	460	465	493	482	497	483	
453	455	463	464	450	499	473	485	
484	493	466	482	499	464	476	467	
376	443	271	
29	168	130	
374	373	412	
347	139	334	
79	362	291	
382	384	127	
415	262	135	
145	382	440	
382	404	98	
177	268	311	
144	228	25	
78	334	472	
272	223	262	
350	315	71	
88	211	26	
480	219	337	
412	121	283	
172	193	149	
483	415	339	
36	474	335	
211	469	215	
258	427	386	
53	488	69	
280	173	296	
132	190	464	
361	212	297	
109	219	310	
23	106	439	
33	398	338	
27	329	330	
286	453	217	
318	224	233	
374	146	178	
89	278	2	
80	238	93	
420	443	158	
254	383	114	
294	285	136	
132	144	315	
470	473	33	
314	76	358	
271	161	318	
354	244	444	
103	249	450	
73	404	278	
209	267	422	
62	303	104	
449	74	257	
320	281	146	
280	342	471	
220	137	419	
476	23	469	
88	402	446	
276	283	172	
45	437	12	
401	287	469	
19	67	393	
88	415	372	
179	483	415	
181	16	152	
462	461	46	
219	69	155	
385	85	177	
462	35	376	
0	447	248	
414	0	178	
98	94	420	
490	335	36	
141	241	233	
419	405	200	
337	242	115	
196	111	254	
50	389	27	
74	308	331	
284	130	457	
144	117	71	
46	76	485	
441	206	480	
172	41	322	
135	14	279	
286	381	426	
293	449	19	
145	210	480	
477	51	270	
489	411	390	
329	42	138	
326	448	463	
283	99	149	
178	350	118	
305	146	465	
82	363	392	
422	41	246	
492	335	82	
149	42	375	
221	154	439	
167	253	322	
83	180	281	
118	483	37	
321	43	130	
437	343	324	
37	482	69	
24	315	5	
426	27	341	
39	426	27	
45	443	14	
307	35	463	
142	446	113	
225	274	99	
0	134	34	
39	238	78	
266	218	177	
113	472	55	
402	294	381	
382	319	76	
229	496	372	
341	1	139	
225	11	240	
4	230	253	
349	353	15	
355	141	202	
193	234	0	
97	417	179	
199	268	384	
436	367	437	
35	178	325	
116	106	45	
332	116	101	
242	9	315	
375	271	464	
164	258	295	
158	11	44	
328	472	150	
127	394	72	
45	455	89	
105	150	372	
54	397	287	
393	139	323	
390	262	384	
234	287	245	
55	49	29	
499	371	472	
37	274	145	
386	262	451	
392	17	18	
442	240	463	
418	440	212	
195	167	215	
416	452	136	
362	159	208	
413	181	430	
432	51	157	
260	275	195	
222	440	335	
163	90	102	
412	35	50	
259	114	268	
492	483	412	
203	145	34	
49	64	172	
83	80	312	
42	366	197	
378	199	490	
218	54	98	
237	204	262	
52	465	400	
473	415	3	
454	81	80	
94	262	2	
194	54	275	
410	482	234	
391	389	125	
251	383	67	
221	241	184	
418	76	333	
51	83	490	
133	7	331	
324	83	60	
412	226	483	
243	61	335	
437	290	76	
154	348	373	
414	122	372	
291	490	234	
298	86	267	
353	356	296	
471	310	254	
272	122	101	
293	128	70	
114	436	467	
112	276	35	
144	303	31	
69	60	90	
92	42	99	
477	413	302	
495	86	71	
130	182	19	
42	443	60	
169	200	487	
91	174	67	
336	191	389	
304	452	89	88	
105	452	347	46	
1	211	100	493	
176	161	493	180	
229	461	196	341	
439	392	67	72	
315	294	77	67	
95	298	126	132	
319	213	5	465	
131	262	27	401	
58	470	478	445	
294	324	236	187	
177	236	172	364	
187	223	324	242	
187	155	300	269	
37	15	34	438	
496	419	147	155	
63	129	320	224	
410	365	460	243	
298	5	38	405	
436	149	282	151	
256	481	497	335	
191	173	308	163	
443	102	227	488	
417	30	266	53	
315	164	273	423	
165	90	41	250	
392	184	78	396	
477	178	182	73	
132	387	226	24	
414	248	284	89	
6	482	197	14	
209	414	68	200	
403	482	158	379	
393	333	223	384	
473	461	194	192	
308	85	86	127	
294	20	391	59	
205	310	253	343	
298	426	264	283	
377	104	357	269	
113	404	68	297	
173	82	30	435	
336	0	302	449	
417	265	406	61	
198	363	92	86	
64	495	496	497	
444	47	288	183	
64	61	248	135	
178	206	119	269	
25	192	80	421	
154	288	424	289	
315	395	28	182	
17	200	148	247	
293	131	135	196	
70	349	110	23	
398	212	208	225	
169	312	332	396	
497	435	229	268	
457	290	164	343	
179	121	56	281	
439	24	93	402	
311	209	322	261	
131	30	419	265	
435	121	17	410	
137	325	277	448	
218	133	126	183	
468	283	200	271	
97	153	498	13	
379	218	360	345	
453	268	383	357	
105	339	273	30	
164	149	95	104	
245	380	492	332	
426	288	409	88	
44	175	353	482	
355	31	213	253	
391	263	354	61	
6	448	176	293	
305	405	8	446	
53	288	235	274	
412	341	317	31	
484	339	233	119	
247	289	156	195	
10	433	309	393	
250	338	454	262	
439	482	177	93	
301	338	29	112	
156	150	143	318	
214	354	327	375	
434	139	290	447	
246	369	264	101	
231	0	230	169	
469	126	420	205	
400	337	407	320	
8	473	232	92	
475	245	227	87	
293	389	431	42	
16	447	358	312	
307	28	168	397	
439	266	443	436	
7	187	23	302	
450	481	337	181	
296	113	38	409	
228	183	456	47	
365	444	298	423	
81	200	227	388	
39	14	28	330	
262	147	69	195	
432	213	359	202	
437	295	82	231	
55	355	433	405	
324	244	471	30	
121	63	404	354	
17	164	384	438	
245	87	63	295	
267	106	145	340	
77	87	144	446	
274	213	320	218	
66	429	456	182	
438	457	464	114	
77	163	401	211	
62	234	227	70	
263	419	236	268	
45	122	398	4	
248	28	388	189	
74	47	472	471	
158	253	333	182	
482	70	141	464	
461	228	390	485	
11	341	211	463	
396	256	302	321	
44	256	421	126	
149	291	379	0	
441	24	109	187	
333	419	283	81	
314	144	462	143	
200	305	394	401	
33	296	452	169	
406	115	98	204	
311	70	345	193	
309	45	311	31	
122	407	171	5	
136	384	206	301	
34	368	161	333	
22	475	17	122	
480	461	280	186	
269	410	312	338	
459	49	317	189	
480	78	338	327	
325	85	36	173	
164	10	201	52	
26	246	389	380	
98	360	205	318	
251	397	227	108	
231	435	442	249	
435	293	32	425	
384	146	356	62	
270	478	235	95	
49	291	295	280	
405	35	20	429	
230	435	104	344	
127	335	269	459	
371	479	129	16	
474	384	0	70	
91	204	396	266	
284	325	191	110	
481	82	360	355	
290	428	67	121	
398	182	382	352	
374	67	347	460	
375	97	463	431	
243	35	190	498	
101	338	79	182	
190	232	31	447	
275	112	419	270	
16	186	66	353	
70	100	330	167	
92	109	436	232	
113	288	121	487	
266	286	3	295	
219	341	236	124	
445	110	46	249	
380	351	109	260	
459	182	332	304	
128	404	254	341	
19	477	281	399	
162	109	175	36	
399	219	353	485	
148	39	1	182	
454	31	360	343	
326	113	484	237	
139	393	195	376	
377	109	170	87	
315	250	108	395	
66	102	111	383	
205	65	394	77	
301	435	404	354	
433	344	94	318	
5	294	433	439	
205	376	20	285	124	
341	25	269	198	142	
288	313	104	418	204	
271	24	152	150	173	
479	123	347	225	96	
424	482	373	381	297	
407	388	145	376	135	
57	157	40	273	426	
296	466	481	315	247	
417	27	257	337	384	
35	122	97	371	244	
285	491	469	340	331	
126	13	68	76	256	
334	220	12	303	148	
44	410	400	188	120	
428	174	376	161	182	
13	153	76	359	403	
178	198	365	16	102	
293	182	284	48	143	
286	293	65	131	399	
86	83	212	330	358	
355	50	209	463	97	
124	466	322	46	17	
78	87	42	329	268	
496	350	118	396	206	
215	484	137	236	253	
456	84	29	117	341	
148	326	46	54	354	
33	2	384	395	276	
257	247	340	218	429	
100	156	348	120	50	
38	403	72	200	391	
144	264	257	489	178	
437	33	6	134	318	
222	37	246	269	115	
55	70	346	475	322	
201	455	149	343	32	
247	21	278	378	393	
317	495	245	330	381	
12	359	119	448	189	
184	23	366	138	451	
251	147	423	173	26	
184	292	482	197	311	
436	480	87	428	241	
122	252	424	209	182	
431	210	176	35	70	
227	326	238	90	490	
196	358	412	482	152	
279	94	358	317	494	
240	374	150	380	212	
322	223	271	29	335	
266	137	141	457	100	
30	458	465	473	227	
310	153	103	243	342	
16	124	431	168	353	
109	402	335	249	406	
33	280	284	144	367	
38	358	61	68	242	
384	378	107	22	429	
323	58	346	313	382	
383	292	382	202	24	
338	65	14	152	257	
51	143	5	125	312	
405	87	295	166	381	
68	229	278	41	271	
403	222	65	195	100	
44	102	71	491	24	
240	131	353	157	220	
18	279	49	239	158	
282	496	34	118	345	
105	424	4	231	477	
133	43	182	475	451	
437	470	185	229	484	
476	348	394	308	11	
417	466	240	126	430	
0	430	399	204	251	
122	438	98	327	114	
246	340	150	128	281	
224	97	414	468	372	
476	325	73	233	75	
266	79	103	276	359	
36	291	494	141	158	
286	298	280	6	424	
384	27	366	498	459	
32	336	490	59	228	
114	439	0	313	78	
471	85	11	293	199	
124	290	282	170	484	
302	321	166	433	21	
473	495	487	323	460	
434	188	229	315	457	
150	333	131	57	8	
72	78	53	218	86	
376	381	163	493	68	
287	145	6	29	376	
275	413	264	205	91	
187	227	454	483	172	
181	268	437	355	495	
48	78	160	12	202	
198	112	75	87	322	
131	201	284	89	259	
317	358	208	464	263	
366	205	360	244	180	
88	172	17	301	310	
235	334	449	59	432	
439	155	217	429	202	
473	449	391	253	202	
78	158	499	312	203	
78	330	393	44	457	
259	466	358	80	272	
315	286	333	493	461	
354	359	144	274	205	
438	359	363	443	413	
124	146	100	480	77	
172	498	30	420	118	
453	205	108	133	278	
410	172	198	381	217	
33	409	37	272	9	
172	333	222	276	32	
489	83	119	204	166	
86	310	305	100	89	
290	259	462	302	341	
8	122	394	238	401	
152	403	37	286	216	
473	55	124	51	50	
234	239	217	91	232	
94	360	436	382	399	
196	7	296	376	496	
101	136	272	153	220	
232	486	53	77	250	
15	69	252	213	302	
93	301	192	303	31	
261	433	113	70	53	
50	370	155	191	316	
306	38	413	18	268	
301	425	87	428	410	
42	368	480	323	163	
32	385	399	466	499	
490	177	125	359	402	
299	154	356	294	368	
348	26	427	451	38	
367	453	281	398	48	
26	390	232	241	302	
57	399	251	459	471	
28	372	322	130	268	
270	487	60	87	414	
242	220	272	229	249	
449	98	494	415	30	
361	355	116	70	362	
446	129	438	128	453	
143	191	270	104	428	
78	55	21	105	385	
496	267	486	81	498	
98	155	131	75	213	
84	425	50	283	333	
417	381	96	165	164	
302	86	230	125	23	
145	43	312	245	461	
407	326	9	162	70	
178	19	427	334	301	
441	33	300	238	462	
219	371	117	376	463	
200	230	449	471	78	
93	150	196	489	235	
397	17	288	406	107	
313	393	159	267	316	
142	249	324	387	93	
182	273	283	410	7	
225	321	437	496	74	
263	75	214	13	444	
153	10	12	268	125	
16	193	432	263	442	
456	445	123	72	44	
93	372	158	241	140	
14	29	105	2	54	
375	358	15	145	107	
346	473	89	498	96	
478	352	136	452	483	
110	243	64	285	220	
94	323	316	326	493	
390	468	491	269	351	
462	79	376	287	418	
182	208	411	178	24	
474	221	210	146	103	
347	397	495	305	43	
143	292	387	493	114	
135	477	390	342	199	
416	253	31	468	256	
468	142	436	278	90	
278	250	345	423	369	
379	311	209	24	369	
167	290	158	441	38	
327	447	128	242	346	
484	239	351	140	223	
488	75	147	391	479	
36	44	498	185	173	
346	332	495	462	6	
183	433	285	355	497	
254	263	258	225	172	
202	374	43	176	100	
