30	21	0	2	4	45	
29	1	40	14	7	12	
28	31	41	22	39	29	
9	39	38	23	30	10	
26	34	37	43	6	20	
34	21	45	48	38	39	
5	40	18	0	36	12	
35	36	27	21	37	13	
6	39	45	7	8	3	
9	0	39	41	20	40	
22	29	10	42	35	43	
33	37	8	5	23	28	
43	12	27	26	35	36	
8	28	4	43	14	25	
32	38	41	4	36	20	
30	9	42	6	3	45	
3	16	25	0	41	2	
32	30	13	46	35	2	
16	40	43	2	47	27	
45	18	48	3	12	24	
25	14	43	16	3	48	
7	44	22	0	40	14	
32	35	42	45	17	41	
46	21	0	15	29	38	
25	43	45	0	49	5	
45	3	5	32	2	26	
2	36	25	39	22	30	
18	4	32	16	48	36	
37	20	1	49	34	48	
31	6	24	12	19	21	
6	47	42	26	28	14	
45	31	49	33	34	13	
45	11	39	7	17	0	
21	27	40	31	18	5	
3	5	47	4	33	16	
41	31	23	26	11	37	
38	46	21	43	9	41	
22	48	24	2	23	5	
28	0	46	14	42	7	
18	26	38	0	42	29	
9	37	3	11	28	38	
44	47	48	43	41	42	
10	15	9	22	45	33	
41	25	48	24	32	30	
0	32	47	14	36	10	
12	31	20	4	7	16	
44	29	23	32	11	37	
18	3	16	44	46	38	
42	9	44	20	49	48	
19	10	35	39	34	4	
56	66	62	96	67	99	
65	70	86	78	53	64	
94	63	59	66	90	70	
98	96	91	81	68	57	
80	89	66	82	84	86	
88	74	61	60	87	94	
90	89	84	61	67	96	
82	54	78	84	56	66	
70	62	58	88	81	72	
97	96	90	59	73	84	
83	82	78	95	70	68	
57	59	70	82	99	91	
96	76	79	92	91	69	
52	96	90	73	88	84	
71	80	61	62	94	81	
75	51	70	62	84	98	
73	88	77	72	97	76	
55	79	59	53	78	73	
95	92	78	71	56	98	
86	55	78	93	94	81	
68	60	56	59	88	95	
61	80	52	54	55	79	
50	78	68	70	63	89	
98	63	84	57	97	62	
86	94	97	50	59	84	
79	58	73	91	76	88	
76	83	73	62	75	65	
55	84	79	67	76	68	
57	60	85	70	62	53	
73	98	88	68	63	92	
70	86	62	67	58	94	
69	91	51	61	90	87	
59	92	80	90	62	55	
55	99	86	59	71	74	
63	96	73	62	66	90	
77	80	72	84	96	53	
77	58	63	73	62	88	
58	70	53	65	64	77	
90	85	50	54	79	57	
67	76	82	89	91	87	
56	77	62	87	53	78	
84	88	52	99	70	87	
86	59	89	74	80	71	
75	69	65	77	92	88	
52	72	87	53	71	55	
83	87	82	78	65	81	
72	83	99	82	55	53	
67	88	73	63	79	99	
87	90	70	71	89	58	
98	59	54	62	81	97	
146	125	114	147	142	112	
132	126	147	123	146	109	
121	107	124	141	104	134	
129	130	108	125	114	115	
115	133	110	123	143	147	
148	134	119	140	103	107	
118	119	134	100	113	120	
108	119	117	139	127	110	
102	137	141	101	104	135	
118	132	134	124	108	117	
121	100	148	133	131	140	
123	108	112	109	144	140	
134	141	130	122	131	138	
140	105	103	133	110	135	
118	117	126	130	139	137	
126	133	144	123	107	131	
112	141	142	105	117	120	
148	101	133	138	121	109	
139	149	126	100	106	131	
113	138	126	137	102	105	
102	147	110	129	120	114	
105	102	141	114	129	119	
111	101	116	113	147	120	
133	147	110	120	103	140	
111	143	106	118	105	114	
123	125	122	120	121	136	
145	104	106	116	141	128	
104	110	133	148	147	127	
118	148	105	110	134	144	
113	106	129	108	116	147	
110	134	139	107	147	128	
105	118	144	148	121	140	
126	129	141	122	120	140	
134	116	136	107	147	105	
133	125	114	119	117	140	
102	129	149	142	105	137	
107	149	128	118	115	135	
148	105	143	149	115	144	
119	124	140	147	117	141	
107	144	100	106	115	124	
130	125	136	137	132	109	
120	144	146	110	107	111	
122	144	114	104	112	100	
125	111	123	118	126	149	
110	133	143	132	137	138	
108	105	144	121	115	149	
140	111	132	108	117	116	
130	120	118	146	119	127	
112	129	128	115	139	103	
140	131	109	141	119	142	
181	197	188	187	194	189	
198	151	192	153	171	165	
168	179	197	161	162	198	
161	157	160	183	166	180	
175	197	154	163	155	158	
183	193	156	160	175	190	
168	172	195	198	167	191	
188	183	169	154	171	187	
162	199	191	195	184	183	
188	170	156	190	150	183	
167	176	150	157	198	192	
181	155	182	193	165	156	
153	162	152	171	165	172	
178	174	192	186	159	196	
173	190	158	165	182	176	
177	173	161	157	197	163	
175	172	155	169	150	178	
190	158	167	170	163	156	
165	191	170	187	158	194	
188	155	181	171	180	191	
197	154	176	150	173	162	
197	188	183	175	192	195	
191	162	182	170	195	178	
164	169	174	161	176	190	
165	195	193	176	190	184	
187	160	170	177	159	179	
195	174	153	184	189	193	
152	183	190	165	187	188	
155	180	163	191	172	189	
188	165	161	154	183	191	
194	195	153	165	178	196	
183	163	174	160	169	167	
198	182	167	163	192	190	
157	191	158	183	162	194	
177	182	166	199	176	165	
166	194	157	186	160	176	
191	158	174	172	156	198	
162	177	159	182	166	168	
180	171	160	170	196	167	
185	197	153	160	166	163	
187	189	157	198	184	159	
174	178	157	159	189	180	
190	181	169	189	156	155	
157	189	186	175	185	179	
174	185	154	195	186	155	
161	198	170	150	178	166	
163	188	154	161	178	172	
199	160	172	190	188	167	
162	176	178	187	159	192	
168	185	176	197	157	198	
238	215	209	201	245	211	
212	231	211	202	239	234	
245	211	239	233	240	221	
227	238	229	235	216	245	
245	214	237	203	218	207	
208	225	226	248	223	237	
236	211	208	222	239	237	
247	239	206	201	219	203	
219	215	237	230	243	217	
244	248	220	201	242	216	
206	221	239	234	202	242	
218	236	207	214	220	223	
249	219	204	239	211	241	
207	232	233	224	215	235	
242	248	230	240	227	228	
213	209	237	201	200	249	
244	220	201	230	221	243	
209	203	246	213	210	232	
227	249	211	225	236	214	
241	248	203	245	214	237	
243	219	221	227	206	232	
207	216	204	215	214	231	
206	241	232	217	207	215	
243	223	249	244	228	226	
202	209	217	201	225	203	
232	202	212	221	219	231	
241	203	242	200	238	219	
231	241	234	205	201	224	
206	235	215	231	213	226	
227	240	246	208	223	245	
232	201	220	240	222	234	
221	210	248	245	202	219	
247	211	213	214	230	243	
219	245	235	220	241	231	
238	204	233	235	216	223	
234	200	207	219	223	210	
224	234	228	218	239	204	
222	224	211	247	225	204	
213	231	202	233	225	237	
211	205	237	204	221	235	
213	207	233	228	238	241	
230	243	234	212	236	240	
209	237	249	204	238	215	
209	215	244	207	222	212	
213	209	236	216	222	203	
210	249	230	217	236	208	
216	210	225	222	245	227	
245	206	247	212	215	230	
231	233	223	237	210	246	
233	239	203	228	218	222	
283	291	266	285	298	295	
289	257	297	262	278	288	
296	286	279	280	282	264	
288	261	255	282	272	262	
294	287	268	277	283	251	
298	255	271	274	260	265	
251	292	254	285	277	270	
252	251	263	261	298	278	
261	289	267	262	259	258	
297	299	283	269	289	252	
273	260	291	267	259	265	
279	285	259	270	275	292	
299	281	295	252	294	285	
254	298	262	289	283	266	
297	267	262	265	256	250	
293	257	283	250	270	274	
258	255	273	278	283	267	
268	267	285	279	280	295	
276	299	288	266	270	287	
298	272	258	273	256	287	
251	294	274	271	297	298	
294	250	269	273	262	254	
284	268	297	289	273	298	
274	259	288	298	275	278	
261	251	258	252	297	263	
256	275	289	259	281	286	
257	296	282	291	255	269	
289	272	295	261	282	255	
271	279	293	280	254	296	
273	251	285	267	269	271	
280	274	261	288	281	278	
271	280	260	297	289	288	
279	276	252	295	282	286	
295	296	251	276	259	250	
274	256	299	295	278	297	
280	271	258	260	282	278	
265	272	270	277	266	255	
275	265	278	250	255	281	
296	269	283	297	261	289	
261	275	296	251	258	264	
257	266	296	267	288	284	
275	274	296	259	254	267	
263	290	268	255	260	254	
256	289	272	297	285	287	
270	276	269	273	282	274	
278	256	275	265	296	295	
255	285	273	250	278	298	
258	286	280	259	254	299	
290	250	259	254	298	272	
276	286	254	292	291	280	
326	332	314	324	348	303	
302	327	313	335	348	316	
300	329	330	323	312	342	
329	344	335	341	342	312	
309	319	322	317	330	308	
322	329	305	347	327	348	
340	349	314	317	325	334	
303	318	331	300	347	301	
337	334	307	345	341	321	
329	311	314	341	349	322	
341	324	346	315	330	328	
343	325	312	305	331	308	
347	329	348	330	349	325	
328	327	339	325	345	320	
348	321	330	327	301	344	
335	333	324	345	341	346	
312	336	328	313	333	306	
329	320	330	304	306	331	
334	343	316	340	303	347	
348	320	340	302	344	339	
340	332	308	306	338	305	
337	320	301	319	316	309	
320	313	333	315	342	345	
349	330	319	324	327	305	
328	322	305	333	330	320	
327	304	313	300	331	318	
332	300	319	307	325	346	
346	349	318	301	332	336	
305	309	312	324	335	315	
343	340	344	342	339	334	
348	325	335	317	314	334	
305	307	318	343	313	309	
323	313	346	301	349	308	
347	303	328	342	340	335	
335	308	342	313	328	346	
310	304	319	335	320	343	
324	318	335	348	338	321	
317	343	312	322	325	314	
310	327	323	348	332	340	
324	312	300	341	309	325	
310	342	328	340	335	333	
321	330	343	335	303	310	
333	342	326	302	331	349	
324	331	335	305	304	301	
348	337	346	331	335	322	
329	321	303	325	314	316	
316	323	327	341	308	320	
312	301	331	326	313	320	
301	329	312	316	306	304	
307	328	303	308	326	336	
355	389	371	390	368	399	
362	360	396	374	380	373	
368	396	353	384	374	392	
368	385	361	376	350	372	
370	386	394	367	385	379	
356	393	364	380	392	398	
391	387	350	371	357	364	
362	379	396	355	353	351	
368	365	399	354	387	352	
368	375	351	358	398	381	
369	388	364	353	397	394	
360	397	384	383	376	352	
354	389	392	373	391	361	
386	377	363	358	387	393	
351	371	381	398	376	370	
370	366	384	353	361	362	
382	380	389	376	375	383	
368	384	395	383	387	365	
386	363	360	390	373	374	
368	371	390	393	389	381	
358	350	389	370	380	399	
393	392	388	376	379	352	
390	352	351	356	391	361	
365	392	388	397	374	367	
359	372	356	368	360	370	
359	371	362	396	387	355	
380	365	355	354	352	383	
396	376	392	399	397	377	
389	388	351	390	384	357	
385	359	362	358	353	357	
356	363	393	383	379	367	
381	376	383	364	359	377	
351	385	392	389	359	393	
359	398	350	374	358	396	
382	388	351	367	375	356	
370	384	379	387	383	399	
385	379	397	394	357	386	
399	362	357	373	385	391	
358	394	357	396	398	389	
395	358	373	354	399	364	
362	378	369	386	376	390	
397	350	389	356	372	393	
361	387	399	367	357	380	
378	390	392	382	388	363	
398	357	385	386	370	369	
375	364	398	354	367	376	
358	364	381	365	383	375	
397	395	350	375	385	372	
357	373	366	355	390	383	
359	363	395	390	398	351	
428	409	420	444	401	408	
447	437	441	427	429	435	
415	418	413	430	441	411	
419	438	406	425	409	411	
405	445	420	429	437	433	
413	441	438	432	403	400	
404	411	444	427	445	401	
405	439	420	407	444	448	
439	431	445	423	429	402	
426	441	417	421	448	401	
445	403	409	415	411	425	
404	414	432	420	439	427	
425	405	441	446	408	420	
414	447	425	444	424	437	
437	401	402	423	432	440	
424	441	446	447	432	422	
417	434	435	423	414	442	
417	440	422	401	424	414	
415	411	432	440	414	402	
405	435	428	427	436	416	
412	420	436	411	435	405	
442	441	427	404	435	419	
439	409	441	428	420	421	
410	438	431	420	409	425	
416	435	412	417	442	403	
440	415	432	416	423	446	
448	447	407	446	400	419	
446	430	418	440	425	422	
412	414	400	438	424	442	
402	413	410	442	409	422	
438	401	429	412	407	434	
438	444	405	435	407	448	
422	430	423	405	443	413	
436	430	444	407	445	438	
422	445	402	438	441	435	
448	446	424	425	440	411	
414	425	410	445	428	438	
448	413	445	406	421	422	
445	400	420	422	424	406	
436	427	444	415	421	401	
403	428	434	424	422	421	
420	432	429	405	435	423	
403	405	415	428	426	413	
447	430	440	438	429	425	
408	402	432	409	410	417	
428	410	435	442	402	409	
426	427	415	445	440	409	
421	419	407	409	418	406	
406	437	436	424	423	413	
438	418	423	436	403	425	
476	487	496	484	467	459	
467	492	470	494	472	465	
467	456	476	468	470	485	
458	468	452	478	476	484	
492	475	476	455	451	458	
481	472	459	495	485	469	
492	468	499	484	462	479	
491	479	465	481	456	476	
486	463	484	491	455	498	
493	468	485	488	479	451	
496	453	459	489	490	481	
464	486	462	499	450	471	
494	455	495	460	459	470	
472	470	461	462	481	450	
498	450	481	478	484	483	
488	468	469	487	482	454	
482	467	477	487	488	466	
498	483	469	499	460	493	
482	466	452	496	458	480	
499	464	454	491	475	492	
473	482	466	450	479	470	
454	470	473	482	498	468	
484	495	461	458	456	463	
498	488	496	472	468	465	
452	450	455	453	480	496	
476	464	481	483	496	499	
483	486	489	481	454	467	
456	452	451	461	458	477	
457	481	471	455	463	469	
472	465	493	495	494	473	
488	466	465	493	480	477	
490	495	483	465	475	485	
493	456	464	485	463	488	
494	478	497	458	467	480	
455	499	460	483	468	464	
482	451	457	465	497	489	
486	476	482	461	484	468	
458	460	480	483	496	466	
479	450	469	473	499	468	
467	495	454	457	489	492	
471	492	455	498	482	496	
483	470	461	499	484	492	
491	471	473	456	472	494	
499	485	490	452	450	461	
457	471	485	493	491	489	
461	467	477	492	466	499	
488	457	471	469	485	498	
475	486	493	492	465	455	
486	487	499	464	465	498	
495	462	459	468	454	493	
18	0	29	19	14	41	44	
25	10	15	7	26	19	40	
43	20	30	12	9	47	23	
32	30	5	45	48	42	33	
16	29	38	14	40	1	39	
34	27	40	13	48	23	39	
23	1	15	27	22	49	32	
19	2	11	26	12	17	15	
44	27	41	37	0	12	9	
2	30	8	15	9	46	5	
20	30	49	3	46	48	42	
31	19	35	16	48	22	43	
14	19	13	3	47	48	39	
14	4	47	9	42	27	40	
47	38	24	48	37	44	31	
8	39	27	23	6	2	7	
48	10	31	18	30	29	5	
36	25	19	42	39	44	37	
2	37	33	46	1	9	27	
47	4	3	9	14	33	30	
45	34	30	11	4	16	49	
26	2	4	13	5	46	6	
49	3	35	22	20	1	15	
49	5	34	46	2	28	11	
35	32	41	47	4	16	30	
33	31	35	30	10	22	17	
30	5	12	7	10	46	18	
18	11	3	26	9	43	5	
39	45	42	28	46	5	9	
1	12	38	9	8	7	48	
49	12	46	31	16	0	9	
44	28	35	40	4	16	0	
1	41	26	43	7	47	19	
45	7	48	10	30	29	0	
48	4	37	5	19	12	44	
1	0	35	49	42	31	39	
27	47	8	14	37	39	29	
41	43	46	35	8	33	32	
33	34	8	4	21	40	36	
26	21	15	37	12	14	23	
20	14	3	41	34	38	10	
49	35	36	48	28	24	40	
34	35	37	40	26	31	12	
29	3	37	6	44	43	9	
30	19	16	23	13	28	26	
6	15	31	16	0	9	45	
6	33	21	36	15	35	31	
38	49	8	29	20	46	36	
35	43	13	4	44	6	45	
23	7	12	38	44	14	26	
63	60	76	71	50	53	96	
61	62	57	66	82	80	79	
73	64	68	99	70	65	74	
75	59	88	81	54	99	51	
88	63	85	51	96	86	64	
60	53	96	81	71	58	52	
99	89	80	92	59	90	85	
70	72	73	63	52	64	79	
97	84	52	73	85	58	89	
85	72	77	53	74	92	79	
81	68	97	64	52	77	91	
97	90	94	53	56	54	92	
71	64	50	77	74	89	99	
61	93	66	82	58	76	75	
73	58	90	96	74	95	65	
56	81	65	92	78	54	50	
86	65	50	80	76	71	54	
54	61	58	55	98	50	59	
98	61	63	69	94	92	97	
64	89	50	97	80	68	78	
68	96	95	55	87	79	92	
98	61	92	77	76	88	84	
54	63	91	59	92	80	57	
57	92	74	69	56	50	90	
61	64	90	75	80	95	78	
90	89	98	52	88	79	62	
62	84	87	79	82	70	67	
50	81	59	69	86	99	76	
68	63	50	90	54	99	78	
66	94	80	75	71	67	72	
54	92	85	53	82	55	73	
93	66	74	84	72	73	62	
84	87	93	71	94	72	56	
92	68	51	52	76	89	80	
59	54	69	91	85	55	68	
72	55	66	99	56	50	69	
70	52	50	84	73	65	98	
74	81	99	58	86	69	56	
62	50	57	64	96	73	75	
77	56	61	72	82	58	52	
62	52	56	53	69	96	89	
55	95	61	66	79	99	98	
82	76	96	63	91	98	59	
66	99	75	50	96	62	88	
88	83	67	77	50	68	55	
86	84	73	71	55	61	74	
70	64	90	59	76	71	93	
63	62	61	59	55	94	75	
87	85	84	74	90	97	92	
69	92	53	82	98	66	75	
110	105	134	132	107	117	118	
117	122	145	133	116	111	146	
131	108	133	125	139	146	103	
127	124	117	105	131	108	113	
141	103	118	116	149	102	142	
145	114	132	147	123	125	128	
125	105	108	131	115	117	129	
101	125	133	138	113	126	100	
142	125	140	111	117	106	130	
139	140	132	146	110	135	145	
103	105	126	136	148	149	135	
122	112	142	114	135	140	105	
102	110	129	111	120	100	106	
135	145	136	112	107	118	139	
131	136	143	124	101	140	145	
148	125	104	145	108	113	147	
130	149	101	127	111	113	143	
133	125	144	104	108	113	138	
124	100	139	135	146	141	142	
146	127	145	126	115	133	111	
101	131	148	123	125	132	118	
116	139	127	128	131	136	132	
116	122	109	137	118	107	136	
149	128	103	117	138	127	140	
115	149	122	132	123	100	125	
147	116	118	133	144	113	131	
111	104	102	113	133	116	127	
123	125	116	128	145	106	117	
107	117	144	126	102	123	137	
131	113	124	111	119	127	104	
116	110	131	130	111	119	100	
149	104	140	139	101	115	133	
111	128	140	142	101	119	102	
121	105	125	141	100	112	138	
131	132	129	114	149	106	112	
119	144	110	109	101	121	102	
126	138	147	101	117	111	148	
121	132	142	137	125	128	114	
110	100	102	128	144	123	115	
122	136	127	144	129	132	110	
130	143	142	119	123	105	147	
128	116	147	112	113	124	104	
110	117	112	147	126	145	116	
137	104	138	114	106	117	122	
102	111	120	137	131	132	101	
109	118	117	141	102	144	119	
119	109	112	145	117	128	121	
107	142	126	120	106	137	123	
105	123	141	144	119	124	138	
128	135	113	118	137	116	104	
180	161	175	183	177	190	196	
152	169	151	160	164	180	184	
198	186	177	170	197	185	174	
196	154	199	171	192	190	155	
188	190	174	192	189	159	191	
160	175	163	197	174	162	169	
187	164	189	175	173	183	174	
171	152	174	178	165	180	157	
195	156	191	181	163	153	182	
152	155	159	171	187	192	193	
196	174	176	190	186	183	166	
155	168	170	153	178	158	167	
154	161	195	172	166	192	183	
160	190	182	164	183	184	177	
172	198	157	169	177	186	175	
198	180	150	178	183	156	179	
163	159	152	192	153	181	196	
173	168	177	197	150	152	169	
190	180	182	167	151	179	164	
187	151	164	156	171	169	167	
195	177	169	191	176	159	174	
195	189	169	170	158	159	168	
176	192	163	174	175	158	156	
159	174	197	182	189	162	165	
185	173	172	179	150	190	195	
150	182	162	169	183	190	172	
153	191	181	192	157	175	155	
156	182	167	158	185	150	183	
151	162	164	194	192	193	153	
183	170	194	198	174	167	173	
150	190	172	181	184	174	194	
167	160	158	183	166	163	178	
195	172	183	194	164	185	193	
195	198	152	191	196	172	157	
169	163	174	166	193	155	152	
183	151	175	165	168	172	150	
167	168	189	155	191	190	169	
169	168	197	184	170	193	157	
171	174	193	157	173	172	180	
182	194	184	171	195	166	158	
172	199	169	180	193	196	159	
152	175	183	189	162	151	185	
177	195	161	174	171	191	168	
199	174	154	161	159	180	192	
191	184	177	171	161	151	169	
193	183	192	151	175	150	174	
156	167	199	174	152	186	161	
159	165	163	188	157	178	189	
153	199	164	175	178	160	180	
153	178	176	196	152	194	186	
204	225	241	246	248	245	201	
205	233	211	202	246	222	207	
242	207	212	220	227	202	225	
238	239	205	210	236	225	224	
244	224	210	215	229	209	214	
216	219	202	236	207	206	200	
206	209	207	222	240	211	220	
228	233	247	204	245	226	230	
211	210	220	246	217	240	218	
203	244	224	233	213	228	238	
227	207	208	218	243	205	246	
215	235	219	200	212	214	218	
238	230	221	240	228	216	207	
231	209	245	240	235	233	217	
220	206	232	214	248	202	217	
202	238	232	210	220	204	214	
216	243	200	228	221	237	238	
230	225	221	226	224	217	218	
211	241	230	200	239	232	204	
242	233	238	222	247	234	208	
229	205	223	218	212	249	248	
236	224	234	233	202	235	206	
235	231	241	248	244	229	202	
240	235	247	201	216	245	246	
213	228	217	242	232	227	202	
214	206	201	202	224	239	233	
212	207	224	220	222	232	227	
207	226	246	231	235	242	225	
247	244	203	243	210	215	229	
201	220	246	230	205	233	216	
230	239	210	247	226	218	237	
215	217	218	220	226	232	233	
212	239	246	244	248	249	223	
213	217	201	225	235	237	222	
210	243	213	202	215	246	223	
211	231	212	218	237	201	245	
244	207	237	242	202	238	214	
246	203	202	232	213	247	208	
208	226	237	230	244	213	205	
234	227	211	202	209	231	246	
225	240	242	223	247	209	243	
208	240	202	243	249	232	247	
230	212	239	237	206	248	229	
241	242	245	247	222	234	231	
206	247	248	231	209	203	222	
246	215	211	239	228	204	214	
206	241	232	216	222	225	246	
211	220	221	242	207	243	246	
211	203	245	215	234	202	220	
208	220	218	237	213	246	202	
265	280	276	254	299	282	281	
264	275	267	261	283	265	262	
268	252	265	264	269	284	253	
257	291	269	251	255	285	277	
282	298	265	276	272	267	274	
272	298	250	277	267	255	264	
266	252	290	299	277	278	264	
270	263	268	278	252	277	258	
265	281	264	250	283	279	296	
275	277	295	281	255	264	266	
270	299	271	280	264	250	263	
287	284	295	254	250	278	259	
265	250	297	273	283	284	252	
273	293	260	255	272	257	297	
259	282	283	280	297	271	251	
273	296	255	269	299	281	286	
289	266	256	292	278	272	254	
255	299	272	280	262	292	267	
274	253	265	251	290	299	257	
250	265	270	291	260	266	280	
299	268	263	277	276	281	285	
282	293	271	266	287	294	256	
271	282	254	274	266	252	260	
271	289	273	298	281	272	255	
275	295	277	268	284	258	257	
263	251	297	264	252	269	274	
266	294	290	281	275	291	276	
267	297	289	269	291	285	262	
252	290	273	258	275	256	272	
258	277	260	251	263	279	275	
262	278	286	265	290	292	266	
290	267	258	281	263	292	269	
253	266	251	261	290	282	279	
250	264	292	255	283	271	257	
294	258	259	277	299	254	290	
256	255	293	280	296	269	252	
265	254	257	255	263	288	298	
295	263	298	250	280	281	265	
273	254	261	250	281	282	271	
281	277	264	285	253	288	260	
280	288	285	260	279	293	281	
251	292	262	276	281	267	297	
256	274	292	279	295	296	272	
296	265	268	267	269	281	275	
267	252	255	298	257	269	285	
273	255	250	253	274	294	299	
250	282	259	294	272	278	297	
256	250	288	262	259	276	291	
259	252	268	250	267	276	282	
252	258	263	285	261	250	259	
327	329	348	318	330	335	317	
316	307	332	335	313	348	338	
345	335	315	337	306	333	324	
324	313	318	323	320	302	329	
316	318	303	341	331	301	335	
347	312	320	332	340	336	317	
319	343	303	349	330	301	345	
327	308	329	324	336	309	318	
348	305	315	336	329	334	343	
308	315	336	302	324	323	309	
319	334	331	301	337	339	347	
346	327	328	305	312	324	347	
303	311	312	322	332	321	302	
333	315	340	312	345	311	309	
341	332	329	325	322	324	303	
349	309	307	341	301	326	348	
325	344	335	301	310	320	319	
323	311	336	300	343	316	321	
300	321	349	341	322	313	325	
314	313	312	307	308	325	323	
304	340	333	309	347	328	312	
329	318	324	314	311	332	338	
339	301	312	330	323	342	327	
313	322	349	301	304	344	302	
330	313	310	334	302	339	347	
315	330	349	335	305	345	329	
307	332	324	347	310	306	317	
336	339	349	305	343	313	322	
328	344	312	331	303	349	310	
312	310	334	337	339	319	324	
311	340	328	342	301	307	348	
315	326	342	317	323	324	341	
336	316	313	305	346	324	304	
323	328	340	319	315	303	345	
339	302	341	324	346	332	322	
301	311	321	312	322	342	318	
345	336	310	330	349	307	341	
308	332	321	342	301	346	349	
310	318	302	308	339	348	349	
300	317	332	319	343	310	309	
343	333	331	327	340	308	311	
317	318	304	307	303	327	314	
310	319	301	343	308	340	309	
306	329	305	332	310	326	302	
318	345	342	330	347	311	313	
345	344	315	342	331	338	304	
310	323	347	303	324	305	300	
330	324	318	340	319	307	320	
302	338	324	301	317	318	335	
328	339	338	336	304	319	342	
366	377	370	386	369	357	374	
391	387	375	399	377	378	355	
365	391	393	395	374	361	370	
378	396	359	356	386	398	382	
365	378	371	383	375	394	392	
379	364	398	363	391	374	353	
394	350	369	393	370	391	361	
399	374	356	391	384	381	365	
360	362	374	370	376	369	375	
361	351	354	392	368	381	377	
373	379	386	367	368	390	382	
398	381	366	384	394	354	382	
372	380	391	356	360	366	353	
381	393	397	380	354	360	392	
391	378	386	376	394	352	397	
371	381	350	362	388	397	387	
350	364	381	357	384	365	389	
357	352	363	351	362	399	392	
377	392	350	394	363	369	357	
390	359	394	381	360	353	357	
351	358	381	398	373	368	371	
373	368	379	356	375	350	386	
350	397	365	363	388	372	395	
399	397	353	380	369	382	398	
369	358	390	368	378	375	395	
354	398	390	352	383	380	395	
370	360	361	367	377	376	380	
366	364	350	379	369	390	360	
372	360	367	383	377	355	351	
358	396	367	392	354	387	363	
372	355	377	382	360	394	379	
377	363	370	350	354	375	396	
391	356	363	359	384	375	368	
378	374	376	371	389	383	356	
353	362	398	372	393	355	367	
391	360	362	358	368	366	372	
381	350	388	355	360	368	382	
365	397	370	376	357	358	377	
378	395	366	371	375	394	351	
353	383	366	355	394	360	386	
359	396	369	385	394	352	355	
370	357	390	379	398	384	397	
372	399	386	391	375	379	352	
386	363	366	357	383	394	350	
360	385	392	369	375	390	372	
380	367	396	399	389	398	366	
386	388	352	392	356	370	351	
387	368	370	357	364	383	369	
358	380	365	378	361	393	391	
360	380	371	396	386	379	355	
427	407	422	426	424	400	410	
426	432	428	412	418	422	435	
435	449	407	425	421	441	439	
435	424	439	412	438	413	422	
402	403	409	439	433	428	418	
415	412	409	405	407	400	439	
402	411	414	446	403	438	420	
409	428	441	449	408	420	400	
402	403	440	409	434	414	447	
428	443	430	416	437	436	449	
445	427	428	402	419	401	442	
430	402	436	423	420	427	403	
400	418	409	413	422	416	420	
407	422	425	448	401	440	431	
419	418	449	409	426	435	423	
436	427	430	401	417	426	428	
444	447	414	439	434	423	408	
409	443	415	401	405	431	419	
427	446	433	434	436	407	422	
425	415	414	449	440	426	443	
413	400	404	421	423	416	443	
448	414	442	447	410	405	416	
449	401	422	415	437	440	419	
403	444	430	428	435	426	413	
438	445	412	402	417	418	434	
423	448	412	440	442	428	433	
432	448	424	443	436	416	403	
444	430	439	426	445	449	413	
449	444	420	410	422	423	438	
409	405	429	437	442	414	443	
432	413	449	430	435	420	408	
406	443	422	427	403	419	426	
440	443	432	429	401	438	412	
431	430	447	436	434	443	442	
418	439	449	406	401	443	410	
400	420	414	411	432	401	444	
437	439	402	420	440	428	434	
422	424	420	425	423	419	428	
438	423	437	425	410	402	433	
421	405	429	423	437	401	428	
432	434	412	418	402	410	431	
423	405	420	422	432	416	445	
448	430	401	419	441	418	408	
433	431	444	418	445	409	425	
400	424	421	418	401	447	403	
406	416	424	447	442	412	445	
440	426	444	404	433	401	420	
427	448	401	443	423	402	446	
449	431	441	413	432	409	437	
410	432	433	406	413	449	435	
452	471	453	470	475	489	467	
485	477	467	462	496	491	484	
497	486	499	479	458	495	452	
494	475	466	462	495	463	450	
485	465	459	484	453	483	489	
485	458	472	494	495	473	493	
452	470	489	466	458	485	487	
450	494	498	497	451	453	487	
472	456	463	453	477	488	494	
476	486	494	497	488	468	469	
457	479	469	453	458	472	489	
479	461	490	457	495	474	497	
463	470	450	474	462	454	478	
498	499	468	471	455	453	485	
452	458	472	468	486	484	481	
493	473	455	459	474	465	477	
481	456	496	454	471	483	452	
487	495	475	498	459	494	466	
486	462	465	463	475	464	494	
462	486	493	465	457	482	459	
452	483	486	485	479	450	455	
466	489	461	465	451	454	475	
489	483	466	496	462	459	461	
467	488	485	476	491	496	466	
478	461	458	460	477	465	468	
452	476	494	496	457	456	455	
481	463	484	498	480	497	469	
496	497	473	465	487	489	455	
490	470	469	479	468	480	465	
451	496	482	486	457	483	476	
477	461	462	498	488	491	497	
483	497	486	490	473	485	476	
459	477	461	451	463	480	478	
479	462	499	490	474	487	496	
461	477	487	464	491	473	494	
495	479	457	489	475	472	453	
477	460	480	483	459	487	454	
479	460	476	471	464	480	492	
462	460	478	477	493	451	469	
458	484	456	477	450	459	473	
496	490	471	498	479	452	482	
499	450	458	456	453	474	460	
492	497	485	461	467	475	460	
484	470	464	485	459	463	487	
466	485	455	474	454	493	489	
494	474	482	480	488	469	472	
498	463	496	492	472	453	452	
484	491	486	478	468	480	498	
483	464	489	491	458	457	450	
454	497	482	475	472	462	490	
16	45	39	11	38	48	6	22	
32	27	6	20	14	34	26	42	
10	2	48	44	3	16	47	42	
31	28	22	33	4	1	30	14	
31	48	25	49	44	42	32	20	
4	49	19	41	6	28	16	9	
1	33	27	14	38	44	39	24	
27	30	3	37	25	43	24	5	
39	24	11	46	48	7	41	13	
26	1	43	30	39	14	37	38	
1	18	5	14	3	27	7	49	
11	1	46	36	28	16	20	34	
0	22	18	34	10	23	47	16	
2	46	9	17	42	14	27	7	
26	31	15	48	43	49	18	11	
0	17	4	42	27	3	24	25	
12	43	14	38	17	48	24	11	
23	33	3	8	41	35	30	24	
12	18	43	25	28	41	8	42	
6	35	20	33	18	8	32	42	
12	23	44	14	47	20	8	1	
16	29	44	1	21	7	20	32	
35	6	27	23	38	39	32	8	
15	20	2	28	34	36	22	41	
9	32	33	49	2	7	38	14	
7	32	28	12	33	43	30	46	
17	12	33	26	44	42	36	10	
27	1	30	38	12	18	35	14	
11	4	0	30	6	34	39	26	
18	7	8	6	15	23	48	26	
3	31	2	0	34	40	1	38	
1	3	21	18	36	10	17	15	
13	26	32	29	8	25	28	20	
43	3	5	17	47	30	4	29	
27	15	32	14	40	16	3	44	
14	36	19	26	33	3	44	31	
24	49	32	17	13	1	30	38	
1	14	40	34	32	9	41	33	
27	15	14	37	20	32	5	48	
42	43	12	27	29	30	5	23	
6	32	28	4	23	43	10	26	
43	8	47	30	14	10	22	46	
28	37	46	22	23	49	0	14	
45	34	48	31	13	46	37	16	
48	1	8	2	35	34	25	30	
34	9	25	47	19	11	26	43	
10	29	46	34	25	0	36	21	
41	37	20	33	45	19	9	25	
14	21	22	9	3	32	24	46	
27	17	12	2	6	24	34	16	
91	76	50	95	68	79	82	63	
66	79	67	55	94	77	83	99	
89	69	95	92	87	61	65	90	
58	67	65	52	83	66	55	56	
59	89	85	54	88	76	82	53	
76	73	82	65	98	72	74	89	
54	50	72	80	86	92	69	73	
74	50	58	82	79	83	94	85	
55	87	98	80	64	89	76	96	
56	68	75	51	81	67	62	91	
52	51	60	69	74	58	89	94	
83	89	66	90	60	72	97	57	
80	79	82	83	96	81	60	73	
70	94	51	64	68	91	97	82	
52	69	87	75	63	70	84	90	
77	93	74	66	50	98	84	87	
52	94	77	57	85	90	53	97	
70	88	66	62	98	95	94	79	
71	78	54	96	51	94	93	86	
78	76	59	81	62	94	54	69	
53	59	82	58	67	78	66	69	
76	94	55	82	69	60	96	86	
83	92	80	85	99	79	59	93	
68	72	85	98	54	95	56	51	
88	97	95	90	54	68	63	76	
73	83	82	69	86	67	63	59	
62	52	83	55	87	64	66	63	
53	95	96	61	94	77	68	91	
88	98	64	92	74	67	57	55	
77	61	86	78	70	57	96	74	
85	61	90	95	71	53	78	58	
55	95	86	61	93	73	60	76	
99	75	50	60	88	61	93	67	
66	89	60	87	76	53	74	83	
76	93	95	50	78	61	87	67	
75	87	69	80	82	81	55	76	
84	82	89	54	94	93	78	63	
73	80	76	54	98	87	68	97	
50	57	85	62	61	75	64	52	
85	65	87	82	56	90	68	92	
92	96	60	90	56	93	83	82	
99	81	94	59	71	96	93	62	
58	65	79	85	76	62	83	73	
94	56	81	92	55	54	91	51	
87	55	75	63	68	71	96	66	
57	92	51	94	78	80	90	52	
62	82	55	93	61	51	64	57	
53	58	90	56	55	67	72	86	
68	92	91	64	52	74	56	82	
56	55	94	52	64	61	99	75	
129	107	135	119	105	136	144	143	
101	135	142	133	122	120	137	140	
103	114	100	118	121	102	113	112	
105	140	106	114	119	145	120	132	
135	121	131	130	104	147	124	148	
112	124	143	109	117	126	106	100	
126	100	118	101	102	134	131	121	
104	103	138	125	134	120	146	108	
100	113	126	118	137	107	138	127	
108	113	101	119	126	142	127	144	
145	148	116	144	101	131	122	120	
110	114	105	147	117	139	102	104	
109	106	100	124	119	146	107	132	
140	123	117	113	121	149	124	142	
102	145	126	127	118	138	109	135	
114	137	110	144	143	123	141	126	
102	101	129	131	135	134	115	142	
126	105	123	112	117	139	103	121	
148	114	147	101	133	132	119	116	
124	108	120	133	116	119	102	132	
118	133	108	103	121	134	140	149	
139	131	103	137	136	127	121	112	
113	105	108	136	100	134	120	124	
100	138	122	106	114	123	147	125	
106	143	132	102	125	127	103	107	
106	113	145	142	122	131	148	102	
137	133	132	125	122	116	148	106	
107	116	100	129	143	128	148	119	
119	143	130	138	109	104	111	147	
100	128	146	131	102	122	133	143	
102	104	128	119	100	118	125	130	
132	148	138	110	102	120	105	104	
109	141	130	149	135	111	103	122	
129	139	125	121	128	101	135	138	
147	104	139	134	101	137	102	117	
131	119	128	140	112	139	100	115	
120	118	122	131	143	136	115	103	
110	131	114	112	116	129	128	111	
139	121	117	146	111	104	124	132	
100	128	103	142	138	110	120	108	
123	126	125	128	112	110	140	105	
113	111	149	107	127	119	142	141	
106	142	129	111	140	147	107	148	
109	139	114	140	135	145	130	146	
133	122	139	137	100	114	129	109	
137	109	118	124	113	100	135	130	
132	110	119	134	124	144	125	106	
114	100	113	147	116	107	131	130	
117	102	135	114	129	132	105	137	
120	143	115	136	127	144	110	108	
154	173	158	188	177	150	163	161	
194	158	175	173	159	177	174	152	
168	158	174	156	167	161	177	195	
163	198	152	162	187	179	157	170	
176	163	160	166	197	156	175	191	
164	151	185	170	154	152	153	182	
177	159	166	167	164	180	199	163	
162	180	159	187	153	151	190	170	
179	152	193	197	175	169	184	181	
162	199	181	178	192	198	174	164	
188	189	199	157	180	192	195	161	
151	184	175	196	177	182	197	174	
199	157	172	169	174	195	186	178	
188	175	152	153	176	167	194	151	
191	158	190	186	151	167	185	150	
153	163	151	196	178	184	167	187	
159	186	172	188	182	180	175	190	
183	196	195	193	176	194	189	165	
176	199	165	158	159	162	173	185	
161	191	197	181	171	185	159	193	
159	151	173	158	150	160	161	167	
156	162	175	177	160	168	151	194	
154	161	181	171	170	158	197	193	
156	196	178	194	152	189	198	150	
178	157	173	180	193	184	187	164	
198	183	199	166	192	190	164	157	
194	169	157	177	173	153	165	183	
159	151	161	170	185	183	162	178	
180	175	152	162	160	184	156	187	
188	162	196	198	179	155	185	167	
163	179	183	157	155	190	196	161	
175	154	151	150	187	179	185	199	
196	186	162	199	159	189	172	154	
166	196	197	194	171	164	159	170	
190	167	172	196	168	153	156	175	
199	183	197	187	186	182	160	165	
185	195	190	165	157	169	159	179	
184	165	171	173	179	192	168	183	
189	160	153	185	177	161	184	150	
188	174	194	154	186	171	183	179	
178	190	170	160	164	196	183	166	
159	193	164	150	161	166	199	195	
182	197	165	163	181	160	195	189	
153	187	197	157	190	191	176	185	
156	194	192	183	157	175	190	171	
164	167	187	192	174	163	171	190	
173	168	181	153	189	197	157	180	
168	191	193	163	173	159	172	188	
169	199	156	167	150	186	168	198	
175	154	195	151	162	158	187	170	
233	222	238	205	215	208	240	236	
200	219	243	222	218	229	202	207	
230	236	244	235	243	207	240	237	
238	216	234	240	208	205	210	249	
227	211	233	230	205	221	226	236	
226	232	235	229	206	202	244	243	
209	242	208	207	225	200	211	214	
231	219	205	218	247	227	233	212	
214	232	210	225	238	203	236	205	
223	227	231	207	206	241	246	248	
222	237	243	223	244	241	242	217	
248	214	211	201	249	229	223	220	
238	200	211	242	249	220	234	219	
244	228	215	213	241	216	229	226	
227	245	246	224	231	203	233	220	
237	242	224	223	234	202	241	218	
210	214	229	207	201	208	209	221	
206	230	231	223	228	215	210	211	
218	235	209	232	222	201	220	214	
247	220	239	213	235	236	225	215	
236	204	245	242	228	215	246	211	
225	215	213	206	239	214	230	226	
212	210	203	228	246	241	202	208	
210	213	229	244	241	221	214	235	
205	213	238	236	246	216	200	245	
234	211	218	249	244	217	204	246	
242	202	213	225	236	214	244	218	
230	219	215	226	243	228	223	206	
237	213	227	233	212	218	220	204	
205	210	239	233	208	207	219	229	
205	221	209	204	210	219	230	220	
235	230	241	201	226	221	203	225	
216	249	211	247	236	222	219	214	
214	212	230	200	205	213	225	217	
237	228	210	208	248	234	216	207	
201	241	208	240	219	234	230	200	
225	202	232	226	235	219	245	210	
213	212	239	201	206	231	225	237	
204	216	237	226	236	232	212	240	
238	225	228	201	242	223	220	224	
214	245	225	206	218	249	222	203	
241	237	222	209	244	215	221	230	
245	237	241	223	202	216	228	210	
213	210	202	221	239	235	214	248	
206	202	246	228	234	249	205	221	
220	206	234	218	232	216	236	215	
242	225	217	223	203	221	200	215	
249	204	243	223	233	235	209	234	
218	230	241	217	246	224	209	219	
236	240	204	239	222	247	221	211	
259	279	265	289	261	260	288	278	
287	288	252	283	250	262	253	271	
278	270	255	260	291	281	286	263	
260	250	293	252	276	267	279	264	
262	261	265	255	266	282	257	297	
272	270	264	296	271	254	257	299	
297	295	293	290	251	291	263	250	
284	282	275	263	271	262	273	296	
271	298	269	266	252	254	296	289	
297	285	287	267	255	250	259	289	
251	280	296	297	274	269	293	284	
260	254	253	297	279	280	250	283	
270	252	272	268	284	296	259	288	
289	261	297	288	291	252	299	278	
263	281	268	261	269	277	271	276	
270	251	295	262	297	272	254	259	
296	288	280	299	274	272	265	258	
271	264	293	280	290	297	261	255	
298	297	283	251	259	253	252	272	
297	299	253	260	289	264	298	252	
257	292	279	281	297	269	265	298	
266	295	263	285	255	269	280	265	
264	276	277	266	292	259	268	290	
267	261	256	292	286	279	262	282	
280	297	298	288	268	251	275	282	
291	273	257	286	288	261	268	270	
277	297	267	288	253	250	276	270	
264	252	274	299	263	273	271	277	
253	298	277	252	259	296	295	254	
253	274	259	267	250	269	286	279	
289	264	287	263	256	271	251	273	
273	264	269	281	283	277	293	297	
288	269	298	277	290	283	285	262	
281	265	259	267	283	277	295	288	
262	279	263	287	289	260	294	290	
294	259	278	256	274	252	276	258	
280	282	267	279	257	254	291	289	
271	288	268	265	282	270	259	274	
294	297	275	289	268	296	258	264	
279	269	261	292	286	262	297	277	
297	289	298	291	254	280	290	286	
254	257	295	280	289	294	275	278	
255	280	256	286	253	258	294	260	
281	283	297	250	258	279	254	294	
251	275	254	267	268	296	270	277	
263	272	271	260	276	275	274	273	
297	263	265	286	290	252	277	274	
289	264	254	287	274	270	263	298	
288	295	297	259	274	257	263	282	
255	294	292	275	283	251	263	277	
303	347	349	346	332	335	310	311	
340	346	304	302	335	316	312	314	
320	311	321	330	324	340	349	343	
348	325	322	306	328	343	323	345	
307	330	344	320	318	304	345	335	
306	320	342	307	339	340	324	302	
322	314	300	338	332	328	309	330	
349	325	341	342	319	307	336	344	
308	349	348	314	342	301	325	341	
315	339	345	336	307	305	316	326	
335	315	347	317	304	340	324	316	
305	340	323	333	330	339	320	317	
311	306	335	336	326	337	346	329	
318	310	342	320	304	344	338	328	
301	305	332	329	328	349	317	342	
309	307	345	303	304	325	316	346	
341	340	316	315	328	321	333	349	
320	343	348	302	337	316	317	323	
314	338	313	309	347	339	349	323	
300	319	322	320	316	343	304	347	
319	338	331	347	339	309	329	313	
327	333	307	348	309	300	304	325	
317	328	343	302	314	331	316	329	
315	349	300	339	335	318	333	332	
335	317	304	349	332	305	334	328	
301	310	345	320	342	346	333	309	
319	301	340	335	300	338	344	318	
346	319	332	321	317	337	305	300	
305	317	334	326	312	319	304	301	
327	330	307	325	302	313	322	338	
310	309	301	323	344	306	335	345	
317	300	314	325	327	315	335	329	
348	320	347	316	302	305	306	310	
320	327	304	301	311	319	302	310	
319	336	316	323	347	317	342	321	
322	311	308	316	313	326	302	310	
339	328	343	326	303	300	312	336	
308	326	319	317	310	304	314	324	
314	339	330	348	308	332	336	300	
341	348	345	340	311	321	333	325	
337	305	317	349	331	347	329	310	
318	325	332	334	341	333	329	339	
339	334	330	305	300	309	325	336	
308	319	344	316	324	311	347	317	
301	321	314	325	334	346	322	349	
319	326	304	311	302	305	317	337	
326	342	339	331	346	347	315	325	
319	300	310	325	323	320	303	328	
333	336	319	308	306	332	343	310	
304	339	327	300	342	324	301	319	
385	381	399	377	373	395	384	389	
385	354	367	370	357	359	350	356	
369	351	397	381	368	357	355	398	
379	371	377	383	398	392	372	360	
358	398	395	359	393	394	392	396	
364	374	370	369	384	352	368	357	
383	373	365	386	375	359	394	358	
390	373	389	354	382	352	366	385	
377	363	391	375	386	355	393	357	
363	387	366	381	362	394	364	355	
386	388	364	382	356	368	354	351	
380	355	362	368	396	354	389	386	
374	371	382	375	361	394	354	389	
370	378	376	382	392	367	385	391	
366	385	382	359	373	367	375	377	
357	388	352	393	392	371	390	372	
371	361	398	397	386	360	380	366	
366	380	353	355	379	365	360	364	
362	395	397	354	370	350	394	353	
383	382	397	367	361	364	391	376	
384	352	371	367	381	362	366	394	
354	367	382	375	399	357	384	377	
373	383	397	357	362	359	350	371	
386	366	395	385	361	393	383	354	
390	394	365	360	399	388	393	379	
380	398	386	366	363	362	393	372	
386	355	370	391	399	392	363	353	
387	367	390	394	351	358	354	392	
353	366	381	363	383	388	350	351	
396	380	399	382	391	370	355	376	
390	375	351	382	354	385	360	355	
373	378	376	382	387	375	395	397	
357	358	389	361	373	382	378	395	
376	350	360	384	371	399	377	378	
375	383	367	391	372	385	380	396	
387	379	370	399	389	390	380	398	
376	390	361	372	350	399	380	357	
351	359	379	374	353	376	398	352	
372	387	360	386	379	359	390	381	
373	394	352	365	363	361	382	385	
352	386	383	350	373	372	385	390	
373	359	384	394	380	399	370	363	
359	399	358	393	397	386	392	365	
396	362	383	377	352	366	380	391	
395	357	397	361	350	359	394	363	
379	363	359	382	351	360	388	377	
388	369	385	375	355	378	363	386	
390	389	367	377	386	368	359	384	
364	355	354	398	363	374	379	365	
373	376	392	360	383	351	374	398	
446	417	434	406	445	435	400	442	
419	422	438	415	424	412	449	436	
416	444	417	441	425	405	411	406	
430	402	420	429	438	407	440	444	
427	437	423	418	406	449	432	448	
401	405	418	442	435	449	403	414	
407	437	431	406	425	410	430	442	
443	408	432	448	440	410	421	424	
403	409	408	413	416	405	431	436	
411	406	408	414	401	431	426	430	
427	426	418	436	431	443	425	419	
404	431	416	401	441	417	435	434	
438	439	441	429	427	421	449	435	
408	446	433	438	442	419	404	422	
441	435	414	410	405	431	442	422	
402	432	445	419	423	436	448	429	
426	422	416	411	425	447	421	448	
403	404	445	412	433	430	420	446	
408	403	428	448	407	414	436	415	
441	432	428	434	419	418	445	448	
442	400	440	416	419	426	448	446	
407	444	439	423	408	443	402	434	
417	424	412	409	420	439	422	419	
424	416	421	417	444	436	404	440	
421	439	408	400	422	427	441	424	
431	437	432	419	401	415	404	417	
436	428	409	414	402	412	423	410	
408	426	411	420	438	403	406	427	
428	433	416	444	425	429	421	442	
447	401	427	420	439	428	418	415	
431	447	411	449	441	425	440	435	
403	429	416	435	420	445	425	428	
414	410	405	409	407	425	415	400	
410	420	429	402	409	422	408	447	
406	410	405	420	407	427	429	400	
422	427	426	429	425	417	413	445	
430	436	421	447	435	433	434	400	
449	447	407	406	414	445	418	446	
415	416	448	410	419	443	427	412	
403	409	405	440	438	413	425	441	
434	419	432	403	418	407	413	438	
406	434	444	407	448	408	426	439	
415	421	400	429	435	447	407	431	
430	410	449	416	417	428	401	434	
425	423	446	447	414	428	417	442	
403	402	414	439	423	412	433	420	
446	403	400	428	413	417	426	444	
417	430	407	419	443	449	400	420	
405	428	411	408	418	417	434	414	
417	431	403	444	426	428	429	443	
450	459	467	488	482	464	494	480	
480	491	459	470	483	492	472	468	
458	479	456	478	465	452	450	461	
488	450	462	472	482	478	470	452	
470	469	456	495	497	496	452	481	
498	456	468	476	497	471	469	479	
460	452	498	470	489	456	453	462	
487	473	482	465	490	495	466	484	
455	460	471	499	468	491	464	465	
486	469	459	485	487	454	496	467	
466	471	452	497	465	477	484	486	
453	499	463	484	493	489	485	471	
451	456	493	460	457	469	484	453	
479	451	499	488	453	482	460	472	
466	471	494	453	481	491	485	492	
498	488	487	483	485	461	490	496	
496	451	490	469	499	482	477	479	
473	472	459	460	453	467	481	450	
489	488	456	466	480	462	495	477	
492	454	499	468	482	451	458	486	
462	467	451	480	472	479	464	459	
479	493	466	498	484	485	463	497	
491	497	486	456	495	465	451	452	
468	499	495	450	492	493	481	461	
457	472	476	488	493	485	492	480	
474	462	477	460	466	472	485	470	
453	456	452	454	483	482	475	457	
465	473	453	474	480	486	462	485	
456	467	479	454	469	470	483	473	
488	461	473	480	459	482	470	455	
468	478	453	454	477	452	467	481	
463	458	486	477	496	485	482	459	
452	453	483	475	476	473	498	461	
456	485	464	477	474	488	472	495	
452	463	479	469	466	460	456	482	
488	468	497	492	460	478	485	470	
489	472	490	451	460	473	464	452	
474	461	479	462	491	469	478	481	
478	497	469	473	465	466	462	488	
454	483	485	492	499	476	464	468	
468	491	482	471	472	467	478	493	
480	465	481	460	484	493	487	479	
462	478	471	493	459	498	476	464	
469	480	458	479	487	486	453	470	
496	493	455	458	488	468	464	492	
480	477	494	483	457	485	469	475	
476	465	455	454	460	453	468	487	
454	463	458	480	453	461	450	452	
450	463	497	473	488	493	464	481	
450	455	498	457	453	463	471	464	
347	24	213	
143	173	401	
456	111	447	
122	269	277	
497	489	480	
483	311	398	
196	317	33	
27	351	315	
214	112	86	
120	46	60	
8	490	4	
295	300	225	
314	9	89	
340	256	302	
266	312	199	
72	302	221	
39	327	239	
447	200	299	
310	197	237	
464	157	193	
131	473	382	
470	460	282	
49	449	486	
4	109	399	
255	233	270	
181	336	266	
137	180	288	
86	262	367	
55	13	198	
91	93	98	
345	47	316	
217	323	169	
497	159	486	
420	382	288	
123	270	401	
141	207	146	
238	256	171	
499	173	260	
65	79	134	
107	196	391	
268	195	307	
385	138	343	
205	156	481	
415	212	471	
407	46	287	
19	408	391	
344	47	280	
498	167	133	
71	212	410	
366	91	9	
304	467	109	
13	354	161	
330	145	75	
30	12	315	
127	80	478	
310	35	12	
155	339	455	
344	332	457	
194	428	227	
359	382	425	
45	458	452	
107	129	440	
197	271	100	
215	104	391	
52	424	426	
24	456	105	
455	77	93	
62	306	162	
169	158	141	
339	334	142	
274	65	146	
173	2	324	
39	248	89	
200	103	453	
409	213	194	
91	282	285	
119	315	383	
127	377	371	
437	468	169	
364	171	301	
415	226	464	
234	228	442	
259	443	201	
209	174	268	
476	59	191	
428	84	41	
88	197	192	
171	139	432	
222	310	227	
198	273	183	
202	392	484	
174	403	268	
91	117	455	
87	413	355	
451	248	137	
428	29	443	
377	418	161	
163	209	203	
478	165	388	
76	120	33	
62	26	254	
120	169	75	
15	357	359	
485	462	76	
199	249	299	
448	130	158	
175	20	180	
298	238	494	
418	111	43	
321	127	136	
179	277	386	
303	265	238	
349	34	362	
224	118	211	
55	19	82	
20	454	151	
38	136	189	
188	367	491	
136	328	321	
158	469	288	
177	19	150	
468	269	27	
311	156	227	
458	369	114	
442	450	216	
336	171	49	
226	70	124	
115	7	156	
362	472	382	
358	344	70	
266	389	313	
209	183	101	
329	347	488	
376	383	137	
57	353	492	
452	25	373	
273	398	258	
408	480	87	
434	466	225	
22	391	144	
283	337	472	
475	12	210	
264	415	379	
33	169	88	
52	178	350	
320	237	104	
406	237	334	
355	366	226	
447	22	474	
12	366	321	
114	25	72	
55	333	448	
331	260	151	
126	244	176	
351	220	339	
7	222	329	
164	382	422	
483	477	145	
254	442	406	
235	377	268	
36	1	40	
159	184	169	
189	107	224	
377	416	381	
238	300	441	
377	13	315	
298	419	37	
493	337	425	
231	496	189	
133	136	228	
359	486	130	
416	479	351	
381	372	13	
148	73	328	
76	452	273	
306	387	96	
274	16	235	
146	422	420	
51	265	299	
221	375	422	
36	434	246	
202	219	410	
459	218	153	
418	204	357	
260	58	235	
361	138	391	
112	234	439	
292	338	16	
455	118	86	
330	7	227	
225	302	428	
266	395	83	
423	128	38	
140	402	141	
419	219	92	
112	59	337	
420	32	42	
16	471	288	
129	241	435	
424	323	409	
226	206	330	287	
24	466	381	43	
404	308	407	443	
27	216	493	68	
251	191	264	144	
67	14	120	239	
266	407	281	44	
11	64	176	244	
73	259	193	292	
381	219	437	480	
178	80	105	86	
276	273	190	367	
340	68	139	268	
390	144	169	452	
333	431	428	318	
20	216	350	221	
140	125	169	143	
415	274	361	442	
246	292	74	195	
202	179	289	23	
0	335	347	454	
353	301	302	57	
232	132	456	51	
141	196	379	184	
309	222	495	37	
129	170	404	196	
332	460	19	478	
260	396	10	427	
203	466	343	30	
97	57	142	111	
459	354	261	137	
283	95	377	492	
252	130	168	372	
29	253	254	307	
141	4	329	125	
484	350	181	65	
486	2	43	324	
474	161	258	339	
231	114	492	151	
366	380	309	337	
461	106	355	171	
137	84	109	92	
31	177	455	228	
256	150	264	450	
347	95	106	366	
139	381	58	264	
36	70	52	212	
110	366	37	115	
175	306	72	257	
338	42	57	154	
49	57	477	423	
467	257	1	273	
110	272	284	357	
276	117	119	371	
92	475	68	196	
91	396	483	121	
15	374	74	485	
491	84	325	450	
221	265	467	389	
55	178	167	212	
82	464	380	343	
92	474	72	22	
491	268	133	144	
106	257	322	292	
376	265	197	34	
1	59	103	21	
138	222	271	143	
443	102	93	248	
345	114	449	81	
57	469	364	202	
204	229	341	392	
248	432	478	449	
442	464	377	116	
66	444	246	287	
206	30	350	381	
269	301	217	44	
421	40	290	482	
303	83	368	272	
72	107	410	60	
152	90	375	388	
233	285	60	114	
487	6	282	471	
442	431	216	90	
190	24	318	298	
251	101	442	224	
464	359	353	22	
38	389	293	393	
448	323	352	198	
435	10	369	58	
37	258	321	55	
206	379	371	292	
288	422	133	182	
396	81	345	150	
173	280	156	256	
327	301	95	463	
60	402	157	349	
80	19	313	27	
215	187	436	44	
493	73	235	20	
49	438	41	289	
263	107	3	369	
392	273	264	130	
68	220	259	304	
171	251	394	16	
358	3	487	87	
499	166	15	396	
34	39	86	279	
91	422	478	225	
374	298	121	87	
255	294	242	292	
38	322	443	67	
115	48	474	438	
21	183	127	287	
422	91	44	192	
52	429	495	475	
394	172	211	371	
414	56	482	353	
480	177	308	7	
426	181	482	336	
202	496	431	280	
216	71	274	364	
416	278	166	231	
465	9	20	346	
320	498	496	147	
255	362	226	414	
473	456	143	499	
147	465	275	387	
128	423	293	159	
392	64	387	70	
324	263	159	371	
55	101	314	244	
124	152	18	258	
236	201	364	389	
32	244	136	435	
118	463	320	276	
355	405	223	230	
396	335	88	164	
272	36	394	494	
52	172	480	43	
263	127	130	168	
462	252	188	294	
371	389	251	39	
328	494	101	370	
95	338	62	74	
362	142	168	255	
478	339	201	14	
91	112	410	468	
162	125	260	83	
424	108	344	166	
294	342	360	320	
359	100	142	345	
302	74	375	287	
336	375	228	386	
63	160	102	297	
252	92	339	72	
289	464	303	38	
1	218	78	358	
432	449	406	12	
341	163	452	323	
384	212	396	12	
1	468	318	316	
407	271	301	234	
311	389	384	248	
476	374	484	431	
487	116	117	15	
442	67	480	475	
1	348	328	193	
81	172	176	276	
241	209	286	482	
449	412	433	185	
406	98	440	445	
233	433	91	93	
233	347	25	187	
391	124	155	420	
447	365	148	253	
148	9	107	327	
217	68	98	218	
471	269	9	436	
84	198	267	412	
36	150	394	433	
353	469	320	165	
86	27	230	478	
421	48	133	36	
293	128	269	350	
488	87	118	79	
328	424	393	264	
483	171	409	91	
293	485	0	246	
306	365	66	42	
266	166	77	252	
188	479	62	491	
372	177	207	56	
105	198	315	128	
126	342	86	90	
366	411	198	359	
117	48	78	9	
450	131	77	357	
217	118	262	486	
491	298	1	48	
108	428	438	251	
45	458	185	411	70	
464	470	297	230	258	
218	322	290	150	136	
372	358	147	342	181	
8	251	124	138	488	
38	469	436	112	317	
33	308	398	92	23	
458	462	201	130	221	
20	496	147	150	29	
477	371	20	338	322	
448	337	306	106	1	
190	388	374	43	384	
402	32	154	16	86	
378	203	49	444	147	
291	242	223	226	95	
483	245	121	164	26	
164	443	428	99	359	
27	63	135	282	452	
159	476	53	322	400	
117	133	137	460	143	
121	363	459	364	291	
70	85	62	173	353	
354	426	126	431	140	
116	201	77	73	423	
482	427	97	386	444	
125	61	435	250	291	
138	54	39	157	215	
190	186	375	52	163	
441	291	374	73	475	
300	390	200	485	26	
19	308	98	361	282	
482	414	466	226	212	
167	494	149	321	281	
245	134	472	92	457	
286	470	235	271	244	
477	102	399	146	489	
347	295	496	464	328	
315	313	111	131	21	
472	99	199	259	184	
430	20	432	279	52	
359	49	446	79	258	
291	358	350	293	95	
122	410	492	138	95	
269	72	412	305	316	
214	330	28	51	393	
256	211	137	481	59	
186	2	40	100	421	
6	362	33	179	311	
310	439	257	322	82	
449	250	334	257	484	
345	242	221	190	348	
288	392	2	72	424	
142	114	485	160	195	
78	288	390	208	397	
118	20	240	276	187	
466	143	2	311	492	
468	173	158	458	254	
92	441	415	292	102	
431	358	314	182	2	
368	67	109	139	496	
223	159	417	149	476	
371	368	155	199	401	
201	57	70	114	359	
279	369	487	498	334	
204	146	152	144	421	
447	266	23	208	49	
228	397	231	241	172	
38	22	106	51	240	
468	124	493	293	25	
274	119	102	98	254	
276	112	71	266	133	
276	243	215	450	234	
438	420	124	494	489	
16	101	204	411	217	
29	371	161	163	251	
227	89	386	396	173	
316	334	348	48	367	
61	415	156	113	282	
207	173	213	458	368	
155	472	116	128	174	
69	232	290	284	438	
144	76	336	409	451	
359	38	412	364	407	
183	170	428	372	160	
288	229	286	163	168	
333	60	247	280	390	
221	349	202	222	289	
483	438	491	423	428	
305	89	197	105	180	
183	167	441	358	64	
361	449	364	168	384	
106	244	148	358	413	
450	147	149	370	120	
111	485	201	3	472	
237	469	209	61	197	
165	300	431	2	85	
367	398	148	407	411	
176	219	222	174	374	
371	237	259	492	29	
151	133	77	112	463	
360	81	176	41	263	
66	50	232	168	88	
422	139	196	19	144	
414	216	348	55	437	
35	301	112	385	146	
386	198	70	170	145	
210	414	398	213	339	
468	265	344	297	298	
324	63	139	213	440	
39	158	85	114	11	
138	111	390	23	261	
380	372	280	77	21	
334	0	486	261	92	
430	297	31	66	427	
480	386	32	111	491	
179	180	294	169	70	
251	118	108	322	390	
181	229	312	487	222	
408	450	185	31	168	
394	279	370	190	350	
336	158	471	182	75	
88	81	21	430	205	
332	271	397	338	76	
64	437	18	49	239	
202	296	404	172	145	
107	65	0	214	351	
292	308	121	165	478	
460	248	371	205	133	
132	133	377	288	13	
417	291	222	23	162	
360	206	123	66	146	
481	376	225	167	228	
455	284	261	262	374	
13	463	258	75	272	
253	58	479	433	316	
150	4	372	451	333	
351	116	217	17	236	
305	329	20	243	238	
259	23	340	430	93	
78	474	148	84	357	
414	264	56	50	9	
388	90	188	109	57	
89	461	206	422	354	
358	379	199	421	371	
243	146	484	74	330	
409	194	11	278	110	
93	83	386	268	370	
458	50	237	414	291	
116	297	72	242	397	
33	405	473	303	321	
177	78	415	80	218	
46	201	63	197	363	
340	479	452	200	357	
197	406	236	325	121	
49	471	282	351	377	
226	208	304	97	210	
490	192	79	470	480	
215	483	77	69	168	
28	218	304	274	63	
356	199	194	474	415	
218	189	209	77	42	
276	364	242	205	294	
353	41	191	332	86	
183	307	403	327	148	
24	52	43	6	291	
371	481	135	33	163	
201	304	415	315	271	
52	244	498	88	291	
117	458	446	174	156	
477	455	367	187	66	
372	491	49	13	37	
275	471	30	290	344	
495	89	380	309	54	
52	186	468	152	124	
365	253	139	328	126	
100	435	418	476	201	
473	405	203	439	264	
491	270	349	428	478	
217	412	223	183	374	
452	257	226	423	165	
329	256	94	253	227	
452	277	391	243	465	
464	165	20	174	301	
462	417	346	299	372	
352	266	318	368	99	
51	224	281	455	253	
477	12	175	126	251	
5	7	285	293	149	
311	491	376	448	136	
377	106	201	437	398	
133	463	407	55	415	
225	385	426	98	107	
16	227	348	185	327	
284	107	279	256	289	
232	56	122	226	346	
261	128	130	100	52	
427	229	478	364	305	
4	34	12	56	359	
336	149	453	90	290	
70	33	206	339	167	
