23	47	35	45	37	11	
18	26	17	2	36	37	
20	26	6	37	14	34	
30	32	23	2	44	29	
23	45	21	46	28	39	
5	48	10	17	9	47	
4	26	3	8	10	14	
17	23	43	1	38	45	
1	26	27	20	23	45	
15	24	29	44	32	31	
27	10	33	2	4	8	
42	26	0	47	25	4	
15	46	19	42	0	14	
24	22	38	18	1	28	
26	0	29	25	34	18	
10	8	23	40	41	3	
25	9	31	41	37	36	
9	47	13	31	46	18	
44	13	2	4	5	7	
21	17	6	43	37	36	
8	31	47	13	26	7	
12	37	18	19	46	31	
6	39	24	4	21	34	
32	47	14	26	11	8	
40	42	8	5	37	27	
9	47	42	7	45	40	
48	38	32	44	23	27	
22	46	13	16	48	14	
35	13	27	48	2	28	
33	5	13	1	40	35	
8	5	29	23	15	47	
10	31	19	29	0	12	
47	45	23	35	12	17	
22	2	38	11	48	23	
2	25	27	4	31	46	
47	13	6	3	23	46	
41	34	5	37	35	28	
1	12	8	4	28	35	
48	44	25	21	8	34	
23	12	35	7	10	13	
13	42	17	32	9	26	
13	7	41	44	48	27	
28	39	10	23	14	2	
11	7	28	17	10	18	
28	11	35	6	1	27	
44	4	43	40	38	7	
13	34	25	48	43	17	
32	31	11	14	20	8	
23	11	7	21	41	44	
48	31	49	26	28	15	
64	69	82	58	66	81	
62	56	61	57	68	85	
95	71	83	82	97	62	
82	71	96	66	78	57	
70	64	67	71	91	50	
77	94	63	68	83	80	
80	58	83	59	78	62	
78	97	80	66	94	75	
92	73	96	77	82	97	
96	53	82	65	88	80	
88	79	66	76	94	77	
51	92	95	65	89	56	
88	62	92	80	85	67	
56	80	88	57	91	55	
93	55	75	72	51	73	
95	73	74	76	68	89	
71	98	97	67	85	94	
78	50	86	95	67	51	
62	79	98	81	87	95	
94	53	98	78	71	79	
77	67	82	64	58	96	
86	60	77	87	56	75	
52	85	93	69	84	50	
59	75	76	79	50	78	
76	74	51	80	87	95	
61	86	59	57	88	69	
90	62	71	92	54	84	
91	72	83	88	71	89	
81	65	84	87	79	90	
74	56	51	58	92	81	
72	83	71	78	98	65	
60	55	64	90	57	66	
72	62	66	89	86	73	
71	58	59	90	78	68	
57	96	55	70	56	65	
84	57	96	85	53	89	
83	64	66	92	54	68	
62	97	98	96	82	53	
86	83	96	59	92	88	
93	68	63	61	84	75	
71	57	65	79	52	59	
52	83	70	91	67	56	
64	67	70	62	66	56	
65	79	72	77	83	82	
77	90	99	88	72	71	
79	54	88	62	90	61	
51	77	74	63	83	98	
80	59	54	70	84	94	
91	96	63	84	50	57	
55	50	57	88	97	84	
105	122	108	109	120	102	
100	135	101	122	114	132	
114	140	123	111	144	104	
149	116	115	124	142	133	
130	114	116	119	106	117	
116	109	113	139	106	149	
127	130	128	106	136	146	
105	141	111	147	138	145	
146	117	108	130	109	115	
124	111	102	118	148	144	
139	124	142	147	133	148	
144	115	133	109	139	121	
115	129	110	137	122	135	
136	115	147	120	121	131	
105	103	138	140	148	142	
110	100	134	149	146	116	
146	140	149	119	134	114	
134	147	118	129	115	107	
143	101	128	144	108	131	
141	142	139	133	143	126	
101	118	100	117	116	137	
149	136	115	139	126	134	
101	114	117	108	124	137	
140	144	115	104	117	146	
103	116	121	139	113	120	
101	130	136	128	112	113	
131	148	123	115	128	136	
146	113	136	114	112	124	
140	147	134	121	120	102	
101	130	144	127	122	143	
114	117	146	147	137	120	
148	138	116	132	102	121	
133	140	108	117	135	111	
103	142	134	119	143	126	
113	127	133	124	108	100	
120	133	128	104	107	131	
128	120	125	113	131	148	
118	120	101	131	105	107	
111	136	116	112	147	144	
136	125	138	104	123	141	
148	142	144	108	147	139	
144	128	123	114	100	110	
120	129	141	131	110	137	
143	132	130	128	114	129	
112	146	111	149	127	131	
113	146	104	107	127	138	
131	102	149	110	133	103	
147	103	110	132	119	139	
117	128	127	114	100	142	
143	147	124	116	112	102	
171	194	173	190	152	188	
185	157	177	152	190	163	
189	185	159	179	158	169	
193	160	173	178	151	152	
188	170	190	171	174	167	
197	194	151	177	171	157	
168	188	189	192	162	182	
174	159	155	175	180	192	
152	184	159	188	163	157	
189	156	152	157	182	185	
177	190	153	184	171	175	
196	178	182	179	185	180	
163	173	199	196	198	170	
195	157	150	178	153	155	
183	152	190	172	193	182	
197	180	184	172	151	186	
160	178	150	167	196	186	
197	183	198	164	158	151	
150	162	182	165	151	153	
168	169	160	174	184	156	
165	157	167	178	198	186	
182	191	160	158	173	169	
150	174	175	197	171	161	
155	182	167	171	192	166	
199	162	187	196	168	167	
150	157	167	176	186	191	
176	169	165	195	196	173	
174	194	180	170	169	162	
199	180	157	152	154	162	
160	177	183	167	169	162	
194	193	151	166	184	173	
188	181	189	176	197	191	
185	166	177	188	199	183	
161	157	190	193	151	194	
152	172	155	194	199	185	
179	193	166	198	153	172	
164	173	181	165	195	168	
154	197	182	199	173	166	
180	183	151	192	186	185	
152	198	186	151	188	174	
174	171	187	164	168	181	
151	199	164	166	150	181	
195	163	192	168	152	182	
170	152	178	184	164	166	
199	150	186	168	194	189	
177	157	180	185	192	187	
168	176	197	155	178	161	
154	164	167	180	182	174	
198	154	155	162	188	194	
174	191	165	154	158	198	
207	213	210	222	217	220	
224	233	203	247	227	206	
214	226	200	213	227	232	
239	238	216	244	200	237	
225	245	224	218	200	235	
214	206	216	231	246	249	
235	239	213	241	246	206	
212	238	219	232	233	235	
204	206	224	215	205	236	
222	242	244	201	235	219	
246	200	235	247	219	218	
224	228	246	209	221	248	
217	224	249	203	230	204	
203	216	202	249	245	234	
219	232	200	214	248	244	
222	226	209	232	235	205	
243	246	229	230	218	208	
245	204	224	209	233	200	
228	214	211	234	206	241	
203	218	200	243	245	242	
231	227	217	210	220	225	
220	223	241	205	228	237	
232	212	227	205	224	204	
220	207	228	205	227	219	
214	200	227	219	211	202	
234	243	208	231	201	249	
226	208	209	202	229	237	
212	211	217	243	233	209	
236	210	241	211	214	220	
237	200	233	220	244	228	
246	247	244	236	243	248	
219	214	234	205	223	213	
207	246	249	203	220	215	
204	219	248	209	238	234	
241	205	220	216	201	244	
237	214	230	223	202	207	
244	227	249	235	229	218	
234	226	214	240	211	208	
210	216	204	225	230	215	
204	203	226	211	205	206	
249	244	242	205	239	216	
205	244	208	231	217	219	
243	214	232	219	210	221	
248	229	207	223	247	216	
228	244	210	213	219	227	
229	249	243	213	201	214	
224	205	209	234	241	239	
228	221	201	206	240	242	
215	237	242	204	238	236	
247	244	231	209	203	216	
256	289	278	272	274	252	
255	272	258	286	284	295	
287	260	281	271	254	263	
273	284	290	252	278	281	
271	278	279	262	299	289	
256	263	279	252	294	285	
265	258	287	286	297	256	
253	276	265	254	295	288	
295	264	283	297	266	268	
270	296	256	259	252	274	
263	283	268	258	256	295	
256	262	279	258	293	288	
272	297	281	280	294	259	
292	257	280	263	255	252	
295	275	294	291	288	259	
261	277	266	298	276	285	
293	294	253	255	290	273	
299	269	262	253	282	274	
262	286	268	287	265	260	
268	254	269	286	274	262	
254	262	280	279	275	270	
251	250	299	290	270	259	
298	299	265	296	274	280	
252	268	288	255	270	290	
261	298	272	297	286	268	
268	293	280	297	296	260	
273	285	276	265	295	299	
276	297	259	250	292	260	
269	266	285	277	293	299	
252	289	277	279	256	294	
268	252	274	290	270	282	
298	259	290	263	295	262	
250	287	253	284	251	255	
297	254	293	286	292	251	
251	289	261	298	296	280	
295	269	258	266	272	282	
294	266	260	279	288	252	
278	262	253	286	263	281	
278	260	254	291	289	270	
281	271	295	272	251	259	
260	254	287	281	265	263	
284	261	296	264	289	295	
283	276	299	285	281	267	
285	297	270	295	288	293	
299	296	272	268	277	274	
260	291	265	276	251	250	
295	276	278	298	266	281	
266	272	298	253	262	256	
253	285	279	293	290	296	
285	277	259	286	299	297	
330	320	301	340	304	332	
316	319	335	347	329	327	
348	317	339	300	349	344	
348	317	316	347	335	304	
343	309	333	338	339	331	
328	334	330	307	341	316	
309	310	306	347	308	314	
338	307	340	343	344	327	
341	305	316	306	331	348	
341	311	344	343	331	348	
308	349	331	325	316	346	
330	345	341	302	347	348	
330	334	319	313	328	309	
338	311	347	314	325	327	
349	313	312	330	306	309	
327	316	339	348	331	305	
327	309	349	341	331	307	
311	300	340	324	333	319	
321	322	311	344	327	331	
318	339	310	337	306	327	
317	338	335	311	313	331	
312	309	311	347	332	304	
328	344	304	314	323	340	
301	317	349	339	344	347	
340	331	325	320	321	336	
334	333	338	335	343	304	
343	312	329	320	330	319	
312	325	336	346	308	310	
331	344	330	302	323	341	
310	344	327	338	306	341	
346	324	318	333	303	319	
316	335	338	339	341	333	
331	347	316	323	349	337	
326	340	348	328	319	306	
335	322	332	348	308	347	
318	316	343	328	319	314	
338	303	312	317	306	339	
326	302	341	308	311	303	
303	314	301	302	315	313	
323	302	309	345	330	307	
314	322	330	337	302	332	
320	342	332	333	331	317	
308	319	346	328	309	314	
313	311	335	348	322	318	
341	319	338	317	334	311	
344	324	305	345	347	326	
307	336	331	329	342	313	
304	342	339	322	313	328	
312	342	317	344	305	328	
336	345	308	315	340	302	
355	351	386	387	363	367	
396	351	386	356	370	377	
357	354	353	371	393	395	
369	360	388	393	372	380	
367	364	358	371	389	362	
351	366	354	359	396	368	
358	361	360	364	363	395	
369	360	355	387	371	382	
355	370	389	351	357	363	
373	365	370	378	352	366	
362	372	353	396	358	371	
375	373	351	370	350	381	
365	381	374	380	382	351	
350	365	372	357	385	376	
398	394	375	395	385	364	
391	390	389	360	356	374	
391	351	386	369	392	366	
386	387	395	389	397	393	
364	362	383	353	399	385	
378	353	351	373	372	395	
382	363	387	370	398	377	
352	379	381	357	362	351	
381	370	394	395	372	384	
355	371	384	388	363	397	
357	374	396	369	355	394	
358	383	362	355	373	390	
399	378	387	367	369	386	
375	380	350	397	372	360	
367	352	353	365	393	372	
364	399	381	361	375	388	
397	366	371	381	396	391	
393	399	384	395	375	363	
388	386	384	369	364	381	
363	394	360	357	365	376	
380	376	392	389	396	350	
380	359	360	375	366	361	
383	389	370	388	350	364	
368	361	387	355	370	354	
359	367	393	353	394	383	
365	368	362	359	372	394	
395	373	388	375	382	393	
374	395	387	379	380	392	
357	352	399	387	363	392	
377	375	392	351	370	371	
361	398	368	354	375	352	
399	380	389	375	391	357	
387	375	355	354	371	367	
394	363	357	374	361	396	
359	353	375	383	360	362	
361	390	374	373	371	389	
402	444	426	403	446	442	
449	407	421	400	429	440	
430	427	409	414	402	407	
432	412	404	447	402	422	
427	449	409	445	411	420	
441	405	444	407	442	402	
422	434	405	400	431	402	
431	420	448	425	445	437	
404	446	449	414	418	440	
429	433	402	434	404	414	
440	433	443	434	438	405	
418	426	431	449	443	435	
446	440	441	430	423	416	
404	429	425	445	447	430	
446	432	435	405	411	433	
421	407	434	432	425	406	
421	433	401	434	409	411	
438	401	442	421	410	423	
431	408	435	403	430	410	
442	404	440	443	444	424	
420	429	406	411	431	446	
430	427	443	407	409	413	
410	434	411	420	428	419	
437	415	433	406	448	423	
410	442	434	430	437	422	
412	438	407	401	416	403	
403	413	443	442	421	406	
442	400	441	407	429	425	
416	436	444	412	401	442	
447	407	445	448	409	424	
432	408	406	413	415	431	
404	429	415	440	422	444	
422	436	439	443	402	407	
412	413	404	410	420	402	
429	444	412	409	416	431	
417	405	404	401	406	414	
426	434	443	435	437	405	
436	400	435	433	426	406	
418	414	407	446	429	417	
430	411	419	446	414	407	
414	411	402	430	448	449	
432	422	437	423	413	408	
442	446	444	401	434	405	
438	434	413	417	410	407	
428	411	426	440	435	439	
426	422	405	443	430	442	
406	447	402	403	441	448	
437	423	409	401	446	432	
444	408	402	411	403	410	
409	447	449	424	428	401	
460	483	473	498	497	464	
480	486	458	483	491	490	
459	477	463	494	450	484	
491	468	488	472	477	499	
482	476	453	490	496	484	
469	464	480	499	457	474	
475	486	467	499	479	480	
481	458	477	497	469	462	
461	492	465	496	497	478	
453	471	474	467	466	454	
473	471	467	496	457	488	
459	463	493	457	472	479	
465	483	458	473	484	474	
460	487	463	493	475	489	
488	472	496	452	460	493	
460	468	499	470	472	489	
478	454	456	493	487	474	
453	457	493	498	491	490	
493	458	485	492	497	498	
491	485	453	462	469	463	
481	465	477	475	478	488	
490	450	462	475	473	460	
466	456	493	499	484	478	
453	485	457	471	492	495	
468	451	485	471	472	453	
456	466	490	484	479	452	
460	484	494	454	477	468	
488	465	477	482	456	478	
476	493	459	477	466	471	
469	481	478	465	459	495	
496	464	478	458	484	486	
487	498	451	469	463	461	
483	463	467	451	499	472	
496	466	465	486	476	499	
476	469	466	453	452	456	
492	498	489	496	485	482	
468	486	491	460	492	476	
494	495	458	483	482	472	
481	489	475	464	450	490	
473	456	453	476	459	468	
495	463	492	460	466	479	
465	478	487	482	484	494	
488	490	469	499	482	458	
463	489	462	453	491	459	
468	475	489	456	492	491	
471	454	489	465	459	495	
456	454	476	468	478	474	
485	476	469	492	481	454	
464	495	497	465	477	451	
492	450	481	486	489	463	
36	12	38	18	17	25	33	
3	26	44	8	1	38	31	
4	42	31	20	11	26	48	
11	3	45	49	5	24	29	
13	44	48	35	4	34	1	
21	27	6	36	3	46	4	
19	8	21	27	9	12	17	
17	46	7	37	12	31	24	
39	9	6	0	7	3	34	
34	5	35	44	1	8	49	
42	45	1	29	12	0	10	
6	31	36	37	7	30	27	
28	23	11	12	41	4	30	
13	4	41	1	24	16	23	
20	45	27	15	23	34	4	
23	4	43	33	20	42	37	
3	6	14	32	9	41	22	
10	13	1	27	4	31	44	
3	8	26	7	23	41	24	
16	27	5	19	3	25	34	
38	10	12	11	39	28	8	
39	31	28	7	12	25	49	
37	9	44	25	49	1	0	
24	36	13	16	11	29	0	
48	24	46	22	20	4	49	
35	31	39	33	40	36	37	
16	36	14	10	25	47	40	
41	16	19	28	39	6	17	
42	9	49	13	35	31	26	
22	47	6	30	38	4	19	
49	48	22	15	33	39	44	
18	45	29	8	44	30	7	
19	3	16	17	47	45	32	
5	45	28	31	17	4	30	
44	6	22	34	16	32	49	
24	28	23	33	40	17	6	
11	37	41	12	48	39	24	
23	21	48	5	25	43	41	
25	35	19	13	43	45	16	
3	28	6	13	35	17	41	
37	1	30	39	25	2	28	
47	1	44	4	22	41	20	
42	3	28	34	0	6	17	
38	13	23	10	14	36	12	
33	7	46	24	44	35	23	
6	8	4	25	39	14	21	
3	49	23	47	46	38	31	
39	16	28	18	32	11	23	
21	12	4	36	8	40	6	
31	0	33	30	12	3	21	
97	83	72	65	56	99	77	
87	99	86	91	68	84	62	
98	81	68	96	85	82	67	
52	84	91	96	87	95	75	
74	63	55	60	57	95	90	
94	91	50	99	98	93	89	
84	93	94	54	50	83	68	
63	61	79	73	55	90	87	
56	70	88	79	61	95	60	
64	72	80	84	50	97	92	
84	55	63	94	99	57	82	
89	98	95	62	51	57	52	
76	55	68	74	53	95	72	
52	53	57	83	85	64	73	
51	99	57	69	68	77	58	
71	85	51	67	69	96	84	
96	77	60	84	56	83	59	
75	68	61	64	57	67	77	
76	65	51	97	64	50	79	
82	99	90	81	78	88	72	
95	69	57	88	77	94	93	
68	62	69	66	64	97	99	
68	83	67	52	50	97	80	
74	56	79	86	76	57	87	
65	93	50	94	71	63	53	
77	66	61	78	86	72	75	
99	92	96	90	91	65	60	
62	52	54	53	74	65	83	
92	75	58	80	74	57	70	
76	72	96	78	70	57	98	
87	53	56	99	84	92	61	
50	98	56	80	99	86	58	
93	89	94	52	62	98	55	
93	89	95	63	66	90	79	
81	69	98	61	87	54	50	
66	91	52	75	68	55	92	
73	87	94	57	74	61	96	
66	71	64	77	83	80	50	
54	68	60	97	70	53	85	
81	86	90	87	55	52	83	
87	97	54	99	63	72	73	
91	55	95	56	62	89	51	
97	67	58	64	75	50	54	
83	79	86	57	56	60	74	
74	59	65	87	79	52	72	
97	87	55	93	61	91	76	
76	65	75	63	88	99	77	
65	61	88	59	99	71	95	
58	89	54	69	76	86	91	
54	55	61	93	70	79	83	
142	105	128	126	127	102	122	
135	114	116	122	149	103	133	
117	147	138	126	121	115	112	
123	129	124	111	126	109	118	
126	136	111	101	104	118	117	
148	145	111	125	127	126	113	
101	149	120	119	136	145	110	
120	113	139	141	124	110	102	
104	105	101	111	119	102	133	
120	114	132	112	146	107	106	
120	132	145	140	125	103	146	
124	109	142	122	140	149	117	
140	111	105	139	128	130	120	
102	143	123	138	124	130	107	
138	132	134	107	130	118	122	
142	144	104	113	116	147	143	
127	120	140	102	123	121	111	
131	124	106	116	109	112	141	
120	149	104	100	114	116	145	
127	147	114	110	100	113	131	
137	100	131	113	133	130	109	
110	138	112	129	126	124	105	
104	137	147	129	141	144	145	
130	112	123	118	147	146	132	
100	135	104	121	106	149	133	
107	138	100	120	137	105	123	
106	112	125	113	127	130	124	
137	113	130	109	141	123	115	
126	112	100	106	141	101	114	
106	133	136	110	138	134	126	
103	102	110	136	125	147	111	
102	124	107	130	119	112	125	
132	140	130	141	111	113	137	
114	119	113	123	105	122	142	
120	131	102	133	113	116	148	
120	132	101	107	149	126	124	
139	124	149	143	113	137	110	
114	106	101	145	141	139	135	
149	110	143	108	144	122	106	
111	126	110	105	107	127	106	
148	118	120	101	125	129	135	
123	126	109	130	136	102	100	
141	145	146	147	107	123	125	
135	138	131	101	122	118	109	
132	105	133	136	115	127	134	
138	121	147	120	131	146	114	
143	135	149	138	130	122	131	
128	109	145	144	149	147	107	
122	116	143	141	112	140	133	
112	109	100	120	106	114	134	
164	197	187	171	194	185	195	
168	159	184	154	150	186	182	
198	197	153	190	184	167	150	
164	170	195	169	150	156	175	
172	192	165	191	190	186	181	
164	197	188	190	161	193	157	
186	157	153	160	174	151	180	
174	190	181	182	157	150	176	
198	164	196	171	154	157	193	
174	178	195	175	172	151	184	
161	195	183	191	166	160	185	
195	168	171	179	188	167	182	
156	186	166	153	165	169	163	
175	191	194	188	187	166	171	
160	182	150	162	174	157	154	
191	155	173	159	150	184	190	
157	153	196	198	175	193	167	
174	170	167	193	196	183	191	
198	173	195	150	156	187	160	
172	194	173	176	171	187	157	
184	163	154	195	181	166	186	
187	162	153	192	197	159	194	
198	164	154	178	184	188	183	
158	161	166	198	162	186	195	
182	160	178	176	198	156	158	
170	181	197	157	185	165	160	
199	157	158	180	168	194	181	
172	160	151	164	188	153	169	
156	188	189	195	162	194	153	
180	181	176	193	169	173	156	
190	159	181	193	197	179	169	
177	192	193	197	176	195	181	
174	155	183	196	157	165	189	
185	166	161	192	152	193	160	
190	176	165	199	171	194	167	
169	159	192	157	165	194	179	
173	166	150	194	169	189	155	
184	166	162	163	160	156	174	
182	179	171	188	176	183	155	
184	162	178	195	155	165	181	
171	195	183	184	178	177	170	
168	161	159	160	171	179	181	
164	157	165	151	194	184	163	
152	159	186	164	184	199	174	
156	161	187	192	165	167	189	
163	153	150	157	161	179	178	
161	181	199	165	182	188	168	
174	165	192	181	168	196	159	
168	171	176	151	162	191	174	
185	152	187	174	160	167	164	
234	209	245	247	242	203	221	
246	226	211	249	215	205	223	
231	234	236	237	242	235	213	
248	245	204	227	232	203	242	
214	220	203	242	231	245	210	
236	238	214	240	219	221	209	
245	230	215	201	219	209	218	
216	220	206	212	230	215	201	
232	245	213	241	228	223	231	
239	223	211	205	229	246	224	
209	242	245	206	246	238	205	
204	226	236	235	215	208	210	
233	224	228	202	232	219	244	
242	209	223	234	249	248	201	
235	224	240	236	201	230	202	
213	218	217	238	243	200	231	
229	206	218	214	225	247	204	
245	236	238	226	225	208	224	
243	226	217	232	205	225	233	
245	202	249	230	205	218	204	
228	222	236	246	216	248	233	
216	229	237	225	206	218	219	
215	204	208	245	243	218	206	
224	233	203	227	239	219	220	
208	228	217	225	238	249	245	
200	227	245	240	243	233	229	
224	243	200	232	239	246	222	
239	219	247	201	211	223	222	
248	204	201	213	243	226	244	
227	239	242	205	248	230	200	
235	212	210	205	234	226	200	
208	216	227	205	222	242	202	
219	208	215	247	236	212	248	
209	249	210	218	240	207	243	
248	200	213	203	214	235	225	
240	228	217	249	222	212	200	
241	248	216	243	245	212	227	
242	243	213	218	217	210	207	
223	217	228	239	233	234	220	
210	202	213	221	241	216	200	
230	243	238	212	202	200	220	
244	205	208	209	234	232	207	
212	231	200	247	210	215	228	
219	210	243	216	241	207	229	
203	205	243	238	208	228	233	
201	226	241	212	228	220	203	
235	202	246	201	205	240	238	
228	249	241	213	247	225	205	
212	239	202	245	225	224	210	
213	226	202	210	217	207	239	
288	257	277	280	294	253	281	
250	286	280	290	268	291	251	
279	259	294	274	282	299	292	
271	261	285	272	254	278	292	
273	263	286	288	296	269	252	
282	252	250	256	265	251	299	
264	284	286	275	281	280	265	
284	254	257	294	299	285	282	
267	257	296	292	285	261	268	
269	263	286	281	264	289	295	
271	296	268	263	285	272	283	
284	293	280	269	266	277	257	
252	272	282	277	266	299	275	
272	282	276	296	275	268	266	
259	275	258	280	281	291	292	
298	295	285	259	260	289	288	
264	255	299	294	266	260	288	
274	268	256	284	291	264	290	
278	255	284	266	275	296	297	
290	264	297	262	250	286	251	
296	254	298	274	289	253	277	
266	255	292	295	268	298	254	
298	261	260	253	278	295	292	
251	268	287	254	263	256	292	
278	293	264	265	255	296	269	
255	251	278	289	265	285	260	
280	260	261	254	268	263	274	
272	258	281	278	283	262	261	
270	264	252	269	281	299	277	
293	277	272	258	281	267	291	
275	265	258	280	273	278	266	
252	256	266	278	268	260	290	
299	251	252	280	256	250	295	
275	258	282	279	274	264	285	
257	298	295	272	297	293	262	
256	296	271	287	292	264	258	
264	274	282	255	256	278	252	
298	255	271	293	288	254	264	
278	275	262	294	253	296	266	
284	266	296	286	299	270	298	
296	266	293	263	299	264	270	
292	262	289	293	282	270	269	
281	252	295	285	292	270	291	
274	262	255	275	291	252	277	
263	269	298	281	280	286	261	
254	293	250	271	287	297	285	
262	291	277	259	287	274	255	
273	263	268	275	286	280	262	
250	293	271	268	276	299	274	
288	275	278	279	298	280	267	
346	345	307	327	325	322	310	
327	324	304	322	338	344	329	
323	319	347	321	330	300	320	
347	339	343	303	301	305	344	
313	340	302	306	339	321	314	
305	308	332	346	341	345	324	
311	335	348	304	302	349	301	
321	316	336	337	314	322	320	
306	336	338	311	309	348	330	
333	345	344	321	324	310	330	
333	337	334	345	325	342	336	
341	336	304	332	331	348	346	
329	311	328	331	337	312	308	
335	346	317	312	306	309	341	
334	315	313	327	307	343	312	
316	330	318	306	321	333	347	
326	315	321	343	324	328	312	
324	323	311	314	345	310	303	
333	301	339	305	319	348	322	
341	306	335	311	310	342	327	
320	328	319	341	313	331	300	
313	306	305	334	332	315	322	
333	349	313	344	326	311	339	
338	329	305	319	330	326	313	
342	311	308	332	303	304	329	
347	335	325	345	338	337	303	
320	337	318	311	312	346	328	
307	314	332	311	320	309	334	
320	306	325	342	317	336	328	
320	310	317	305	321	347	327	
333	324	332	317	326	343	349	
334	341	346	344	305	338	329	
341	327	331	342	307	314	347	
318	342	310	316	345	337	306	
316	321	309	346	344	301	329	
339	311	302	333	342	326	306	
343	345	312	322	342	309	314	
319	316	314	348	347	323	317	
308	314	304	305	310	323	325	
344	318	340	300	308	321	329	
326	308	315	300	325	349	347	
315	310	338	348	300	327	321	
308	345	327	341	344	335	322	
314	304	310	327	316	337	343	
340	304	348	301	331	327	346	
337	317	311	306	318	331	349	
332	328	333	338	349	341	335	
348	338	306	314	327	326	339	
337	306	322	347	342	346	334	
333	326	348	328	342	323	327	
363	391	356	379	352	380	351	
391	364	361	355	362	350	381	
352	355	372	371	366	399	361	
398	382	389	352	363	354	365	
356	351	392	378	363	355	379	
366	362	392	354	363	371	379	
396	353	354	369	355	374	388	
376	399	395	390	372	397	363	
384	366	355	368	359	350	394	
367	385	380	378	361	365	359	
361	387	382	390	367	374	391	
356	387	362	367	379	391	370	
386	351	397	379	390	375	384	
367	397	374	369	365	395	376	
377	352	373	393	357	399	389	
385	398	353	366	350	360	355	
352	381	387	375	354	351	369	
398	375	354	374	352	377	363	
379	380	368	374	366	352	354	
374	350	392	370	398	351	362	
378	360	388	382	398	352	367	
370	352	395	399	357	389	397	
373	368	388	366	354	353	365	
365	361	394	383	372	367	386	
382	350	388	363	367	398	379	
365	395	387	354	378	357	391	
376	361	367	369	384	399	359	
368	397	373	382	381	369	392	
380	396	363	365	356	372	382	
397	398	389	387	365	386	350	
364	372	379	361	369	394	397	
390	376	355	364	396	374	354	
360	375	364	365	383	396	370	
360	376	350	399	366	390	351	
372	389	359	361	373	379	386	
383	351	394	399	374	387	352	
354	362	367	352	364	379	368	
367	380	353	384	393	358	361	
371	365	391	361	387	394	396	
367	369	363	358	362	370	361	
379	385	394	366	355	353	399	
366	387	373	386	381	350	399	
358	357	395	383	392	373	388	
359	381	367	372	389	364	380	
370	393	392	381	371	366	383	
369	397	367	350	356	365	362	
394	389	383	379	386	357	380	
394	385	382	378	350	377	379	
385	376	371	360	350	362	358	
396	371	379	360	385	352	390	
424	445	439	432	430	419	415	
409	435	406	432	439	402	425	
409	406	429	414	419	446	435	
449	420	434	421	443	429	400	
443	427	447	415	405	434	422	
435	403	422	449	420	439	425	
413	432	430	428	448	401	439	
424	432	408	427	415	440	444	
421	401	404	447	448	405	419	
417	438	439	415	436	433	419	
410	440	428	438	405	437	425	
427	417	401	420	440	435	421	
415	408	400	437	421	434	419	
407	402	433	417	412	421	444	
418	423	419	428	445	404	447	
426	415	418	445	404	429	424	
430	411	425	409	432	436	427	
402	418	410	449	407	432	411	
437	408	405	443	426	428	447	
413	421	404	411	401	442	449	
442	400	418	443	408	431	435	
429	424	404	448	410	444	432	
437	431	426	408	428	416	429	
415	444	431	407	432	414	445	
400	403	439	430	408	428	448	
418	421	445	413	427	437	441	
432	402	406	403	400	413	410	
433	446	409	416	448	420	400	
415	445	421	412	447	442	419	
409	440	432	408	423	435	430	
442	434	433	420	410	430	435	
418	437	442	436	402	424	425	
444	400	442	439	447	432	428	
434	425	435	443	430	446	417	
422	441	427	411	430	440	413	
443	408	447	423	409	439	412	
414	444	434	437	448	446	430	
409	419	422	441	440	431	402	
408	409	412	411	415	416	429	
404	406	424	431	438	425	443	
407	418	448	449	428	436	413	
442	414	434	417	433	420	445	
427	447	434	441	403	412	431	
437	448	445	444	417	442	421	
406	400	447	432	437	449	403	
430	403	448	426	402	422	415	
426	431	425	440	418	444	407	
409	415	400	435	419	444	417	
443	401	421	403	406	432	424	
426	413	405	410	447	418	401	
467	466	459	499	457	460	468	
499	466	489	475	450	470	490	
488	453	464	483	477	454	469	
450	464	473	480	454	475	477	
493	482	476	492	486	464	479	
468	483	464	472	482	463	478	
456	454	470	464	469	450	471	
490	463	465	494	484	450	469	
481	456	492	473	474	471	499	
471	453	456	494	487	477	495	
475	488	474	479	491	451	466	
485	494	482	481	454	472	466	
460	477	454	483	459	456	469	
457	458	496	491	475	461	470	
465	483	457	486	479	471	481	
457	473	499	460	497	450	475	
493	472	486	455	459	492	483	
497	460	476	491	498	492	486	
484	455	498	456	452	459	463	
492	498	470	479	458	467	490	
488	452	467	492	472	491	476	
490	463	489	492	458	461	474	
487	466	469	470	460	468	463	
453	486	460	473	497	466	450	
468	459	466	455	469	492	472	
466	463	484	460	485	459	496	
497	468	492	485	472	486	457	
493	484	478	498	489	461	476	
451	469	481	484	457	476	477	
451	492	458	485	484	479	468	
491	486	479	492	496	467	482	
452	492	453	466	499	454	474	
486	452	462	498	471	494	484	
496	492	462	477	470	487	484	
458	488	455	481	490	456	462	
487	476	452	457	454	456	491	
484	483	462	454	498	485	490	
457	499	469	458	477	484	496	
486	452	497	461	483	487	485	
467	469	472	478	498	475	499	
485	491	498	475	497	480	460	
469	476	482	496	470	471	487	
469	491	479	488	474	480	455	
460	491	478	462	495	498	469	
467	494	462	470	465	477	490	
473	493	472	486	483	484	481	
475	458	451	498	470	484	476	
474	451	458	478	497	494	488	
485	454	457	479	498	470	469	
494	491	463	480	484	451	466	
17	22	29	10	41	19	4	45	
16	5	39	11	9	41	6	3	
45	19	5	18	31	40	35	38	
14	22	3	39	7	40	21	20	
36	14	22	17	23	26	19	25	
19	44	38	20	30	17	34	27	
12	8	40	38	46	26	35	41	
15	25	28	22	17	1	26	21	
23	8	45	9	43	17	35	39	
5	46	33	14	6	24	9	26	
20	31	23	26	35	11	44	39	
14	18	28	23	33	17	0	2	
34	41	16	3	8	46	38	32	
47	49	21	25	0	42	1	46	
33	27	15	49	14	31	22	6	
6	22	49	34	26	9	24	40	
25	22	31	11	39	42	21	35	
19	2	31	1	45	27	3	35	
26	43	15	7	4	0	18	16	
28	0	18	17	11	34	3	5	
28	39	41	22	21	33	11	1	
48	18	1	7	40	35	46	22	
13	18	15	12	23	43	20	31	
24	22	21	4	36	29	41	48	
33	5	40	20	11	1	8	13	
9	13	15	42	18	41	1	38	
9	30	36	19	38	44	20	45	
39	14	44	28	9	22	37	34	
49	42	4	46	3	14	15	9	
27	11	14	39	12	2	45	31	
1	3	40	31	29	28	49	8	
27	26	25	11	0	35	18	40	
38	5	28	17	0	14	49	32	
35	27	15	16	13	17	18	0	
22	49	2	27	42	9	17	24	
30	23	27	26	32	16	24	38	
33	29	34	17	49	12	43	36	
11	21	7	22	46	26	0	20	
29	11	32	16	34	37	24	35	
7	6	31	14	32	29	48	1	
14	9	31	25	8	12	24	48	
22	5	36	2	47	48	28	18	
20	27	0	42	5	25	37	6	
43	23	15	48	32	25	3	29	
15	19	12	48	39	45	22	47	
46	23	42	34	15	37	10	0	
44	49	29	25	11	10	14	41	
29	21	7	47	24	16	43	33	
47	30	41	35	28	19	39	8	
35	34	18	2	8	16	1	21	
77	90	97	85	71	72	54	50	
65	80	50	64	76	85	74	78	
86	53	69	60	78	94	55	73	
91	51	78	73	52	70	66	54	
54	85	76	80	57	81	92	95	
64	73	58	85	98	66	84	87	
53	78	86	85	51	62	65	89	
84	89	68	53	98	73	97	60	
86	75	64	83	67	72	71	53	
77	76	51	62	88	50	72	80	
69	80	52	83	55	70	90	50	
74	99	70	51	64	52	93	73	
81	97	92	67	88	99	83	58	
60	96	85	65	78	94	56	77	
95	60	51	84	78	52	87	68	
52	88	64	66	81	93	95	92	
54	94	73	81	95	65	51	68	
85	53	51	81	77	82	55	58	
94	92	56	51	77	89	78	80	
87	67	78	69	82	99	50	62	
56	54	90	86	95	89	72	68	
74	93	51	54	75	85	88	70	
92	58	67	60	64	68	62	52	
51	63	59	54	61	95	50	76	
63	78	64	93	61	69	67	83	
66	70	83	81	73	52	80	93	
50	89	71	98	88	68	74	96	
84	86	63	58	55	59	64	79	
52	63	53	91	78	81	56	94	
99	78	61	74	97	66	70	75	
77	61	86	54	53	94	72	66	
71	83	88	82	91	61	95	59	
72	63	54	85	82	70	87	95	
69	53	76	52	56	81	91	71	
88	64	57	87	58	63	56	81	
64	65	69	60	93	50	90	74	
64	85	59	51	97	52	94	70	
95	57	93	80	56	59	88	71	
82	94	76	60	83	98	92	85	
88	80	63	60	94	75	84	66	
83	51	84	76	86	63	65	97	
69	54	63	71	77	66	61	78	
99	50	74	66	52	89	70	95	
82	88	91	77	53	58	94	76	
60	56	73	93	79	70	82	53	
87	71	61	95	98	86	53	68	
52	82	60	69	71	77	57	72	
58	85	93	65	88	57	63	98	
78	52	91	57	51	66	83	53	
78	77	55	69	97	82	52	76	
128	103	146	145	144	127	100	126	
113	115	118	138	129	140	103	112	
129	147	117	128	132	127	111	133	
132	110	102	148	135	119	138	140	
108	132	139	127	131	119	116	126	
116	125	110	105	143	118	142	124	
122	143	107	112	124	141	123	106	
130	121	124	108	102	137	113	107	
147	149	125	140	133	121	146	113	
133	102	100	134	118	136	101	137	
139	141	121	107	109	136	138	130	
132	145	125	128	100	104	137	108	
113	120	146	103	140	136	132	145	
115	101	110	102	143	124	141	130	
124	146	116	140	134	139	101	125	
100	128	105	135	107	122	132	121	
128	126	103	123	138	115	121	147	
101	110	133	130	108	117	132	123	
132	125	131	135	110	137	113	143	
147	131	110	132	141	140	134	111	
110	131	141	129	124	146	106	147	
100	130	132	124	139	148	115	141	
109	102	143	134	112	123	108	104	
139	124	118	122	138	100	102	148	
137	101	105	113	109	123	131	107	
117	140	115	143	126	131	103	105	
109	102	148	121	131	103	101	106	
127	140	129	149	142	108	105	120	
100	139	130	134	136	101	123	116	
121	105	133	108	130	138	147	106	
104	123	107	145	121	132	109	141	
128	127	137	136	142	129	138	120	
144	133	114	101	103	121	136	123	
108	105	121	111	138	131	137	102	
139	126	115	117	116	140	129	147	
127	118	146	141	129	144	126	137	
103	143	145	122	133	126	129	112	
103	131	132	101	106	147	130	122	
112	147	110	116	115	141	109	132	
131	110	103	139	127	122	149	137	
113	135	142	110	114	138	125	131	
113	108	107	137	111	120	124	105	
102	101	111	113	108	140	123	149	
149	101	135	141	126	107	127	139	
128	104	141	130	142	116	114	127	
122	114	132	106	134	123	139	112	
144	134	105	127	124	107	104	111	
125	128	140	101	113	124	108	114	
125	114	127	121	104	106	107	147	
146	109	127	103	149	136	145	133	
168	185	172	188	189	165	153	194	
151	171	194	164	186	154	173	196	
176	179	189	164	171	165	180	186	
153	168	188	199	190	177	185	175	
187	161	194	175	189	184	192	188	
161	198	199	150	160	192	189	163	
170	150	173	178	188	184	195	191	
191	180	189	168	172	162	183	151	
196	163	173	172	183	157	190	154	
190	165	198	191	156	192	163	153	
187	185	163	153	171	154	177	165	
150	151	169	173	165	158	192	168	
195	197	160	166	183	157	152	189	
188	199	192	172	176	195	159	182	
177	167	193	173	162	190	198	160	
158	161	177	156	167	192	193	172	
181	177	195	178	167	158	199	168	
180	157	160	151	185	161	172	175	
159	193	177	183	152	186	197	153	
166	164	158	176	191	193	156	197	
164	176	157	185	154	161	195	189	
181	152	151	160	195	163	164	187	
196	171	159	151	154	155	157	191	
153	186	173	164	193	189	170	183	
152	165	159	191	177	179	170	153	
182	168	162	152	164	196	190	160	
190	171	169	194	165	168	153	152	
189	177	188	158	183	165	157	181	
178	170	165	192	173	156	184	193	
161	184	166	189	177	197	159	168	
173	198	174	156	168	172	191	193	
152	157	153	174	171	181	167	173	
170	157	173	199	192	187	185	186	
164	165	167	199	168	175	185	181	
151	174	192	191	165	197	161	164	
156	157	188	167	186	164	184	160	
178	150	175	193	197	183	155	189	
198	188	154	170	150	199	161	158	
176	191	195	163	161	190	150	187	
156	180	167	172	153	161	162	186	
162	195	181	176	188	184	167	199	
176	173	188	189	162	157	192	178	
165	172	196	167	198	160	153	169	
156	196	173	169	168	194	190	150	
193	190	174	199	163	167	187	196	
174	196	180	150	176	173	164	177	
173	171	193	162	151	163	170	178	
165	173	163	177	190	161	152	193	
155	153	184	152	199	156	160	175	
151	176	155	163	195	171	185	174	
220	249	248	205	228	209	242	200	
207	219	222	206	228	210	225	204	
233	238	206	229	209	246	212	237	
213	231	214	244	212	235	238	211	
213	201	210	234	216	219	237	217	
202	214	217	200	244	209	207	216	
204	240	237	216	238	229	248	234	
243	224	222	210	230	232	223	206	
218	233	219	228	212	209	232	240	
244	241	209	212	226	230	211	245	
231	218	205	226	234	220	224	204	
220	203	238	226	218	241	227	206	
249	229	202	233	248	231	201	235	
204	220	243	219	228	212	240	237	
218	212	223	247	214	243	249	232	
201	230	228	235	212	208	227	247	
222	210	228	220	206	232	245	229	
245	219	223	246	202	238	229	224	
220	213	242	218	247	241	231	248	
208	245	209	236	216	243	242	244	
231	210	219	245	234	236	209	205	
204	226	249	219	240	203	239	212	
205	204	217	228	244	214	200	211	
239	206	214	204	209	240	210	236	
220	213	204	209	248	211	230	233	
238	202	239	223	245	246	241	205	
208	248	223	244	217	237	202	221	
243	245	212	223	218	239	228	211	
237	219	210	221	214	233	209	248	
223	243	216	214	224	232	205	211	
236	217	203	227	248	206	220	247	
215	206	210	240	246	235	247	227	
234	209	248	215	206	238	229	228	
236	222	225	211	248	243	210	220	
230	223	205	209	247	226	212	229	
206	231	237	236	225	227	226	200	
248	209	229	212	201	235	221	236	
229	221	207	200	230	243	241	242	
248	221	246	220	207	242	209	222	
202	230	237	242	212	207	220	232	
209	231	238	205	206	243	239	235	
223	219	232	220	203	237	236	204	
230	209	243	225	227	234	218	222	
227	225	231	235	213	218	241	240	
241	222	220	229	209	239	244	232	
240	237	246	221	230	239	219	222	
216	213	239	203	244	205	210	229	
209	203	214	229	249	200	225	241	
225	217	220	221	245	202	242	234	
208	206	237	223	212	248	228	225	
279	250	251	254	289	291	287	281	
253	252	250	272	279	266	257	276	
261	250	262	254	290	291	267	277	
286	257	274	263	256	293	251	270	
273	263	271	255	268	258	278	276	
287	296	274	271	253	262	278	254	
262	252	258	265	287	278	297	286	
293	273	259	294	263	274	286	285	
263	262	261	283	281	251	287	282	
294	298	253	261	274	265	257	252	
254	295	290	293	289	278	284	260	
286	282	299	277	263	259	287	255	
284	293	292	270	269	294	295	265	
259	297	275	253	254	282	284	290	
284	255	265	254	274	280	272	292	
292	272	266	290	279	252	277	263	
299	291	293	252	280	259	264	298	
293	264	269	259	251	289	297	295	
294	291	262	268	287	253	278	271	
273	271	272	292	293	250	275	257	
288	257	270	285	275	262	278	281	
289	269	285	278	263	296	295	276	
265	261	269	256	271	259	258	254	
282	280	262	251	265	258	261	263	
286	269	268	276	289	266	270	253	
254	267	284	297	282	281	257	299	
295	276	277	283	284	267	268	263	
297	278	281	261	276	279	275	288	
298	256	288	272	284	273	287	278	
250	295	263	269	267	279	276	286	
278	280	296	261	277	294	290	257	
294	293	295	271	263	250	287	268	
292	261	258	283	265	279	256	288	
293	256	267	269	255	274	288	270	
289	256	274	292	260	273	296	269	
286	255	269	260	294	261	265	292	
261	252	278	284	257	250	276	271	
255	270	264	292	294	269	281	287	
263	271	289	266	297	250	268	258	
262	256	286	293	283	290	274	275	
299	278	266	257	253	270	273	295	
290	260	298	297	294	257	287	279	
258	295	282	259	269	275	298	286	
264	272	295	287	253	278	267	291	
292	280	262	278	290	283	273	256	
296	274	279	266	280	275	281	277	
286	299	264	278	268	262	277	293	
289	269	282	265	284	264	281	286	
281	290	271	278	289	273	285	295	
283	276	293	299	288	290	251	268	
330	349	315	335	331	324	329	300	
325	332	307	331	302	349	328	310	
312	308	314	343	328	307	301	324	
306	334	309	314	323	321	337	341	
347	331	342	326	314	321	300	339	
346	344	314	307	343	303	339	321	
319	318	331	349	338	308	328	314	
342	307	300	335	331	314	310	322	
305	337	309	331	325	320	319	304	
313	324	327	307	303	349	346	330	
316	322	317	329	342	341	314	301	
313	332	335	312	341	344	321	303	
305	321	328	331	342	327	315	317	
337	340	318	335	339	349	317	314	
313	320	322	335	303	343	314	349	
308	340	341	315	326	321	331	303	
317	341	340	336	329	348	314	326	
316	321	335	322	332	337	344	323	
315	307	309	334	305	326	317	320	
302	328	338	342	337	313	321	333	
337	310	329	344	328	349	335	341	
334	336	306	342	301	331	307	311	
314	338	319	347	308	330	332	311	
307	323	336	310	316	341	306	324	
331	300	322	310	335	344	327	312	
306	322	321	312	340	324	301	300	
306	313	314	318	312	344	339	310	
321	304	332	314	324	313	322	309	
305	334	308	348	306	307	346	337	
325	342	344	305	334	345	310	307	
338	319	337	329	311	349	348	308	
336	300	325	333	322	304	349	306	
305	314	329	310	344	332	339	333	
315	300	342	325	344	327	335	347	
323	339	338	316	317	300	333	329	
332	322	318	349	317	329	335	308	
326	337	332	341	343	314	300	333	
324	320	314	319	303	331	343	306	
322	302	337	312	330	344	320	311	
300	333	326	325	317	348	329	313	
345	306	342	316	311	330	324	313	
337	307	317	311	338	345	346	336	
328	305	349	341	314	307	333	337	
310	346	329	325	302	308	317	304	
307	344	333	340	319	330	312	304	
303	339	315	340	342	320	322	304	
317	339	343	316	321	342	324	308	
330	323	327	320	335	303	328	339	
315	344	325	313	321	311	320	349	
324	340	345	335	307	332	333	338	
382	362	368	394	398	386	358	396	
360	370	351	355	385	379	357	376	
357	397	399	350	379	390	351	378	
355	353	364	382	378	399	365	388	
376	356	380	373	392	365	364	358	
383	377	378	376	357	362	370	371	
357	358	355	378	360	354	363	391	
386	388	387	360	397	382	385	376	
363	375	351	388	392	380	356	378	
357	390	382	359	353	381	368	388	
387	355	369	380	358	353	357	398	
359	396	353	361	356	350	352	389	
352	364	371	367	355	398	362	351	
386	382	362	372	377	364	366	354	
369	384	377	370	399	380	365	373	
357	372	385	351	358	352	361	383	
380	392	353	352	376	374	383	359	
389	385	369	353	375	379	394	359	
359	367	368	362	358	388	398	395	
356	377	387	372	361	360	397	370	
395	376	352	398	353	381	387	365	
378	375	383	351	371	354	357	393	
370	365	368	367	384	388	358	396	
356	382	380	387	364	397	357	361	
350	364	356	377	378	372	375	399	
385	354	361	363	359	387	375	379	
367	369	379	374	370	376	389	396	
366	387	376	391	355	394	378	398	
354	371	396	379	381	365	393	376	
387	394	393	375	397	378	368	355	
396	385	361	354	380	371	355	362	
382	357	385	354	376	365	350	386	
398	397	361	364	367	391	356	366	
362	379	385	382	363	356	359	373	
371	357	384	382	386	359	372	358	
366	358	399	363	387	377	393	396	
377	392	372	382	374	385	394	358	
374	398	367	392	384	368	382	388	
366	391	373	369	350	381	398	399	
356	367	378	382	355	352	377	373	
373	393	380	354	368	383	397	382	
359	381	384	395	389	360	378	379	
363	372	358	360	395	364	399	383	
397	399	382	366	390	353	357	369	
378	375	356	366	359	362	360	399	
388	394	385	392	374	369	387	356	
357	368	388	362	359	371	352	350	
394	365	379	391	390	393	382	375	
366	384	363	381	387	392	371	385	
389	392	369	363	368	366	388	379	
410	421	416	437	420	432	435	403	
439	423	435	407	443	449	421	434	
414	408	438	447	429	432	407	416	
418	437	425	402	400	424	420	431	
417	411	439	443	402	400	434	445	
423	422	446	430	400	425	405	415	
441	446	424	444	408	417	410	411	
432	448	438	449	402	422	405	406	
444	418	428	405	448	426	439	412	
412	405	432	447	421	414	406	444	
419	429	422	434	414	401	411	431	
432	433	441	426	406	419	439	449	
430	418	405	447	400	434	437	417	
423	442	405	420	431	411	404	449	
447	416	421	406	404	437	433	432	
427	429	410	446	432	430	436	423	
429	402	434	400	430	418	442	433	
444	412	448	411	433	420	422	401	
438	407	416	431	401	423	435	421	
441	448	437	401	446	409	428	404	
430	408	425	423	446	420	431	434	
426	418	437	427	432	408	416	412	
402	400	441	445	409	447	436	432	
433	436	409	404	439	408	422	445	
444	407	432	440	441	430	436	442	
436	435	423	449	424	409	418	404	
414	424	413	425	401	433	405	420	
410	411	402	412	420	427	416	417	
403	418	439	407	435	440	445	406	
446	422	440	408	442	432	416	426	
411	421	433	412	428	443	438	442	
404	431	405	414	444	429	436	441	
447	419	404	428	417	407	439	414	
435	430	439	421	446	420	448	407	
404	423	448	426	440	405	431	406	
435	423	412	443	427	411	430	424	
415	437	401	403	421	407	425	406	
427	406	438	441	414	442	431	430	
431	447	448	402	422	417	423	442	
433	427	416	410	406	424	401	417	
445	422	408	428	440	401	434	446	
409	432	448	421	420	414	429	401	
425	406	405	410	442	426	402	418	
404	421	445	441	415	427	437	400	
414	430	422	427	411	418	425	406	
425	405	426	424	402	444	422	438	
411	437	405	427	448	408	400	441	
432	400	413	425	441	434	411	446	
424	448	445	420	427	421	411	428	
416	401	428	432	418	438	419	445	
490	483	488	473	495	452	482	456	
460	463	497	466	473	492	454	486	
488	482	497	461	458	465	470	489	
455	450	479	453	463	487	481	477	
489	463	458	479	474	473	477	478	
450	474	490	464	485	460	493	451	
489	499	466	453	498	474	472	485	
469	482	457	459	494	474	480	467	
475	453	469	482	463	451	489	454	
461	499	482	463	471	477	475	484	
486	469	495	483	484	450	498	499	
462	472	475	476	474	487	478	495	
474	493	486	452	472	485	489	462	
483	496	490	450	471	458	455	487	
458	471	467	498	461	462	455	483	
483	493	456	475	463	498	489	488	
477	469	466	461	482	486	487	473	
488	460	494	476	463	455	461	498	
464	450	494	488	474	471	456	453	
469	490	453	483	473	488	497	458	
459	484	465	480	461	466	486	493	
476	487	480	489	472	470	492	496	
481	471	480	455	463	487	483	462	
482	474	450	461	497	465	467	494	
472	473	469	452	460	458	453	477	
451	492	486	490	452	474	475	499	
487	457	475	478	495	474	477	472	
486	493	490	481	483	456	469	480	
467	460	480	482	466	478	489	453	
493	456	481	462	492	473	464	482	
471	497	463	466	481	455	491	472	
485	474	497	471	481	482	453	478	
497	475	493	458	492	486	450	454	
498	486	471	492	491	462	461	459	
478	456	488	485	474	451	489	461	
495	479	476	459	475	483	494	496	
460	459	462	480	486	453	452	472	
472	490	491	452	492	494	468	474	
463	480	462	492	482	459	494	474	
491	486	462	496	497	487	471	479	
457	466	494	456	484	489	470	474	
466	475	497	492	495	480	460	478	
484	497	480	468	478	451	470	490	
491	493	459	463	496	498	458	492	
499	495	460	493	475	473	455	486	
491	487	457	451	484	498	474	470	
485	495	473	493	470	461	460	474	
496	470	460	481	494	464	493	471	
466	491	497	457	488	467	478	464	
475	467	493	470	497	473	483	498	
259	381	323	
165	27	338	
456	108	406	
224	144	312	
485	467	367	
282	52	112	
166	408	160	
250	370	177	
212	497	479	
174	177	141	
421	98	254	
372	148	176	
125	139	77	
468	37	71	
25	243	89	
265	321	57	
443	409	355	
50	213	44	
241	464	11	
383	315	123	
297	474	81	
39	57	177	
131	364	201	
499	27	431	
392	467	101	
450	216	48	
81	103	105	
45	462	434	
449	474	400	
300	42	436	
66	427	272	
390	131	289	
35	494	255	
39	218	215	
447	107	391	
347	352	144	
324	145	235	
202	238	153	
51	434	105	
11	253	266	
41	122	157	
436	447	72	
371	131	2	
210	271	119	
290	167	57	
227	485	29	
311	5	23	
370	478	462	
128	67	480	
9	444	389	
47	430	231	
7	386	442	
8	492	474	
168	44	342	
233	155	79	
361	54	269	
341	383	7	
334	409	335	
185	125	15	
340	316	357	
426	148	59	
394	189	470	
28	202	453	
415	60	281	
474	32	299	
459	439	447	
321	305	28	
31	407	47	
166	12	314	
154	346	460	
370	297	438	
76	472	303	
285	454	44	
170	144	92	
404	244	79	
6	430	424	
28	75	398	
348	466	495	
315	26	329	
264	67	357	
150	388	29	
243	12	263	
444	412	471	
61	139	323	
87	177	199	
483	221	395	
455	426	294	
431	368	450	
385	369	292	
7	9	99	
44	440	65	
395	383	430	
391	362	320	
482	491	433	
495	435	280	
215	57	173	
389	237	307	
456	250	190	
171	413	63	
312	419	67	
165	335	292	
467	493	164	
86	289	437	
9	443	260	
253	347	66	
482	427	389	
424	226	459	
456	313	51	
493	237	227	
445	331	16	
175	158	47	
450	439	83	
56	392	11	
250	375	165	
126	161	238	
366	460	25	
232	385	260	
105	449	213	
382	326	150	
148	154	62	
1	406	442	
374	154	472	
174	421	388	
414	291	139	
493	243	429	
353	154	317	
465	492	304	
432	142	353	
366	346	198	
426	123	449	
320	498	217	
385	421	249	
239	234	201	
176	347	64	
209	436	167	
289	268	384	
345	412	80	
11	14	474	
179	194	276	
193	347	470	
1	326	300	
170	226	21	
3	222	328	
422	468	51	
271	140	324	
333	93	376	
367	373	324	
281	180	93	
298	300	159	
341	279	446	
478	218	282	
341	294	442	
413	148	97	
343	29	9	
252	347	457	
432	133	77	
279	382	251	
135	8	180	
209	357	492	
162	23	225	
373	311	14	
317	199	305	
328	167	467	
95	350	294	
32	132	483	
84	9	119	
331	389	228	
50	1	428	
222	66	187	
131	342	119	
86	171	194	
156	8	243	
404	35	263	
64	424	208	
320	82	332	
137	108	244	
192	361	113	
175	287	493	
441	76	306	
221	241	424	
157	172	193	
451	335	249	
31	360	432	
188	75	205	
155	333	211	
286	331	46	
53	321	245	
276	387	406	
207	126	210	
262	464	2	
161	438	315	
289	257	317	
457	403	258	
355	263	375	
114	300	495	
458	130	212	
58	7	69	
200	421	451	
498	326	155	
106	308	480	
263	134	124	436	
413	246	457	156	
334	256	93	388	
40	369	51	467	
88	334	364	273	
453	455	427	415	
269	17	1	418	
181	107	203	447	
177	347	280	4	
27	429	186	491	
472	302	141	174	
325	290	474	302	
130	105	120	424	
61	69	452	337	
355	115	499	143	
226	289	135	177	
424	452	376	409	
498	299	50	70	
382	340	34	4	
47	226	446	462	
453	400	326	363	
79	286	143	209	
314	33	393	258	
39	307	254	101	
327	338	7	189	
353	104	280	445	
350	311	94	356	
288	472	484	15	
220	470	183	414	
464	29	308	47	
372	465	20	327	
391	237	118	431	
218	388	109	335	
285	369	305	280	
184	173	289	76	
487	242	180	449	
365	80	450	392	
67	372	374	51	
150	183	227	120	
282	499	340	58	
278	314	82	245	
9	179	175	106	
256	173	382	213	
27	94	124	22	
282	489	3	300	
331	433	347	367	
424	269	36	346	
139	289	494	250	
180	162	218	391	
294	486	320	219	
388	420	465	427	
283	53	111	120	
390	492	92	158	
387	490	179	487	
163	494	272	325	
42	298	398	391	
454	373	51	96	
326	259	143	222	
31	475	46	48	
67	344	138	158	
235	76	434	80	
88	144	388	436	
186	333	228	143	
289	280	396	60	
487	79	249	256	
492	233	66	34	
122	321	370	73	
88	207	323	390	
132	447	158	49	
443	495	411	47	
213	273	243	49	
128	357	448	406	
170	233	318	100	
64	433	286	499	
20	124	341	215	
320	7	49	115	
222	257	104	123	
321	311	470	492	
478	151	189	183	
125	469	14	123	
56	423	88	405	
494	300	335	408	
349	39	397	468	
102	413	83	162	
359	38	365	235	
342	67	10	369	
323	317	260	268	
160	304	13	261	
37	27	34	51	
453	42	488	386	
105	294	101	30	
266	429	278	177	
466	426	397	281	
240	259	284	34	
190	63	199	378	
9	267	39	99	
86	363	304	49	
200	149	440	220	
61	227	462	344	
468	406	173	295	
432	331	363	436	
183	375	7	130	
393	24	40	450	
243	54	417	226	
132	432	156	385	
94	345	41	472	
341	413	297	423	
441	432	245	406	
165	189	491	115	
48	31	194	272	
354	165	321	85	
61	347	342	400	
299	91	78	316	
254	345	46	428	
95	175	27	442	
313	87	242	163	
451	121	152	441	
493	205	178	201	
357	12	85	179	
436	397	191	229	
58	180	420	246	
311	167	36	472	
233	439	369	317	
18	29	380	143	
155	4	359	183	
166	11	479	93	
171	475	294	415	
147	82	407	404	
381	89	362	278	
395	479	128	109	
5	228	68	273	
210	98	471	398	
79	240	60	26	
212	383	228	352	
424	292	394	94	
368	221	104	316	
452	484	293	498	
383	479	202	312	
475	39	41	154	
130	108	345	403	
39	102	51	46	
167	444	96	154	
277	155	346	410	
446	169	339	324	
6	246	175	454	
97	429	148	187	
415	370	96	349	
401	405	271	243	
50	296	412	285	
299	203	250	372	
495	337	168	328	
188	443	142	36	
427	244	103	379	
411	45	29	85	
21	451	356	97	
330	491	287	167	
416	315	439	156	
178	319	6	25	
16	50	445	230	
8	86	165	157	
448	133	180	233	
176	226	224	190	
402	492	339	58	
230	299	423	337	
445	328	243	457	
21	132	3	123	
298	483	111	54	
450	374	58	329	
115	38	189	161	
54	261	240	94	
241	353	90	121	
233	175	68	142	
62	300	184	271	
10	188	18	148	
384	225	309	36	
475	408	29	286	
51	168	18	468	
38	364	105	155	
325	407	365	63	
64	475	278	405	
416	474	93	130	
291	24	53	428	
135	372	197	47	
441	448	285	37	
90	111	273	55	
234	109	77	62	
3	49	168	185	
236	488	4	6	
424	371	0	383	
330	128	191	382	
14	201	192	248	
422	385	423	382	
308	311	49	460	
114	356	452	346	
465	312	112	44	
285	485	323	142	
53	128	141	106	
137	461	85	275	
46	328	70	74	
178	181	46	87	
145	493	212	452	210	
389	481	368	447	44	
275	147	279	480	301	
361	73	168	375	243	
206	115	21	211	188	
434	15	403	268	128	
374	45	103	46	167	
296	104	321	352	404	
39	245	459	18	366	
302	285	38	170	185	
96	495	388	106	123	
3	251	182	341	423	
85	177	76	144	481	
49	359	212	2	237	
11	47	427	97	328	
11	2	463	45	315	
424	391	204	252	238	
101	316	137	54	143	
20	447	387	37	363	
197	86	180	454	14	
226	13	151	403	195	
26	307	35	315	163	
17	373	291	348	392	
122	425	120	365	197	
389	45	243	54	362	
369	27	378	28	319	
208	155	479	470	73	
64	310	345	413	469	
155	332	48	280	421	
495	28	396	297	321	
297	196	471	306	109	
432	40	171	425	290	
104	93	234	233	202	
53	77	378	10	32	
23	327	441	218	375	
470	96	423	30	50	
94	203	163	87	391	
277	35	193	418	38	
12	221	64	61	95	
423	486	359	334	107	
312	36	256	382	74	
85	395	288	32	205	
5	93	471	247	313	
128	281	285	81	83	
212	51	204	374	120	
426	379	327	376	133	
460	308	302	435	267	
312	268	175	180	85	
59	274	32	367	429	
238	201	212	192	437	
269	172	126	96	41	
21	251	434	218	407	
344	202	402	222	94	
19	270	234	170	6	
463	328	149	405	340	
74	263	368	318	456	
438	264	174	405	93	
356	354	443	355	91	
388	87	444	30	93	
443	175	349	315	95	
83	338	19	321	159	
436	216	490	175	457	
425	195	276	399	315	
60	339	276	196	283	
164	426	241	292	326	
7	56	438	15	292	
288	105	50	42	209	
490	480	347	283	178	
316	353	408	450	442	
123	157	236	29	129	
379	131	166	169	215	
73	62	442	148	280	
169	253	87	345	376	
172	479	190	54	394	
217	129	279	120	181	
463	113	190	237	161	
326	341	53	470	14	
313	92	468	168	48	
177	167	392	16	27	
385	271	172	399	276	
386	418	491	202	100	
261	56	432	482	278	
75	406	250	233	442	
441	16	81	219	313	
147	308	182	51	422	
103	492	483	431	497	
240	274	115	230	282	
332	108	153	128	284	
139	464	370	40	20	
274	241	461	374	467	
81	341	300	298	210	
119	335	378	286	132	
285	52	76	328	273	
435	289	67	277	450	
6	85	449	431	472	
80	481	351	270	242	
466	243	197	362	365	
285	93	479	369	432	
87	302	464	159	374	
15	303	317	282	42	
29	419	406	216	112	
14	161	340	28	46	
122	195	431	218	66	
217	241	211	123	475	
220	389	454	434	138	
251	109	3	74	327	
330	268	77	172	470	
334	250	283	189	380	
120	368	452	223	144	
344	279	396	54	385	
270	89	256	118	493	
448	347	376	353	75	
76	237	77	198	398	
74	207	433	367	93	
256	64	288	422	111	
40	172	498	360	484	
2	250	366	248	426	
15	350	367	242	143	
407	186	39	246	32	
172	57	222	107	305	
348	221	157	324	56	
227	129	367	215	496	
362	168	329	385	126	
134	187	219	308	319	
412	43	316	497	225	
412	22	296	375	192	
481	442	113	206	453	
172	156	79	310	82	
155	78	3	213	197	
30	436	10	289	479	
158	343	143	23	480	
173	217	493	262	380	
382	468	484	117	126	
373	160	57	227	163	
260	205	204	127	397	
84	385	11	355	350	
213	184	453	253	185	
449	184	306	275	358	
208	401	346	227	24	
242	176	16	212	197	
145	310	248	424	252	
298	82	49	395	70	
225	330	109	274	444	
364	205	238	6	416	
120	150	312	344	89	
320	261	466	107	451	
2	145	45	214	271	
434	345	79	316	238	
341	377	413	108	89	
85	327	343	254	108	
13	195	109	288	149	
252	92	444	331	270	
28	485	468	70	395	
226	438	114	75	491	
336	481	319	499	165	
267	142	207	131	361	
176	33	402	89	487	
238	128	260	229	275	
243	294	287	203	493	
307	330	90	39	341	
127	77	408	436	287	
47	331	498	313	438	
98	218	469	422	452	
338	307	399	467	440	
353	413	104	380	16	
412	353	42	93	122	
454	250	174	443	83	
320	429	484	129	386	
293	186	335	372	16	
476	151	365	76	416	
90	351	288	377	349	
266	192	211	414	99	
8	92	35	54	295	
302	458	352	427	6	
182	454	172	144	398	
244	93	53	98	207	
182	115	80	459	419	
119	145	12	32	483	
166	154	150	26	112	
193	291	68	54	103	
371	392	171	176	414	
100	451	343	447	347	
25	466	340	20	272	
205	298	470	335	252	
256	250	343	124	297	
307	133	78	411	11	
293	402	335	350	433	
127	479	322	17	400	
276	494	62	486	296	
396	413	337	441	416	
314	348	426	434	14	
236	241	351	197	245	
77	286	25	443	406	
233	110	430	87	278	
256	200	3	346	297	
114	168	154	26	459	
369	316	44	216	379	
222	87	311	101	303	
179	155	49	234	33	
94	42	126	25	39	
