3	33	5	41	19	28	
37	6	42	18	1	36	
3	30	8	7	19	43	
38	15	25	22	26	7	
38	34	32	43	26	49	
5	40	21	47	38	1	
11	12	22	13	20	43	
6	18	38	41	32	4	
19	39	10	38	20	49	
12	5	13	27	45	25	
7	30	45	17	20	22	
2	27	34	42	20	46	
41	38	45	1	16	47	
10	25	18	15	2	16	
9	32	5	23	15	11	
1	40	17	7	24	28	
13	6	46	2	23	17	
47	33	6	25	23	32	
3	0	31	46	23	5	
30	47	0	36	4	7	
4	31	29	14	8	2	
47	37	30	16	21	43	
0	2	1	34	40	35	
0	49	39	10	23	18	
45	3	14	48	7	1	
38	33	15	39	16	43	
49	33	24	22	16	3	
23	3	15	9	10	11	
43	45	19	26	11	12	
3	16	34	29	31	28	
38	10	49	20	22	11	
44	30	31	11	40	14	
19	42	23	37	44	41	
14	28	8	45	26	44	
14	36	5	37	40	9	
28	29	40	13	41	46	
32	10	16	37	39	15	
4	26	15	36	14	32	
46	35	22	1	30	4	
2	23	44	46	21	6	
3	48	36	22	8	10	
14	28	20	24	44	45	
0	17	39	11	26	7	
4	1	8	29	7	17	
12	13	6	37	26	19	
36	37	21	16	22	4	
5	44	25	24	27	4	
12	43	23	27	0	11	
2	9	7	27	45	36	
38	48	20	3	0	37	
71	52	74	64	83	76	
89	53	55	65	62	80	
62	96	79	98	53	90	
79	99	96	74	60	93	
72	55	58	69	51	78	
51	72	68	86	79	53	
81	90	99	73	50	91	
78	82	50	98	93	57	
60	87	68	63	82	92	
59	90	88	81	85	55	
72	59	84	54	78	99	
93	58	80	96	98	59	
58	91	85	74	78	86	
87	51	60	76	91	52	
61	60	73	82	63	90	
69	59	99	96	93	95	
69	92	70	77	97	88	
83	60	59	81	98	63	
74	61	87	72	79	70	
73	50	83	90	54	51	
88	63	81	75	96	82	
79	54	88	77	70	52	
86	95	87	50	92	73	
80	73	79	98	62	84	
67	77	99	50	62	76	
95	54	68	53	50	79	
73	87	99	78	69	53	
50	80	62	67	82	86	
82	54	83	86	78	51	
78	86	70	79	80	99	
78	58	91	80	53	71	
86	95	99	88	69	63	
50	52	54	79	91	55	
93	68	57	96	63	78	
51	94	97	68	82	91	
92	75	50	65	96	64	
88	93	63	53	97	72	
88	74	92	91	63	51	
62	69	88	56	60	77	
80	70	94	65	90	73	
58	94	59	93	70	82	
84	76	57	97	99	50	
72	67	52	55	68	50	
81	96	50	62	61	73	
54	50	77	86	91	58	
63	90	55	73	78	97	
99	65	66	92	79	82	
77	90	64	78	59	98	
62	84	66	82	73	85	
65	59	71	57	92	94	
148	108	138	103	125	105	
108	116	103	132	104	122	
138	134	111	100	132	142	
143	108	113	112	138	140	
105	132	118	117	131	121	
135	104	144	112	123	124	
142	131	123	136	122	109	
108	144	133	114	124	118	
141	129	125	120	135	126	
103	128	123	100	120	140	
130	129	111	106	124	100	
142	126	135	114	103	117	
143	115	121	142	122	148	
142	100	119	104	124	144	
136	103	102	125	147	148	
145	121	101	138	144	147	
132	131	103	139	141	130	
112	119	104	106	139	110	
126	132	120	122	101	104	
148	123	119	146	109	130	
108	149	131	139	117	142	
118	103	110	113	139	119	
147	133	128	127	107	134	
129	130	133	148	108	117	
106	127	117	107	147	140	
137	142	131	144	117	149	
130	123	116	118	136	107	
128	110	138	147	105	143	
143	124	120	149	128	121	
132	103	114	106	137	122	
118	136	107	113	110	123	
141	147	126	122	114	118	
143	135	114	107	122	123	
143	111	115	104	141	140	
103	126	107	112	109	149	
118	123	101	147	114	108	
106	144	136	119	141	134	
106	121	118	144	127	105	
106	118	103	136	137	113	
120	144	127	147	133	134	
108	101	112	140	100	115	
140	120	125	141	100	105	
113	142	111	110	129	104	
122	106	144	132	114	115	
145	128	103	104	138	141	
119	103	130	129	136	135	
104	128	101	137	133	147	
126	122	137	135	147	124	
108	141	107	116	130	131	
126	120	147	146	144	103	
157	179	180	192	156	160	
155	159	170	198	190	167	
167	162	194	187	180	168	
192	179	172	174	178	168	
181	178	188	186	199	156	
188	153	174	186	161	176	
183	176	194	153	155	167	
153	165	168	155	151	197	
177	159	170	166	168	197	
161	195	193	153	157	172	
190	189	182	162	159	168	
198	185	164	183	154	151	
167	179	180	186	175	181	
198	193	167	196	181	164	
181	186	150	159	166	156	
192	153	181	158	190	150	
186	195	199	163	156	168	
184	177	163	150	176	198	
157	190	169	172	194	155	
162	173	159	196	179	198	
190	150	174	184	183	191	
183	159	152	189	191	195	
175	183	189	159	185	164	
197	196	198	169	180	162	
167	151	193	185	191	172	
169	165	173	164	196	184	
186	185	150	172	171	163	
174	162	187	182	156	172	
151	173	189	199	196	167	
195	167	173	194	179	190	
184	170	163	177	182	178	
185	194	153	172	180	176	
159	187	173	175	186	154	
182	194	168	175	165	184	
182	151	190	195	153	192	
195	189	152	178	188	150	
189	199	176	184	188	173	
150	194	188	186	157	171	
158	167	193	175	197	169	
187	176	159	177	179	150	
191	153	154	194	166	155	
169	164	196	160	182	181	
159	156	177	175	163	180	
189	179	196	159	166	158	
156	166	198	152	184	174	
153	162	192	199	172	165	
181	157	194	195	193	154	
168	183	198	150	184	196	
197	150	168	153	192	154	
155	164	176	180	173	170	
247	229	203	212	209	249	
215	248	239	205	226	233	
213	202	207	201	215	241	
201	212	200	239	205	232	
230	233	221	244	217	211	
249	224	234	215	206	225	
215	237	245	218	208	246	
229	248	224	231	221	207	
224	241	218	229	227	200	
211	222	206	230	231	201	
218	248	204	230	200	235	
225	234	210	216	242	237	
246	211	241	237	225	248	
205	244	208	233	201	214	
204	206	238	248	239	210	
229	222	206	247	226	205	
220	210	204	231	245	222	
236	241	240	208	233	222	
212	240	208	239	201	214	
225	223	247	229	211	231	
247	218	237	221	245	209	
244	239	247	204	200	232	
226	230	206	215	241	217	
216	219	222	214	213	226	
248	211	204	210	217	230	
219	245	204	239	200	225	
212	214	241	247	234	221	
239	226	205	247	203	221	
226	248	235	219	207	242	
225	220	210	243	237	202	
230	225	243	233	208	200	
208	235	209	211	202	212	
223	248	232	241	204	246	
229	206	238	233	203	201	
227	235	204	221	231	222	
208	206	244	221	239	242	
217	247	224	248	237	246	
232	238	240	226	249	222	
228	238	207	242	214	211	
244	206	210	226	207	219	
229	232	247	208	244	245	
233	237	243	214	200	225	
242	227	207	235	215	205	
211	229	205	246	220	206	
205	239	245	217	227	201	
247	213	229	220	200	216	
236	209	216	203	204	238	
218	210	243	201	207	204	
231	229	237	210	236	215	
203	221	202	246	201	212	
266	264	289	265	269	281	
274	283	297	299	254	294	
292	294	295	250	287	278	
299	278	260	282	291	267	
270	290	294	297	274	289	
268	293	277	257	253	291	
289	290	259	255	297	269	
275	257	277	284	293	289	
279	288	258	259	270	267	
259	254	275	283	277	273	
276	289	274	266	264	299	
257	266	265	295	264	262	
264	290	277	255	279	283	
279	260	294	264	262	286	
289	262	253	268	264	254	
255	269	289	294	272	256	
289	251	299	275	273	276	
251	283	252	270	265	288	
279	256	283	284	285	271	
287	291	292	297	252	256	
277	253	288	271	289	284	
297	275	254	286	258	279	
253	293	255	286	267	281	
285	264	284	268	266	252	
256	275	263	276	259	260	
271	258	264	252	267	277	
251	265	253	281	278	287	
298	263	280	285	294	268	
264	296	284	272	267	281	
265	260	289	295	282	297	
293	290	288	256	281	259	
265	286	269	252	264	295	
295	278	285	279	275	267	
286	282	297	271	262	264	
260	291	279	277	256	285	
270	254	273	255	250	297	
262	268	289	280	263	276	
256	260	258	254	280	290	
257	299	254	264	256	287	
292	280	291	279	285	263	
278	264	251	279	287	283	
271	293	274	261	296	291	
255	274	291	275	256	293	
288	285	259	256	294	268	
274	299	250	294	263	296	
264	252	262	277	299	265	
258	256	294	272	279	299	
272	252	277	285	265	251	
258	299	279	288	292	277	
259	294	272	253	288	299	
330	302	307	318	331	341	
338	345	329	331	311	322	
328	326	304	314	307	315	
302	337	346	327	315	344	
333	349	327	303	300	322	
310	343	316	319	323	308	
339	319	321	317	318	312	
349	345	327	307	313	312	
318	347	307	315	300	327	
315	311	324	321	337	325	
328	325	303	319	322	337	
329	341	347	311	327	331	
306	322	334	326	337	303	
301	312	307	306	308	325	
330	301	346	343	328	303	
331	330	300	341	302	318	
339	342	337	329	315	302	
315	305	316	301	348	339	
321	345	326	338	311	348	
326	319	314	304	335	331	
333	338	324	346	345	337	
311	312	320	322	309	349	
315	330	301	310	329	331	
314	332	349	308	328	301	
319	340	303	347	349	309	
335	306	327	332	330	309	
329	339	325	348	327	306	
310	302	333	330	315	340	
320	341	306	342	327	348	
327	306	310	313	320	324	
308	333	319	338	322	339	
311	342	335	341	306	316	
348	333	340	318	314	328	
331	306	325	326	349	341	
327	333	300	310	320	329	
349	310	312	325	337	306	
301	315	300	302	308	336	
341	317	313	332	331	344	
324	340	311	346	326	332	
307	342	340	324	312	318	
342	305	307	309	323	333	
314	332	305	306	307	321	
332	324	304	349	338	329	
332	309	338	305	335	348	
306	335	337	311	314	340	
340	346	320	312	319	343	
341	323	305	325	326	300	
349	337	328	348	341	324	
307	322	303	300	316	324	
300	305	339	309	301	310	
352	393	383	394	382	377	
376	378	371	350	398	373	
372	385	384	363	356	370	
397	383	358	382	385	367	
369	397	388	353	385	371	
395	399	357	367	359	368	
363	357	382	389	391	380	
395	367	371	374	393	354	
375	352	399	369	382	397	
353	391	359	390	381	389	
357	399	381	361	362	396	
377	375	361	373	396	367	
358	355	390	350	373	361	
385	359	398	380	375	397	
376	351	396	389	367	375	
376	354	379	366	362	370	
368	354	353	392	388	360	
381	388	368	377	375	357	
367	387	380	392	372	399	
397	373	360	351	363	359	
375	371	370	397	387	357	
379	383	353	358	365	382	
374	369	396	376	357	350	
371	389	364	365	372	368	
384	391	375	362	371	354	
367	390	377	391	379	374	
352	390	393	365	351	398	
360	351	389	388	352	376	
359	391	383	382	393	385	
358	385	353	378	381	357	
358	355	388	398	399	351	
392	350	364	377	390	395	
369	375	386	364	353	381	
352	383	362	396	378	355	
358	363	383	396	350	361	
396	351	364	380	355	369	
376	390	368	375	392	366	
384	357	374	378	386	360	
363	351	384	378	382	385	
360	387	352	371	358	388	
391	358	388	398	394	351	
366	380	369	370	384	362	
359	392	357	389	363	356	
352	399	362	371	372	370	
379	385	378	373	366	368	
354	355	352	371	392	390	
391	386	355	375	382	399	
390	358	374	353	361	394	
373	358	384	369	399	360	
398	368	385	354	350	396	
443	448	440	420	425	409	
409	403	416	426	411	424	
407	412	439	418	406	414	
414	434	422	445	443	424	
431	445	402	438	439	447	
438	436	447	433	439	426	
436	400	406	403	435	407	
429	413	423	402	405	427	
447	426	436	432	411	400	
403	410	429	423	442	419	
415	449	418	429	441	437	
441	419	407	410	416	404	
401	438	404	415	407	444	
429	424	423	407	444	411	
419	448	413	436	409	410	
440	432	428	407	422	403	
432	404	422	412	402	401	
436	406	423	448	426	407	
445	428	416	411	434	403	
439	440	448	429	435	406	
411	439	417	402	423	432	
405	430	406	413	439	426	
404	429	431	447	424	408	
417	426	424	441	428	405	
428	443	418	415	424	447	
438	409	416	435	448	402	
411	418	427	410	420	449	
440	433	442	421	441	426	
422	416	421	447	402	430	
423	435	432	424	445	446	
413	443	414	419	420	402	
426	438	423	440	428	434	
427	438	401	416	402	441	
427	445	423	401	409	414	
436	402	411	401	433	431	
404	444	449	421	412	402	
441	436	416	401	422	417	
417	443	439	411	422	437	
442	402	415	410	404	425	
433	431	445	407	422	435	
439	409	445	403	436	424	
439	423	415	409	424	430	
438	430	441	414	408	439	
437	447	421	416	422	402	
400	414	445	406	422	425	
407	438	442	417	401	437	
449	426	423	447	414	433	
400	433	419	439	412	444	
444	430	418	407	440	423	
446	437	436	444	412	445	
471	450	492	457	477	458	
474	486	499	470	476	492	
492	462	484	494	474	480	
489	495	452	487	464	454	
469	476	464	454	494	477	
480	460	462	495	465	459	
486	474	489	476	497	470	
460	453	464	472	470	493	
453	457	492	463	470	479	
483	492	468	493	488	479	
486	463	469	464	462	460	
492	466	461	481	482	473	
457	497	494	470	462	484	
451	455	456	476	496	458	
480	497	488	451	490	495	
466	459	463	470	489	479	
455	480	472	470	487	462	
454	485	494	489	481	495	
469	451	454	467	452	475	
487	483	499	471	465	472	
481	476	460	493	496	465	
494	452	458	475	485	456	
461	456	483	455	497	490	
499	477	488	490	463	454	
492	468	490	465	472	481	
476	485	458	483	463	487	
464	495	471	455	496	463	
480	495	465	468	491	455	
460	480	481	461	456	451	
463	495	462	473	464	479	
485	499	488	492	473	490	
497	495	456	475	454	490	
450	479	488	499	483	495	
463	455	465	473	480	451	
478	498	459	466	470	490	
451	493	496	483	461	497	
473	457	461	460	498	495	
478	492	463	476	450	455	
493	484	470	456	498	455	
491	480	493	496	474	471	
456	455	480	495	457	463	
467	462	488	490	460	455	
479	494	450	497	464	495	
466	493	494	458	463	491	
450	470	484	476	498	460	
498	483	487	489	495	499	
460	465	470	479	499	478	
473	495	479	474	472	471	
499	456	458	491	483	453	
470	492	468	489	474	472	
26	35	5	13	40	18	36	
25	38	9	28	23	39	33	
31	12	40	45	28	0	15	
5	19	36	44	21	6	11	
34	38	6	2	48	22	0	
23	31	35	16	47	18	19	
43	14	25	19	38	41	6	
18	43	8	20	1	11	16	
8	2	15	46	4	12	10	
32	38	21	18	17	40	29	
25	1	18	32	27	36	16	
27	31	49	17	44	2	42	
39	19	37	10	41	20	33	
31	12	22	9	3	32	49	
29	15	10	32	34	42	23	
13	15	22	44	17	32	31	
42	36	41	26	44	31	3	
35	22	11	33	0	2	28	
38	27	12	23	40	13	29	
37	49	15	7	20	22	1	
3	33	46	48	47	36	40	
2	16	43	11	41	7	1	
10	23	41	26	9	44	28	
29	18	37	20	1	45	8	
14	8	45	33	2	4	10	
4	41	25	16	21	39	43	
34	16	30	37	45	24	29	
39	18	45	11	41	7	10	
7	17	18	34	33	23	37	
26	44	2	43	9	28	3	
20	14	6	43	0	40	1	
25	49	44	13	0	28	18	
36	3	16	32	7	45	24	
35	49	48	30	42	15	18	
40	9	24	49	17	48	23	
4	26	13	8	41	44	6	
23	28	40	44	45	15	21	
0	5	20	26	21	40	12	
40	35	33	45	11	20	15	
38	39	31	43	40	20	35	
24	25	8	21	30	12	44	
44	16	22	13	34	15	29	
21	11	4	43	39	15	3	
33	38	5	42	21	7	13	
25	11	9	31	21	42	43	
46	23	42	1	20	8	25	
22	41	40	47	46	17	1	
13	21	49	39	10	26	34	
31	7	44	40	33	10	46	
28	31	1	40	47	25	36	
82	56	74	98	58	97	65	
95	91	82	64	94	68	50	
91	62	58	54	93	60	66	
97	77	98	50	87	91	61	
58	63	89	81	67	62	74	
63	86	90	79	78	77	99	
63	81	91	56	80	98	78	
66	83	71	96	73	63	94	
68	55	57	82	95	54	58	
54	67	95	57	74	83	84	
96	70	80	58	61	81	51	
72	53	52	98	50	60	96	
88	52	81	96	84	56	58	
88	96	68	72	82	63	52	
72	85	70	68	62	83	66	
74	54	98	64	60	67	72	
60	63	85	59	81	90	50	
91	70	78	81	79	65	73	
59	87	68	67	69	96	50	
71	55	89	95	81	62	73	
70	55	98	77	80	67	72	
65	76	58	89	70	51	72	
95	52	61	55	94	90	66	
86	84	95	73	78	71	53	
77	85	69	59	57	79	54	
60	92	58	62	64	73	55	
55	51	50	75	82	98	77	
61	70	85	63	71	69	51	
59	52	86	84	70	57	87	
95	90	91	98	88	76	74	
76	50	73	71	64	97	65	
54	51	63	89	75	50	73	
86	98	95	51	65	61	68	
87	84	88	91	81	66	75	
72	92	95	60	71	70	93	
57	59	61	83	76	87	64	
81	60	72	80	53	62	96	
60	51	76	86	92	53	74	
53	97	80	70	59	77	67	
57	67	89	53	70	55	77	
70	64	69	95	65	63	51	
60	61	80	99	98	62	86	
56	50	71	62	95	89	77	
53	79	73	88	97	76	58	
98	70	86	99	69	59	68	
99	92	72	51	53	57	98	
50	81	63	80	91	62	58	
89	57	84	68	78	88	96	
68	55	79	72	52	51	58	
58	86	60	88	50	92	72	
112	133	130	143	117	104	129	
138	118	144	130	127	123	111	
116	126	111	141	110	100	118	
120	126	102	144	113	124	137	
144	112	131	104	106	115	128	
148	134	106	145	130	147	123	
113	134	100	131	136	148	118	
126	104	114	147	125	105	148	
106	138	125	100	144	123	143	
130	142	138	106	131	113	118	
101	134	124	133	123	113	109	
147	101	102	142	111	127	130	
144	106	127	137	130	141	120	
109	130	129	124	113	139	100	
105	136	120	149	138	130	125	
148	126	130	139	102	140	122	
144	121	135	109	146	142	134	
112	113	103	136	109	111	122	
109	110	127	129	147	132	112	
128	120	101	103	140	127	132	
109	104	146	100	128	116	107	
123	118	112	108	114	134	121	
135	102	118	138	111	127	100	
145	129	123	130	107	110	102	
120	115	145	140	139	104	110	
110	108	147	114	141	113	111	
121	115	125	116	102	141	130	
113	111	110	101	131	116	108	
142	116	147	113	135	141	108	
131	134	141	110	143	138	119	
108	132	114	148	146	149	134	
102	104	143	111	133	132	113	
120	140	102	149	134	132	135	
118	148	141	127	135	106	129	
127	116	136	123	113	144	118	
136	108	132	110	127	109	104	
107	121	124	143	125	134	146	
145	107	130	110	125	103	119	
119	129	109	127	105	106	103	
124	114	117	148	116	109	115	
101	132	122	117	114	106	139	
109	131	116	144	113	138	124	
131	124	139	106	103	121	132	
134	136	113	126	119	100	130	
108	143	111	130	124	118	123	
140	114	120	116	129	118	132	
136	116	119	122	130	102	117	
125	121	145	135	143	141	101	
138	145	147	143	114	134	100	
129	132	101	102	146	130	125	
186	171	169	198	161	196	190	
168	192	183	159	155	163	197	
182	185	171	156	170	165	151	
152	176	191	166	159	186	184	
174	195	167	171	160	170	166	
156	151	183	154	158	180	197	
170	153	159	175	173	186	195	
179	193	160	164	195	162	189	
154	159	166	162	179	165	192	
186	155	173	168	185	183	188	
164	174	168	183	167	173	156	
187	166	175	153	174	184	172	
161	192	176	172	159	197	171	
193	186	192	172	167	171	179	
155	176	172	177	189	168	182	
198	170	186	172	193	162	182	
181	186	187	161	176	178	175	
195	189	167	166	159	170	171	
163	151	160	154	180	162	173	
163	157	194	165	166	191	172	
185	165	171	151	178	155	193	
182	181	154	168	175	171	190	
186	157	160	156	165	155	178	
159	195	151	188	162	170	168	
167	190	165	177	158	157	195	
151	194	175	160	159	190	166	
161	176	159	189	180	156	157	
196	160	193	175	190	152	172	
150	162	156	160	167	151	152	
158	178	180	168	196	194	179	
185	177	173	166	181	155	180	
191	155	192	189	179	173	185	
191	186	180	187	152	158	156	
175	173	157	186	168	197	171	
166	184	161	183	182	174	154	
197	190	170	177	162	163	160	
182	196	168	183	159	170	162	
185	152	159	172	155	186	157	
186	179	152	197	161	156	194	
191	171	154	163	165	189	152	
165	157	189	176	179	182	164	
156	183	154	160	184	150	193	
153	189	184	175	168	165	150	
150	178	192	188	154	195	176	
169	186	174	197	178	151	179	
176	182	156	155	185	170	192	
186	171	158	192	169	182	157	
191	182	156	197	193	161	152	
197	179	157	174	195	170	150	
188	165	183	184	181	191	179	
230	222	235	208	233	227	217	
210	245	237	249	230	212	239	
239	228	247	227	216	208	236	
217	219	246	201	212	223	206	
222	243	212	242	219	216	232	
200	201	217	202	227	211	231	
215	211	217	218	202	233	243	
236	237	216	214	217	248	240	
236	203	239	237	210	235	215	
218	235	220	225	239	202	205	
245	211	228	235	218	230	213	
238	235	241	237	226	201	233	
219	239	235	212	247	225	223	
214	203	242	245	217	216	231	
248	204	212	226	235	203	218	
203	227	236	239	233	242	222	
213	237	224	214	230	210	217	
238	204	224	222	216	247	202	
216	235	249	206	241	240	210	
214	228	237	219	208	241	239	
238	235	218	230	201	249	245	
240	207	206	209	241	221	231	
209	224	219	235	207	239	246	
207	237	226	212	210	223	216	
207	227	233	225	203	222	236	
238	245	213	200	228	209	234	
211	214	248	246	212	216	237	
215	214	210	241	217	209	207	
234	229	205	222	237	239	241	
225	244	202	247	235	238	248	
235	237	247	212	204	206	216	
205	227	245	220	200	237	230	
207	223	228	245	219	235	208	
200	210	222	232	248	245	207	
205	236	214	226	246	220	248	
207	223	242	216	200	219	208	
223	240	232	239	204	247	212	
238	214	205	239	240	247	236	
243	240	220	202	219	224	210	
229	242	226	240	218	207	235	
220	237	216	232	243	210	241	
219	202	204	211	201	210	233	
206	246	210	207	223	220	218	
231	217	209	234	228	223	218	
205	218	213	222	247	220	246	
239	226	227	236	200	232	217	
222	200	221	202	212	215	240	
224	236	223	234	219	229	228	
208	214	220	206	228	242	207	
218	212	232	217	211	244	208	
285	269	253	296	252	268	280	
280	287	256	290	296	298	278	
262	286	254	269	288	258	251	
285	291	296	276	290	299	262	
288	283	281	285	273	254	297	
286	293	254	281	265	290	263	
256	296	263	251	281	276	289	
296	280	297	252	281	282	263	
291	272	283	279	297	255	293	
278	255	261	291	274	262	284	
288	295	283	260	275	277	266	
283	271	295	250	262	261	269	
291	269	259	276	294	283	281	
298	261	283	270	286	282	278	
264	253	279	282	273	254	271	
279	271	259	266	282	299	257	
268	274	253	291	293	271	288	
268	272	264	299	289	284	266	
294	296	277	282	274	290	259	
277	257	282	290	268	275	253	
273	289	268	284	293	282	288	
257	260	289	261	297	267	272	
296	275	282	263	251	262	252	
297	252	250	261	287	282	275	
291	261	267	281	284	276	250	
257	287	256	274	288	297	285	
284	272	275	292	267	278	274	
274	289	263	279	252	264	297	
253	275	267	276	254	268	279	
288	251	295	279	268	265	294	
262	276	278	257	259	261	258	
286	266	253	250	269	267	295	
298	288	250	269	293	274	276	
288	294	260	287	298	274	269	
262	263	283	286	295	278	252	
278	270	263	291	260	275	273	
299	283	289	281	295	260	270	
260	276	270	296	267	287	257	
279	264	291	250	280	298	251	
251	265	290	281	270	267	294	
260	279	271	256	291	264	282	
270	253	256	259	271	266	298	
257	292	254	259	251	282	289	
265	261	292	279	254	250	260	
255	266	269	280	283	252	253	
276	272	287	296	277	298	286	
269	257	295	251	268	291	263	
259	257	298	250	286	267	273	
294	257	292	269	296	281	253	
252	259	282	254	273	260	297	
325	318	315	303	333	312	337	
318	336	302	340	338	341	306	
334	328	304	300	338	339	330	
314	301	342	327	313	338	337	
313	337	344	306	334	331	302	
335	339	345	316	305	309	330	
320	328	338	305	347	334	332	
342	321	332	304	312	301	337	
304	324	344	315	325	319	312	
303	333	318	340	326	313	342	
301	305	341	324	326	311	342	
336	309	345	348	347	319	320	
336	347	334	329	315	330	333	
315	304	340	345	333	303	328	
330	316	312	340	308	333	305	
346	340	324	319	337	318	305	
317	307	341	323	322	324	344	
330	347	336	325	334	342	346	
302	335	300	323	306	338	311	
343	310	304	334	348	326	337	
346	345	303	340	325	333	321	
333	321	349	318	307	328	347	
339	315	342	305	321	329	338	
321	342	336	335	302	314	304	
348	326	328	315	345	330	327	
332	324	329	342	347	321	313	
348	341	346	315	314	332	322	
300	349	330	310	338	335	308	
343	335	345	349	336	347	325	
315	312	335	345	313	306	314	
315	317	307	308	334	323	326	
339	321	315	342	346	343	316	
321	349	300	327	317	312	328	
319	302	334	318	325	313	340	
329	339	324	314	304	312	323	
331	313	324	341	345	303	305	
349	314	342	323	327	317	333	
344	328	312	306	343	322	318	
316	325	311	346	306	321	349	
331	337	339	329	335	322	314	
327	300	305	328	317	344	313	
320	313	301	348	336	319	318	
318	339	328	316	307	302	320	
336	314	334	346	329	343	308	
326	315	324	308	310	325	307	
325	317	321	332	315	311	309	
313	310	323	330	317	337	300	
334	325	332	339	340	331	322	
339	320	311	322	312	333	308	
336	326	342	318	337	322	320	
393	372	362	382	367	351	392	
399	384	393	395	359	358	371	
397	371	389	356	391	366	380	
379	353	366	377	357	355	367	
367	387	397	362	378	357	366	
363	391	374	397	383	386	360	
397	379	384	365	380	396	368	
364	376	362	389	375	396	374	
378	393	366	361	352	367	385	
381	387	373	378	353	398	397	
391	398	382	399	380	388	378	
357	356	368	351	350	359	388	
353	392	386	398	382	399	393	
387	377	368	388	389	394	386	
373	378	356	379	353	355	399	
392	365	366	362	356	359	396	
353	372	394	359	384	392	369	
376	397	369	371	386	377	394	
358	387	366	354	374	389	391	
370	387	354	357	394	368	379	
370	388	378	366	359	352	391	
360	398	359	372	355	375	361	
373	354	380	390	391	378	379	
393	392	361	364	390	360	388	
379	381	390	360	393	358	356	
376	377	373	399	378	390	385	
374	387	377	352	386	368	362	
386	367	369	360	376	350	393	
367	381	370	356	353	371	351	
353	381	364	380	396	386	391	
388	398	396	378	395	350	365	
376	374	366	365	390	379	389	
392	394	399	379	375	378	397	
356	374	369	394	391	379	395	
369	352	391	371	368	381	355	
375	367	368	386	376	374	356	
356	352	380	366	353	355	368	
394	360	365	389	369	378	358	
375	393	378	374	394	380	388	
389	375	397	372	396	371	392	
380	387	395	362	364	370	361	
372	366	378	371	356	357	398	
387	369	397	386	357	355	381	
380	366	362	354	360	385	358	
363	377	392	354	372	351	367	
357	384	390	385	368	396	360	
382	381	394	397	372	375	361	
383	352	379	392	380	378	374	
384	376	396	358	383	355	370	
381	392	384	374	387	390	369	
449	421	446	411	401	400	423	
428	408	404	427	441	440	433	
420	402	436	401	413	431	448	
412	430	422	434	411	423	436	
406	423	447	405	412	407	431	
441	419	430	444	411	438	434	
410	401	436	446	406	411	438	
428	419	409	431	415	407	435	
428	445	411	447	432	419	449	
402	434	401	416	449	425	404	
404	433	403	419	425	408	412	
409	442	430	431	403	405	407	
446	410	402	415	421	416	435	
417	403	429	416	428	406	448	
416	437	417	424	404	411	432	
423	413	446	421	419	414	405	
447	418	443	442	425	403	424	
407	434	400	425	431	413	417	
447	406	429	435	432	410	415	
431	430	441	414	400	439	443	
405	400	446	445	413	439	426	
406	423	403	407	446	434	412	
401	432	433	438	431	441	436	
415	408	440	419	438	439	401	
433	406	411	443	412	420	405	
416	415	406	424	429	447	411	
437	421	401	440	428	424	441	
418	444	411	415	408	410	431	
435	417	446	409	428	415	421	
414	408	437	444	409	427	419	
400	437	424	405	449	440	426	
402	419	431	440	406	411	403	
426	419	411	449	442	421	448	
420	422	409	444	403	404	434	
422	420	435	429	410	400	424	
426	441	415	420	428	403	448	
415	433	431	416	421	406	420	
437	417	425	407	423	435	406	
401	415	434	414	424	421	420	
442	413	417	420	421	434	443	
417	425	416	431	403	432	405	
444	434	416	427	412	407	449	
448	406	405	427	409	431	445	
431	443	415	425	400	405	428	
412	434	429	402	437	439	424	
416	429	435	421	428	446	440	
438	435	416	419	428	441	410	
434	408	445	428	444	431	402	
417	446	435	401	437	444	406	
416	417	434	424	419	426	401	
467	495	498	462	482	466	454	
497	452	474	477	463	479	471	
461	479	486	477	451	453	470	
467	474	457	453	493	498	472	
496	474	470	485	468	467	494	
492	456	493	469	461	480	455	
493	481	486	470	450	492	498	
478	492	471	462	459	461	499	
450	454	483	495	467	473	461	
494	471	464	477	465	451	496	
469	464	460	488	450	453	496	
486	485	457	480	498	464	467	
499	467	477	475	488	489	473	
486	495	473	493	461	466	478	
469	481	489	497	488	484	471	
467	477	468	488	471	482	498	
498	467	480	475	463	453	493	
499	495	491	469	479	490	463	
490	461	486	451	480	479	491	
494	465	452	459	464	471	480	
474	462	457	483	495	497	484	
459	485	463	468	471	458	456	
453	457	467	460	474	464	483	
497	481	476	485	462	467	450	
451	495	460	487	470	467	484	
450	480	494	461	458	498	486	
467	476	497	473	472	479	496	
452	481	464	477	475	450	455	
463	468	490	476	469	453	488	
455	452	470	469	490	477	483	
477	498	478	496	472	488	466	
455	463	474	491	459	482	481	
488	497	467	460	466	478	470	
476	471	495	475	474	466	457	
458	474	456	463	486	488	495	
490	497	486	460	475	452	474	
490	450	488	486	464	456	493	
477	487	480	460	450	463	476	
463	471	460	456	498	496	470	
465	492	479	474	471	451	454	
495	478	474	479	482	475	488	
475	488	472	474	479	461	459	
464	476	490	471	473	488	456	
476	488	455	484	469	462	485	
488	497	453	477	493	469	483	
476	451	461	495	494	473	471	
495	489	457	487	453	480	469	
496	486	477	484	480	450	495	
495	452	481	474	464	467	499	
476	470	488	458	484	469	462	
2	5	34	0	11	18	27	30	
20	44	31	38	5	11	7	40	
41	24	49	31	8	21	29	35	
34	8	4	46	13	27	28	39	
3	9	22	33	21	38	25	44	
20	39	28	8	17	47	44	46	
38	12	10	2	22	11	31	48	
35	14	1	23	9	25	20	27	
43	18	42	39	47	0	19	20	
30	40	42	4	20	19	3	49	
38	12	19	43	7	11	26	36	
42	1	7	11	16	14	12	43	
24	3	34	1	8	41	5	30	
10	22	36	47	32	4	27	20	
48	42	21	18	20	45	38	7	
13	10	24	26	1	22	8	29	
47	27	5	17	45	4	3	28	
46	1	4	26	47	43	13	23	
33	49	35	44	21	25	20	1	
49	0	14	16	19	20	45	44	
13	18	29	35	23	17	21	42	
17	22	34	36	13	6	18	0	
34	4	17	14	6	42	29	45	
29	21	43	7	34	18	49	33	
32	49	3	35	5	28	13	45	
33	7	23	46	16	39	26	44	
41	16	31	15	24	2	17	45	
37	40	43	2	3	13	7	39	
19	47	22	41	8	11	16	17	
30	27	38	25	41	39	36	46	
33	32	39	40	5	6	31	2	
23	35	32	34	14	49	13	24	
25	23	3	47	20	38	30	29	
0	7	32	35	8	36	9	30	
43	15	35	46	9	26	13	24	
0	12	29	6	15	28	36	42	
42	45	22	14	41	24	36	34	
35	5	48	46	34	8	31	38	
11	33	13	37	22	49	24	19	
36	42	8	31	2	3	43	39	
47	14	35	3	16	22	4	39	
9	21	38	10	37	2	14	13	
10	40	45	5	3	17	33	14	
7	29	44	5	22	21	1	48	
29	20	6	46	22	39	33	48	
14	7	13	44	40	12	43	19	
36	39	16	24	29	32	11	48	
39	45	41	48	15	12	0	35	
25	42	28	27	8	0	36	17	
8	2	49	31	22	0	5	41	
87	70	99	96	54	91	92	79	
64	82	75	93	76	78	68	92	
79	93	73	81	85	94	56	67	
61	96	90	99	78	87	57	69	
96	65	79	64	67	88	62	66	
67	55	65	76	95	84	54	85	
57	60	65	61	92	93	66	80	
80	96	75	89	66	62	79	81	
92	73	69	87	68	61	63	89	
96	56	84	94	61	95	82	91	
72	64	52	68	98	73	86	79	
91	96	79	62	52	66	90	72	
68	85	84	64	90	74	99	53	
82	73	71	85	90	53	75	63	
81	91	98	82	69	74	85	64	
78	99	54	89	83	72	98	75	
63	57	85	73	90	66	77	52	
94	77	90	93	55	85	71	60	
53	68	71	63	75	86	61	66	
56	54	85	88	76	98	63	57	
80	52	92	72	93	70	53	84	
65	59	85	80	66	52	95	96	
85	64	69	70	97	74	99	90	
85	78	74	69	75	80	64	60	
92	98	88	64	83	56	52	91	
68	72	58	88	95	54	61	57	
57	51	78	55	87	93	94	50	
73	86	67	82	63	65	58	71	
94	90	69	52	83	87	85	86	
88	87	53	94	54	86	59	89	
65	57	77	79	61	78	67	70	
81	65	55	80	84	68	66	78	
96	53	83	76	99	90	93	67	
96	74	59	61	64	54	57	81	
53	91	65	64	57	86	84	59	
99	73	95	75	70	55	63	69	
67	81	62	97	93	85	77	98	
66	87	61	85	93	77	99	86	
91	77	94	97	50	90	56	64	
70	50	95	65	82	76	59	61	
83	62	66	65	95	59	67	97	
72	89	76	66	88	52	62	58	
92	63	78	98	64	87	80	60	
69	81	87	90	79	62	96	63	
80	93	96	98	60	51	67	92	
59	77	91	86	97	51	98	88	
52	99	72	56	98	70	65	94	
78	50	82	52	90	95	84	72	
72	92	94	60	90	87	59	69	
77	98	62	55	50	96	52	69	
123	130	119	116	134	113	133	132	
136	146	126	145	102	127	111	125	
108	134	115	120	105	138	109	135	
107	130	141	123	116	133	100	114	
118	148	124	125	130	143	135	127	
126	121	106	129	145	143	135	103	
141	104	137	140	100	146	116	117	
112	114	129	118	120	111	115	106	
143	105	122	141	128	148	108	142	
133	104	139	121	120	116	125	108	
127	147	125	136	106	137	142	121	
122	104	116	110	129	139	118	130	
120	102	139	125	116	111	105	136	
132	133	112	109	116	138	134	144	
142	109	126	146	135	141	130	105	
128	140	120	104	149	129	119	143	
116	120	114	115	107	132	103	108	
110	145	124	149	103	131	137	143	
148	114	136	131	144	113	127	104	
121	109	138	133	142	134	114	100	
146	139	124	149	128	121	102	123	
105	101	125	102	142	123	114	117	
120	105	102	127	139	119	126	125	
111	129	106	117	115	146	108	114	
124	116	121	140	113	133	103	106	
136	128	131	105	125	104	142	119	
104	135	115	124	110	100	131	111	
124	106	111	125	110	121	137	144	
138	129	133	144	132	119	124	134	
119	122	133	136	121	139	111	125	
109	148	100	129	145	119	141	130	
102	121	123	113	135	145	130	111	
102	146	124	127	117	128	144	148	
112	142	134	144	120	125	129	105	
128	123	143	125	109	149	107	139	
122	120	138	143	125	137	108	117	
116	130	121	127	144	109	126	143	
142	139	109	118	104	103	128	141	
133	104	134	137	118	146	125	120	
139	110	127	137	148	103	101	120	
106	116	131	128	144	121	122	109	
112	134	147	104	115	114	136	138	
102	143	119	124	138	114	103	133	
103	104	129	128	134	140	105	147	
142	119	149	114	147	120	109	124	
103	113	107	144	109	143	111	125	
142	128	124	129	106	105	117	127	
143	149	128	139	130	112	118	114	
106	147	146	108	127	117	138	115	
127	126	116	133	109	115	134	123	
198	167	157	177	180	191	183	184	
156	165	197	178	177	192	151	170	
153	180	176	162	193	197	184	174	
169	175	179	158	165	176	151	161	
170	177	185	180	181	188	176	172	
194	162	161	167	195	160	193	169	
170	161	191	196	167	156	172	174	
153	154	172	163	189	183	151	197	
178	182	170	187	167	161	173	193	
173	171	164	197	172	160	183	161	
192	189	169	185	187	165	184	172	
172	194	195	158	187	177	184	156	
190	163	153	161	156	159	180	176	
172	174	165	188	177	193	150	184	
198	161	166	170	190	196	186	167	
168	199	158	193	171	187	190	176	
191	199	157	190	170	184	163	154	
159	188	150	151	156	197	160	174	
175	197	198	171	155	153	195	193	
179	183	175	156	165	151	161	189	
171	184	168	188	166	176	185	164	
190	197	157	185	175	187	160	174	
191	177	165	195	193	171	158	174	
193	160	164	158	181	179	184	161	
178	189	168	180	176	172	153	195	
179	155	194	185	199	163	195	192	
166	173	187	177	195	171	151	183	
165	198	152	178	189	161	166	179	
160	178	152	195	171	180	186	154	
168	162	198	158	191	176	170	173	
199	166	188	183	185	196	163	155	
154	188	195	172	164	156	180	186	
167	179	166	193	168	189	186	196	
178	159	164	195	188	162	182	199	
152	150	180	177	164	189	183	166	
186	181	165	184	155	193	183	169	
155	182	180	166	156	164	157	188	
153	185	160	181	167	192	168	173	
176	186	181	192	189	161	156	171	
190	196	153	154	161	162	167	170	
195	150	194	174	176	177	184	166	
186	180	169	164	184	153	167	152	
162	167	181	197	178	185	171	176	
186	165	151	161	169	174	189	156	
179	157	180	175	182	162	158	195	
166	175	180	171	153	156	185	176	
183	195	185	174	156	187	194	171	
183	178	151	163	169	172	168	181	
159	193	165	195	167	180	157	176	
197	159	168	160	176	186	169	179	
200	204	212	231	209	247	230	215	
210	230	211	218	225	209	217	207	
233	221	207	224	201	229	206	210	
225	209	200	224	241	244	246	201	
236	240	235	203	239	226	222	241	
239	214	200	241	242	219	206	211	
200	202	240	215	245	237	218	239	
246	215	226	213	219	214	201	243	
224	248	234	226	205	244	227	237	
242	216	224	236	232	231	204	215	
225	239	207	212	236	222	228	215	
244	200	225	242	209	246	216	206	
220	246	229	201	224	213	210	211	
248	206	230	236	218	233	241	211	
221	247	222	245	235	225	214	224	
241	206	249	222	231	219	237	245	
237	201	229	227	248	241	220	239	
246	219	221	245	200	231	237	211	
244	201	209	214	249	232	227	218	
219	221	241	232	225	248	204	201	
249	228	240	224	232	215	227	219	
204	240	231	226	230	221	241	247	
249	222	216	213	202	203	232	211	
203	246	244	245	212	227	231	239	
203	209	244	212	243	216	235	246	
238	217	207	219	216	210	241	237	
214	243	211	244	241	245	206	212	
246	239	217	242	218	236	248	203	
244	230	235	233	214	238	228	222	
236	238	249	204	218	206	203	200	
202	239	210	214	219	203	242	218	
209	246	212	222	226	245	225	232	
209	204	244	218	202	205	215	236	
218	216	237	219	203	213	206	244	
212	227	233	242	224	244	225	214	
237	235	244	211	231	218	224	221	
217	208	238	211	239	206	227	226	
213	245	216	212	246	233	220	203	
243	249	235	228	247	208	240	236	
245	214	227	218	233	246	223	237	
218	215	205	228	224	239	223	207	
215	234	222	216	243	208	245	227	
202	200	219	235	244	232	234	224	
221	248	218	234	210	225	243	206	
236	219	237	230	223	214	208	213	
236	241	247	239	215	219	208	227	
211	213	231	220	234	247	226	233	
237	226	200	239	209	241	210	246	
233	226	248	203	208	209	242	224	
244	217	231	208	232	242	216	240	
281	257	278	287	267	265	250	293	
256	284	275	287	273	288	295	271	
270	269	258	275	286	299	283	259	
264	292	283	289	285	280	263	271	
297	295	281	261	282	275	266	252	
299	286	270	253	271	273	296	255	
254	274	272	257	294	280	277	262	
294	281	259	261	277	278	297	279	
278	287	264	291	267	280	297	288	
276	258	286	260	282	275	281	298	
253	263	268	267	261	278	252	279	
261	296	260	294	267	284	269	286	
281	264	283	284	270	258	291	255	
268	253	298	289	283	275	265	255	
262	283	267	264	256	282	290	286	
277	275	279	268	293	258	261	280	
284	270	277	267	262	281	291	276	
257	267	251	291	253	292	280	252	
258	291	286	251	274	294	288	272	
276	282	280	265	253	295	269	281	
277	285	269	293	295	292	274	281	
289	273	296	276	268	250	284	254	
272	289	299	277	279	294	278	259	
271	299	295	257	260	250	256	285	
297	299	283	285	289	294	262	290	
271	251	288	292	256	270	296	275	
265	250	299	262	253	255	264	291	
275	279	276	295	298	251	264	287	
265	291	256	286	263	268	255	292	
280	252	263	294	286	267	279	261	
265	283	269	286	270	277	275	263	
279	267	265	264	298	251	263	274	
277	269	261	267	292	298	266	282	
277	265	286	258	297	294	254	290	
281	257	250	277	283	286	251	255	
286	251	287	278	266	269	258	250	
288	285	283	251	284	294	265	282	
272	294	282	289	261	295	279	274	
265	252	279	287	273	293	282	268	
295	275	252	259	298	282	254	289	
254	282	259	292	296	261	269	280	
278	253	294	280	264	257	290	277	
278	250	275	277	257	254	285	290	
273	278	271	286	262	263	279	295	
298	262	264	260	269	252	258	284	
295	256	273	259	269	260	274	288	
276	298	280	269	272	283	267	265	
256	265	268	299	257	259	258	291	
267	287	257	296	290	264	292	283	
281	296	257	268	277	251	299	271	
337	319	330	304	347	324	323	335	
333	340	348	324	341	320	344	305	
341	309	328	347	307	319	348	332	
345	300	342	325	338	308	334	335	
323	327	338	307	328	332	321	310	
335	349	339	307	320	306	330	312	
309	319	315	327	301	339	342	333	
320	322	311	327	333	307	314	302	
342	343	337	317	304	325	329	322	
340	304	303	347	317	337	316	310	
314	320	308	300	309	307	339	315	
338	320	324	335	300	312	311	301	
335	334	309	303	325	331	339	304	
339	314	330	310	303	334	342	300	
343	332	342	330	344	313	315	305	
339	331	329	326	305	319	343	324	
340	314	315	305	349	308	322	309	
313	324	301	310	321	307	331	346	
339	338	319	314	327	324	301	345	
308	307	332	336	339	310	317	343	
348	307	341	308	335	326	314	324	
322	315	320	349	339	316	337	323	
344	349	306	331	303	346	307	342	
338	307	337	342	326	346	328	333	
331	327	328	349	308	321	336	347	
340	329	318	305	339	342	343	336	
337	330	342	347	318	340	305	311	
318	325	349	341	335	315	323	328	
327	310	335	347	336	317	330	313	
305	327	326	306	336	310	345	317	
340	333	307	320	316	326	324	334	
334	308	347	319	317	310	336	330	
319	343	330	304	327	345	329	342	
307	313	303	335	337	317	347	315	
327	301	334	320	340	317	313	303	
340	310	321	325	306	319	329	328	
327	300	341	332	313	331	318	322	
346	334	320	330	308	344	305	312	
318	304	335	340	319	309	328	310	
318	348	304	331	349	333	338	327	
310	341	346	326	347	335	327	349	
312	307	337	300	340	317	303	309	
337	339	310	303	328	331	301	329	
303	301	317	300	343	340	335	348	
321	344	333	323	300	315	334	304	
340	312	322	302	327	323	314	334	
317	316	344	331	324	343	323	326	
344	331	314	312	333	323	348	322	
342	321	319	343	324	312	300	306	
317	326	303	330	338	307	311	340	
366	392	378	357	369	385	372	389	
370	377	362	392	359	397	366	360	
365	377	353	391	350	381	360	366	
369	374	361	396	358	378	357	373	
380	382	395	377	350	353	362	366	
368	359	389	350	394	369	370	381	
393	381	391	372	373	379	387	397	
382	379	370	381	384	350	376	380	
398	386	389	370	350	397	379	393	
389	371	369	351	398	378	393	383	
373	360	393	357	369	358	398	377	
367	372	370	391	369	380	389	375	
384	350	367	374	369	378	363	385	
359	392	395	377	353	379	396	365	
379	357	387	397	380	395	353	386	
398	389	391	381	366	360	387	361	
365	352	366	392	399	395	374	378	
359	369	395	396	360	398	368	356	
374	392	359	351	362	355	375	354	
360	385	366	376	356	380	389	359	
353	363	376	367	378	384	355	385	
391	370	369	388	353	393	354	364	
399	395	360	382	353	392	384	352	
364	372	388	377	385	371	355	368	
356	363	394	391	361	388	353	362	
359	351	357	385	380	399	387	354	
364	391	397	360	365	368	375	384	
367	358	382	357	388	370	350	383	
393	352	380	387	392	358	381	383	
383	390	373	397	369	372	392	385	
377	361	379	376	383	399	365	354	
396	372	390	378	398	362	387	368	
384	392	370	371	350	369	383	396	
353	387	391	365	376	396	395	362	
390	355	392	363	373	377	367	394	
396	363	358	367	389	392	379	365	
373	390	399	381	353	356	393	396	
350	360	373	392	383	376	352	355	
350	395	388	355	392	351	369	374	
358	383	380	356	354	389	362	396	
374	360	353	381	390	373	398	363	
379	396	398	361	389	373	360	385	
382	377	361	385	372	359	369	376	
381	387	367	397	368	360	364	377	
361	375	390	354	383	393	353	381	
353	392	360	358	373	354	397	399	
384	357	352	372	355	395	370	378	
368	391	352	357	383	387	385	389	
355	392	375	379	363	358	373	384	
373	389	371	398	353	386	382	396	
418	410	400	422	436	402	433	438	
407	440	422	413	438	444	427	401	
435	414	411	409	442	400	432	402	
414	424	419	437	444	411	401	435	
441	437	404	435	421	420	405	440	
437	432	406	449	416	403	429	441	
422	405	426	406	430	445	417	444	
433	438	407	435	436	431	408	411	
444	406	416	411	436	404	422	408	
421	403	417	437	444	428	447	418	
443	447	417	409	418	400	425	410	
447	408	432	449	440	422	430	401	
411	432	444	437	433	445	400	402	
419	410	439	424	402	422	440	428	
420	432	440	405	404	406	412	422	
416	400	433	441	421	413	439	431	
443	411	422	449	410	438	426	417	
428	423	406	440	425	446	409	421	
402	405	437	412	444	435	400	401	
449	430	425	410	420	403	438	434	
441	430	423	419	434	443	425	433	
401	440	445	435	414	443	424	438	
427	405	444	423	401	435	417	429	
412	427	438	402	434	447	414	409	
402	414	444	441	401	413	433	417	
436	445	406	414	434	446	428	421	
437	422	436	447	407	427	419	417	
401	428	448	430	424	446	422	432	
437	423	403	428	441	449	435	432	
423	428	443	413	448	432	444	429	
402	430	449	436	408	424	405	442	
414	449	405	439	416	433	402	410	
422	409	448	417	438	411	428	423	
421	429	423	407	436	408	404	437	
405	403	419	408	406	414	431	418	
431	442	441	426	406	429	421	408	
421	436	443	419	435	403	416	439	
413	444	429	406	424	408	432	409	
410	426	424	434	432	429	449	402	
409	413	438	407	445	421	429	433	
406	412	429	426	404	423	436	405	
412	415	434	409	428	448	435	414	
431	410	437	405	418	429	444	409	
442	411	426	443	405	444	448	403	
427	436	403	401	437	408	426	409	
443	400	430	432	402	403	447	439	
407	416	415	419	417	442	410	400	
447	432	421	428	442	439	449	420	
407	423	414	444	433	447	439	403	
444	404	424	423	406	440	432	431	
476	485	469	457	499	493	497	490	
452	482	462	473	499	463	486	477	
484	451	498	488	452	497	496	495	
485	473	468	465	450	469	492	461	
480	464	467	482	483	497	463	461	
493	464	474	487	462	469	460	470	
479	495	457	499	456	482	486	480	
480	469	481	496	477	495	452	459	
461	473	498	468	484	475	480	496	
490	476	453	495	472	457	452	491	
453	450	476	471	477	468	458	493	
454	465	467	451	459	470	487	491	
482	473	480	495	467	479	461	492	
477	481	460	470	484	480	498	455	
476	451	468	475	471	454	486	456	
498	466	490	494	482	478	496	473	
457	488	456	482	472	468	481	454	
491	494	452	487	458	476	477	463	
496	458	468	470	487	484	461	451	
453	489	477	498	491	481	454	497	
455	488	456	454	460	476	474	472	
494	496	452	453	483	450	486	464	
455	450	464	496	462	491	461	478	
473	493	486	460	450	497	453	494	
497	482	473	462	470	468	452	491	
481	483	494	480	490	457	470	462	
451	478	477	481	452	462	488	468	
454	465	483	499	456	477	462	460	
463	459	471	489	478	482	497	460	
482	463	480	493	495	488	491	476	
465	496	487	450	454	474	457	480	
478	471	467	485	493	459	481	461	
485	462	490	468	455	470	481	451	
490	485	464	488	472	486	496	466	
458	475	492	450	469	490	453	483	
454	475	482	489	450	477	469	462	
490	462	489	455	468	464	451	496	
476	492	479	481	477	463	485	489	
464	496	494	462	477	488	468	472	
455	475	479	486	482	499	474	494	
492	488	453	451	493	467	474	460	
477	453	489	491	463	471	462	493	
457	479	459	480	454	486	485	453	
463	495	450	465	485	464	470	497	
482	458	461	487	491	473	455	451	
487	480	490	499	474	494	459	488	
459	455	451	493	479	466	497	478	
498	461	463	480	495	488	484	462	
472	484	482	498	466	474	450	486	
458	455	457	484	460	479	495	481	
194	89	410	
228	305	311	
362	200	253	
251	113	261	
261	444	252	
93	218	278	
20	283	350	
153	198	87	
480	198	238	
136	346	37	
54	62	309	
408	163	295	
301	343	412	
443	104	461	
315	41	479	
375	215	306	
47	44	341	
465	340	252	
365	139	371	
347	181	349	
160	130	225	
192	352	492	
97	356	282	
146	361	259	
372	249	28	
320	237	235	
475	196	355	
223	17	448	
320	384	86	
119	144	426	
328	410	219	
14	13	429	
298	81	336	
399	293	33	
16	443	409	
176	115	140	
473	249	131	
411	130	376	
342	413	32	
121	331	167	
428	132	83	
303	217	146	
140	88	360	
27	414	425	
217	91	2	
473	56	298	
355	8	349	
374	96	248	
464	43	305	
57	79	323	
306	447	452	495	
111	367	379	92	
400	6	492	443	
163	164	448	160	
406	310	275	165	
427	399	347	168	
430	25	52	214	
301	78	121	181	
471	147	153	423	
52	57	422	6	
495	383	33	17	
443	158	205	312	
418	37	426	222	
240	430	81	111	
288	193	132	442	
229	194	15	448	
107	479	251	64	
215	176	337	63	
113	169	227	224	
303	386	253	431	
404	173	382	7	
116	205	307	413	
284	101	215	484	
22	293	451	422	
323	23	136	17	
202	366	426	53	
47	304	452	445	
439	158	455	374	
328	71	197	438	
457	34	244	40	
490	75	483	258	
428	427	186	493	
289	13	220	331	
67	115	34	388	
457	79	51	140	
111	5	191	497	
54	243	306	253	
343	297	406	156	
159	22	403	410	
328	46	310	187	
319	314	445	370	
174	167	145	73	
342	47	15	188	
350	111	307	20	
136	168	126	387	
115	232	273	297	
46	381	222	357	
456	83	33	24	
155	173	353	88	
296	467	215	482	
248	55	124	60	415	
218	244	401	10	252	
219	236	17	88	378	
259	34	352	153	489	
109	297	309	263	199	
464	392	329	286	450	
44	55	162	227	350	
453	415	9	420	337	
276	100	455	64	241	
187	454	313	467	72	
143	168	347	476	248	
472	274	339	135	125	
299	143	381	231	320	
104	401	360	155	290	
80	83	486	119	390	
88	375	263	267	182	
273	23	358	418	337	
108	449	436	70	302	
48	485	444	210	314	
325	348	460	495	148	
323	364	339	425	281	
280	338	343	178	76	
61	360	331	140	202	
14	18	184	337	96	
277	400	483	223	494	
369	148	388	212	286	
407	49	48	297	320	
90	336	454	407	126	
150	256	478	378	389	
395	226	371	352	394	
425	226	160	225	49	
324	491	332	359	384	
73	495	213	488	317	
131	490	238	348	215	
314	74	303	96	243	
248	314	19	410	5	
313	218	376	191	320	
310	12	2	65	190	
52	398	81	310	16	
460	361	4	224	270	
31	331	483	211	53	
439	420	396	193	437	
47	160	221	46	3	
233	217	91	449	369	
499	243	364	18	127	
382	194	345	378	306	
222	198	33	13	482	
277	322	174	457	10	
308	403	58	247	488	
401	65	64	5	248	
