1	8	48	33	22	15	
12	35	46	49	39	28	
27	35	41	18	38	39	
5	1	11	2	23	12	
16	29	12	4	14	36	
6	2	26	40	42	10	
30	21	7	0	48	10	
20	19	4	42	39	34	
12	28	5	3	32	29	
20	37	2	49	46	12	
13	24	45	22	21	34	
10	0	49	39	21	36	
19	45	44	38	4	5	
42	41	47	29	38	28	
10	49	29	30	44	37	
39	25	48	32	12	18	
42	39	34	22	24	0	
42	2	16	47	17	33	
6	49	26	34	22	30	
44	27	35	24	20	10	
25	27	28	8	44	10	
42	40	48	32	30	6	
8	26	34	15	10	23	
33	23	31	18	6	7	
49	44	18	14	39	12	
17	22	45	37	47	18	
28	31	40	49	10	27	
13	37	46	15	1	45	
11	9	37	44	7	20	
25	14	16	9	5	21	
38	6	12	47	36	26	
34	17	49	20	39	15	
47	43	13	7	26	9	
12	5	17	36	0	4	
24	49	47	2	13	6	
25	24	40	9	46	32	
27	5	28	20	37	32	
0	35	44	11	23	8	
35	41	31	3	13	44	
2	25	36	47	18	4	
48	27	2	43	25	10	
26	29	14	48	0	32	
38	46	21	16	34	7	
44	17	19	0	36	29	
37	47	16	15	30	48	
40	27	47	28	22	11	
42	15	1	46	19	48	
48	22	11	31	2	6	
10	1	9	11	8	16	
12	15	48	32	27	5	
97	59	53	90	76	62	
55	58	62	84	92	50	
59	91	81	80	98	66	
63	85	84	64	52	61	
90	85	95	63	69	92	
88	71	66	52	74	78	
53	65	83	54	88	80	
79	84	51	95	53	88	
81	82	88	78	76	73	
98	70	92	89	74	96	
53	71	56	61	64	66	
85	68	64	51	92	89	
99	72	88	68	96	90	
55	92	68	96	82	64	
55	64	95	81	65	77	
95	76	93	60	57	77	
72	94	74	71	99	84	
65	67	81	86	91	95	
92	77	95	66	75	57	
64	68	72	50	96	76	
85	96	60	51	93	57	
90	91	72	57	77	92	
60	50	69	58	92	89	
67	52	89	77	83	74	
69	97	73	57	66	77	
77	53	90	94	63	70	
74	53	54	52	71	65	
70	76	58	56	73	51	
83	96	57	50	99	78	
64	68	91	83	78	54	
87	90	53	68	95	92	
73	57	71	52	93	69	
83	91	88	82	59	61	
68	95	54	80	79	78	
63	64	78	86	83	77	
54	78	74	85	91	71	
66	78	52	58	82	54	
93	51	81	69	56	53	
72	76	54	50	93	51	
68	66	69	83	96	55	
95	67	68	62	99	69	
95	82	53	99	67	59	
76	51	99	91	88	87	
51	68	70	82	61	53	
60	58	50	81	88	75	
77	83	69	93	63	52	
58	64	80	74	82	68	
67	88	94	73	62	84	
72	58	60	77	87	56	
84	50	95	68	89	67	
111	109	106	132	114	118	
140	103	112	126	141	133	
124	118	114	144	143	132	
123	149	142	112	103	143	
134	139	109	121	146	113	
146	127	118	117	141	142	
146	138	126	112	117	105	
124	131	128	108	130	122	
148	119	128	132	105	120	
125	134	128	138	132	119	
115	112	103	119	144	147	
128	147	127	140	133	100	
100	127	103	111	109	137	
132	110	127	131	146	125	
107	142	144	129	102	123	
105	141	147	106	111	118	
139	102	101	104	141	100	
100	135	108	119	103	112	
111	145	139	107	124	140	
119	133	128	104	109	134	
142	112	136	138	126	107	
141	100	134	112	111	125	
115	132	130	106	134	140	
115	101	113	142	129	105	
101	120	125	136	130	110	
121	139	148	106	114	135	
144	129	101	111	147	141	
125	123	144	129	101	137	
121	103	102	122	132	114	
140	145	132	122	148	102	
106	132	118	143	124	136	
104	125	122	128	117	106	
101	142	145	149	126	130	
138	140	146	113	103	127	
100	120	137	105	141	111	
106	131	111	119	125	113	
127	149	130	122	134	139	
101	136	102	130	116	120	
123	116	106	100	126	104	
119	113	123	134	136	121	
134	125	122	106	132	131	
107	117	102	112	128	147	
100	125	115	126	129	107	
117	111	144	143	126	135	
148	124	147	127	139	145	
130	117	101	120	115	119	
130	143	109	147	113	122	
128	126	127	132	117	101	
147	126	119	115	117	128	
126	132	108	111	149	114	
185	172	165	191	187	153	
197	195	177	152	187	193	
160	182	152	157	191	165	
176	167	150	186	194	199	
175	191	157	194	197	182	
175	152	188	151	169	199	
155	156	152	165	163	183	
166	173	155	164	171	169	
196	195	167	165	176	161	
153	160	156	162	179	180	
153	197	166	161	174	180	
197	180	169	186	172	164	
187	153	169	162	191	180	
185	196	193	175	189	151	
192	199	166	193	154	189	
185	175	187	154	197	198	
195	151	179	185	152	170	
151	169	175	188	184	187	
165	159	161	198	178	174	
170	173	179	178	161	177	
190	165	198	199	161	184	
198	174	182	171	180	156	
150	185	160	194	186	161	
193	169	153	195	196	176	
174	187	155	153	172	184	
195	199	155	196	184	151	
194	186	152	154	157	176	
155	166	160	191	167	185	
198	178	167	175	195	162	
152	197	158	174	159	183	
172	186	150	154	162	166	
192	188	167	178	153	163	
163	179	162	174	196	185	
187	194	176	156	180	169	
184	152	197	181	199	155	
189	176	174	191	190	183	
183	167	157	156	194	182	
181	197	161	185	157	180	
196	168	182	156	163	170	
187	174	166	199	184	153	
199	168	176	195	187	153	
198	163	186	162	183	167	
160	166	181	174	191	168	
166	189	180	170	190	188	
169	191	199	182	187	181	
187	151	152	161	165	182	
178	158	150	174	183	154	
194	172	173	195	188	181	
154	195	187	172	159	178	
174	169	158	167	190	198	
211	201	246	233	242	228	
224	212	234	205	206	209	
219	215	226	211	240	209	
210	229	221	207	206	239	
234	245	241	214	213	207	
225	221	249	230	238	232	
233	221	225	235	223	243	
231	229	200	230	246	236	
248	202	217	210	221	229	
243	246	233	204	235	209	
237	221	245	224	243	246	
248	203	244	224	222	232	
241	244	220	235	249	236	
222	247	207	240	238	219	
228	241	233	223	203	226	
249	205	219	208	228	227	
246	228	219	233	205	200	
203	242	220	213	218	216	
200	225	232	238	249	204	
227	220	217	231	232	249	
218	245	233	224	210	237	
202	248	220	227	237	233	
223	203	225	226	202	248	
239	221	212	222	201	233	
204	212	245	231	211	226	
216	209	203	246	214	207	
241	209	235	206	216	210	
240	208	223	217	200	230	
203	216	241	234	220	225	
240	218	234	202	243	216	
207	215	214	213	204	238	
216	214	203	231	212	224	
207	220	241	224	238	214	
244	204	214	236	234	212	
225	243	207	231	244	229	
247	243	241	202	222	203	
215	230	208	224	241	228	
224	201	206	205	216	243	
237	212	227	234	220	228	
215	202	232	244	237	242	
216	246	240	220	226	217	
248	227	237	234	243	223	
224	237	215	214	219	202	
236	243	238	217	244	235	
203	241	207	219	202	235	
234	201	206	231	238	208	
210	228	234	224	226	232	
209	242	223	234	227	211	
204	205	200	211	221	225	
223	222	247	233	208	214	
284	287	251	277	299	289	
295	259	288	285	279	277	
282	262	298	288	281	290	
281	262	290	260	268	251	
285	261	266	259	297	265	
250	282	283	273	257	258	
272	262	270	280	259	281	
270	291	278	265	294	251	
272	258	288	262	271	283	
268	284	292	287	289	269	
299	280	274	277	271	254	
292	265	251	299	250	294	
252	281	280	286	291	276	
265	277	282	255	286	273	
299	262	276	297	291	255	
282	298	252	288	257	267	
250	255	253	281	263	279	
286	263	254	267	288	274	
285	262	294	280	274	257	
287	290	269	264	251	277	
276	273	264	297	263	291	
264	278	294	285	255	273	
272	274	265	293	280	286	
289	274	299	266	256	265	
250	261	276	289	258	265	
260	253	289	294	261	264	
289	292	274	269	255	297	
297	289	262	251	299	292	
286	298	282	287	295	257	
274	263	294	255	293	251	
297	296	260	289	256	283	
267	257	265	268	280	261	
270	263	258	298	251	250	
292	282	297	278	251	266	
276	265	286	261	263	258	
294	250	261	283	267	273	
299	251	280	265	252	250	
289	272	258	274	290	297	
263	296	288	281	273	259	
272	273	263	276	270	287	
289	271	286	252	273	267	
261	258	291	257	251	279	
270	298	284	288	258	281	
270	268	292	262	282	278	
251	282	268	293	253	292	
254	269	297	287	290	292	
275	299	263	258	283	296	
253	268	252	255	274	261	
253	254	293	273	288	283	
253	258	260	252	290	293	
322	323	334	338	301	307	
346	304	345	300	343	342	
314	340	304	308	322	338	
306	349	314	348	330	336	
341	335	302	311	303	342	
321	322	332	328	337	323	
303	339	336	310	349	331	
323	335	334	300	322	327	
347	302	310	344	340	346	
329	315	310	316	331	304	
342	308	305	313	347	349	
316	305	303	327	330	345	
345	333	306	313	316	327	
337	331	344	301	339	347	
315	310	319	318	301	330	
329	316	327	321	345	340	
331	338	312	333	336	310	
307	315	332	302	326	318	
323	322	311	339	342	329	
338	319	331	345	334	327	
319	336	345	337	342	339	
345	330	344	307	317	336	
305	307	303	341	348	315	
321	339	319	316	345	332	
307	305	336	348	306	323	
333	324	341	304	306	311	
332	319	347	337	317	346	
300	331	346	323	318	306	
338	306	311	321	317	316	
317	319	348	306	324	331	
319	307	313	325	348	337	
311	308	317	305	349	343	
339	311	322	340	313	300	
336	342	304	303	322	311	
341	340	306	344	338	325	
330	332	322	306	338	305	
307	309	346	327	335	347	
301	321	314	327	312	344	
346	308	322	301	333	315	
326	307	346	318	312	342	
349	308	331	305	300	309	
324	318	310	316	303	311	
348	317	344	336	329	307	
323	322	314	335	313	326	
304	323	340	338	325	305	
318	348	317	338	304	349	
334	316	312	309	305	324	
305	321	330	310	304	331	
329	343	322	311	317	349	
300	315	304	346	303	309	
371	375	357	364	397	383	
359	373	390	391	387	395	
399	383	393	367	380	353	
386	383	363	354	377	355	
364	396	353	399	375	397	
359	393	390	353	363	396	
397	377	383	351	362	378	
370	374	378	364	359	390	
377	368	355	399	385	382	
371	366	384	389	397	354	
353	366	380	355	390	372	
383	358	368	379	377	386	
362	388	391	372	378	350	
371	367	392	357	355	366	
398	354	372	390	388	394	
379	356	378	386	394	371	
363	388	389	376	371	387	
355	360	381	393	396	366	
386	393	366	371	387	369	
370	375	387	378	368	364	
374	376	365	383	357	393	
382	373	370	391	353	385	
367	358	357	369	383	381	
373	393	371	386	388	352	
359	398	365	392	372	393	
355	379	360	386	350	392	
385	353	394	376	374	359	
374	362	390	365	397	385	
394	370	395	362	363	358	
371	353	383	369	352	389	
393	357	364	382	361	398	
361	376	363	380	398	356	
371	384	385	394	376	382	
380	375	368	386	384	398	
386	385	394	363	364	388	
369	364	357	397	381	375	
351	355	394	352	360	368	
376	392	359	356	391	378	
395	376	361	368	357	358	
369	350	366	382	371	372	
350	360	382	366	383	371	
380	369	351	360	354	365	
385	398	376	399	353	392	
386	371	391	378	370	390	
353	387	399	392	383	367	
394	375	384	377	378	382	
399	372	378	380	351	369	
378	366	355	385	380	391	
354	398	371	384	397	385	
374	353	387	376	381	392	
428	411	441	403	402	442	
420	403	449	411	419	448	
429	447	420	409	418	408	
417	418	403	400	414	434	
419	415	429	449	427	402	
409	429	442	402	400	424	
448	438	447	417	441	406	
427	411	426	412	434	440	
409	402	436	435	440	422	
424	423	406	411	445	435	
429	440	410	414	433	449	
427	422	447	437	408	416	
446	415	443	407	429	402	
408	409	417	404	419	428	
412	403	447	424	422	435	
447	412	421	425	400	405	
413	434	406	421	405	444	
425	429	401	432	405	420	
417	446	421	432	402	441	
405	443	402	425	411	427	
440	420	442	426	441	427	
435	424	425	411	409	402	
438	418	440	405	446	431	
448	401	421	422	408	419	
420	442	424	438	416	411	
411	432	441	430	445	428	
429	443	434	409	404	407	
411	400	424	439	403	402	
443	434	440	418	430	426	
420	437	425	439	421	433	
443	436	406	425	439	408	
441	447	438	417	405	429	
436	411	435	418	407	424	
446	448	414	421	447	413	
427	428	446	425	416	435	
415	412	420	408	429	427	
408	419	447	407	402	443	
417	446	428	403	432	408	
428	432	429	437	413	423	
423	433	406	440	402	436	
420	430	411	426	434	439	
446	437	426	429	405	440	
414	449	422	401	428	444	
403	400	435	401	430	442	
412	431	410	408	421	443	
400	414	448	405	422	411	
417	416	405	427	442	402	
442	435	439	416	417	433	
408	427	424	410	440	401	
426	410	439	422	445	403	
475	493	488	459	467	472	
496	475	498	487	481	490	
498	493	486	478	485	472	
474	477	471	498	466	452	
466	476	498	462	472	491	
494	499	459	461	474	481	
485	463	483	493	498	499	
469	450	464	484	491	451	
467	464	479	485	477	452	
483	488	474	464	492	458	
459	450	453	472	465	494	
471	482	476	470	464	493	
497	479	450	488	498	468	
483	490	475	499	458	476	
476	499	496	469	471	488	
475	469	480	456	467	479	
454	465	490	466	496	480	
459	472	466	499	463	479	
490	488	460	477	458	475	
481	489	495	499	462	482	
477	465	490	475	473	488	
472	451	488	487	473	468	
450	487	498	473	454	468	
466	476	468	480	459	452	
463	483	493	491	465	472	
462	499	495	482	451	485	
452	483	474	491	480	455	
458	471	461	452	482	459	
463	493	487	450	496	467	
473	454	476	492	469	489	
498	496	481	464	477	472	
468	470	497	473	474	461	
475	488	464	479	477	486	
462	455	452	474	472	463	
458	472	496	482	493	450	
468	454	470	492	473	490	
489	471	453	456	469	454	
481	462	478	489	470	496	
451	498	483	457	482	499	
462	481	499	464	477	494	
493	496	475	494	456	452	
468	498	470	473	494	492	
492	499	490	463	497	482	
487	457	492	497	483	498	
484	492	470	483	477	474	
485	494	471	491	470	458	
476	488	458	495	466	452	
461	467	471	494	491	459	
493	484	492	461	455	478	
463	498	482	493	465	467	
23	10	0	9	8	48	27	
32	20	21	5	41	44	28	
4	5	13	17	34	47	29	
37	20	34	19	0	47	15	
25	40	48	47	38	18	43	
45	2	49	33	42	28	17	
49	13	30	18	22	26	45	
32	18	49	12	31	38	47	
18	29	28	2	32	45	14	
25	43	0	41	15	49	10	
29	39	48	26	35	31	13	
49	35	33	24	8	23	42	
23	32	38	16	22	27	0	
18	0	35	44	14	30	17	
18	43	49	32	19	3	23	
22	36	25	23	19	11	15	
10	4	32	24	17	11	27	
37	2	20	47	16	0	18	
20	9	42	30	32	26	14	
4	23	29	28	18	7	24	
18	23	41	44	19	45	29	
34	36	21	43	33	4	31	
1	19	27	36	23	14	37	
0	5	34	49	18	6	31	
11	39	14	19	44	23	3	
36	24	17	44	20	9	32	
45	8	23	44	18	40	48	
34	42	15	39	40	46	19	
0	13	7	23	15	31	22	
37	1	28	17	48	25	4	
46	13	30	31	48	36	28	
25	19	27	11	1	41	34	
48	20	22	26	47	41	2	
47	36	19	10	41	45	0	
39	14	47	35	12	37	9	
19	17	21	4	40	12	46	
31	43	26	6	5	46	15	
16	5	43	7	22	30	24	
1	34	10	11	24	45	14	
39	47	45	0	37	44	7	
48	25	40	13	15	32	17	
17	31	24	29	27	14	4	
11	0	43	30	28	17	47	
40	35	33	6	30	3	14	
33	8	15	47	16	28	13	
5	38	49	30	26	20	28	
18	0	32	12	6	4	2	
49	29	45	0	27	37	20	
15	23	35	6	29	16	18	
18	19	16	8	47	30	42	
89	57	91	97	93	72	66	
76	62	90	96	83	52	99	
84	94	57	71	90	55	95	
81	54	92	99	90	68	59	
65	94	61	83	66	58	54	
89	75	61	51	91	68	64	
93	86	82	71	63	67	73	
95	54	72	66	83	92	69	
71	92	89	84	94	54	81	
65	66	89	61	71	76	77	
53	70	87	82	71	72	66	
63	97	93	89	96	72	76	
66	86	98	68	58	91	97	
56	84	79	94	63	74	91	
84	91	87	54	88	65	76	
55	79	69	72	91	76	95	
63	94	60	62	80	79	55	
68	54	57	65	80	85	50	
98	67	71	62	56	65	60	
88	59	85	92	83	54	51	
76	63	92	79	54	55	53	
66	77	97	91	76	68	52	
77	60	69	63	94	53	75	
78	69	54	94	79	72	91	
73	86	88	72	64	90	99	
95	66	54	87	79	84	56	
72	63	80	67	62	77	69	
60	67	64	96	76	63	52	
83	68	94	72	63	92	82	
63	54	80	95	83	71	70	
99	66	87	54	51	95	60	
73	93	57	82	65	80	55	
93	67	56	78	61	53	54	
95	99	81	53	68	72	57	
79	78	51	74	85	66	94	
89	92	50	87	85	53	70	
69	92	51	87	99	91	74	
88	65	75	62	94	92	56	
84	75	51	69	59	95	87	
66	89	52	84	68	75	61	
53	94	81	60	82	64	89	
77	72	69	81	86	97	99	
59	95	86	82	90	63	94	
62	59	98	51	93	80	69	
59	91	77	66	60	74	56	
72	93	69	78	66	88	70	
81	75	92	87	50	78	94	
62	67	93	73	55	57	51	
79	71	76	96	53	88	65	
97	67	55	86	51	75	83	
144	102	111	127	134	119	121	
136	142	102	100	123	124	131	
126	112	115	137	121	140	143	
104	121	137	149	111	115	110	
102	136	145	130	111	149	116	
122	136	100	131	129	147	114	
120	124	106	113	134	118	121	
105	120	107	131	126	137	111	
135	113	133	149	123	102	141	
103	104	123	106	110	109	143	
104	134	141	123	148	107	145	
106	104	138	112	142	118	143	
145	141	118	133	135	111	127	
112	137	100	110	126	101	146	
125	115	130	134	103	132	106	
148	125	119	122	130	131	129	
101	125	145	122	102	104	138	
109	141	110	113	107	139	118	
147	143	102	134	130	121	117	
117	108	101	147	102	139	143	
110	125	147	122	130	138	148	
111	126	125	104	120	107	129	
122	118	103	142	115	100	149	
103	119	105	138	134	127	110	
115	144	114	107	134	113	100	
112	107	106	111	118	132	129	
147	144	139	131	135	138	146	
116	110	143	145	130	123	102	
140	148	133	100	146	110	147	
113	101	133	120	112	121	102	
144	131	125	121	103	130	127	
100	141	104	121	103	101	111	
108	145	111	144	104	109	123	
140	101	132	141	144	103	106	
100	127	147	143	117	102	124	
146	147	148	132	123	145	112	
102	143	135	140	131	147	120	
129	113	131	141	145	118	116	
118	145	149	136	142	106	124	
135	127	138	117	128	120	118	
111	147	146	127	141	114	119	
113	137	115	106	138	123	147	
136	109	110	139	123	147	103	
115	102	142	139	134	117	131	
105	143	134	142	145	112	126	
115	113	100	143	107	110	144	
147	118	122	130	139	104	114	
108	127	131	134	106	121	149	
120	125	141	129	149	142	144	
108	101	112	149	148	117	145	
152	199	172	187	181	167	165	
191	163	150	154	155	164	192	
195	197	154	183	173	184	161	
172	164	162	178	166	173	189	
179	175	186	158	197	171	191	
179	151	171	198	163	194	188	
163	189	193	192	182	186	167	
174	159	153	177	165	183	166	
190	198	187	196	165	154	177	
197	152	156	166	194	172	153	
176	166	192	191	198	199	170	
195	184	166	193	164	191	178	
154	155	181	158	166	169	183	
157	177	166	185	179	199	174	
190	182	160	166	175	153	195	
162	161	171	183	179	157	178	
154	175	182	172	168	179	152	
177	185	156	160	193	188	191	
161	188	193	153	195	155	150	
188	178	190	192	193	170	159	
190	194	165	156	159	154	160	
192	157	198	173	188	161	182	
163	191	188	187	193	197	165	
190	193	153	158	180	179	176	
189	153	198	173	162	180	159	
183	195	150	189	175	171	173	
163	162	195	182	192	186	189	
177	157	195	165	167	193	161	
183	175	185	158	166	177	189	
182	196	178	157	188	171	177	
173	168	166	157	198	181	162	
165	162	189	160	190	169	154	
187	178	171	176	177	180	170	
177	152	197	170	162	158	166	
194	198	165	159	184	185	170	
197	179	191	150	152	171	168	
198	190	161	163	188	183	166	
191	159	188	156	172	157	194	
176	188	185	187	184	189	198	
162	196	165	154	183	156	177	
158	171	179	163	196	155	152	
192	198	172	199	187	191	181	
158	199	196	195	186	190	159	
193	158	180	167	179	150	153	
152	156	169	161	153	158	184	
163	158	151	154	171	187	195	
164	156	167	155	184	195	185	
154	156	151	197	173	194	177	
173	150	197	163	185	166	193	
156	176	183	161	192	194	151	
211	246	212	230	245	226	202	
206	229	212	218	246	237	243	
226	216	236	220	225	209	212	
246	217	226	234	241	210	239	
229	232	240	200	228	237	231	
206	233	219	214	236	202	211	
207	210	222	238	220	247	209	
218	236	249	222	239	229	248	
239	228	218	241	235	248	214	
218	231	248	209	219	226	238	
244	232	218	238	246	248	234	
206	205	218	234	217	229	204	
205	247	234	212	200	224	219	
228	233	247	215	224	242	203	
229	228	242	218	220	202	240	
236	218	219	212	211	232	210	
240	234	249	228	224	233	235	
233	232	242	236	217	246	203	
203	232	220	212	201	246	214	
227	208	203	216	246	205	247	
215	244	212	206	238	211	240	
246	208	213	216	212	219	224	
200	206	233	215	203	236	230	
232	219	220	212	248	206	235	
230	202	209	204	217	222	205	
235	228	221	229	247	202	212	
231	237	210	202	221	244	227	
200	247	219	221	237	245	246	
234	211	224	206	245	212	215	
208	227	205	214	216	209	221	
236	213	238	242	241	221	219	
245	210	246	218	240	230	225	
227	218	200	201	216	245	213	
210	241	202	204	228	216	205	
221	227	244	245	237	214	239	
238	235	232	248	241	207	242	
232	205	218	222	244	248	201	
215	246	216	241	236	239	230	
237	202	221	218	220	241	215	
201	202	207	229	236	208	205	
247	220	203	219	200	242	245	
230	216	225	233	229	208	220	
232	224	236	223	227	225	248	
209	237	205	236	217	246	229	
207	204	225	221	215	234	233	
210	237	224	240	204	248	247	
242	208	221	210	222	212	211	
215	239	223	219	210	218	203	
224	248	228	203	244	201	240	
201	207	220	240	242	221	203	
273	263	260	259	268	281	253	
281	282	275	274	277	263	296	
267	269	299	270	298	285	257	
286	270	289	298	285	277	280	
285	290	261	258	280	286	298	
279	252	253	251	258	266	298	
253	280	262	274	281	278	254	
252	278	257	286	253	267	275	
292	270	252	260	296	268	297	
256	298	253	255	281	258	293	
252	286	254	280	263	253	251	
294	255	263	257	251	275	266	
293	284	271	296	289	255	275	
257	251	287	261	284	258	271	
268	294	278	253	271	283	279	
285	287	272	250	280	270	271	
293	294	269	279	282	252	278	
290	254	275	261	257	270	282	
257	268	255	282	295	298	253	
297	257	298	272	250	287	283	
297	294	260	281	259	255	262	
297	266	295	286	275	261	276	
277	268	260	285	281	266	282	
274	276	266	298	265	264	268	
257	279	299	286	292	252	251	
299	295	266	278	284	272	258	
298	285	277	290	268	292	276	
266	285	256	298	273	299	263	
274	268	258	257	295	275	290	
275	257	265	289	280	261	266	
278	280	281	271	292	283	255	
298	271	292	286	256	285	279	
292	297	293	284	258	256	279	
254	296	259	273	299	272	256	
279	296	265	281	277	253	298	
266	262	271	256	270	254	259	
291	273	298	282	268	294	278	
271	261	253	291	262	260	287	
289	284	268	261	264	263	267	
265	278	250	288	295	257	298	
270	262	276	297	281	261	296	
289	269	250	293	253	254	285	
253	268	294	259	276	298	258	
283	258	279	288	292	260	254	
288	263	280	278	290	260	283	
254	261	263	273	298	283	270	
274	283	254	263	267	266	273	
260	261	294	262	297	254	291	
251	252	259	250	278	299	271	
272	284	260	266	286	287	299	
303	310	326	337	328	312	313	
323	339	314	303	331	342	305	
338	318	349	302	337	311	339	
345	315	339	341	323	316	306	
307	320	339	349	347	338	306	
307	306	331	338	349	341	300	
327	300	315	312	319	316	344	
349	348	332	333	325	306	337	
330	302	340	308	313	323	322	
314	308	318	316	343	303	324	
305	332	324	317	334	320	327	
330	320	340	344	316	336	325	
313	316	339	303	343	340	319	
306	346	307	318	326	334	343	
338	324	302	301	346	331	345	
302	306	333	301	322	330	300	
303	335	345	340	325	334	342	
332	322	306	328	315	342	338	
313	316	325	336	317	327	346	
333	321	323	346	317	303	304	
309	307	343	313	318	301	326	
331	338	303	300	340	337	336	
331	306	330	333	326	340	311	
301	345	310	330	315	311	327	
334	316	345	349	300	330	324	
327	329	324	340	341	349	326	
334	335	342	326	349	344	329	
304	320	319	317	341	322	338	
319	300	306	342	336	340	316	
323	313	344	334	309	317	308	
339	323	317	307	332	305	340	
345	332	319	342	330	307	343	
330	316	322	304	347	318	314	
316	319	306	321	314	300	329	
320	322	338	346	344	301	333	
318	306	334	331	340	343	344	
335	301	340	321	332	300	341	
343	317	333	328	301	332	313	
301	307	338	322	333	337	312	
323	304	302	340	311	339	333	
346	315	300	310	334	330	338	
332	330	308	315	305	338	326	
329	338	327	330	306	321	345	
319	304	338	332	323	349	321	
311	349	344	302	308	320	319	
344	308	323	349	305	306	346	
337	318	300	326	309	346	303	
341	322	335	340	313	344	301	
343	322	302	326	313	315	314	
308	319	341	311	330	338	342	
361	374	394	384	378	356	385	
353	399	379	377	387	360	354	
377	389	369	391	360	387	357	
389	363	360	387	386	376	388	
393	365	390	371	368	397	384	
390	384	389	375	398	353	367	
393	385	384	398	367	387	379	
360	362	395	397	391	381	369	
362	360	376	392	353	378	397	
396	361	391	389	384	359	390	
366	382	370	388	374	384	383	
373	381	371	379	363	396	370	
361	372	394	374	369	397	367	
364	379	375	368	380	362	391	
374	389	351	368	376	377	363	
392	354	396	372	390	355	368	
379	365	353	394	395	362	393	
362	394	370	396	386	377	350	
389	353	398	366	352	357	379	
373	397	394	376	390	391	366	
354	358	388	383	355	372	361	
379	363	374	360	371	367	355	
391	370	392	393	389	353	376	
373	359	398	386	374	370	365	
362	385	383	370	389	358	355	
364	385	352	387	350	365	369	
395	399	359	363	394	397	350	
395	375	382	364	368	362	396	
350	376	357	394	375	391	356	
399	369	396	388	355	393	373	
397	356	396	388	374	389	373	
356	352	392	397	358	379	386	
374	357	393	370	381	360	364	
395	397	360	366	398	385	371	
358	387	364	374	382	377	366	
368	380	392	361	352	373	395	
359	355	381	357	380	363	356	
355	382	374	380	367	387	395	
376	397	367	378	354	388	387	
375	358	359	371	383	356	390	
358	370	390	352	356	362	386	
362	389	392	368	354	394	386	
384	357	383	395	366	370	350	
357	351	387	398	379	371	350	
351	399	393	355	398	358	354	
359	360	371	370	365	395	357	
359	368	383	365	358	381	384	
350	388	376	396	382	395	363	
355	358	392	350	375	365	376	
383	351	362	382	377	372	355	
400	431	448	411	413	432	420	
419	414	412	441	404	410	421	
437	445	449	434	443	426	421	
415	444	400	410	443	407	405	
415	442	400	427	409	444	437	
401	434	439	447	420	435	429	
414	446	448	400	420	411	447	
419	418	417	409	434	412	426	
423	426	429	419	418	403	427	
421	429	446	427	437	408	436	
432	416	414	440	424	421	437	
406	430	449	400	439	409	401	
441	403	431	408	404	409	426	
423	441	407	403	401	410	405	
439	442	403	400	419	443	413	
417	418	402	411	419	410	420	
402	416	415	423	440	412	417	
418	409	417	408	428	402	410	
430	445	402	401	419	422	444	
442	414	408	413	432	430	428	
444	432	426	405	414	430	403	
408	433	427	441	413	435	446	
411	437	428	418	425	439	422	
414	419	424	442	400	406	409	
410	432	420	447	434	440	422	
420	425	437	426	448	415	404	
423	448	443	409	446	418	434	
419	427	414	408	435	430	406	
431	433	424	427	415	437	401	
432	409	418	407	442	400	425	
433	422	432	403	449	448	412	
412	435	449	441	447	413	428	
403	415	407	410	425	417	412	
426	424	401	412	414	408	423	
411	447	419	440	409	423	421	
445	429	418	417	406	419	440	
423	424	449	406	433	446	410	
440	402	409	443	434	447	449	
443	421	415	413	424	423	449	
417	426	406	437	446	405	448	
430	424	440	439	438	425	434	
417	412	437	404	415	421	414	
416	427	419	428	426	438	431	
441	419	410	445	425	416	402	
419	416	403	445	417	423	405	
437	431	403	436	419	422	414	
439	405	403	442	422	402	449	
416	422	434	433	403	431	400	
402	416	409	422	433	420	421	
436	413	414	427	441	418	437	
499	453	490	493	460	489	497	
469	460	486	471	470	472	452	
452	468	492	474	450	482	454	
471	463	457	497	460	477	499	
475	456	487	478	480	455	462	
459	489	479	477	499	466	470	
463	452	470	472	480	489	468	
482	479	456	484	480	473	490	
474	461	466	465	475	480	463	
494	456	484	468	498	459	460	
471	452	456	450	485	468	488	
477	456	462	452	458	496	491	
462	450	478	468	475	464	451	
474	476	495	479	455	463	489	
487	485	468	450	499	464	493	
455	495	480	490	469	479	477	
470	452	467	458	482	477	492	
497	461	483	475	451	472	498	
459	450	463	486	482	451	457	
483	470	499	485	463	486	459	
461	465	490	480	452	491	471	
485	475	474	498	486	453	454	
455	467	453	490	466	456	485	
463	467	461	466	472	452	474	
457	493	483	465	487	470	473	
496	454	488	493	470	462	498	
496	463	464	491	474	467	483	
450	459	472	481	474	464	496	
480	485	463	499	497	496	486	
474	472	494	471	468	491	459	
485	459	470	499	478	495	476	
459	498	485	470	471	453	464	
499	471	480	491	481	476	479	
461	451	455	496	478	483	494	
452	453	474	497	488	492	459	
472	458	469	494	453	489	476	
473	494	485	481	487	466	458	
457	450	499	498	459	496	481	
498	476	497	462	466	489	473	
486	477	460	497	456	465	464	
485	464	498	490	458	450	471	
465	492	454	496	452	468	462	
482	471	496	458	464	480	479	
478	489	480	450	464	468	454	
471	473	468	490	495	452	488	
455	464	493	486	472	459	466	
479	490	463	488	476	494	492	
458	492	459	473	478	476	487	
481	497	492	482	487	474	451	
477	493	462	452	481	480	492	
16	28	27	0	40	36	3	22	
6	25	34	26	27	35	15	19	
43	19	12	45	3	38	9	13	
43	13	47	9	16	40	41	35	
7	24	16	30	42	4	40	29	
49	36	39	16	40	15	9	35	
0	44	42	49	30	22	28	23	
18	23	12	4	49	38	39	2	
26	10	15	0	32	6	46	21	
32	18	6	30	44	5	36	48	
49	34	42	9	31	15	46	3	
47	37	43	10	34	1	12	46	
32	19	8	30	24	0	1	29	
41	10	14	21	2	27	16	7	
39	45	30	47	36	43	24	12	
28	38	44	32	7	43	40	26	
4	25	45	38	40	15	35	6	
6	36	5	40	18	8	7	44	
20	15	38	49	26	46	37	28	
20	22	45	49	1	31	13	17	
44	16	35	33	7	21	9	13	
33	1	2	13	39	11	0	17	
47	12	15	17	48	31	34	0	
18	45	44	19	10	12	31	35	
2	48	22	8	17	30	12	33	
25	19	14	33	45	47	34	46	
20	43	16	34	31	21	40	2	
4	13	25	17	1	20	8	28	
22	47	48	19	45	37	44	1	
44	33	15	38	18	11	26	19	
49	3	42	28	34	10	5	43	
34	30	22	19	49	5	8	16	
27	40	23	35	26	28	32	34	
48	22	3	20	25	44	11	4	
15	27	19	33	4	21	26	36	
35	44	10	21	36	33	17	12	
2	36	3	40	6	25	45	24	
16	28	34	44	27	49	9	8	
10	27	0	14	37	47	8	4	
45	32	40	48	41	24	34	20	
23	47	14	0	37	35	26	40	
17	41	0	10	34	19	16	40	
40	9	3	43	19	1	42	32	
33	21	8	18	29	14	10	40	
5	35	27	26	9	19	28	12	
19	48	46	41	0	10	30	28	
6	30	5	42	22	4	11	0	
25	22	46	48	38	24	42	19	
39	17	6	46	32	22	43	37	
4	18	26	42	30	44	40	0	
67	98	76	81	85	54	56	99	
87	60	73	94	74	93	70	59	
81	93	89	88	77	65	75	70	
55	64	68	59	58	69	86	89	
95	96	73	57	74	77	78	54	
73	53	68	86	61	85	82	58	
88	81	97	87	55	68	54	60	
68	86	55	69	95	63	62	66	
94	77	78	86	73	65	97	61	
84	99	56	57	83	96	73	55	
83	64	97	85	77	65	63	82	
69	61	96	97	62	85	78	81	
73	86	91	61	70	53	55	71	
56	86	50	55	89	72	67	81	
54	78	65	72	97	74	50	52	
95	63	69	56	53	96	91	93	
78	60	58	67	85	92	74	91	
77	60	76	90	69	79	98	94	
58	53	63	95	90	94	65	82	
80	68	57	74	50	79	90	83	
71	52	88	69	83	51	62	61	
63	90	87	58	85	60	77	53	
99	65	91	69	72	59	55	87	
75	71	95	56	87	55	83	62	
78	54	99	75	69	79	66	73	
63	79	72	78	62	58	76	71	
69	96	89	67	68	98	74	54	
85	50	57	80	84	54	70	77	
50	54	74	61	94	66	87	62	
89	86	82	53	62	66	80	93	
97	78	86	99	76	59	61	66	
65	78	54	55	52	73	57	58	
88	63	74	71	69	85	55	95	
87	86	50	58	55	78	65	97	
83	90	95	54	72	57	76	60	
67	90	86	59	74	78	77	66	
65	92	60	96	70	91	51	56	
55	71	59	69	57	60	72	86	
78	93	84	56	72	89	67	88	
66	86	78	58	84	79	63	51	
67	66	56	91	73	74	52	62	
79	55	93	91	66	54	82	70	
81	57	60	77	90	87	97	83	
95	69	88	78	83	85	58	87	
55	50	79	66	63	76	93	65	
68	77	94	76	50	61	66	53	
89	52	64	85	73	67	77	94	
85	64	56	51	95	99	72	66	
97	91	66	76	89	62	98	54	
60	75	57	54	59	63	89	86	
109	127	100	132	142	139	133	123	
105	102	134	112	110	117	106	121	
142	146	132	137	100	129	117	141	
130	134	145	146	141	113	144	126	
146	136	129	107	147	139	140	113	
110	118	109	101	125	139	145	137	
109	111	147	105	128	148	112	103	
108	102	127	135	122	117	149	142	
121	112	146	126	105	109	148	140	
125	101	107	117	144	133	113	137	
105	132	140	101	124	149	110	112	
127	124	108	137	126	116	114	149	
120	122	119	109	142	129	115	138	
122	132	120	133	117	127	119	109	
132	138	140	114	131	125	130	128	
137	113	148	126	127	141	110	138	
144	121	111	148	107	122	135	140	
121	140	122	130	139	128	119	132	
109	124	145	104	126	143	148	134	
133	130	123	129	100	111	139	146	
109	121	146	117	138	122	137	104	
131	113	134	128	125	148	149	138	
118	149	136	141	106	129	121	100	
147	127	105	126	133	143	135	146	
132	149	138	146	110	117	122	104	
148	140	143	136	141	149	147	118	
131	123	148	135	110	112	138	147	
130	103	114	118	147	149	141	126	
128	137	107	148	140	111	139	110	
106	103	146	136	130	138	119	111	
113	118	130	141	126	139	124	110	
104	110	105	127	122	124	142	119	
127	138	109	121	101	110	114	133	
127	140	128	133	129	113	148	134	
119	147	130	142	141	146	145	106	
130	125	149	124	148	138	107	126	
113	105	111	119	110	145	137	116	
128	141	146	136	123	145	149	113	
129	112	125	115	119	139	148	138	
116	141	130	145	112	102	117	137	
132	142	146	109	130	114	108	127	
137	121	124	126	140	141	143	139	
138	130	109	106	137	111	134	129	
116	121	134	147	119	107	108	133	
142	126	141	106	149	112	119	110	
119	115	125	113	124	117	118	142	
144	103	131	101	123	114	140	143	
120	145	135	101	108	122	124	132	
102	131	149	143	137	112	139	144	
144	101	141	130	132	119	116	111	
163	176	178	170	166	173	175	157	
169	156	157	151	181	158	189	199	
177	180	168	176	181	152	169	194	
170	157	152	197	196	178	187	175	
152	167	160	194	173	193	153	178	
177	194	158	197	151	184	174	182	
177	188	192	175	157	171	158	174	
198	163	150	179	182	184	155	185	
176	183	192	163	165	174	180	189	
161	179	178	195	191	196	172	158	
197	178	189	191	196	177	192	160	
187	164	197	184	169	161	173	190	
187	151	185	179	162	176	188	160	
164	163	184	199	162	181	168	186	
163	150	187	165	189	160	171	167	
150	198	186	178	154	168	194	199	
163	175	196	166	157	177	158	179	
152	159	150	180	168	173	156	175	
189	192	176	154	159	153	198	162	
174	173	191	177	156	181	172	157	
198	177	154	191	164	178	165	159	
166	187	194	179	180	174	192	155	
163	155	183	150	171	180	166	191	
191	187	175	161	155	172	152	166	
156	191	165	159	160	195	172	167	
181	150	194	165	156	174	157	186	
188	180	177	185	178	181	156	176	
170	177	198	191	155	188	199	152	
181	161	152	196	194	157	183	170	
173	196	160	179	158	182	152	183	
152	191	155	156	197	159	164	185	
197	163	174	198	152	191	184	167	
158	173	175	195	176	187	179	165	
166	164	189	181	180	176	188	152	
183	199	171	158	174	177	182	156	
175	192	179	170	182	155	199	161	
181	150	175	167	185	184	186	164	
150	188	151	165	193	181	192	166	
152	159	170	160	196	191	180	188	
187	181	174	159	151	184	197	172	
173	154	189	156	193	178	177	197	
181	171	188	173	187	192	195	153	
179	190	161	167	175	186	195	169	
172	157	174	161	198	173	189	176	
162	153	154	192	179	186	185	170	
175	162	181	150	194	186	151	161	
172	194	175	153	166	198	178	199	
181	188	175	170	160	176	172	155	
199	167	158	168	162	181	189	186	
172	169	199	163	168	162	186	160	
217	204	241	244	216	207	231	236	
213	233	240	210	235	204	231	249	
233	223	206	218	202	247	225	215	
200	209	215	219	201	211	213	210	
235	232	244	224	245	214	201	225	
221	225	239	226	228	210	229	219	
220	205	228	236	239	222	217	218	
207	245	239	233	214	243	230	235	
244	204	214	231	232	234	210	206	
202	248	201	234	206	211	228	210	
240	246	215	209	228	229	224	242	
235	236	241	213	201	205	216	225	
232	213	219	233	222	212	248	238	
235	228	204	244	237	219	200	214	
209	243	207	215	231	236	200	230	
210	217	237	226	207	205	202	223	
233	204	229	246	219	234	225	210	
208	238	230	240	227	217	229	220	
206	210	213	237	228	235	214	244	
235	210	202	245	243	233	237	222	
246	232	234	235	221	212	241	239	
248	209	204	244	226	247	210	202	
211	206	236	200	222	226	230	239	
214	216	219	211	245	223	206	200	
239	229	220	237	201	215	209	244	
238	201	246	236	222	215	244	234	
215	232	248	228	243	239	226	203	
203	223	246	242	243	212	220	219	
244	206	236	227	246	228	218	207	
206	247	243	245	202	227	224	239	
236	220	238	208	227	234	229	202	
238	240	222	228	218	237	221	200	
228	213	233	242	224	204	200	234	
229	210	244	248	214	245	202	236	
210	228	212	227	222	221	213	216	
232	214	210	218	226	217	222	201	
223	229	203	228	241	235	237	201	
234	230	243	244	223	206	204	232	
249	214	217	221	229	202	213	238	
209	201	205	248	219	246	232	207	
218	217	222	204	230	220	248	219	
236	228	205	214	213	226	211	201	
214	212	200	222	226	230	233	203	
225	208	237	217	234	226	230	248	
228	242	247	220	235	200	204	227	
239	222	218	236	200	223	224	245	
208	248	245	236	202	231	238	204	
246	218	236	239	224	247	243	205	
206	210	223	240	225	212	228	248	
221	230	210	226	200	218	243	213	
296	279	297	299	255	251	295	283	
269	256	252	266	260	257	294	279	
273	262	269	260	277	256	293	258	
291	274	267	270	262	280	272	264	
278	267	265	251	299	293	253	270	
289	297	299	284	259	250	267	287	
297	268	256	299	267	257	287	274	
276	270	287	253	294	291	281	267	
271	289	280	258	264	268	257	291	
292	277	262	282	269	281	279	256	
253	275	296	278	294	267	279	259	
267	284	293	288	271	298	260	261	
256	269	277	262	298	291	284	250	
251	294	261	287	263	282	256	280	
280	256	283	284	272	261	257	262	
287	272	254	275	253	291	252	273	
281	293	297	255	283	269	265	285	
290	291	282	278	271	256	275	270	
291	279	286	278	256	264	271	277	
274	276	291	270	264	253	293	256	
275	260	261	283	277	267	271	286	
269	275	286	267	251	276	279	265	
255	280	288	269	294	282	260	278	
257	250	284	270	268	280	276	265	
257	265	252	284	269	268	271	267	
281	272	290	255	256	260	265	253	
273	258	269	265	278	281	257	271	
261	284	299	265	296	253	280	255	
297	264	259	275	280	283	292	277	
251	276	265	258	255	250	293	298	
272	266	258	263	252	280	267	283	
261	276	279	260	270	277	282	254	
266	273	267	288	276	253	262	268	
281	250	287	265	272	266	262	258	
269	275	277	261	253	278	283	256	
254	280	298	291	282	258	292	259	
278	290	287	263	294	258	257	250	
289	269	257	268	282	265	250	258	
272	298	277	291	268	264	260	274	
292	268	256	257	294	258	260	264	
263	299	250	270	267	275	268	279	
284	268	287	282	250	299	289	278	
283	280	273	251	260	275	271	289	
288	275	251	257	297	287	283	254	
265	282	290	277	264	296	250	293	
285	257	262	251	283	272	253	277	
271	250	285	292	268	251	299	260	
272	269	288	287	278	281	292	293	
286	279	264	297	289	256	276	263	
276	263	267	281	286	259	291	268	
312	339	345	314	341	301	338	308	
346	323	326	317	311	314	309	328	
349	311	348	333	321	340	317	335	
349	339	324	338	341	316	327	325	
340	305	325	344	323	307	330	318	
342	339	300	335	321	323	308	328	
313	346	318	348	347	310	304	316	
310	301	302	344	325	343	313	305	
316	331	309	335	326	317	341	312	
318	315	300	326	301	305	313	316	
312	304	345	337	349	313	333	319	
316	326	330	313	308	348	332	341	
338	330	325	331	340	308	343	337	
325	322	319	310	318	307	329	340	
332	319	333	342	300	329	326	343	
315	339	304	320	317	313	343	330	
331	339	332	333	344	306	318	345	
326	323	330	320	313	306	333	308	
338	331	326	327	304	313	308	305	
334	341	329	311	342	324	301	308	
342	338	332	340	302	334	311	318	
327	342	321	316	302	331	344	314	
314	304	306	316	329	338	323	347	
328	301	300	348	313	343	349	340	
323	315	316	328	309	341	310	337	
307	347	317	309	337	314	343	331	
322	305	306	319	317	309	332	346	
319	300	323	342	313	331	302	303	
338	349	348	329	333	303	345	314	
346	325	321	347	330	305	345	334	
318	337	311	332	309	344	313	321	
315	313	305	337	340	345	325	332	
343	303	333	326	308	345	309	301	
319	310	337	342	338	303	306	302	
305	349	325	321	334	343	339	314	
330	333	342	341	300	331	348	325	
325	348	341	321	317	322	331	300	
348	324	317	319	349	323	343	312	
322	302	305	328	310	334	300	344	
303	301	336	313	341	331	335	327	
330	326	306	317	316	322	349	338	
336	327	335	320	308	309	339	315	
338	313	301	325	346	304	336	317	
337	303	333	311	341	336	340	348	
315	327	318	340	342	329	324	310	
348	319	341	347	308	307	330	324	
314	301	336	330	332	319	334	325	
338	307	313	306	339	335	326	327	
319	341	326	323	308	329	344	347	
319	305	336	315	326	343	306	337	
361	365	379	358	352	385	389	366	
353	355	396	369	394	392	395	393	
375	358	352	371	392	372	350	355	
396	393	353	370	388	377	392	360	
383	388	366	350	356	390	353	359	
366	360	385	354	364	395	365	358	
367	375	351	398	392	380	364	350	
389	380	364	363	388	390	395	369	
379	387	361	397	389	398	360	355	
368	377	373	362	371	361	394	355	
354	386	377	387	374	367	360	376	
363	382	375	377	385	354	391	392	
362	375	359	382	388	352	380	395	
361	360	383	352	377	373	355	395	
391	376	361	357	384	358	399	373	
375	389	393	382	384	386	399	360	
353	369	386	374	382	355	389	384	
398	358	367	383	386	360	353	390	
394	376	354	377	359	365	387	371	
357	376	397	363	391	356	383	369	
363	380	351	393	383	385	387	374	
386	381	398	388	363	394	352	354	
358	359	380	354	373	372	355	379	
383	399	391	350	390	387	378	360	
380	362	394	390	384	375	398	377	
367	350	369	379	352	355	392	362	
393	362	353	352	372	399	378	365	
350	355	359	363	382	358	390	389	
364	390	381	356	378	393	370	351	
357	395	386	376	367	397	375	387	
353	388	356	367	359	392	399	379	
363	376	372	361	395	391	398	382	
353	351	382	398	385	393	388	363	
385	399	397	362	396	390	357	371	
366	370	377	399	398	390	383	382	
359	371	377	368	386	365	399	374	
399	386	359	358	362	353	379	361	
356	359	396	387	363	350	368	373	
375	372	358	354	381	386	357	398	
396	378	366	377	360	375	390	369	
359	374	397	392	354	355	381	375	
368	364	356	382	398	366	365	386	
396	387	364	397	385	355	370	352	
393	391	385	357	352	379	374	359	
374	396	375	367	385	383	393	388	
383	355	393	367	365	361	390	360	
376	396	399	375	379	373	364	354	
380	388	357	379	385	355	363	397	
355	354	393	399	357	358	397	350	
359	360	364	366	395	365	351	392	
424	446	416	401	448	439	430	425	
430	446	412	440	432	441	433	424	
447	410	417	442	421	406	436	414	
401	427	432	406	411	423	419	404	
403	435	433	408	442	434	447	406	
428	405	402	439	426	431	419	425	
412	420	442	433	448	449	432	441	
443	438	417	403	409	412	425	433	
420	411	421	448	405	438	413	408	
438	402	407	413	418	409	414	449	
445	404	402	430	410	438	408	406	
425	409	430	418	405	422	414	429	
433	418	417	431	401	423	428	413	
401	437	412	440	402	432	411	430	
407	409	416	442	440	412	444	414	
415	401	448	432	436	422	445	441	
418	426	400	446	421	416	436	439	
417	428	427	419	422	449	434	447	
415	443	404	430	418	408	448	405	
432	446	409	416	429	441	403	417	
402	435	417	414	438	429	441	400	
431	432	415	444	423	418	402	425	
444	439	427	410	437	413	429	433	
443	423	405	440	424	429	447	435	
428	444	434	406	441	420	404	423	
446	407	416	403	435	412	445	402	
425	427	422	438	432	419	405	420	
438	440	437	420	431	423	429	436	
437	407	412	429	449	418	430	422	
437	425	436	407	413	409	435	434	
404	437	413	421	402	407	403	423	
439	419	416	418	442	426	411	401	
416	435	440	403	431	439	406	432	
424	407	429	434	401	436	405	447	
425	443	406	408	417	431	421	400	
447	436	434	444	414	423	428	419	
422	410	414	448	447	423	427	437	
438	423	414	427	437	415	430	431	
434	447	416	410	444	403	437	414	
448	418	400	411	445	449	414	430	
425	429	449	413	414	435	434	402	
427	432	406	421	401	405	423	440	
448	405	433	442	444	434	435	441	
417	408	414	444	402	418	435	413	
404	448	445	423	419	428	426	412	
418	438	426	445	442	425	449	440	
427	409	417	407	402	439	420	435	
434	427	405	415	438	406	419	412	
432	445	407	418	420	440	443	436	
440	446	425	436	417	423	400	447	
488	486	497	480	457	473	477	464	
457	476	451	463	489	481	465	484	
484	478	461	471	474	488	452	462	
491	495	459	493	458	486	463	478	
455	475	474	463	462	491	453	493	
453	472	480	467	474	463	495	498	
454	486	451	491	483	481	461	464	
498	452	497	499	494	474	483	476	
494	456	486	451	499	470	483	493	
469	451	454	457	452	478	461	470	
474	470	451	483	482	468	461	488	
474	483	461	498	459	473	457	453	
482	481	463	473	489	450	454	487	
457	494	498	458	489	476	499	469	
469	468	464	475	493	474	466	460	
469	459	464	481	478	473	465	468	
452	467	451	469	490	454	498	455	
460	464	489	486	451	493	472	469	
475	456	496	474	482	464	469	480	
472	452	499	455	453	454	459	463	
456	483	453	461	499	465	460	459	
490	457	460	452	459	466	471	481	
495	493	467	460	483	482	485	456	
450	495	452	458	451	470	488	467	
485	457	464	494	458	461	484	465	
490	472	484	497	474	494	489	488	
458	476	467	495	483	474	462	470	
487	459	498	493	483	478	455	463	
467	454	480	472	482	490	462	489	
464	498	496	456	471	472	463	477	
481	458	477	483	472	463	473	462	
451	459	473	490	479	481	469	463	
453	463	460	495	499	481	466	488	
499	498	456	454	458	473	460	492	
484	469	472	473	495	494	455	460	
468	452	484	489	479	477	495	492	
462	452	459	464	475	455	493	494	
493	488	497	467	498	450	458	457	
479	455	468	495	494	492	487	489	
468	454	473	479	493	495	465	460	
458	464	465	459	454	497	456	488	
494	455	470	468	452	459	464	490	
450	474	488	485	451	453	491	483	
458	451	486	498	477	466	476	479	
474	495	462	494	459	499	470	467	
489	479	493	463	453	467	491	465	
482	497	480	466	455	470	458	452	
479	463	481	498	470	471	474	493	
461	487	452	457	473	496	485	453	
464	469	473	454	465	494	470	471	
363	304	203	
279	195	362	
363	454	113	
419	352	41	
461	310	169	
332	247	333	
12	81	234	
401	217	20	
409	435	233	
153	283	6	
129	232	307	
351	261	129	
62	388	79	
396	459	94	
484	475	30	
140	79	282	
46	347	7	
135	137	373	
479	20	350	
435	406	453	
140	249	163	
46	164	244	
194	403	100	
65	96	263	
378	312	355	
140	188	239	
456	151	214	
148	123	382	
397	133	107	
268	473	406	
118	400	388	
123	365	425	
125	263	171	
421	196	268	
157	390	369	
422	419	178	
484	346	303	
113	345	450	
372	101	421	
484	398	168	
85	347	173	
244	101	371	
202	325	201	
161	174	46	
198	470	35	
133	437	71	
162	263	64	
243	262	64	
298	174	28	
320	257	51	
21	450	435	
416	385	6	
391	386	263	
326	339	499	
154	27	376	
122	65	259	
213	187	424	
95	420	261	
226	478	130	
166	10	383	
138	337	480	
7	139	135	
88	120	42	
56	499	249	
55	162	292	
270	408	326	
57	176	245	
418	496	86	
10	474	21	
372	243	139	
94	63	36	
109	40	203	
174	291	356	
368	381	46	
35	371	238	
428	125	325	
207	44	474	
94	407	193	
321	43	309	
29	301	134	
89	424	358	
191	307	411	
341	414	494	
369	326	122	
207	364	162	
155	69	464	
329	466	268	
258	372	172	
144	72	316	
288	403	105	
8	146	383	
214	252	123	
327	124	36	
112	198	168	
448	74	250	
362	453	458	
351	37	333	
140	381	218	
50	429	323	
198	55	316	
115	32	27	
490	383	357	
280	113	332	
248	446	34	
115	297	122	
383	148	405	
411	17	473	
440	154	442	
486	479	99	
341	273	430	
28	12	226	
464	16	468	
445	163	224	
323	450	384	
333	124	443	
450	191	471	
234	167	32	
127	10	175	
277	204	484	
149	327	213	
398	432	478	
47	307	4	
10	479	344	
385	149	142	
450	288	119	
279	336	100	
497	184	327	
122	473	188	
261	370	113	
322	396	246	
399	226	143	
227	272	271	
290	469	413	
94	381	4	
395	418	2	
430	334	455	
413	466	41	
376	93	134	
426	9	288	
70	316	115	
70	292	80	
380	475	330	
184	6	380	
120	18	53	
404	466	325	
152	468	465	
376	202	484	
132	490	424	
66	163	13	
249	38	221	
352	459	186	253	
252	73	216	420	
109	163	216	102	
368	456	289	141	
470	438	198	266	
152	468	181	441	
115	207	46	293	
422	323	230	426	
81	345	164	437	
456	470	303	297	
419	478	474	192	
41	304	105	20	
303	24	294	339	
52	80	344	439	
450	11	267	309	
230	424	251	21	
212	458	122	248	
62	316	98	358	
62	301	357	104	
46	270	333	476	
285	74	360	102	
471	335	139	465	
155	28	15	232	
284	89	223	309	
407	287	424	479	
226	499	144	219	
159	400	406	81	
84	374	463	376	
112	267	357	120	
403	495	437	172	
3	19	107	443	
4	76	436	351	
120	171	151	13	
18	115	124	66	
359	364	123	202	
350	344	238	259	
481	155	52	78	
179	61	63	251	
126	301	371	490	
101	122	271	300	
140	15	207	239	
454	425	70	495	
2	13	60	198	
336	74	147	286	
300	417	71	249	
444	284	226	311	
377	37	388	181	
29	309	182	453	
368	353	404	342	
303	355	260	336	
277	454	432	17	
302	328	448	429	
368	362	361	138	
247	267	23	453	
302	158	107	260	
84	21	7	90	
178	180	166	215	
480	380	388	216	
118	457	181	315	
77	437	65	443	
114	165	370	149	
397	497	130	265	
264	22	345	221	
265	117	84	442	
90	390	214	454	
378	339	285	348	
264	385	348	459	
108	124	122	77	
239	113	270	3	
4	1	480	99	
122	199	175	351	
188	142	348	186	
474	482	414	403	
155	124	152	161	
443	209	492	404	
408	99	417	475	
467	105	205	353	
203	221	290	324	
42	11	264	28	
245	422	255	441	
188	116	35	1	
110	188	261	400	
78	306	2	387	
285	234	305	66	
215	262	264	319	
472	351	124	111	
365	36	499	90	
34	64	462	157	
179	188	211	106	
160	341	269	493	
347	2	344	373	
395	458	246	328	
117	258	39	353	
378	230	373	196	
432	276	313	15	
232	396	220	369	
487	246	492	3	
304	106	421	213	
43	379	16	127	
146	436	58	479	
243	133	195	201	
263	376	443	259	
57	456	105	336	
383	57	119	491	
232	292	79	133	
335	467	9	183	
434	279	315	100	
147	273	300	227	
29	382	89	252	
162	184	53	0	
3	167	438	433	
189	112	330	236	
152	491	14	204	
239	234	140	185	
454	189	114	453	
245	23	251	463	
265	291	195	369	
69	267	241	73	
60	160	79	379	
120	246	237	449	
198	354	228	280	
192	495	293	246	
44	326	188	237	
460	12	328	63	
67	85	173	111	
499	77	440	265	
70	227	7	5	
84	72	214	183	
402	48	27	45	
242	301	6	319	
39	424	301	257	
266	389	297	99	
160	401	438	82	
400	466	430	171	
412	296	429	60	
283	133	445	230	
304	459	337	328	
416	259	160	71	
454	496	283	159	
381	435	32	231	
187	152	414	98	
346	441	483	116	
142	247	13	379	
319	110	432	10	
160	377	189	445	
312	44	288	381	
105	72	188	223	
273	444	394	299	
460	490	414	124	
264	262	301	373	
151	311	340	376	497	
63	233	110	371	34	
312	240	472	57	419	
287	115	339	290	55	
183	354	386	357	218	
242	326	212	342	254	
372	319	114	374	117	
330	369	56	486	328	
326	81	252	422	143	
167	369	21	19	382	
216	205	103	264	64	
497	284	8	204	48	
152	298	471	423	418	
416	487	485	128	180	
499	250	175	110	70	
308	356	402	407	404	
198	462	478	259	447	
105	224	74	291	71	
332	64	181	271	333	
22	273	156	145	282	
270	263	148	114	455	
183	166	448	45	299	
30	397	276	204	104	
183	477	423	392	341	
212	400	481	89	300	
88	124	138	27	169	
187	386	175	79	235	
149	85	264	69	426	
356	236	105	243	35	
424	366	107	436	293	
159	499	288	482	40	
234	432	17	374	358	
193	231	240	169	257	
107	329	228	268	61	
59	269	270	52	83	
469	133	3	223	443	
168	193	321	104	143	
217	85	402	210	229	
482	213	193	69	155	
54	100	21	440	152	
470	97	211	428	402	
115	99	321	82	495	
445	152	11	494	27	
74	149	318	215	39	
66	287	48	154	460	
200	84	401	202	75	
176	229	78	414	315	
156	308	112	320	163	
122	399	334	387	3	
266	176	237	288	359	
381	211	202	347	395	
451	195	355	433	244	
419	233	448	155	474	
439	42	352	463	109	
65	438	118	455	190	
194	88	318	171	69	
185	97	228	113	334	
232	322	193	334	222	
461	321	200	311	427	
52	443	336	449	183	
244	278	484	491	42	
101	147	28	54	411	
379	477	17	319	224	
496	369	230	481	469	
377	456	215	156	478	
310	492	127	163	394	
351	95	140	60	349	
63	333	137	44	310	
122	25	139	307	30	
432	307	272	106	178	
481	248	426	474	288	
400	408	115	144	436	
31	149	436	213	6	
37	392	396	263	315	
219	444	301	370	138	
165	127	187	21	476	
69	229	328	363	156	
99	483	384	324	216	
19	247	396	176	279	
317	311	92	33	393	
38	246	29	58	78	
378	224	71	317	153	
31	491	476	409	83	
368	123	185	313	273	
326	368	434	410	486	
434	339	362	93	142	
447	429	227	262	177	
145	488	53	160	239	
206	13	164	294	80	
248	244	124	446	245	
135	470	496	417	197	
221	171	282	145	234	
394	310	428	460	418	
446	171	484	269	93	
14	79	39	328	446	
465	336	190	421	272	
435	29	288	443	2	
488	285	423	292	219	
494	112	39	331	108	
409	97	264	84	449	
306	385	192	424	34	
56	48	480	89	340	
33	479	346	250	7	
321	214	433	392	64	
215	368	27	169	28	
463	122	307	297	14	
39	207	113	400	177	
401	186	364	227	369	
414	419	245	458	332	
174	499	227	446	492	
227	125	174	106	440	
234	443	72	485	386	
308	89	440	486	368	
244	367	498	64	172	
434	343	423	372	391	
450	436	127	326	273	
286	367	159	251	164	
12	362	46	119	359	
27	407	53	348	99	
9	393	274	255	191	
102	395	246	101	277	
62	47	138	282	159	
115	229	46	406	316	
271	442	305	281	149	
268	12	233	416	89	
158	401	218	23	326	
467	69	368	264	204	
121	144	214	432	465	
11	88	330	55	271	
177	234	411	20	499	
482	40	401	458	415	
215	130	94	17	210	
334	192	339	361	314	
469	210	2	407	444	
407	468	35	440	362	
218	114	290	183	208	
284	386	489	469	140	
347	443	219	329	349	
100	243	15	203	144	
72	192	463	486	343	
277	81	33	172	267	
227	71	262	31	374	
425	486	324	327	114	
450	350	323	16	74	
423	279	328	490	416	
17	32	229	261	364	
33	210	60	105	144	
399	300	407	280	53	
184	10	226	371	421	
406	126	192	372	123	
