35	29	25	3	43	15	
46	49	43	29	42	27	
36	42	16	37	44	20	
43	19	3	29	45	24	
34	27	21	25	8	13	
37	1	11	49	18	14	
45	29	10	46	33	4	
2	34	44	40	47	16	
20	38	45	43	22	15	
17	35	19	7	40	2	
41	19	30	29	22	49	
45	35	20	12	40	6	
5	1	32	47	43	48	
11	10	31	15	7	29	
21	46	28	17	2	18	
4	11	15	43	27	22	
45	9	5	39	21	2	
1	39	49	44	40	34	
18	29	6	10	40	46	
22	44	43	11	21	35	
21	31	38	41	8	5	
43	6	25	36	42	14	
4	40	46	2	47	11	
24	1	29	3	39	21	
5	0	31	29	33	23	
8	17	11	0	4	21	
25	43	45	21	49	19	
2	21	36	25	17	6	
7	35	39	49	15	46	
15	20	32	37	12	47	
47	43	44	11	38	34	
33	38	49	10	7	46	
6	34	36	32	12	28	
8	40	5	30	22	19	
6	30	20	25	28	37	
24	9	16	0	12	10	
2	34	48	38	3	43	
49	9	43	26	29	14	
14	38	37	17	23	20	
7	11	27	49	20	13	
30	10	24	27	28	18	
44	25	35	39	14	11	
19	1	23	36	2	34	
47	48	38	22	16	34	
1	13	46	41	45	24	
30	39	10	43	13	15	
15	37	42	18	23	19	
6	38	12	42	17	32	
24	41	45	39	49	18	
20	22	17	19	11	29	
87	59	77	98	78	76	
81	80	89	50	61	79	
55	68	88	87	70	74	
74	73	71	84	61	70	
87	93	90	73	50	55	
99	65	96	63	61	66	
89	54	61	72	74	85	
81	98	53	61	50	56	
60	86	84	82	53	99	
87	85	53	52	88	81	
73	52	72	53	57	88	
53	74	55	61	67	76	
67	56	76	74	66	87	
72	53	82	97	67	56	
56	73	90	57	84	67	
84	86	99	92	87	64	
56	66	55	90	62	88	
95	88	85	79	64	58	
75	85	96	63	67	98	
59	71	61	67	77	68	
62	71	58	97	76	78	
55	81	93	89	54	92	
82	99	72	81	96	65	
64	66	62	98	59	79	
98	76	60	55	63	54	
95	93	57	58	54	77	
93	57	58	89	92	60	
93	84	66	75	61	64	
90	91	84	68	78	66	
55	63	74	61	90	70	
84	55	97	62	58	60	
76	91	79	55	92	86	
55	91	80	89	70	68	
87	68	84	74	62	72	
63	92	51	98	53	50	
71	66	90	51	58	92	
74	82	88	72	64	68	
91	98	53	73	85	76	
72	85	77	86	98	80	
78	63	84	61	73	88	
91	85	51	56	93	67	
92	80	82	97	58	94	
89	96	95	80	60	91	
91	56	95	59	63	67	
80	55	66	64	52	93	
64	71	85	73	60	55	
60	50	64	74	63	97	
94	83	96	68	71	53	
55	70	72	62	86	98	
91	56	66	60	64	57	
105	102	132	113	122	124	
136	102	117	130	144	118	
147	104	117	107	132	129	
145	123	103	147	131	149	
103	144	100	147	125	128	
144	120	138	107	127	115	
139	120	107	125	128	146	
133	140	122	134	105	104	
143	120	110	133	105	137	
145	143	117	126	130	136	
135	140	144	122	121	115	
139	137	132	107	106	111	
113	148	149	135	132	107	
113	135	119	120	138	103	
139	123	119	133	109	148	
147	138	135	122	113	119	
114	143	136	118	123	112	
145	123	144	137	125	142	
109	102	127	118	137	111	
116	106	108	123	131	117	
101	128	126	111	105	106	
147	101	132	143	138	136	
106	127	105	110	147	143	
136	138	108	107	141	112	
139	141	118	108	133	143	
141	132	103	120	114	135	
148	147	135	138	112	113	
139	104	140	124	123	116	
119	109	111	131	126	135	
134	135	141	137	123	108	
128	118	132	119	109	149	
129	102	147	137	127	135	
103	100	109	135	134	104	
136	123	121	111	144	103	
117	147	115	101	116	145	
108	115	132	145	110	112	
125	139	124	130	109	128	
106	120	118	119	102	147	
104	130	124	107	144	101	
104	105	148	103	128	141	
120	106	135	102	144	128	
112	104	100	127	132	115	
133	145	127	113	117	119	
117	130	101	118	109	142	
120	147	104	149	124	121	
148	116	137	102	146	132	
118	108	132	125	102	146	
103	102	147	113	127	119	
112	101	124	137	114	121	
115	147	143	121	112	132	
162	172	186	165	185	196	
198	191	165	177	190	183	
155	156	154	174	185	193	
150	156	195	189	183	179	
168	172	191	154	171	165	
195	189	170	152	174	196	
190	152	154	199	172	169	
182	186	187	163	173	162	
153	193	195	171	154	160	
198	157	185	197	156	153	
186	160	168	182	174	184	
193	188	198	187	170	160	
175	176	170	191	152	168	
189	160	161	199	181	193	
177	183	167	155	153	176	
156	174	190	193	196	159	
194	161	199	177	193	190	
167	172	198	180	199	182	
153	155	197	159	152	171	
169	175	151	180	164	171	
186	162	167	153	199	170	
195	197	153	166	154	186	
168	161	198	155	176	182	
184	166	181	153	199	187	
151	153	194	198	176	150	
169	190	183	160	151	172	
187	151	163	190	150	198	
152	159	162	161	174	194	
189	159	193	162	160	151	
151	160	189	157	184	179	
197	158	199	156	164	159	
189	163	164	172	158	179	
160	197	182	193	180	177	
175	174	199	184	183	155	
178	169	177	176	185	199	
183	193	153	151	168	157	
179	197	194	160	189	176	
193	190	173	174	179	159	
185	155	184	161	151	198	
161	196	163	172	155	182	
185	175	167	176	189	154	
192	169	193	188	163	160	
162	160	181	198	195	178	
196	191	187	181	162	166	
171	152	163	178	174	159	
178	192	156	180	155	163	
171	181	167	177	154	150	
160	184	187	191	161	167	
158	186	170	161	191	160	
199	164	172	176	189	150	
205	227	233	211	219	245	
214	246	245	243	225	229	
210	207	208	226	200	240	
207	222	232	215	238	227	
216	223	201	220	203	213	
209	211	217	218	234	244	
243	222	208	227	247	249	
231	205	247	212	206	243	
205	233	226	248	247	239	
204	209	241	240	242	246	
202	220	231	207	230	238	
246	216	237	219	222	211	
238	204	220	247	242	239	
227	205	200	246	219	222	
207	239	210	241	224	203	
232	228	242	249	247	215	
226	237	230	203	235	212	
224	232	236	231	217	215	
232	204	205	239	248	249	
236	232	246	206	227	208	
230	227	241	207	202	226	
228	219	242	214	221	212	
226	213	228	220	222	221	
221	218	211	201	238	219	
249	241	233	242	230	243	
216	245	213	233	205	228	
241	225	243	200	232	205	
209	205	234	231	243	210	
225	227	215	206	229	213	
206	213	219	200	229	240	
244	205	220	237	214	241	
223	207	239	245	235	248	
217	226	239	234	212	209	
235	201	207	220	209	225	
216	207	236	225	232	219	
216	206	229	248	240	224	
236	216	239	221	204	232	
224	203	242	245	238	229	
249	220	205	233	217	208	
202	230	226	217	225	223	
224	231	216	228	209	200	
216	248	220	214	205	219	
213	211	227	236	245	239	
234	244	230	235	203	240	
221	240	201	235	216	213	
227	217	220	245	229	225	
225	212	226	249	239	245	
222	231	242	239	233	228	
240	222	219	235	206	209	
240	248	239	242	225	223	
270	263	251	274	256	276	
265	270	261	263	252	281	
282	270	262	268	284	257	
266	262	293	295	272	255	
250	299	286	297	278	253	
298	278	253	262	291	284	
280	292	277	285	290	274	
265	273	298	250	270	277	
256	291	283	269	285	290	
273	278	288	267	280	268	
273	286	281	267	252	271	
290	266	259	272	298	299	
268	262	271	290	251	294	
287	272	275	289	255	277	
271	290	274	265	254	264	
297	257	287	283	268	259	
273	276	291	252	280	269	
273	283	287	258	285	288	
289	265	260	280	271	250	
277	250	257	285	259	263	
261	298	273	291	255	268	
267	282	261	292	291	297	
275	268	294	276	288	281	
268	272	296	295	259	288	
280	252	297	291	286	256	
276	280	261	263	254	279	
250	284	252	260	286	269	
269	297	291	292	261	263	
254	265	297	267	250	260	
262	292	277	299	257	252	
271	288	294	256	258	296	
252	254	296	266	256	293	
292	293	280	261	256	253	
289	256	284	275	274	288	
284	281	251	296	275	266	
264	251	295	278	280	273	
291	274	281	260	283	259	
260	256	293	298	254	274	
280	297	281	269	275	251	
256	296	266	290	299	288	
262	280	253	273	252	288	
258	294	259	262	286	265	
279	275	280	253	277	268	
280	258	276	271	288	284	
287	274	268	261	251	279	
294	267	270	290	265	296	
264	281	295	256	279	268	
282	297	261	268	281	294	
251	271	253	278	282	265	
288	283	274	270	281	285	
307	330	338	328	349	341	
321	318	338	344	345	329	
343	305	324	345	308	342	
334	317	301	336	339	319	
342	325	337	338	303	316	
320	300	341	329	326	304	
347	327	332	334	324	342	
343	339	325	328	330	304	
312	313	335	300	305	328	
309	305	331	306	314	315	
320	344	325	334	347	343	
330	334	349	345	317	329	
310	343	316	327	341	300	
318	336	301	307	310	331	
303	346	324	314	342	320	
315	300	345	309	319	344	
349	326	347	348	319	328	
348	344	341	311	349	305	
315	339	337	312	341	335	
332	339	311	348	342	305	
302	341	325	317	345	314	
302	338	317	318	316	328	
346	330	305	341	337	334	
341	319	320	338	318	335	
344	337	339	328	316	348	
334	349	322	330	342	323	
313	307	310	320	311	324	
300	308	336	305	302	312	
330	324	314	322	335	346	
301	313	329	323	318	332	
340	315	317	320	316	349	
310	339	332	303	306	336	
345	306	301	349	305	348	
315	328	320	345	331	339	
349	302	325	337	314	331	
344	323	309	301	311	305	
343	317	329	318	323	335	
335	342	309	314	322	307	
349	347	313	341	333	315	
326	341	300	307	316	339	
305	322	346	339	301	335	
315	303	301	319	339	335	
341	306	339	327	349	314	
324	331	349	311	347	341	
331	328	317	322	316	341	
317	343	313	337	329	322	
313	348	334	345	337	346	
330	302	342	306	327	337	
329	344	312	334	314	340	
327	300	345	321	325	348	
391	374	396	351	354	358	
385	368	364	361	387	362	
390	382	360	386	380	397	
376	350	396	381	364	384	
398	396	383	362	386	384	
351	352	377	353	360	374	
367	376	378	355	363	350	
361	351	371	392	364	352	
352	395	388	359	379	365	
353	375	351	352	376	359	
370	354	377	375	368	378	
399	381	380	354	363	357	
352	392	368	355	371	364	
366	398	368	390	373	350	
373	383	398	358	399	379	
361	360	398	392	369	390	
388	395	396	358	360	365	
373	398	392	388	385	378	
378	384	388	391	357	385	
391	362	398	363	374	376	
354	350	391	387	368	394	
386	353	392	397	381	390	
393	363	354	384	381	385	
389	374	392	396	353	365	
385	375	396	350	366	383	
395	367	355	393	363	366	
381	364	378	390	391	369	
364	362	351	370	381	398	
389	387	385	378	359	358	
395	388	394	375	370	369	
391	382	378	389	375	376	
393	382	356	367	362	378	
388	362	395	369	379	396	
398	357	364	388	365	367	
388	379	392	374	361	352	
382	353	376	381	375	388	
380	396	392	352	378	361	
359	392	355	380	364	367	
378	350	368	379	357	394	
381	391	399	392	389	380	
383	395	354	363	359	358	
377	384	398	394	352	396	
365	352	380	398	385	387	
352	376	383	395	368	386	
369	377	355	397	358	396	
352	365	372	388	392	374	
383	378	366	381	359	394	
362	385	358	380	353	394	
350	359	354	367	372	357	
392	398	379	386	363	372	
424	415	428	443	417	429	
428	432	408	415	425	430	
427	432	420	425	444	402	
436	448	425	441	412	408	
418	420	448	430	409	444	
407	440	448	426	406	436	
441	444	448	428	447	449	
439	442	401	418	441	440	
405	423	446	442	403	433	
426	402	441	448	408	443	
435	426	403	442	412	414	
420	430	437	415	424	400	
431	409	447	441	444	401	
423	425	440	412	426	416	
440	426	405	404	423	425	
418	413	443	447	402	417	
412	425	404	439	434	449	
402	434	421	410	447	400	
425	429	418	421	403	437	
425	441	436	426	420	411	
424	426	448	420	401	442	
433	420	449	430	445	446	
428	422	430	409	423	407	
412	401	413	406	448	428	
425	446	408	416	445	423	
448	423	427	412	402	414	
418	425	424	431	413	438	
417	418	413	430	449	422	
430	429	449	445	442	423	
419	438	431	404	442	413	
441	418	417	444	421	411	
414	403	419	404	423	447	
402	442	433	443	424	408	
447	427	402	426	401	437	
436	439	440	414	422	437	
432	401	449	429	425	414	
404	403	411	408	410	431	
445	440	427	425	401	400	
430	420	425	443	404	439	
402	424	432	439	440	427	
444	432	408	414	448	446	
442	418	438	423	404	434	
429	438	444	420	425	441	
419	436	441	401	409	406	
403	414	408	447	407	430	
411	426	436	416	422	424	
414	421	405	440	444	447	
434	444	410	431	409	414	
425	433	410	426	414	413	
412	422	400	413	441	433	
454	470	496	473	452	499	
471	457	493	475	455	472	
477	499	462	492	455	456	
482	467	479	477	484	495	
472	486	483	482	477	468	
463	474	472	466	458	477	
455	478	483	465	495	457	
477	485	486	474	493	479	
453	483	467	476	499	460	
463	487	483	474	470	486	
477	469	494	484	486	467	
481	458	463	483	496	484	
482	487	481	463	480	495	
474	465	461	469	497	498	
468	455	487	472	461	456	
495	494	451	474	491	452	
486	463	498	462	497	472	
455	459	487	458	462	452	
466	483	456	472	487	461	
491	494	464	456	471	480	
486	485	491	451	458	487	
450	466	483	458	476	454	
452	496	499	451	490	492	
491	460	466	497	453	463	
464	473	492	468	488	475	
489	494	495	462	464	475	
456	488	498	496	493	486	
468	474	475	464	472	499	
470	456	484	495	462	461	
487	454	478	463	493	477	
455	478	484	493	481	450	
496	456	470	453	493	488	
480	489	473	491	486	483	
484	474	493	454	482	476	
490	461	458	450	495	470	
457	474	498	473	496	495	
469	487	473	489	460	496	
467	461	453	460	483	465	
457	493	454	451	459	473	
480	457	472	476	484	470	
456	452	451	474	465	488	
454	497	464	478	486	474	
460	483	457	490	469	497	
478	472	456	497	494	474	
484	499	462	451	492	477	
456	494	463	458	485	488	
450	480	481	458	499	467	
487	457	474	493	495	478	
461	488	483	486	470	493	
497	482	486	493	466	477	
38	37	0	34	5	15	3	
30	9	22	45	26	5	14	
34	27	4	3	42	9	12	
46	31	7	10	12	4	48	
29	7	13	23	49	48	4	
46	32	21	36	40	12	38	
46	45	13	10	14	33	3	
8	35	14	13	34	33	47	
25	32	9	18	10	37	3	
44	21	17	23	31	4	3	
32	42	3	30	6	24	13	
30	40	4	9	41	14	27	
39	37	20	41	13	1	29	
18	8	24	19	14	1	3	
42	1	33	0	43	2	12	
47	16	17	37	46	23	5	
41	21	5	10	36	42	28	
32	41	22	10	36	20	30	
40	34	20	14	10	28	8	
28	23	6	18	11	40	1	
8	32	30	3	37	25	15	
36	3	31	15	33	40	44	
6	13	10	38	23	24	7	
29	6	8	33	36	46	13	
26	3	21	6	31	44	4	
15	7	49	0	6	45	5	
36	16	6	23	44	7	11	
14	33	27	29	1	24	45	
25	20	4	10	28	0	46	
22	14	27	41	34	3	10	
19	18	23	5	35	33	31	
2	14	39	19	6	28	44	
31	17	22	0	12	2	10	
22	40	15	0	34	28	12	
4	0	28	34	9	24	30	
4	19	27	20	42	26	40	
49	28	40	6	31	44	16	
38	43	29	41	22	46	16	
49	0	28	30	25	17	2	
17	23	4	11	1	25	31	
37	26	17	34	0	5	22	
10	25	19	21	34	8	41	
48	47	14	6	42	13	28	
24	14	18	29	47	3	1	
46	7	21	22	13	18	19	
44	10	23	39	41	22	12	
42	27	25	16	14	5	28	
30	44	36	12	42	0	8	
34	36	38	44	48	31	28	
26	32	35	7	29	3	41	
53	52	85	92	50	80	67	
60	68	93	78	97	92	50	
93	82	63	77	54	85	89	
73	86	96	61	91	92	66	
63	62	84	94	83	92	61	
67	66	95	85	96	83	70	
83	91	59	97	96	71	80	
67	68	69	89	79	78	80	
52	74	78	87	50	98	54	
52	74	73	91	72	85	98	
55	59	50	52	66	54	70	
78	88	74	77	80	68	66	
69	84	90	51	73	81	50	
92	73	53	84	90	56	88	
79	94	98	95	99	97	73	
50	64	60	98	89	97	67	
84	71	88	94	50	67	82	
70	92	64	99	52	60	80	
54	71	91	79	90	61	62	
79	60	98	87	91	81	70	
66	86	74	94	89	96	77	
75	77	61	82	90	64	53	
50	68	75	64	65	57	89	
87	72	73	56	70	62	86	
72	99	74	62	55	83	67	
77	56	93	87	72	82	81	
76	62	92	98	74	55	50	
77	96	80	78	85	70	56	
77	54	63	64	51	97	90	
55	85	74	80	71	66	90	
68	95	97	86	91	90	61	
70	84	73	95	67	58	98	
91	62	94	82	98	57	54	
65	53	58	74	59	52	60	
85	96	74	93	52	95	72	
92	89	82	55	81	72	91	
61	93	63	57	51	79	85	
75	88	64	87	52	83	66	
98	54	55	66	82	90	61	
62	55	71	79	77	70	60	
82	86	64	90	55	57	63	
74	86	92	69	78	59	50	
74	95	56	67	87	73	71	
76	61	84	68	55	85	73	
80	69	74	52	58	75	92	
63	62	97	64	72	50	58	
71	57	80	70	58	89	55	
83	91	78	79	81	98	53	
91	74	98	66	55	62	50	
96	53	97	71	81	58	87	
108	126	118	107	142	117	132	
118	124	108	112	147	138	116	
136	149	104	135	121	109	146	
110	148	145	125	133	138	118	
122	113	126	146	136	111	125	
129	101	126	124	133	111	128	
109	124	141	119	131	146	125	
145	144	120	109	117	130	127	
123	133	100	148	124	129	118	
110	117	102	112	142	149	103	
146	115	134	109	130	133	149	
124	123	104	146	119	135	107	
120	101	103	117	105	132	121	
102	135	121	141	124	110	130	
137	129	135	112	141	146	126	
126	105	121	137	135	109	129	
145	109	126	100	148	113	139	
120	126	121	114	118	115	125	
122	116	138	144	119	132	108	
119	122	109	140	101	147	102	
109	112	134	124	106	147	129	
125	143	122	146	118	142	134	
124	141	144	143	137	109	119	
131	126	145	124	112	136	116	
113	111	124	134	141	132	138	
145	149	147	107	121	109	144	
133	123	114	112	136	138	129	
121	137	114	104	111	148	107	
147	120	116	125	114	123	129	
103	133	141	121	106	127	119	
139	102	124	117	121	114	104	
138	141	140	139	107	149	116	
128	148	149	140	129	109	110	
149	100	144	110	139	118	108	
131	113	144	120	128	125	121	
107	100	119	147	136	145	122	
100	130	104	141	137	140	127	
115	141	101	117	102	103	106	
131	123	139	105	118	117	107	
139	131	106	125	104	105	117	
122	132	136	139	112	116	130	
127	119	118	102	145	106	130	
131	113	119	110	100	114	147	
113	129	134	130	144	131	148	
145	108	123	111	102	147	114	
113	120	135	106	116	109	131	
118	102	145	143	144	114	136	
136	121	100	106	112	149	122	
134	105	136	138	119	129	103	
141	145	136	114	107	123	120	
167	198	197	168	158	199	189	
194	199	177	158	190	171	165	
150	155	177	159	184	190	152	
193	164	173	167	177	160	157	
179	163	164	173	158	189	196	
174	187	167	166	169	172	188	
181	175	170	195	176	182	190	
195	160	176	187	165	194	158	
171	176	163	180	184	183	191	
182	168	151	185	156	175	159	
197	162	173	180	158	188	157	
179	188	156	165	192	150	181	
183	170	166	160	179	165	171	
185	159	181	161	193	183	182	
159	166	177	190	173	169	181	
183	160	162	159	188	192	176	
168	152	195	181	172	197	182	
168	157	193	159	175	167	169	
180	174	179	172	194	186	160	
191	163	197	153	175	156	170	
157	159	152	154	186	168	163	
150	182	189	153	159	197	166	
157	189	160	154	178	195	184	
181	167	186	157	183	164	182	
157	160	155	198	163	175	191	
163	198	175	196	151	170	191	
174	169	194	198	175	185	179	
170	162	184	188	167	195	192	
194	153	162	181	167	186	177	
158	159	193	183	188	163	156	
165	176	192	150	158	154	180	
186	185	159	163	198	178	183	
163	185	165	181	195	179	184	
154	161	195	152	179	172	168	
169	151	185	161	164	158	181	
154	160	168	153	173	171	197	
170	192	165	176	161	166	151	
152	188	182	191	174	155	183	
152	185	176	158	181	156	178	
199	170	193	185	178	197	171	
168	197	152	194	151	183	157	
180	154	165	177	182	186	184	
178	199	163	157	173	162	152	
163	162	152	171	160	172	168	
153	168	197	182	172	196	195	
174	191	155	162	190	156	173	
162	185	174	197	179	163	190	
181	169	198	192	162	187	157	
166	154	179	185	183	173	188	
172	171	151	183	169	157	193	
234	218	224	211	226	229	221	
237	236	244	224	238	223	234	
224	246	214	235	205	207	249	
227	212	202	210	220	229	218	
238	246	211	201	209	222	235	
215	204	211	221	228	208	216	
217	242	204	248	221	226	214	
237	245	231	214	226	220	248	
217	239	225	242	215	249	237	
209	212	213	220	239	206	240	
244	214	241	240	225	239	247	
213	248	240	202	206	231	242	
218	249	242	211	248	226	202	
219	231	211	232	236	237	207	
245	229	221	217	201	233	231	
225	210	239	229	240	205	224	
201	200	203	205	212	232	224	
243	226	204	213	208	220	245	
206	211	217	240	221	227	222	
248	202	210	235	219	243	229	
238	223	235	209	215	203	242	
213	202	234	223	201	237	246	
217	240	242	209	201	204	218	
230	222	209	208	224	217	214	
246	230	225	234	218	228	201	
226	236	220	210	214	223	240	
231	211	226	210	213	246	243	
238	247	210	228	244	231	230	
231	223	237	208	238	218	209	
202	235	204	229	215	218	210	
247	216	238	202	239	214	207	
207	229	223	246	211	206	220	
246	222	212	245	239	209	204	
234	233	248	207	209	221	228	
240	247	246	248	219	222	220	
248	207	240	238	217	245	232	
200	240	238	237	204	239	215	
203	211	218	241	237	238	215	
235	226	228	239	202	224	208	
223	232	234	219	236	240	211	
228	217	223	200	230	233	202	
217	215	247	220	213	214	201	
230	226	202	211	225	204	209	
201	240	232	236	247	220	208	
227	211	244	247	203	239	249	
204	223	235	226	227	219	238	
216	217	215	221	203	201	247	
203	231	242	224	214	204	205	
233	243	242	207	211	215	213	
242	237	244	248	202	219	210	
251	254	291	259	292	261	258	
276	269	256	293	283	298	272	
274	281	277	258	279	266	273	
261	299	263	264	256	268	276	
273	258	299	278	262	284	264	
266	292	253	275	285	281	298	
259	267	263	268	289	278	272	
270	267	272	266	289	260	254	
295	276	258	251	272	283	268	
291	250	269	255	278	286	273	
253	270	273	262	282	299	277	
259	290	260	274	291	282	261	
281	291	287	267	293	259	283	
271	274	251	293	291	254	260	
255	297	296	294	259	274	289	
272	262	288	283	278	279	257	
278	294	260	293	257	283	253	
296	268	272	291	269	267	279	
272	287	289	278	274	269	254	
286	263	256	289	279	292	258	
299	292	276	290	293	258	255	
262	292	277	284	275	266	276	
256	270	284	281	296	279	259	
286	252	282	261	273	259	280	
293	269	271	288	258	285	252	
260	270	288	255	254	252	279	
253	285	268	284	281	261	278	
294	260	281	285	272	262	274	
252	254	280	270	284	274	296	
277	260	261	278	274	268	263	
254	252	255	274	292	264	282	
293	254	266	278	264	297	270	
260	290	254	277	286	257	294	
255	264	275	274	294	280	291	
283	251	289	277	276	255	256	
283	266	299	293	265	259	279	
287	276	257	252	293	292	250	
259	292	281	271	269	264	254	
286	274	273	275	291	280	270	
288	260	286	275	298	284	297	
263	256	293	286	290	296	262	
293	287	258	276	297	273	261	
266	285	283	296	253	270	264	
290	268	263	288	258	270	295	
290	270	291	269	267	253	268	
271	296	292	269	285	257	299	
253	264	256	286	284	297	257	
285	275	296	262	269	290	293	
280	278	294	250	264	262	284	
270	290	262	250	253	257	252	
340	318	300	310	349	307	305	
307	306	323	343	322	308	348	
329	311	325	330	317	319	303	
335	322	329	305	337	334	331	
308	301	346	340	329	330	341	
324	319	344	315	340	343	331	
314	317	329	331	326	342	312	
306	331	313	347	304	321	349	
311	320	343	319	318	349	327	
303	347	304	334	307	317	318	
336	319	311	326	339	335	349	
315	325	302	310	313	317	311	
313	328	338	305	314	309	321	
335	320	341	327	307	306	339	
304	300	329	309	346	332	325	
345	301	304	319	339	336	324	
330	337	348	349	312	341	307	
313	338	348	324	341	323	325	
314	336	324	322	335	337	316	
339	337	346	334	349	314	326	
321	318	331	330	346	342	311	
318	349	302	345	348	331	323	
315	345	335	304	329	318	348	
311	306	327	336	338	322	335	
348	325	305	318	302	334	309	
303	313	340	331	310	314	322	
345	333	328	303	311	335	348	
316	326	313	343	320	322	323	
337	338	325	318	322	345	326	
331	323	349	332	330	348	313	
341	307	311	302	331	340	301	
334	347	321	319	320	327	339	
349	317	332	300	327	329	312	
330	317	325	321	348	326	314	
349	339	329	302	330	317	335	
308	306	337	324	348	329	333	
307	302	306	324	341	335	318	
343	342	340	307	324	306	335	
345	329	318	302	324	323	300	
343	324	318	340	338	331	337	
324	313	310	304	312	344	348	
345	304	325	337	310	326	348	
300	321	339	349	338	314	335	
300	326	312	337	335	315	323	
318	320	342	316	341	349	313	
343	333	346	312	304	329	324	
344	336	313	343	306	326	337	
308	338	325	313	307	329	316	
330	317	338	318	342	303	326	
308	331	349	333	328	346	323	
394	363	387	353	355	360	367	
386	350	373	355	374	387	358	
391	395	399	354	352	398	383	
389	360	370	382	378	397	390	
399	354	359	369	351	386	396	
370	384	364	398	362	395	355	
375	352	386	392	377	397	355	
350	370	390	376	379	351	353	
356	394	388	376	354	390	353	
380	351	395	371	364	363	356	
375	378	372	352	380	374	397	
362	388	390	384	366	365	395	
361	372	381	353	394	369	367	
374	359	357	385	379	378	361	
383	397	354	357	356	370	386	
399	398	382	396	356	393	397	
364	353	377	397	398	372	357	
380	389	358	361	385	383	357	
399	389	359	382	374	381	360	
386	387	399	371	358	355	356	
357	365	383	386	368	378	360	
398	393	399	352	365	377	361	
351	365	387	385	370	381	388	
377	379	355	361	375	383	389	
350	398	376	358	396	385	368	
390	364	386	369	350	356	381	
386	383	393	398	354	372	381	
381	398	370	351	386	358	373	
384	365	362	379	392	386	358	
397	357	384	385	355	369	350	
359	394	363	385	396	392	395	
363	369	381	385	395	377	360	
373	372	351	380	358	355	368	
390	374	360	383	381	397	358	
374	378	367	358	398	377	380	
394	379	351	396	375	383	386	
395	384	393	387	396	355	353	
351	360	387	367	372	385	397	
373	382	397	359	395	381	360	
370	389	385	397	368	377	371	
384	393	383	399	378	373	389	
387	366	388	376	380	390	367	
362	376	378	391	394	384	386	
360	395	398	357	388	350	368	
399	353	365	371	384	382	354	
359	365	366	396	384	375	390	
387	397	391	399	357	374	389	
383	391	370	364	366	385	360	
375	398	390	394	359	364	377	
373	391	398	363	375	359	396	
401	422	436	421	431	441	442	
421	424	409	404	426	430	436	
428	445	429	422	435	447	444	
446	425	408	416	440	439	433	
412	443	426	418	421	404	415	
413	404	426	446	408	403	427	
437	443	413	419	421	430	404	
416	407	424	402	415	441	411	
449	423	428	419	430	434	440	
425	401	446	432	440	408	420	
409	403	400	410	444	425	434	
429	447	438	420	405	423	441	
420	445	419	429	446	431	434	
413	421	410	401	445	449	438	
431	433	405	400	428	417	441	
407	409	437	416	402	439	440	
431	427	443	420	440	434	413	
427	448	410	406	418	435	415	
419	430	422	442	437	401	438	
405	445	447	407	408	423	425	
421	442	402	422	447	412	418	
437	449	426	429	416	414	407	
418	444	406	446	421	408	447	
414	436	429	424	430	442	426	
420	430	439	414	442	403	404	
445	447	449	439	418	415	428	
442	441	449	401	411	440	424	
417	401	419	408	443	423	411	
439	434	416	425	423	422	442	
403	443	420	426	427	404	417	
427	416	429	402	419	401	410	
443	411	445	415	432	446	417	
429	432	407	409	441	440	421	
427	402	443	407	409	449	429	
409	421	415	408	405	432	434	
445	413	447	404	438	420	437	
438	430	419	439	417	410	447	
440	414	434	428	426	438	413	
438	409	440	425	415	429	433	
440	400	442	431	410	417	439	
416	433	447	430	406	439	419	
428	408	443	417	405	418	444	
408	409	433	438	441	434	442	
432	408	413	405	412	415	439	
402	442	400	430	426	434	437	
426	435	411	408	418	427	405	
427	448	435	413	438	431	407	
433	405	426	421	418	417	420	
445	411	420	449	424	415	402	
444	422	402	418	411	433	400	
454	495	458	491	482	493	457	
494	463	456	477	481	464	466	
495	477	464	484	465	459	460	
468	467	497	493	455	460	469	
466	476	487	475	490	472	494	
494	499	487	476	479	451	493	
479	457	487	491	490	473	477	
495	479	461	487	457	477	474	
469	466	458	460	493	484	492	
451	474	482	497	464	466	452	
462	478	456	471	451	484	452	
488	497	487	463	495	470	471	
460	480	483	496	456	454	453	
498	464	474	472	480	494	459	
460	457	482	473	451	454	472	
481	478	485	484	471	455	458	
463	451	499	466	456	477	461	
484	488	453	491	475	451	454	
492	477	462	466	455	450	497	
499	466	450	489	456	451	463	
472	460	497	469	485	493	489	
459	456	476	477	454	455	487	
453	475	485	463	451	491	490	
451	472	493	456	480	469	450	
470	489	469	451	479	483	493	
456	466	473	465	479	452	461	
453	493	489	454	473	475	472	
462	458	453	484	470	489	494	
495	456	465	452	498	493	490	
495	479	487	481	452	483	493	
480	489	499	472	468	495	456	
470	469	476	452	493	492	468	
462	491	459	473	490	484	481	
472	458	463	468	451	453	473	
453	450	486	452	459	454	478	
450	451	453	490	498	497	464	
464	453	482	452	477	488	486	
496	451	461	471	495	458	486	
490	485	482	474	470	455	484	
494	484	461	466	472	460	469	
491	455	456	454	461	450	453	
469	479	496	499	454	471	474	
460	478	497	480	450	477	485	
451	455	485	489	459	496	479	
473	468	450	464	485	472	462	
455	467	481	468	497	479	462	
474	451	467	491	482	480	481	
468	462	489	453	495	482	496	
499	479	497	460	463	489	496	
465	458	484	451	483	462	475	
25	46	30	38	37	45	29	49	
2	10	16	12	47	25	44	49	
43	38	32	7	12	15	33	17	
37	7	39	27	26	2	45	28	
10	22	16	24	41	29	1	17	
21	20	4	11	8	42	5	43	
8	18	2	33	49	9	3	13	
40	1	3	22	33	17	19	7	
22	24	37	48	46	10	7	27	
44	46	27	48	18	45	0	35	
5	22	8	16	49	36	41	43	
47	37	28	20	15	30	38	49	
13	46	11	44	28	30	41	6	
48	8	2	24	31	43	30	41	
49	12	32	34	14	48	46	47	
5	39	32	24	6	47	7	34	
27	24	14	4	20	28	38	33	
27	30	40	38	46	19	48	11	
43	8	3	26	22	47	24	30	
33	23	14	8	7	24	40	20	
3	23	21	8	20	43	37	5	
10	21	8	25	35	30	44	13	
25	34	43	33	18	48	9	46	
15	25	36	41	33	47	38	40	
46	38	0	36	8	9	18	1	
42	13	21	20	22	9	48	5	
45	33	16	20	28	11	41	12	
31	32	8	27	10	40	45	42	
25	8	47	31	27	14	18	9	
27	3	15	12	48	13	49	7	
41	28	5	30	16	46	3	49	
5	12	7	19	17	37	21	26	
42	15	41	31	8	45	49	38	
21	34	41	48	46	35	25	8	
24	45	31	22	30	8	44	49	
32	0	6	12	25	44	20	43	
36	32	14	43	8	17	4	48	
43	25	29	42	17	9	28	12	
13	12	9	36	8	39	44	11	
48	30	22	13	3	42	43	41	
11	39	31	23	1	19	42	28	
19	8	25	39	35	18	2	10	
9	37	44	31	49	43	18	41	
19	46	47	18	0	22	6	8	
48	6	22	26	13	2	12	21	
24	9	1	39	40	13	48	46	
28	5	20	21	38	11	14	17	
29	46	44	19	11	0	38	17	
18	47	8	24	31	7	40	32	
39	15	0	34	8	6	27	28	
97	68	93	63	52	55	82	51	
92	87	53	69	65	60	79	72	
73	98	52	58	65	79	76	80	
96	77	66	79	73	76	94	63	
80	77	68	86	91	74	70	97	
54	88	71	53	62	67	78	93	
92	77	98	95	94	88	79	63	
76	82	68	97	95	92	73	56	
70	85	93	94	66	90	80	68	
70	57	76	81	87	61	73	96	
54	87	50	74	86	61	92	59	
96	64	71	79	75	66	68	84	
60	59	56	57	74	68	96	75	
64	88	84	87	71	54	67	94	
94	78	89	91	55	65	71	86	
94	82	53	87	74	91	99	75	
60	52	56	61	64	62	74	95	
75	82	69	64	87	71	95	77	
97	79	81	98	82	54	55	75	
97	81	75	80	53	91	89	95	
93	90	96	85	91	61	86	59	
95	83	94	88	93	58	72	64	
60	96	82	51	80	88	71	78	
78	75	76	70	99	80	93	57	
57	71	97	67	82	95	78	52	
64	90	76	66	93	62	68	74	
54	62	96	90	73	89	68	99	
81	86	80	83	92	85	78	64	
50	62	82	85	95	81	80	78	
73	88	52	69	60	68	94	82	
61	93	82	66	50	64	83	97	
75	58	95	94	63	70	96	61	
88	72	96	73	71	52	87	66	
50	88	69	90	83	77	63	95	
76	71	81	64	97	92	63	60	
84	62	70	85	78	63	57	75	
86	74	76	93	89	91	59	79	
62	78	76	56	50	87	97	81	
69	98	79	51	65	85	72	75	
56	95	82	61	94	76	59	96	
92	87	61	73	58	67	60	97	
56	74	98	72	88	78	66	92	
99	93	78	88	62	55	81	59	
93	94	97	73	54	65	63	59	
61	89	72	63	53	93	96	87	
89	65	63	93	91	98	96	71	
70	74	51	62	59	85	53	88	
89	92	85	78	56	62	69	57	
62	81	84	54	51	99	67	58	
80	74	77	85	76	64	83	84	
123	108	117	125	109	142	131	129	
126	145	124	142	149	143	107	113	
143	131	110	104	120	102	136	123	
146	128	141	147	129	119	115	113	
100	147	133	120	126	144	107	104	
139	144	111	143	147	100	115	117	
113	148	103	146	130	119	138	114	
140	125	115	119	141	116	147	124	
104	109	128	123	117	100	113	110	
106	125	130	104	110	129	114	142	
113	136	102	145	140	119	130	117	
106	122	120	141	145	136	103	102	
147	130	114	115	104	109	132	131	
139	115	128	138	122	107	118	140	
100	133	149	144	101	108	138	137	
119	121	127	118	140	134	128	133	
102	141	149	100	134	112	137	110	
110	106	141	149	137	125	119	140	
127	116	117	101	110	149	118	103	
115	135	129	125	109	108	102	111	
109	145	115	146	110	114	126	133	
111	143	130	125	131	132	113	105	
105	121	128	113	146	103	117	122	
118	101	103	114	116	125	146	123	
138	141	120	146	140	128	108	115	
112	134	119	136	118	103	111	139	
112	106	117	145	142	135	141	121	
143	149	123	113	108	145	104	128	
102	109	132	137	128	114	140	129	
135	102	111	103	100	110	140	133	
134	128	102	123	109	142	135	118	
112	137	131	136	135	100	144	101	
148	106	129	100	139	118	114	109	
107	137	142	140	147	127	115	121	
146	119	108	118	140	127	124	149	
125	117	141	139	144	121	147	107	
127	126	130	109	113	148	105	101	
111	115	122	104	124	109	143	132	
115	103	141	147	131	123	111	102	
112	124	144	125	108	131	114	134	
113	141	136	100	123	106	126	118	
140	101	108	105	111	136	127	106	
119	137	134	128	117	102	122	142	
130	103	131	132	112	135	110	139	
122	120	119	140	144	110	108	145	
122	136	115	117	106	139	135	132	
105	133	134	135	149	109	126	140	
120	146	121	117	129	128	122	107	
107	140	101	110	109	145	135	123	
135	102	129	113	109	114	101	105	
184	157	154	195	175	173	199	176	
180	165	164	161	168	198	192	185	
186	179	188	178	160	164	150	172	
157	162	166	167	152	160	190	163	
171	196	175	174	163	180	192	176	
169	158	174	189	183	150	152	157	
165	170	153	166	151	154	187	175	
170	150	155	164	187	183	154	197	
178	187	168	197	163	165	167	199	
192	178	183	174	177	176	152	169	
155	191	165	169	152	157	158	176	
175	153	174	180	192	176	169	161	
190	196	172	185	170	159	165	181	
195	191	190	157	161	172	155	154	
183	185	176	177	191	150	179	156	
150	164	166	171	196	156	155	168	
158	185	191	171	179	152	170	161	
160	195	167	198	151	157	175	159	
186	180	185	156	174	158	166	162	
162	188	190	171	155	195	159	152	
185	198	162	154	152	160	197	183	
188	187	150	198	160	195	193	171	
195	183	168	193	190	197	184	192	
155	198	187	174	165	151	183	192	
172	155	164	171	151	185	150	178	
160	150	171	167	175	195	179	168	
178	175	179	184	171	152	165	167	
157	164	167	173	187	192	182	158	
172	180	163	161	165	157	187	162	
150	180	153	187	199	197	170	159	
157	163	171	155	177	176	158	180	
187	183	196	161	167	169	156	153	
193	176	151	171	197	194	154	150	
154	157	170	168	164	193	180	184	
170	184	192	175	186	187	153	178	
150	157	164	174	177	156	188	168	
160	165	176	187	177	198	175	167	
164	192	199	186	171	160	168	155	
174	197	150	172	151	166	183	191	
173	182	193	186	167	183	165	197	
163	153	167	159	198	191	183	194	
192	183	154	194	150	190	185	184	
166	169	154	197	192	157	164	177	
175	173	165	195	150	189	158	181	
169	153	168	197	183	194	184	172	
172	167	182	159	187	179	194	176	
169	187	197	163	155	181	173	166	
198	189	177	183	174	173	169	175	
193	171	161	165	198	155	188	156	
171	184	175	162	163	182	155	198	
240	214	213	217	248	210	241	204	
239	217	247	215	204	237	236	213	
206	214	238	222	207	232	216	210	
221	220	208	219	237	240	202	215	
200	221	235	230	249	227	234	205	
200	214	219	226	205	202	210	232	
248	236	206	247	211	200	245	229	
224	238	230	210	217	212	215	226	
213	204	223	224	246	205	242	226	
217	201	216	241	223	232	226	236	
233	243	244	202	209	210	212	208	
207	203	237	235	215	217	226	209	
206	215	238	247	201	223	249	245	
203	246	238	248	245	247	209	235	
238	218	231	227	209	206	226	217	
244	232	241	243	222	234	218	200	
210	206	215	204	231	213	223	205	
225	210	205	238	240	219	221	234	
231	216	211	212	248	226	203	229	
234	235	232	223	215	229	213	217	
224	232	248	238	201	249	231	222	
245	248	234	243	209	211	233	232	
211	247	218	225	242	241	209	249	
224	220	241	226	201	234	233	246	
220	208	234	218	201	240	249	242	
234	231	249	225	213	221	228	207	
234	249	222	210	211	204	218	240	
213	242	217	211	208	249	245	206	
213	234	220	200	236	226	232	202	
217	214	242	230	213	215	236	203	
245	220	211	204	218	203	233	210	
218	220	228	236	210	203	205	214	
228	208	222	237	211	218	210	230	
238	205	217	211	215	234	200	241	
210	205	208	217	215	237	204	229	
244	230	201	218	217	200	213	236	
200	220	238	201	225	212	239	241	
241	239	247	205	216	235	203	217	
203	223	215	243	247	213	245	241	
217	242	207	225	248	219	240	234	
229	232	233	222	215	213	235	243	
221	241	233	209	214	222	248	247	
230	243	225	245	239	247	246	203	
203	211	209	231	210	239	243	233	
201	210	221	236	237	216	238	229	
226	221	235	238	245	210	203	242	
217	200	210	201	241	211	228	238	
215	244	241	210	237	203	205	231	
236	230	210	218	215	231	229	220	
239	243	246	237	218	202	208	203	
254	274	299	268	275	265	284	278	
284	253	281	267	254	285	287	296	
291	257	297	274	279	295	298	277	
294	250	271	278	291	285	269	258	
297	291	281	273	260	269	252	279	
290	289	298	293	279	299	285	266	
258	265	261	295	262	250	257	276	
291	298	287	268	267	256	257	251	
276	291	259	283	288	260	268	262	
294	250	255	252	261	283	253	298	
269	280	292	271	297	277	258	267	
259	257	262	264	268	254	270	296	
267	290	268	293	251	250	296	291	
255	296	264	271	288	263	285	295	
297	284	274	267	257	278	263	258	
273	294	278	284	299	292	262	276	
295	287	276	257	274	277	293	254	
294	271	293	267	278	284	298	288	
252	294	273	268	274	259	299	260	
277	261	279	273	291	284	256	253	
286	298	281	263	261	299	283	265	
285	272	292	296	253	284	287	270	
285	267	284	259	276	262	283	268	
299	252	257	271	289	277	284	268	
283	251	292	284	266	259	271	252	
283	267	266	280	260	299	277	270	
265	273	278	276	292	289	264	270	
282	296	290	266	252	292	271	287	
288	296	263	268	280	254	272	252	
274	297	263	262	277	260	257	253	
266	289	269	283	271	296	259	284	
291	270	264	283	256	261	274	268	
252	295	250	253	263	278	296	269	
259	299	271	272	264	252	293	275	
283	275	269	286	292	254	278	291	
284	269	266	296	276	298	256	292	
255	279	261	291	258	269	285	278	
280	250	261	251	269	297	295	266	
253	268	274	299	255	260	280	264	
284	256	281	253	299	261	278	251	
261	250	263	299	282	257	255	296	
294	291	250	298	264	253	255	260	
281	298	273	258	275	251	270	252	
261	283	258	276	253	250	287	275	
256	285	299	263	278	261	276	298	
297	253	282	280	298	274	294	268	
266	261	254	282	292	267	262	291	
272	293	268	284	295	298	252	290	
264	274	299	279	259	294	282	297	
254	271	292	260	283	274	264	276	
314	335	305	334	309	329	337	327	
303	319	332	325	316	315	330	331	
328	331	347	316	329	326	301	336	
322	346	302	309	321	312	330	305	
319	302	314	309	332	347	331	343	
329	312	307	300	332	335	322	315	
329	323	324	319	339	343	307	327	
322	313	339	346	312	331	303	334	
322	323	339	326	318	301	304	340	
310	345	306	332	312	325	309	339	
326	315	335	340	348	338	329	337	
339	331	324	318	300	307	346	338	
301	308	306	348	347	339	319	328	
316	339	306	330	333	329	305	301	
309	316	337	344	334	304	321	311	
316	325	342	335	314	328	321	315	
348	306	334	323	330	332	342	308	
321	347	326	339	338	323	302	316	
326	348	315	334	320	328	323	347	
348	334	319	308	321	304	338	337	
312	331	308	319	304	326	344	320	
336	345	322	317	314	315	312	330	
349	331	345	347	310	315	307	338	
303	345	305	330	321	336	335	347	
339	327	331	325	333	319	341	337	
302	311	339	320	322	323	349	335	
303	302	321	324	311	341	319	337	
329	320	323	332	331	310	348	347	
302	328	305	316	323	341	322	345	
309	303	347	349	322	335	314	348	
301	322	311	303	337	300	324	334	
322	315	319	313	339	329	326	302	
308	314	344	328	335	317	312	345	
347	339	309	327	326	319	343	342	
329	345	343	331	333	346	311	305	
345	323	348	324	347	317	308	320	
347	323	349	339	305	316	314	320	
313	331	304	345	321	346	348	323	
300	308	331	307	313	304	311	329	
334	307	347	326	340	338	304	327	
310	333	342	304	306	339	335	303	
314	306	319	339	302	304	310	347	
330	305	312	336	322	302	303	332	
314	320	337	326	325	301	340	330	
314	335	308	333	346	307	340	309	
349	328	341	325	322	316	334	344	
303	312	341	305	332	325	302	330	
333	336	318	340	304	331	315	313	
326	300	321	318	322	307	340	313	
337	343	315	328	346	348	308	306	
362	397	368	387	382	374	352	358	
360	359	379	375	391	378	372	362	
366	391	371	384	367	382	360	364	
377	351	389	388	371	350	399	360	
357	381	391	362	361	358	373	398	
391	390	397	357	382	387	375	396	
373	360	389	383	397	362	355	372	
372	396	357	377	355	390	368	370	
379	391	396	388	359	375	382	368	
392	389	394	355	363	374	367	385	
350	362	355	353	376	372	379	391	
354	386	353	351	392	395	372	374	
382	386	352	370	385	397	376	393	
382	399	398	395	375	389	378	380	
364	351	376	399	387	353	363	380	
384	358	398	393	369	372	354	360	
375	369	357	353	352	392	388	382	
370	364	355	392	385	395	376	382	
395	371	363	385	379	396	387	390	
390	391	355	366	350	386	359	393	
360	363	382	350	357	366	384	376	
374	399	394	397	398	395	352	371	
397	371	383	385	389	368	367	360	
395	359	388	381	396	366	373	380	
388	357	350	396	378	353	368	377	
350	369	385	356	396	395	376	378	
376	362	365	367	358	394	351	374	
394	356	362	357	374	399	359	386	
360	379	393	395	352	378	358	372	
390	357	389	355	365	373	388	366	
352	366	360	355	395	369	377	367	
396	350	351	352	397	383	392	376	
383	352	377	353	393	394	375	366	
389	371	352	380	384	378	368	379	
385	390	361	366	362	352	382	374	
376	387	369	396	399	370	383	388	
393	368	373	386	399	361	392	360	
367	374	389	396	378	393	371	384	
393	365	385	395	374	350	390	392	
367	383	393	369	389	359	394	365	
397	387	357	371	358	360	365	363	
371	353	352	394	366	373	382	362	
386	356	354	376	382	383	352	374	
382	375	360	383	389	398	388	354	
351	371	396	384	379	383	377	368	
397	354	383	394	377	379	378	398	
398	353	376	394	375	389	370	363	
366	391	354	363	398	355	395	389	
369	370	393	376	367	382	384	360	
371	369	363	390	373	356	393	358	
445	424	443	442	412	448	423	434	
440	422	425	424	426	447	421	413	
404	419	410	406	411	421	429	431	
442	436	406	415	449	446	441	431	
400	415	444	405	426	419	402	403	
431	408	433	439	418	412	414	401	
416	413	410	400	415	422	445	449	
423	424	400	403	446	422	436	405	
435	403	406	410	446	424	404	432	
431	415	414	445	406	439	416	418	
403	440	414	418	424	432	413	401	
446	444	412	433	448	425	405	413	
442	413	431	447	446	448	403	424	
432	418	414	431	416	440	429	443	
402	403	441	449	432	435	426	424	
441	400	419	438	432	402	421	437	
404	437	424	433	442	400	446	413	
442	403	406	449	405	413	440	433	
403	421	422	404	412	426	448	410	
407	402	438	418	415	433	405	440	
416	427	412	432	402	406	413	417	
433	431	434	438	423	442	418	428	
413	443	448	440	434	423	449	412	
448	441	421	426	408	445	403	413	
413	432	446	404	412	423	410	403	
439	410	427	421	445	414	404	437	
406	424	425	415	416	408	423	437	
419	438	428	427	404	437	417	402	
431	400	430	434	429	422	440	415	
437	441	428	420	404	417	427	424	
418	438	423	441	420	421	404	442	
439	446	435	445	414	403	421	415	
447	445	418	408	406	407	448	420	
434	427	428	414	408	432	447	442	
439	436	420	440	422	428	410	429	
430	441	417	438	409	423	411	436	
403	436	446	415	409	419	429	447	
425	401	408	411	435	443	444	447	
442	443	412	406	431	428	435	446	
416	406	433	440	425	449	423	421	
430	425	414	449	445	431	400	438	
420	401	415	440	447	438	446	404	
439	446	447	418	401	435	416	425	
416	405	442	428	441	403	439	415	
423	418	439	441	432	427	409	445	
413	402	421	435	423	409	440	415	
435	428	443	414	416	420	442	410	
422	429	436	440	446	448	402	416	
423	445	439	405	434	402	447	414	
444	429	408	414	402	435	441	422	
463	475	491	453	497	482	461	459	
451	492	494	462	486	458	463	472	
486	497	479	474	493	457	468	451	
487	495	490	465	455	496	478	466	
483	482	455	495	480	458	497	462	
452	468	466	453	474	496	462	482	
482	456	471	455	488	459	494	458	
460	479	450	461	475	456	463	487	
495	475	453	463	486	488	490	457	
476	451	472	477	458	463	497	481	
450	482	465	480	493	487	454	466	
465	487	494	450	491	493	475	457	
494	492	465	475	485	470	472	477	
469	450	475	478	458	481	455	480	
469	477	455	461	478	484	474	470	
492	497	476	496	472	477	485	450	
466	458	453	477	459	482	478	476	
495	493	499	462	475	454	464	452	
469	467	481	454	489	466	480	457	
491	494	453	488	475	499	457	452	
474	484	493	478	465	460	467	451	
450	484	475	481	455	479	498	456	
498	464	489	496	460	493	480	472	
463	491	490	461	482	476	478	474	
490	454	464	450	484	471	453	480	
488	482	479	464	497	490	462	453	
452	464	478	465	480	487	455	467	
469	471	466	484	472	488	489	498	
455	462	476	497	498	488	456	461	
483	458	452	467	481	463	496	480	
454	487	459	485	475	466	496	456	
479	499	482	483	495	452	459	465	
451	490	492	480	460	475	459	457	
492	480	494	472	491	450	463	482	
458	493	472	466	460	464	457	469	
471	470	465	468	473	495	450	469	
470	478	487	450	451	477	472	474	
491	499	493	498	458	451	457	478	
472	460	473	450	481	497	467	451	
493	462	468	486	470	478	465	484	
480	490	496	497	467	489	453	485	
494	486	475	454	485	483	467	462	
472	493	451	473	459	480	492	468	
469	451	492	465	499	459	484	498	
462	468	452	496	487	457	451	478	
467	473	486	482	453	485	459	489	
472	489	465	491	497	468	461	464	
469	471	450	498	452	472	462	486	
472	456	495	477	479	488	466	457	
469	452	454	465	496	487	489	492	
293	361	304	
239	421	487	
469	272	311	
410	386	335	
243	469	240	
375	145	35	
383	67	446	
409	264	398	
434	393	267	
361	105	140	
297	464	233	
372	480	146	
43	36	179	
434	363	88	
448	470	493	
272	234	27	
451	401	244	
16	185	477	
196	388	99	
261	263	123	
80	25	223	
189	391	414	
3	125	432	
18	350	342	
201	114	103	
12	185	16	
437	394	111	
57	440	79	
245	233	411	
440	438	178	
182	0	267	
286	87	271	
429	248	391	
150	23	49	
1	493	3	
224	227	237	
31	392	332	
298	357	249	
169	413	285	
328	454	186	
127	191	159	
315	200	454	
280	248	106	
390	410	281	
300	314	357	
216	276	291	
220	81	463	
387	430	434	
257	415	168	
90	48	249	
47	2	267	
20	238	115	
208	318	162	
150	63	498	
488	24	198	
449	451	336	
118	140	67	
116	284	190	
445	470	74	
170	136	279	
427	419	32	
12	396	318	
419	233	171	
496	249	87	
499	246	253	
141	85	61	
202	367	115	
240	178	148	
258	406	36	
276	360	208	
497	188	114	
405	448	459	
251	238	260	
330	231	108	
263	31	411	
396	268	45	
454	150	100	
131	372	52	
152	146	69	
330	463	346	
56	38	138	
99	163	205	
451	275	431	
308	59	55	
330	258	38	
13	349	494	
274	352	442	
444	258	63	
435	284	253	
30	363	454	
301	459	387	
2	263	250	
120	170	264	
67	45	285	
428	273	132	
79	85	20	
277	298	234	
379	127	487	
253	310	476	
257	287	328	
66	9	389	85	
287	391	215	459	
24	438	309	247	
461	303	22	345	
270	293	364	425	
219	177	416	19	
236	273	178	165	
456	494	381	41	
256	345	204	126	
314	326	371	480	
356	1	84	395	
412	165	278	169	
27	369	245	462	
43	329	202	75	
496	187	426	459	
326	189	264	327	
408	402	444	332	
24	235	472	337	
460	391	332	397	
340	262	287	268	
258	38	361	310	
307	315	351	185	
422	259	451	82	
337	494	63	187	
248	29	312	134	
318	329	5	240	
430	291	102	416	
114	497	330	331	
483	371	475	247	
414	251	235	243	
468	200	180	161	
98	134	22	331	
210	487	481	292	
428	453	467	52	
214	430	149	186	
331	435	289	187	
34	383	3	275	
302	320	200	321	
406	262	342	491	
359	134	227	219	
209	440	158	66	
51	456	376	251	
457	395	362	75	
93	191	165	104	
391	277	1	211	
274	160	279	304	
343	310	58	244	
282	394	120	59	
272	65	297	494	
20	47	43	421	
355	318	293	158	
116	231	213	107	
177	407	484	257	
282	443	49	338	
273	278	8	264	
44	436	335	283	
406	451	304	362	
316	352	346	327	
96	247	339	238	
322	132	282	184	
165	497	150	490	
46	366	51	307	
406	383	304	129	
339	155	371	463	
466	116	486	306	
269	152	461	115	
115	220	323	100	
393	407	327	106	
456	424	205	24	
472	473	329	485	
356	3	140	167	
394	68	381	400	
491	257	51	18	
206	347	333	19	
404	438	78	157	
74	331	235	341	
427	455	378	337	
85	275	134	461	
391	306	236	348	
326	4	270	51	
65	381	354	82	
0	32	223	314	
158	74	160	301	
355	243	407	150	
477	466	352	66	
125	30	384	113	
425	349	106	50	
106	118	269	437	
97	264	269	168	
427	428	487	143	
198	260	175	182	
65	332	161	43	
4	157	346	13	
73	428	62	280	
425	250	193	8	
316	303	83	431	
61	121	364	164	
72	482	265	493	
178	196	81	171	
260	484	252	468	
287	30	96	12	451	
76	440	338	491	372	
455	321	447	384	125	
341	186	477	15	386	
153	460	410	201	357	
361	131	338	102	277	
386	115	138	210	76	
297	492	31	486	451	
411	163	62	64	74	
50	75	269	233	18	
312	359	254	144	451	
191	217	417	427	162	
93	160	362	196	330	
332	419	79	256	288	
451	151	260	24	401	
317	441	299	225	30	
381	29	81	449	60	
381	373	101	361	382	
19	477	346	200	57	
311	221	68	423	145	
445	42	279	182	48	
297	91	248	88	315	
449	95	494	294	394	
13	245	210	432	434	
434	366	447	444	397	
275	266	408	446	466	
272	19	485	434	178	
433	18	258	246	378	
394	98	244	470	423	
45	165	91	130	488	
415	232	441	239	244	
481	172	223	250	100	
351	10	17	111	438	
13	255	439	134	129	
376	191	261	102	200	
85	386	295	228	149	
79	496	181	263	283	
238	122	142	164	415	
184	445	335	473	218	
117	6	113	490	1	
171	381	438	36	50	
187	191	398	244	471	
163	423	425	390	422	
128	322	498	261	234	
410	495	167	449	292	
22	97	214	345	19	
396	31	198	151	386	
478	269	430	279	284	
444	308	388	147	117	
297	81	310	391	14	
23	399	144	276	373	
470	189	56	130	149	
230	8	98	300	451	
402	454	151	393	12	
322	423	270	159	337	
105	451	206	24	192	
119	310	27	458	286	
439	140	187	395	359	
247	350	387	406	132	
457	117	473	379	256	
289	47	149	29	39	
84	87	255	80	135	
266	374	362	256	303	
344	239	29	442	476	
283	410	183	424	364	
286	211	321	249	134	
299	335	78	492	340	
148	209	102	403	267	
1	468	242	299	108	
134	392	19	138	452	
306	337	187	92	288	
324	412	318	119	468	
21	2	97	464	391	
470	433	258	392	473	
410	122	385	496	103	
106	243	41	284	270	
76	35	495	392	185	
94	191	319	392	289	
344	161	334	295	93	
329	8	187	133	359	
345	325	435	427	149	
18	476	130	409	39	
250	227	352	8	462	
38	97	398	497	127	
248	168	94	262	41	
439	4	254	72	299	
397	316	308	168	85	
406	4	364	363	129	
198	56	7	61	316	
251	432	114	125	129	
294	411	254	289	140	
96	0	66	489	153	
3	268	107	403	175	
499	437	132	466	294	
147	267	310	106	155	
317	455	135	371	453	
167	335	10	31	84	
406	57	11	279	432	
149	463	26	0	343	
364	174	263	161	143	
