32	19	33	17	11	34	
5	17	8	21	15	33	
49	2	36	5	33	25	
33	27	29	23	21	10	
40	38	2	46	8	19	
43	35	10	11	45	30	
13	24	6	29	28	38	
16	23	42	39	20	24	
40	13	18	4	42	17	
21	3	38	49	20	27	
19	16	21	17	28	9	
25	14	30	24	21	42	
48	28	26	38	32	44	
42	43	17	35	30	5	
43	32	24	28	17	49	
25	29	1	47	20	35	
1	45	16	8	25	37	
2	25	49	45	36	17	
27	7	40	14	15	24	
13	34	16	10	8	41	
16	45	39	12	6	41	
40	49	44	23	21	37	
28	5	31	15	47	0	
27	4	46	12	9	20	
45	28	7	15	32	46	
6	26	0	34	36	45	
32	21	28	4	13	39	
22	8	31	2	11	1	
31	49	28	48	1	34	
18	26	9	23	17	22	
6	24	32	13	33	31	
31	41	6	3	43	33	
23	5	49	4	41	40	
33	5	26	28	31	27	
29	15	42	11	34	25	
25	1	30	36	39	29	
36	10	8	47	13	3	
35	39	40	46	42	37	
2	8	43	28	49	17	
46	21	1	35	13	14	
26	34	37	44	14	45	
40	14	33	3	4	25	
37	12	11	45	15	35	
36	21	16	35	42	44	
34	17	36	48	16	8	
37	2	1	44	6	22	
25	6	0	37	1	24	
24	15	26	40	43	13	
22	5	18	30	45	11	
36	24	39	30	38	28	
78	57	72	69	71	87	
58	52	57	80	62	70	
78	69	50	60	71	58	
84	50	82	91	75	92	
76	94	50	96	88	69	
99	74	62	63	57	90	
93	62	78	66	94	52	
76	71	97	93	96	53	
50	79	76	58	53	98	
76	65	92	53	82	85	
56	81	84	85	98	96	
97	72	60	57	50	51	
97	93	56	72	80	68	
75	61	52	60	74	64	
95	85	59	64	89	80	
71	65	77	57	86	90	
69	65	66	60	98	56	
74	83	82	91	62	79	
83	77	96	78	76	82	
65	74	76	53	66	77	
96	69	76	94	59	65	
69	66	61	64	58	73	
76	85	90	91	92	71	
52	94	59	99	68	62	
57	63	75	94	62	79	
75	71	51	78	84	68	
63	93	64	76	61	96	
82	90	79	62	93	68	
53	87	57	94	60	97	
86	62	99	87	92	72	
85	63	64	62	68	72	
66	82	72	80	68	83	
89	86	74	66	70	69	
56	65	91	74	67	75	
77	52	60	74	73	95	
93	50	60	86	88	67	
89	94	74	90	57	78	
99	67	84	52	70	91	
59	86	94	85	65	87	
71	55	67	87	84	51	
87	72	85	62	65	88	
82	57	60	52	97	64	
71	95	64	73	54	93	
92	68	55	69	83	73	
50	55	83	53	54	97	
96	59	54	76	65	99	
56	52	71	91	86	81	
82	78	77	94	57	86	
74	82	95	55	54	90	
90	74	71	75	77	53	
101	126	149	112	118	124	
118	128	104	145	148	131	
101	137	142	127	100	108	
139	101	105	117	122	147	
118	131	115	106	140	143	
146	128	136	109	103	100	
127	132	110	139	131	129	
130	116	134	123	133	143	
148	137	129	142	111	117	
110	109	125	146	144	105	
126	111	122	138	104	147	
127	130	126	144	133	106	
135	140	126	109	133	124	
134	122	109	124	105	148	
118	132	111	136	101	108	
121	132	134	111	109	116	
104	134	101	148	107	105	
135	103	143	128	130	138	
103	116	137	149	101	122	
118	142	108	135	119	133	
132	122	144	108	111	134	
101	135	136	148	114	143	
145	105	148	118	128	124	
146	104	109	131	118	101	
118	126	131	117	122	115	
100	125	141	130	138	110	
129	115	108	124	134	111	
106	124	140	135	104	110	
147	129	145	122	141	108	
101	112	104	139	129	102	
129	122	114	106	116	146	
118	107	137	100	106	111	
111	131	135	120	108	112	
105	124	108	136	130	133	
131	146	137	117	111	101	
110	149	101	130	103	136	
125	127	133	135	103	141	
104	109	133	145	126	117	
115	105	142	141	126	139	
146	115	120	105	111	104	
129	100	114	136	149	105	
102	137	101	122	127	148	
105	100	127	118	147	115	
104	115	141	124	125	112	
145	122	112	139	100	125	
123	137	118	139	134	111	
118	139	103	101	105	145	
114	141	101	140	130	122	
117	138	104	120	127	124	
115	132	117	116	141	138	
198	169	165	166	154	163	
167	164	198	162	181	196	
188	193	179	169	199	198	
187	164	160	196	161	151	
186	150	198	167	192	164	
188	199	190	161	186	150	
190	176	159	184	196	178	
153	157	198	195	150	179	
173	195	188	164	198	166	
190	167	150	185	186	170	
158	189	165	154	161	151	
156	193	155	189	164	165	
184	187	176	178	185	182	
181	163	197	151	193	171	
184	166	178	194	151	159	
174	167	181	156	195	198	
165	174	199	154	195	197	
182	171	183	186	158	163	
177	199	157	168	195	155	
160	196	191	153	186	157	
188	155	157	196	194	181	
151	197	159	164	154	156	
159	185	176	178	194	187	
166	169	189	187	173	170	
199	196	194	178	160	198	
178	175	170	189	164	198	
171	190	182	179	163	168	
172	163	176	194	173	197	
189	153	159	150	199	186	
175	193	196	191	182	197	
186	155	185	172	167	197	
173	199	151	158	160	169	
151	160	150	193	166	199	
158	191	167	173	151	187	
195	168	171	184	185	192	
180	161	154	197	156	175	
193	177	186	191	162	187	
193	163	174	178	152	167	
177	155	194	160	161	178	
185	183	169	154	199	157	
182	174	159	154	184	178	
168	163	158	194	161	197	
173	157	196	181	194	158	
185	150	195	164	152	196	
198	161	156	160	182	150	
171	168	196	177	190	167	
174	175	179	173	163	172	
183	162	186	176	180	156	
168	194	197	176	195	188	
156	155	166	185	197	165	
210	205	237	241	249	231	
219	236	214	220	232	249	
220	237	245	222	224	226	
219	235	242	220	215	247	
205	212	201	239	225	200	
211	206	210	200	234	212	
201	241	229	203	230	242	
234	219	209	218	239	229	
234	205	209	226	203	207	
249	248	202	240	239	233	
204	249	213	240	244	229	
220	217	223	239	227	207	
240	216	226	215	205	230	
239	235	208	233	222	214	
225	215	213	211	245	242	
232	227	212	239	231	201	
210	220	221	240	217	245	
220	202	241	224	235	232	
239	229	216	208	224	218	
212	229	223	242	233	244	
213	212	204	241	230	221	
202	226	247	220	234	242	
223	215	249	226	214	208	
204	243	232	215	245	226	
223	236	222	207	220	224	
241	245	248	215	213	221	
238	240	235	231	205	227	
244	201	243	236	207	222	
234	206	248	242	211	212	
237	227	228	223	215	249	
213	244	226	249	236	211	
209	201	230	214	231	228	
243	205	245	202	235	234	
228	246	245	205	247	223	
214	222	224	239	228	212	
231	206	232	216	203	227	
241	230	232	208	235	220	
201	211	238	207	214	227	
221	237	213	248	203	240	
236	228	214	224	216	207	
242	205	216	247	239	227	
241	204	224	209	239	206	
224	243	236	225	216	237	
231	219	213	248	222	226	
247	236	205	242	219	237	
227	231	239	200	207	249	
229	242	226	221	233	214	
242	238	240	223	234	216	
236	246	232	231	226	245	
248	221	237	206	246	232	
251	255	269	297	254	284	
283	286	258	281	259	293	
291	296	297	253	273	293	
299	275	267	293	285	256	
280	283	288	273	267	268	
286	281	268	273	254	280	
252	284	270	294	261	251	
287	284	266	251	276	256	
263	292	279	252	256	260	
296	275	278	270	283	295	
267	254	272	252	264	297	
250	260	275	269	276	274	
292	263	295	284	260	276	
268	265	284	287	260	255	
276	279	299	288	292	291	
278	266	281	296	269	276	
284	260	265	259	258	273	
280	285	299	294	281	264	
297	257	261	268	271	256	
271	257	279	268	288	297	
257	258	298	293	255	252	
297	266	267	259	261	274	
283	296	275	256	277	299	
285	269	273	279	254	275	
299	289	252	265	276	275	
265	290	275	252	297	291	
298	281	283	292	272	260	
271	260	265	288	252	289	
293	269	294	260	297	289	
294	299	274	297	257	264	
254	297	259	269	258	262	
277	268	275	298	284	264	
287	260	296	262	299	271	
283	270	292	294	291	278	
288	250	280	297	267	252	
258	264	267	266	282	292	
291	280	275	277	285	294	
289	279	294	280	259	263	
257	283	266	290	287	269	
286	297	260	293	251	287	
296	281	277	279	270	285	
251	255	271	280	261	257	
297	277	290	256	276	295	
253	264	274	282	250	272	
256	263	252	289	298	294	
273	276	275	291	299	253	
295	285	267	273	297	286	
282	272	264	289	298	268	
268	255	278	252	260	250	
293	251	258	279	255	267	
319	340	345	308	339	335	
327	304	315	316	344	307	
336	344	304	346	334	306	
329	320	314	319	333	336	
327	314	337	312	324	331	
304	328	344	308	323	310	
347	319	331	328	341	312	
322	327	315	343	305	334	
328	304	342	337	311	343	
306	326	314	317	318	309	
306	324	315	326	304	314	
302	305	313	321	322	317	
330	302	309	308	339	323	
349	315	318	311	337	329	
320	330	311	347	345	308	
337	336	313	321	340	333	
345	320	326	349	305	336	
331	348	324	303	321	313	
304	329	336	320	348	346	
346	331	310	325	309	306	
308	335	348	336	318	311	
334	302	346	322	300	345	
317	303	314	348	316	332	
319	340	346	345	308	349	
331	340	317	334	307	314	
310	343	309	308	345	344	
336	338	335	327	326	303	
338	305	329	332	323	341	
337	346	308	312	310	330	
312	309	344	307	313	300	
329	322	334	327	339	348	
343	344	349	321	302	332	
313	328	309	311	335	319	
310	328	319	307	311	320	
316	342	348	339	319	328	
346	300	344	348	325	304	
335	330	308	326	340	318	
317	347	311	310	333	334	
306	322	324	349	346	312	
301	304	331	313	319	322	
345	314	304	349	308	309	
338	326	313	322	327	331	
331	312	306	318	349	334	
334	315	304	324	342	333	
328	330	324	344	321	343	
313	339	309	320	300	304	
339	343	346	338	325	308	
316	312	345	329	339	337	
346	318	322	300	315	331	
344	328	325	349	338	345	
370	396	360	392	358	355	
392	369	368	373	376	399	
356	380	370	395	368	385	
379	393	356	364	386	366	
374	369	399	352	367	371	
366	371	381	395	350	383	
359	364	365	378	370	387	
366	387	388	373	363	377	
396	361	351	358	366	378	
390	358	379	388	393	353	
388	380	374	369	371	381	
396	358	387	357	372	376	
355	353	399	362	397	371	
360	378	361	383	356	384	
384	366	382	368	378	377	
361	364	358	399	395	350	
399	384	355	390	396	398	
389	375	358	385	363	359	
379	384	366	364	390	357	
389	354	388	356	370	385	
382	389	380	355	353	369	
394	368	387	351	379	389	
383	371	366	386	357	354	
365	374	362	377	375	384	
375	385	371	386	372	359	
350	398	394	376	357	369	
358	356	390	383	389	399	
357	386	370	397	377	351	
398	399	360	378	388	363	
379	364	386	383	384	399	
363	367	398	366	395	388	
381	351	389	366	364	398	
391	377	395	382	359	352	
362	377	369	354	397	378	
376	366	398	363	381	391	
363	386	352	377	394	383	
363	365	383	385	387	384	
378	386	355	374	354	389	
398	380	364	354	392	361	
397	376	354	383	399	374	
350	397	366	376	398	389	
394	370	354	379	390	361	
373	379	391	357	358	390	
387	368	391	360	376	398	
366	376	358	395	384	356	
369	376	375	397	365	396	
384	376	386	365	389	388	
374	387	369	351	373	392	
361	360	355	386	353	363	
379	384	389	363	356	364	
440	400	436	441	408	403	
427	436	441	438	402	449	
423	439	403	420	430	441	
403	443	410	447	434	406	
407	425	437	431	413	430	
406	435	408	420	418	429	
423	442	411	416	414	405	
444	440	418	417	424	436	
425	424	418	427	414	410	
418	424	408	436	406	409	
419	409	425	414	406	440	
430	408	443	434	421	402	
436	423	402	437	439	430	
416	412	417	423	429	424	
441	420	408	419	407	403	
404	429	448	411	440	435	
428	436	445	409	431	410	
446	417	402	449	415	412	
423	435	413	440	401	400	
404	411	408	401	449	443	
426	418	405	421	434	411	
426	446	416	401	421	433	
440	407	400	416	434	431	
448	401	419	402	447	435	
412	408	421	439	442	437	
420	401	400	421	407	427	
432	402	416	418	419	438	
421	404	410	412	427	403	
426	402	404	439	417	448	
425	430	403	424	416	440	
440	412	439	415	443	411	
411	405	430	413	421	417	
441	430	447	448	404	427	
446	407	416	429	420	449	
418	438	431	433	417	437	
438	423	401	429	428	443	
441	433	415	448	420	443	
430	425	401	436	438	408	
400	431	441	403	427	424	
442	423	421	447	409	424	
448	402	436	449	422	411	
421	441	438	427	446	410	
419	435	421	429	431	416	
430	433	409	431	439	442	
448	419	432	407	405	420	
419	402	400	438	440	445	
436	449	441	442	434	403	
436	449	406	433	418	411	
446	415	447	405	410	434	
442	433	414	448	415	411	
462	490	470	471	491	485	
474	478	490	455	483	487	
455	454	489	498	469	482	
495	465	475	466	479	474	
462	486	485	450	483	454	
471	480	466	472	465	450	
463	495	475	490	465	482	
455	454	491	453	486	464	
467	490	472	493	458	497	
458	450	476	487	478	483	
462	472	488	450	452	485	
469	468	497	482	493	458	
457	483	466	464	479	482	
475	478	460	452	492	489	
467	496	492	485	488	495	
485	496	489	464	497	475	
476	467	468	453	491	486	
495	487	462	457	469	455	
451	494	459	492	485	464	
480	451	482	487	456	471	
471	480	469	499	487	468	
455	488	463	452	459	482	
474	451	479	457	478	477	
460	451	452	489	494	496	
460	477	499	469	457	498	
453	493	486	499	457	471	
497	475	470	486	485	457	
472	486	450	462	481	474	
489	451	484	482	471	475	
466	495	472	474	487	491	
467	494	498	490	472	492	
467	485	478	454	459	497	
464	491	451	478	465	469	
496	462	465	456	459	485	
495	457	496	464	497	479	
486	498	451	450	456	493	
497	490	467	454	491	453	
491	468	464	494	474	481	
484	479	483	452	465	461	
450	457	493	471	489	456	
466	476	474	481	471	472	
481	491	462	451	471	453	
497	496	466	499	450	473	
482	451	484	470	466	454	
450	480	468	453	465	458	
483	473	482	465	481	484	
466	479	474	477	455	465	
476	457	464	489	470	477	
482	475	473	460	477	491	
470	477	486	467	480	469	
33	1	7	9	11	31	19	
42	5	12	36	19	11	48	
28	27	31	13	39	48	34	
44	41	21	6	36	34	42	
4	28	17	34	5	40	26	
46	34	16	18	41	27	1	
1	33	28	45	44	41	9	
49	29	43	2	1	37	5	
35	15	4	27	5	42	13	
24	23	1	30	0	42	17	
49	0	17	21	27	22	29	
2	27	44	23	46	41	22	
36	37	19	0	1	48	47	
22	28	4	30	17	2	15	
20	37	45	43	29	17	18	
27	3	7	4	23	35	11	
9	32	1	28	17	26	36	
32	21	34	41	35	11	13	
44	18	6	20	33	21	1	
3	6	10	12	29	21	11	
29	25	24	8	13	20	28	
5	22	47	38	0	16	3	
20	37	44	38	16	28	4	
0	35	8	27	47	22	36	
34	0	6	9	42	38	35	
30	39	3	19	47	25	41	
2	40	48	23	38	19	4	
27	3	45	10	37	43	39	
7	8	33	39	31	34	41	
15	24	20	25	28	35	27	
26	21	15	18	40	19	28	
34	6	49	31	20	21	40	
13	33	19	36	2	28	38	
29	32	14	1	34	42	28	
17	0	5	48	41	39	28	
4	14	41	21	29	25	37	
19	26	16	45	21	20	22	
4	31	25	42	16	29	5	
18	19	47	37	29	34	49	
23	42	9	37	24	20	34	
39	20	12	42	33	24	9	
10	28	38	12	26	17	48	
44	30	4	27	13	48	24	
10	30	2	35	48	33	25	
14	22	18	5	25	28	8	
0	19	1	7	28	2	39	
10	2	33	35	15	48	39	
35	41	31	38	8	2	30	
35	14	30	9	8	10	28	
43	35	13	23	28	42	49	
61	62	60	71	54	51	95	
95	82	72	71	70	73	76	
71	95	88	98	80	97	90	
97	77	64	86	91	99	92	
53	70	50	98	93	91	58	
51	61	52	92	75	86	97	
53	86	98	88	64	62	50	
62	92	87	52	73	97	57	
51	50	85	91	96	97	67	
79	87	83	55	88	93	86	
57	50	86	67	53	95	78	
52	68	53	87	50	97	86	
99	50	71	76	53	74	77	
60	72	66	82	76	74	53	
69	80	68	75	96	91	66	
68	74	65	87	77	66	83	
98	88	57	96	62	90	66	
76	55	71	72	50	89	66	
79	78	80	61	84	66	65	
80	64	79	62	76	69	85	
57	88	99	79	66	50	98	
77	89	67	53	70	52	69	
62	93	65	64	97	75	85	
68	87	54	92	63	64	90	
56	71	79	60	78	67	65	
73	92	54	81	82	68	65	
90	97	55	67	66	51	88	
67	99	74	68	77	81	82	
95	51	80	81	50	90	56	
80	82	58	84	71	67	75	
90	88	94	67	56	91	54	
77	90	89	78	95	85	98	
55	60	52	77	68	90	58	
81	98	72	54	74	73	67	
66	95	59	97	73	93	65	
59	78	94	55	79	63	71	
55	87	81	94	77	69	76	
60	99	63	96	69	51	59	
93	53	76	66	50	59	56	
69	85	61	86	52	58	53	
67	65	87	82	72	50	99	
92	50	82	91	84	69	74	
75	58	94	87	91	77	68	
51	87	84	59	81	86	55	
64	89	83	90	73	68	98	
78	65	82	98	56	86	57	
84	71	96	52	59	77	81	
70	83	52	57	77	93	98	
64	57	72	60	88	82	89	
95	89	96	58	80	78	59	
131	106	120	130	126	104	147	
144	125	131	117	113	116	115	
144	111	108	120	103	100	106	
146	142	103	118	136	100	102	
117	129	109	133	122	119	106	
100	115	127	148	125	102	107	
136	134	108	121	102	119	126	
103	102	137	125	122	117	116	
102	114	146	128	140	141	135	
123	104	133	115	113	116	144	
107	115	130	121	137	148	132	
130	144	120	141	108	101	136	
130	100	123	101	131	102	121	
115	133	127	139	112	131	109	
135	140	104	136	109	132	108	
147	148	135	136	107	106	129	
128	148	112	109	105	136	144	
117	109	100	124	147	139	104	
142	113	118	149	137	114	141	
116	103	104	123	147	110	141	
147	117	124	121	112	149	116	
142	124	141	103	144	146	130	
126	110	134	124	135	137	138	
130	145	118	117	148	146	135	
130	110	139	136	142	102	146	
110	120	105	121	127	119	133	
128	141	108	118	102	127	122	
128	144	135	107	103	101	127	
102	140	120	101	138	106	126	
139	108	127	143	142	133	100	
117	141	125	132	101	146	147	
133	103	106	110	112	109	140	
103	112	107	149	134	117	130	
134	131	146	108	118	115	122	
112	120	102	125	146	142	143	
126	139	135	140	122	106	113	
146	116	114	148	137	108	101	
103	145	135	120	102	117	108	
117	128	109	132	111	147	116	
130	127	123	107	102	139	122	
124	139	128	122	116	120	107	
143	111	134	100	138	140	126	
134	111	136	123	129	110	119	
139	124	135	108	113	118	103	
130	145	119	126	138	108	105	
138	134	128	148	121	136	139	
146	140	147	130	114	139	121	
120	145	119	110	113	147	103	
124	139	149	126	147	101	113	
129	126	117	131	102	137	122	
168	185	189	183	159	198	175	
183	197	195	155	161	174	160	
168	189	159	177	188	195	174	
196	187	162	151	191	188	195	
178	152	179	160	197	163	157	
195	180	167	192	179	186	174	
195	157	168	153	197	161	158	
184	168	191	185	197	173	187	
181	190	163	189	160	198	194	
164	178	179	188	195	153	160	
153	163	150	174	176	172	182	
191	197	175	161	150	188	194	
165	174	182	178	154	153	192	
183	157	161	162	190	168	167	
175	176	192	163	199	183	184	
151	156	171	187	181	199	192	
185	175	159	188	173	181	150	
164	176	173	198	165	189	181	
199	189	187	161	153	197	164	
177	160	185	165	188	193	161	
154	167	190	175	159	164	160	
186	195	163	156	176	174	180	
154	158	195	192	182	176	165	
166	194	161	168	197	172	195	
152	154	168	164	174	191	163	
175	172	182	198	190	185	166	
197	161	160	185	159	199	166	
162	177	185	151	152	160	189	
160	186	180	176	167	179	151	
162	184	196	153	168	155	197	
151	181	169	196	194	167	197	
179	169	153	185	159	167	155	
192	195	159	193	161	190	177	
156	161	197	171	160	150	183	
178	166	167	193	192	152	183	
180	194	187	162	179	165	183	
182	177	157	192	185	172	154	
184	182	161	179	172	158	159	
181	193	199	161	191	158	168	
182	187	191	160	161	186	170	
190	196	197	186	155	181	168	
188	191	160	178	162	176	152	
156	169	190	154	199	188	183	
167	162	166	168	181	198	165	
179	159	188	177	166	172	158	
172	158	167	193	180	192	150	
179	169	151	191	167	163	186	
177	190	158	168	189	183	191	
171	174	155	191	181	177	184	
181	171	186	159	158	154	188	
225	201	233	232	240	203	228	
217	219	231	248	225	242	211	
212	231	209	230	245	233	218	
212	207	219	247	220	210	231	
233	234	240	227	223	242	205	
234	236	248	204	229	238	207	
218	247	244	237	232	222	204	
223	230	217	238	244	204	202	
239	224	204	228	208	237	242	
236	248	215	222	232	240	247	
243	217	213	223	228	248	230	
241	240	242	215	225	208	211	
201	209	206	234	247	242	229	
225	227	246	214	236	224	247	
238	233	235	203	204	211	219	
231	202	211	218	226	205	214	
236	245	208	206	207	205	204	
230	218	217	205	232	244	228	
244	224	215	202	239	210	232	
208	247	205	204	224	234	249	
248	244	202	200	249	215	206	
219	249	226	239	246	213	247	
228	241	240	212	231	220	238	
209	229	240	202	242	207	245	
248	207	232	212	241	238	202	
233	204	237	214	202	231	219	
221	249	207	230	244	231	223	
241	242	204	209	233	221	245	
207	219	221	244	225	227	232	
242	248	226	216	227	223	240	
216	222	240	242	219	232	215	
204	220	224	223	238	201	235	
220	240	201	242	207	212	230	
234	209	243	213	233	236	220	
249	237	219	220	245	232	229	
213	206	222	204	208	249	248	
228	244	243	203	237	245	207	
226	208	224	221	237	238	220	
230	234	202	204	244	217	248	
206	223	211	216	224	208	204	
213	248	238	200	226	214	225	
246	244	237	249	223	204	211	
238	222	221	237	205	224	214	
237	211	223	239	213	218	243	
213	241	223	242	230	239	237	
206	245	209	225	204	248	235	
200	222	237	212	229	221	202	
214	208	211	230	245	247	243	
206	207	222	239	244	224	231	
217	227	218	210	230	244	231	
281	298	279	284	263	288	264	
268	274	259	290	250	280	269	
279	274	252	270	281	278	268	
279	283	291	272	254	295	278	
262	255	289	257	264	286	295	
262	271	265	277	261	273	292	
299	287	271	276	261	286	291	
284	258	252	253	295	254	255	
274	280	265	251	275	260	277	
255	294	259	288	261	276	277	
289	266	259	297	273	265	252	
296	256	291	288	266	279	265	
256	277	283	253	276	252	274	
260	264	274	258	294	292	254	
277	286	275	282	271	294	262	
281	277	276	291	292	278	283	
274	265	263	273	266	275	291	
263	257	296	275	272	250	260	
256	279	265	251	292	261	250	
250	295	268	291	287	263	294	
284	293	250	267	288	296	264	
295	287	261	275	284	272	268	
268	259	255	272	262	288	293	
268	263	261	251	282	278	299	
261	283	289	282	263	270	288	
265	250	274	277	292	266	261	
296	287	258	251	291	293	263	
269	264	263	286	277	297	283	
295	250	253	273	275	288	297	
292	284	294	254	266	260	274	
267	258	268	281	284	282	286	
299	277	265	289	275	267	290	
286	280	287	257	255	260	299	
268	282	250	284	295	255	261	
266	278	281	259	294	261	252	
279	269	273	293	250	271	283	
278	259	293	250	277	282	289	
282	273	263	265	250	259	264	
286	297	281	292	291	266	284	
261	297	252	278	260	279	262	
270	291	296	275	284	261	282	
266	296	271	251	295	274	281	
262	278	293	291	292	269	273	
285	257	260	281	266	277	272	
262	283	264	275	282	277	252	
265	272	284	299	276	296	260	
299	285	290	258	294	291	297	
277	283	284	252	272	261	259	
271	286	263	295	252	253	288	
255	259	264	273	295	285	269	
319	348	344	339	306	334	305	
317	338	302	332	325	331	348	
342	308	341	339	340	327	328	
304	301	344	303	323	316	333	
326	332	306	305	314	345	302	
347	339	318	305	331	330	321	
338	322	315	345	317	324	321	
307	316	346	344	302	321	330	
322	303	302	311	344	301	340	
337	324	328	321	343	308	307	
327	343	306	320	342	309	328	
323	309	321	311	310	313	328	
324	338	321	340	307	346	309	
310	348	322	349	328	306	314	
326	328	307	319	336	335	334	
305	309	341	310	348	340	312	
349	340	338	316	346	335	336	
326	346	322	311	321	325	308	
314	324	323	304	312	316	333	
305	328	320	330	318	321	338	
340	310	342	346	303	318	325	
332	343	346	324	304	334	347	
312	313	329	300	320	343	330	
320	321	349	318	311	334	308	
339	311	323	328	318	308	327	
303	308	310	314	339	334	333	
313	326	342	311	346	310	347	
317	339	311	322	347	325	308	
330	307	331	333	345	305	313	
329	310	336	311	308	339	319	
318	309	342	339	335	336	302	
338	303	327	302	300	348	336	
337	308	316	336	348	338	346	
316	333	348	334	338	345	326	
336	300	331	337	338	348	306	
303	324	326	305	304	334	343	
324	330	317	318	305	329	333	
348	332	324	341	302	334	322	
329	322	323	302	330	310	332	
327	315	303	322	323	312	346	
328	325	344	329	346	348	321	
306	323	300	307	332	340	330	
341	306	346	303	348	347	319	
304	336	335	341	303	320	319	
301	302	321	313	327	334	346	
319	329	338	304	347	349	333	
339	338	330	325	315	340	304	
328	341	343	303	322	333	313	
322	339	346	314	335	341	301	
330	307	306	323	316	333	313	
382	375	367	396	397	392	379	
391	369	366	398	359	351	382	
352	371	362	398	390	356	387	
361	390	350	387	369	373	365	
370	374	362	379	373	391	378	
366	351	395	350	388	394	397	
371	388	396	377	379	387	366	
388	373	378	372	369	351	383	
379	370	380	384	355	374	354	
375	352	391	365	354	363	358	
382	385	354	353	386	369	365	
364	396	372	380	381	368	375	
378	393	385	358	381	394	357	
381	352	362	353	388	356	357	
365	394	382	351	374	381	393	
364	389	376	357	372	381	362	
358	395	383	360	377	382	398	
350	383	361	395	359	391	375	
359	363	381	394	375	365	357	
371	390	352	397	360	394	367	
395	372	389	383	373	369	393	
357	363	382	376	372	388	358	
382	394	393	397	356	359	371	
369	356	377	389	375	392	366	
378	369	358	379	365	375	394	
355	369	366	393	365	362	375	
361	378	352	354	371	366	399	
351	387	397	360	391	382	392	
376	351	393	356	361	396	382	
350	368	395	388	367	366	377	
370	378	390	374	398	386	352	
385	352	390	391	350	395	398	
357	375	352	376	381	396	389	
373	381	367	357	358	393	376	
380	350	396	385	386	393	397	
365	371	388	381	374	375	380	
359	351	398	375	363	355	372	
351	387	399	391	379	352	356	
355	399	369	384	396	367	370	
376	394	379	357	378	353	354	
364	374	369	350	387	373	396	
392	366	387	370	354	389	368	
380	387	353	350	367	357	386	
362	382	369	365	385	353	394	
383	386	399	379	359	368	353	
376	354	383	388	371	363	373	
368	380	384	350	353	358	351	
360	364	380	381	375	387	373	
388	358	390	386	351	359	371	
364	365	395	386	369	381	370	
423	406	424	402	441	442	439	
428	406	420	442	448	445	434	
402	429	417	420	442	421	445	
437	419	449	441	426	411	408	
426	417	407	418	442	403	400	
404	409	428	421	406	425	422	
433	421	447	416	402	441	418	
442	424	439	417	401	405	402	
403	447	435	400	432	441	442	
424	428	408	417	423	409	412	
423	430	433	442	408	413	411	
400	449	445	441	420	412	409	
439	419	416	400	420	413	442	
403	428	409	414	411	448	407	
437	413	439	442	405	449	416	
429	439	423	426	405	418	413	
444	441	423	408	427	421	416	
414	446	415	408	403	400	427	
410	406	431	434	422	425	419	
441	436	419	411	434	425	427	
428	405	402	401	414	408	411	
400	422	436	404	413	408	430	
400	434	431	422	412	438	436	
410	430	431	443	425	427	406	
410	449	432	445	401	423	442	
410	421	442	418	427	412	411	
421	403	447	414	401	405	427	
418	415	432	422	433	425	400	
429	414	443	437	440	448	427	
427	434	414	436	413	432	405	
400	425	406	441	409	448	410	
418	404	409	435	405	402	426	
410	406	446	440	415	447	426	
417	440	421	407	403	404	413	
434	410	401	418	419	423	427	
444	425	436	401	404	442	435	
435	411	448	421	428	409	415	
448	423	435	443	415	438	429	
403	405	409	433	435	447	425	
403	425	447	408	415	402	449	
405	420	427	423	411	424	447	
413	448	409	440	435	425	410	
443	403	410	422	400	419	401	
421	401	438	426	428	420	429	
414	406	422	420	444	437	410	
438	424	414	446	423	432	411	
409	418	420	407	448	443	403	
428	447	436	404	422	435	445	
416	437	413	445	408	443	448	
418	407	406	448	443	405	432	
493	486	479	460	455	478	497	
464	491	459	492	470	454	472	
486	496	499	460	482	483	465	
467	483	469	477	485	484	497	
467	466	453	481	499	482	458	
476	474	496	483	490	460	453	
474	485	465	484	461	463	488	
468	454	461	465	477	452	493	
465	485	491	497	483	480	472	
462	466	453	492	499	452	474	
490	491	462	464	470	487	458	
476	483	466	488	487	494	465	
467	450	473	488	490	478	479	
475	471	476	492	486	456	480	
465	470	498	476	484	453	464	
478	456	450	484	469	475	474	
495	470	497	450	468	455	459	
479	465	492	496	464	483	475	
465	498	489	466	461	479	494	
491	484	459	488	482	478	480	
471	485	461	469	458	496	478	
498	474	460	452	450	481	461	
460	459	498	496	476	495	490	
473	451	484	472	463	475	456	
455	499	466	459	498	486	457	
467	460	481	488	499	457	461	
486	469	460	461	494	489	459	
463	453	450	461	472	464	455	
491	461	490	487	483	474	460	
498	450	452	482	476	495	486	
465	481	478	450	474	489	494	
484	479	454	461	491	494	483	
487	472	488	462	471	497	463	
492	498	465	490	453	495	479	
463	475	474	461	495	493	471	
487	465	469	477	473	479	461	
454	463	496	469	478	467	476	
490	484	464	481	491	477	489	
459	488	457	479	466	480	484	
461	484	478	486	480	492	462	
452	470	489	475	480	451	486	
468	485	490	463	467	491	477	
495	461	490	450	464	485	482	
458	489	459	467	479	486	462	
472	497	461	467	469	492	451	
461	498	469	493	474	467	451	
475	493	467	466	482	497	463	
451	475	478	487	494	477	457	
453	452	496	499	495	451	486	
494	478	465	480	475	460	499	
42	48	9	38	43	0	39	26	
3	38	20	36	28	35	19	25	
43	31	3	49	9	1	21	5	
23	34	38	6	19	39	27	47	
45	2	13	42	0	23	31	18	
33	21	38	32	0	45	39	44	
28	48	38	27	47	11	7	20	
12	44	39	6	20	3	0	2	
34	0	6	36	24	44	33	11	
10	23	9	29	46	12	47	41	
10	48	27	15	1	14	25	7	
38	24	25	46	16	4	5	10	
20	2	13	4	38	36	14	15	
26	45	5	6	4	40	35	17	
25	12	7	2	18	37	29	48	
4	10	15	21	8	22	17	46	
24	0	44	35	18	41	37	20	
42	27	36	37	2	0	44	45	
40	47	46	29	19	27	6	30	
11	37	23	30	36	1	27	20	
13	49	2	46	42	3	26	4	
22	25	17	9	0	32	29	34	
39	31	0	49	19	20	5	34	
31	20	22	26	41	23	33	46	
24	9	45	13	12	25	31	36	
47	3	32	30	24	25	16	45	
6	31	0	28	47	18	10	36	
33	21	45	46	20	15	16	39	
9	17	16	37	33	11	26	19	
20	39	0	21	36	19	17	27	
14	44	20	40	3	41	25	9	
43	5	35	28	39	46	37	10	
26	0	18	8	23	9	11	46	
42	17	33	35	14	40	15	37	
8	36	45	43	16	40	31	22	
16	38	19	26	12	2	23	27	
33	8	38	6	32	19	47	5	
40	3	21	7	24	9	48	1	
24	9	37	38	48	13	4	39	
0	41	34	23	37	7	4	30	
25	30	26	41	20	36	1	0	
10	5	24	38	46	48	29	18	
39	30	22	34	15	21	40	43	
30	32	49	35	20	18	36	48	
20	27	43	21	18	49	10	47	
18	3	27	25	44	21	24	47	
33	34	25	28	3	14	46	41	
0	27	36	16	40	41	37	30	
13	30	35	44	3	9	17	14	
42	23	30	21	36	49	45	0	
87	92	54	82	64	67	83	52	
98	96	60	75	61	91	85	56	
63	52	80	82	58	88	56	74	
55	61	91	77	85	73	96	75	
96	74	62	59	73	81	79	54	
94	53	89	79	58	68	55	63	
50	53	96	78	84	92	91	59	
79	95	84	92	74	56	72	61	
89	69	66	80	88	73	75	53	
98	54	93	73	97	77	96	60	
77	91	66	87	89	90	80	51	
70	89	74	84	62	97	87	54	
66	75	55	78	73	61	52	87	
84	63	74	86	94	96	82	87	
88	53	98	85	71	90	82	55	
70	57	90	95	54	79	93	92	
62	96	95	56	78	59	70	84	
60	74	66	70	93	98	94	75	
91	64	95	50	73	63	92	65	
73	60	98	80	78	79	97	75	
53	70	56	97	67	61	76	96	
83	54	82	90	67	62	72	93	
66	72	67	97	86	85	96	95	
57	56	90	65	88	54	67	55	
69	66	77	76	96	65	50	94	
87	58	69	77	91	74	68	96	
86	88	59	56	77	95	82	54	
51	84	89	79	69	60	86	94	
50	94	96	78	84	62	90	51	
52	98	60	90	93	50	85	62	
93	80	70	75	92	81	53	69	
66	74	56	95	58	67	97	57	
81	73	75	57	79	52	51	55	
84	76	93	54	97	83	51	59	
59	95	89	99	93	76	97	91	
58	59	99	82	71	57	66	76	
98	54	90	59	81	83	55	74	
89	70	83	64	52	65	95	61	
99	51	71	83	70	68	54	67	
89	54	63	64	83	51	81	93	
62	93	72	84	52	63	69	81	
60	70	80	74	91	72	69	81	
63	83	62	95	80	72	73	53	
61	81	58	94	86	67	59	66	
65	76	50	99	90	93	69	71	
59	51	63	83	68	88	60	75	
99	83	75	60	90	81	87	62	
99	69	57	76	95	84	88	54	
76	56	97	93	69	77	72	64	
71	82	57	58	66	89	64	77	
137	147	102	138	126	149	139	143	
148	121	129	117	142	131	115	116	
113	128	102	147	116	142	100	103	
117	130	141	144	118	101	106	143	
115	145	108	138	106	114	104	122	
110	106	137	108	114	144	112	147	
100	143	139	134	114	111	106	104	
142	126	112	116	108	143	109	106	
114	122	103	133	110	126	104	142	
149	129	122	136	101	134	124	144	
111	124	117	110	106	131	123	113	
123	108	148	116	131	133	105	146	
133	131	105	114	135	127	130	113	
127	107	145	134	137	106	121	128	
115	128	129	132	117	120	135	124	
124	104	105	149	100	114	145	109	
126	122	114	135	129	113	121	112	
100	109	122	118	139	114	145	124	
135	136	120	125	113	111	105	143	
142	132	101	146	124	106	148	115	
139	128	121	100	113	107	137	140	
121	132	144	100	120	126	129	105	
140	124	107	121	125	108	106	145	
108	144	106	105	110	117	100	112	
114	147	131	143	141	138	102	110	
105	147	104	103	144	108	136	134	
113	130	148	126	121	107	108	136	
101	148	141	113	145	140	114	121	
139	137	115	133	145	122	120	100	
132	111	135	102	100	147	144	149	
116	121	141	102	127	115	146	126	
104	126	106	144	135	119	113	116	
102	107	103	138	146	120	134	118	
117	131	106	107	120	145	128	149	
113	137	129	109	127	111	121	136	
103	125	136	119	149	144	106	142	
132	124	103	135	102	105	116	119	
134	105	133	142	145	120	130	110	
132	120	111	134	133	139	129	122	
122	143	100	142	140	110	127	114	
103	134	144	112	117	107	121	105	
147	102	138	100	110	106	109	101	
103	120	106	126	107	137	111	105	
126	147	121	138	144	145	100	128	
116	119	129	146	145	144	131	110	
124	136	132	120	127	147	112	146	
106	108	149	145	137	103	112	115	
110	126	120	109	127	138	118	117	
129	111	120	107	122	102	106	126	
125	101	107	120	113	117	138	111	
198	183	187	191	199	178	177	174	
155	171	177	162	196	151	170	175	
193	166	152	162	165	179	183	169	
176	166	169	186	195	184	150	191	
169	194	157	195	167	180	175	170	
192	196	153	150	175	176	159	191	
183	176	169	179	173	190	184	191	
183	190	198	181	188	152	171	156	
161	155	182	164	181	152	198	174	
165	187	155	193	154	184	177	195	
167	190	171	173	179	180	187	158	
160	154	189	168	175	197	182	157	
150	181	172	151	166	179	163	161	
199	165	159	198	174	160	156	195	
153	174	190	159	198	158	179	162	
182	170	177	195	151	174	197	166	
189	166	175	177	178	160	159	176	
195	159	197	182	165	174	164	184	
159	187	152	185	184	156	189	180	
162	193	188	186	174	197	173	159	
190	152	188	154	194	158	163	187	
192	161	190	158	172	198	153	151	
171	176	174	169	196	152	179	154	
193	174	181	159	190	185	155	164	
196	199	194	175	152	171	180	169	
173	194	190	156	182	168	189	199	
156	166	191	172	194	178	177	186	
189	180	154	156	155	170	159	158	
184	177	171	157	176	194	198	186	
177	152	198	157	197	165	179	158	
187	196	161	190	172	157	191	163	
163	196	157	159	160	153	154	183	
182	153	165	196	155	160	184	176	
168	197	196	186	185	157	165	162	
193	177	170	184	195	150	181	165	
178	161	151	173	170	157	174	190	
157	156	186	194	154	174	164	189	
182	190	199	160	193	159	191	194	
180	198	165	182	168	171	166	161	
160	187	152	178	167	168	169	184	
157	177	161	198	167	156	193	194	
179	164	161	163	165	152	187	185	
181	190	185	152	155	197	163	193	
153	195	188	183	198	172	170	166	
179	154	194	193	163	167	197	191	
154	189	150	159	152	153	173	184	
184	175	194	174	150	170	153	163	
180	177	161	174	165	158	191	183	
173	192	196	186	183	177	172	165	
191	168	178	156	161	173	183	190	
241	205	202	214	246	243	232	239	
223	239	232	205	202	247	235	228	
221	249	247	233	244	201	239	222	
243	211	214	242	202	206	240	238	
237	243	216	219	213	205	215	201	
247	236	205	229	221	237	207	227	
218	201	223	240	236	214	211	242	
238	213	206	211	247	217	208	249	
208	222	241	225	218	234	207	204	
227	244	226	245	233	218	230	223	
203	215	224	218	245	211	206	219	
210	244	226	206	204	203	211	201	
205	230	226	220	239	247	234	236	
248	218	227	244	249	200	232	213	
231	208	233	222	202	219	216	239	
226	223	240	231	219	228	246	229	
226	213	216	240	231	229	209	230	
225	224	228	208	201	206	232	244	
246	202	204	235	221	229	230	238	
242	219	218	244	216	229	246	211	
247	234	205	236	202	213	223	237	
226	216	227	240	225	223	244	206	
221	224	231	247	243	216	237	215	
204	239	240	200	227	224	223	203	
213	223	209	234	238	240	203	237	
231	200	220	213	210	246	228	219	
245	242	204	248	244	219	224	220	
234	241	233	222	225	218	201	217	
211	234	227	212	245	247	226	219	
247	209	242	214	230	232	248	219	
232	213	211	202	237	215	201	242	
205	211	235	213	209	233	217	221	
236	214	208	248	225	209	211	240	
246	226	243	222	207	232	223	218	
207	212	243	235	210	208	218	204	
240	221	235	218	200	219	217	242	
241	203	235	234	211	210	219	247	
227	206	229	241	204	240	231	214	
230	202	243	242	248	216	200	226	
220	228	219	205	217	242	235	236	
229	220	247	249	233	237	246	227	
207	216	240	241	235	206	242	237	
212	211	242	231	228	240	201	216	
236	231	247	241	248	224	215	228	
243	214	235	201	245	215	249	231	
232	205	238	225	237	243	200	226	
237	205	218	235	201	217	228	222	
213	233	221	203	237	212	247	241	
234	243	224	232	206	210	205	225	
212	225	244	202	248	226	216	234	
276	298	266	259	270	251	278	282	
289	278	291	279	258	280	263	256	
257	266	298	251	267	268	262	284	
250	287	297	270	262	268	283	289	
281	265	299	282	288	251	254	261	
282	258	253	269	298	263	260	251	
290	295	255	260	291	285	272	254	
295	262	291	286	299	269	278	275	
256	295	270	259	257	274	266	260	
288	289	297	270	295	267	272	263	
269	273	277	278	270	293	275	264	
265	283	261	254	279	280	292	289	
270	262	264	295	291	255	296	293	
276	264	253	284	250	295	263	296	
285	253	283	271	258	295	297	284	
287	296	288	291	259	261	257	299	
277	260	279	278	290	274	255	291	
265	293	269	289	270	290	262	260	
268	292	251	256	291	255	283	288	
270	277	291	259	253	250	269	254	
294	261	271	264	280	254	281	262	
256	288	282	253	295	280	273	259	
286	263	278	280	265	276	298	287	
271	293	267	277	295	256	270	266	
282	273	262	276	256	289	270	250	
276	268	269	291	286	257	274	272	
271	284	250	296	262	283	294	274	
261	271	265	251	256	293	291	285	
255	297	291	277	287	254	298	266	
250	282	296	261	295	270	264	271	
258	291	257	261	276	269	253	256	
259	286	269	261	262	260	283	282	
251	279	295	284	257	269	285	294	
259	254	297	251	298	268	255	269	
279	268	255	260	278	286	296	283	
276	273	272	280	260	295	261	275	
263	297	262	260	252	278	290	279	
276	258	290	273	259	281	250	268	
266	293	275	289	264	282	299	281	
277	257	297	260	284	280	281	289	
253	258	287	271	266	273	282	288	
296	288	285	279	295	293	292	299	
271	295	278	289	299	266	283	268	
267	298	284	293	261	260	287	268	
279	296	270	269	295	263	258	291	
299	256	288	260	250	255	284	276	
252	299	269	250	298	288	253	287	
294	287	253	283	276	291	284	259	
270	266	268	280	289	296	293	267	
271	253	276	295	286	265	294	257	
333	335	325	304	305	346	331	341	
335	319	340	307	308	334	339	314	
324	329	335	340	318	317	315	306	
342	317	343	311	316	326	345	348	
329	313	324	346	325	331	334	316	
319	335	345	324	323	307	328	312	
329	334	344	313	328	309	308	311	
343	344	347	321	340	333	303	331	
340	321	315	300	327	318	348	320	
347	341	345	308	336	300	315	332	
334	332	311	302	314	322	307	318	
321	336	303	342	331	345	337	310	
302	316	335	307	321	319	327	325	
327	335	306	313	344	314	332	341	
310	343	334	301	329	309	345	348	
342	309	345	305	317	323	302	341	
347	314	309	310	302	303	319	336	
327	308	318	332	333	305	320	311	
337	306	304	307	303	318	328	302	
306	343	344	321	326	339	301	322	
324	305	347	300	335	301	345	334	
329	322	316	340	325	330	332	320	
345	314	334	325	332	346	309	341	
333	303	308	318	335	337	348	329	
331	340	318	323	330	313	338	336	
316	341	334	318	348	314	310	322	
331	313	310	317	327	328	326	319	
315	305	301	311	346	326	317	345	
338	337	317	306	332	315	349	340	
322	349	327	324	323	315	332	325	
333	309	306	324	349	315	340	344	
300	301	347	310	331	335	336	333	
315	327	342	334	310	314	303	319	
318	323	320	345	304	328	301	330	
348	338	342	300	301	327	317	339	
347	331	307	310	315	335	309	322	
310	342	324	329	320	335	311	323	
329	312	322	301	339	341	348	309	
347	339	334	349	316	303	326	342	
312	308	344	302	325	315	331	305	
334	316	302	337	315	328	305	314	
336	333	331	328	337	323	326	320	
320	327	301	314	340	307	348	334	
325	313	300	316	339	340	301	346	
337	300	342	304	303	327	318	339	
308	346	332	328	306	325	331	330	
325	305	329	307	343	312	311	326	
345	333	336	331	346	337	308	317	
305	346	343	337	315	308	347	318	
340	307	300	333	339	302	305	306	
382	387	375	359	395	384	396	378	
369	367	396	360	398	350	351	366	
351	362	375	383	368	363	361	377	
392	354	368	397	369	384	356	396	
395	362	381	377	356	386	368	373	
386	376	373	385	390	352	368	396	
397	386	384	366	365	370	356	390	
359	362	397	365	371	392	358	394	
384	360	385	354	388	357	362	396	
379	398	392	358	393	375	359	397	
382	399	360	370	361	368	392	366	
356	392	379	368	387	382	362	375	
367	372	397	365	393	362	392	373	
391	368	369	358	374	371	373	381	
371	375	360	359	384	381	350	355	
372	398	361	395	376	354	381	387	
384	359	382	372	356	383	386	376	
360	398	397	364	372	350	362	395	
394	379	361	385	369	374	355	358	
370	357	350	373	376	399	377	388	
390	388	375	355	356	365	379	372	
366	368	362	371	369	372	363	394	
396	393	384	389	363	395	383	375	
355	360	361	359	350	389	391	368	
364	397	391	386	377	394	399	367	
356	393	381	358	374	389	387	353	
398	386	387	373	399	357	352	354	
396	384	356	353	390	386	389	373	
389	381	358	387	378	390	395	394	
383	352	397	379	391	371	394	389	
366	376	364	371	352	374	394	361	
367	373	382	364	398	393	399	381	
350	395	389	366	380	376	372	374	
379	369	367	391	390	380	396	357	
376	391	371	353	362	356	395	383	
377	390	358	373	350	362	360	398	
352	383	388	384	398	365	374	396	
399	391	355	390	392	385	388	384	
354	380	355	373	356	399	391	371	
399	355	362	368	392	375	359	373	
358	375	393	386	366	392	385	399	
352	388	371	395	372	397	374	355	
366	390	369	358	367	374	386	355	
375	371	367	378	394	359	365	350	
374	385	387	352	366	367	382	381	
357	356	397	353	370	351	384	355	
371	353	388	379	383	391	364	351	
364	389	387	373	357	362	367	352	
392	385	357	378	375	398	395	372	
354	362	364	355	396	357	361	397	
419	418	435	434	424	439	417	425	
407	418	427	401	447	449	426	429	
402	400	429	449	418	431	442	422	
416	427	449	409	438	443	411	415	
407	428	442	418	434	448	404	435	
446	424	436	433	401	441	426	402	
445	414	440	419	437	421	410	432	
401	441	442	426	444	409	408	434	
415	433	426	419	432	408	414	442	
438	434	404	436	445	405	416	407	
428	402	437	433	440	420	432	411	
421	439	416	432	418	443	425	409	
436	430	416	412	435	446	406	401	
428	449	417	440	414	415	446	422	
418	415	407	417	428	403	439	430	
415	442	420	438	447	417	412	409	
444	447	402	413	421	420	446	428	
445	441	412	404	432	414	429	424	
435	417	444	442	423	401	433	415	
438	410	433	423	405	434	408	440	
401	417	410	437	421	443	445	446	
427	419	436	418	437	422	446	445	
412	421	419	401	440	423	430	428	
401	438	431	412	447	444	406	419	
420	408	431	423	430	437	443	406	
446	405	436	449	430	424	438	431	
421	402	416	449	445	435	418	434	
436	401	428	407	415	443	431	408	
424	409	428	400	407	414	441	402	
441	435	446	401	434	429	410	439	
406	432	447	410	403	415	436	442	
449	446	421	433	434	445	437	409	
433	417	437	410	409	441	420	422	
428	420	438	433	434	410	427	424	
419	417	427	414	444	411	440	448	
444	404	440	427	421	400	424	439	
445	422	416	412	430	406	420	429	
431	408	414	404	426	432	420	439	
430	443	448	442	444	441	418	401	
440	441	401	435	448	439	409	402	
403	434	406	440	412	431	423	427	
422	448	449	416	406	408	418	437	
424	403	423	408	419	431	421	418	
435	442	447	407	417	402	423	418	
429	406	435	409	449	425	437	447	
412	419	442	404	446	439	409	401	
445	444	416	439	431	411	448	433	
403	427	429	413	426	438	410	447	
409	416	411	406	404	431	421	422	
401	423	416	422	435	412	441	447	
498	497	473	456	461	464	475	468	
474	499	457	461	494	453	473	467	
495	464	494	465	455	486	466	463	
457	460	492	478	487	462	483	456	
470	456	472	494	495	499	485	450	
460	479	490	466	457	453	495	450	
458	461	496	467	487	450	493	470	
497	456	488	462	480	482	483	492	
479	475	493	492	468	466	485	495	
482	462	474	483	489	453	458	464	
492	487	476	474	484	460	488	479	
479	483	471	478	494	482	485	495	
498	486	481	491	474	492	499	471	
491	460	463	475	472	488	471	467	
454	487	470	477	461	496	490	452	
470	458	464	476	482	493	454	494	
468	492	464	475	481	455	450	459	
470	451	463	475	473	498	456	476	
473	451	466	459	488	462	475	471	
465	461	452	450	473	485	489	475	
465	452	455	482	464	492	466	485	
470	491	469	481	471	464	492	497	
499	496	463	480	491	451	474	479	
453	473	464	475	497	450	476	486	
463	499	481	480	465	484	495	453	
470	476	450	452	481	486	463	479	
484	486	452	467	457	464	450	462	
473	466	471	478	461	457	480	472	
480	466	462	453	468	458	469	485	
459	453	450	499	478	485	464	452	
480	473	469	483	456	484	476	499	
474	484	469	481	468	476	455	460	
499	460	483	484	478	469	480	491	
489	470	475	461	481	484	479	485	
473	467	496	474	476	463	475	487	
490	477	458	486	472	489	451	485	
466	464	482	470	487	475	491	467	
468	495	458	482	467	460	497	464	
487	486	494	461	454	467	484	451	
476	462	451	487	458	454	453	474	
454	464	460	475	481	476	484	455	
481	458	490	460	465	471	499	491	
459	484	492	464	487	457	480	499	
459	456	468	497	471	461	460	499	
469	450	476	491	496	460	481	488	
483	498	450	463	491	492	478	466	
451	455	470	473	484	457	489	490	
462	464	472	456	466	491	489	469	
465	473	476	477	458	474	469	482	
465	462	452	476	467	481	472	455	
383	224	156	
192	389	337	
91	267	233	
301	147	233	
259	233	19	
89	459	196	
210	290	307	
276	222	204	
113	49	268	
496	220	410	
24	161	425	
121	261	487	
385	160	76	
181	243	469	
49	405	139	
209	369	294	
442	149	242	
30	340	229	
317	40	404	
251	15	310	
390	15	493	
226	252	336	
349	6	10	
80	208	2	
67	124	487	
406	37	444	
404	0	11	
361	313	299	
389	336	239	
343	73	33	
376	13	147	
77	238	272	
174	317	220	
453	348	32	
276	18	101	
115	442	185	
46	102	229	
419	138	270	
67	396	173	
252	341	246	
403	68	242	
232	130	347	
410	107	289	
480	171	244	
330	229	332	
407	469	3	
250	209	227	
115	413	216	
465	389	273	
72	124	402	
238	485	60	
26	472	82	
157	459	477	
389	103	401	
80	283	424	
439	267	45	
248	400	186	
384	271	79	
86	191	298	
209	28	477	
186	83	385	
100	45	370	
171	55	316	
225	158	61	
366	298	70	
124	55	286	
304	440	166	
236	409	29	
349	282	376	
454	330	142	
157	273	453	
67	456	227	
63	25	464	
223	361	147	
482	166	289	
436	39	266	
96	455	126	
392	267	197	
375	16	130	
210	390	282	
478	429	249	
395	178	449	
305	170	5	
3	150	461	
112	14	491	
354	318	78	
71	50	130	
172	35	221	
329	188	77	
177	136	249	
402	239	0	
24	267	462	
259	257	104	
398	345	85	
359	464	90	
383	423	232	
256	100	475	
270	147	41	
29	32	441	
34	50	81	
380	301	268	
353	70	269	
164	24	264	
161	50	383	
281	144	243	
270	78	234	
109	443	452	
172	300	235	
496	431	243	
71	419	407	
461	235	221	
482	5	87	
56	201	105	
51	357	498	
316	278	494	
124	267	81	
246	212	74	
435	453	244	
445	289	416	
71	190	287	
79	95	29	
383	291	177	
375	218	311	
147	172	358	
296	127	197	
234	308	214	
44	380	438	
217	492	35	
401	423	75	
155	306	2	
472	338	462	
307	114	205	
18	282	145	
71	231	138	
202	219	26	
65	224	367	
90	485	80	
26	379	189	
15	324	441	
328	311	244	
316	378	311	
148	157	258	
180	37	123	
185	219	376	
174	175	124	
447	356	4	
147	114	263	
377	100	163	
51	196	89	
354	121	367	
368	428	219	123	
347	146	224	309	
170	412	485	416	
116	353	264	372	
190	21	184	292	
339	471	426	495	
492	59	71	228	
290	19	148	181	
283	472	24	255	
483	16	452	29	
299	329	239	15	
344	16	33	425	
323	16	251	293	
290	150	59	12	
203	16	149	337	
381	173	295	423	
19	366	88	277	
440	401	319	471	
100	383	273	309	
123	319	337	375	
315	433	185	406	
423	91	266	238	
270	380	344	481	
363	483	202	47	
94	472	247	180	
326	389	204	65	
480	348	215	241	
416	125	145	462	
454	104	379	23	
228	282	379	247	
190	137	364	24	
88	339	492	97	
26	216	38	450	
84	175	483	40	
194	209	491	100	
146	359	80	52	
351	397	494	195	
457	444	71	404	
154	418	130	186	
186	87	384	325	
29	191	309	43	
89	167	71	466	
92	176	200	431	
59	409	355	158	
5	237	341	414	
402	149	224	476	
462	382	57	498	
112	368	59	342	
454	484	119	266	
119	266	416	450	
50	4	251	337	
46	257	161	47	
298	83	33	390	
29	364	75	1	
241	485	490	378	
75	102	443	475	
318	16	99	445	
303	367	30	231	
448	468	401	52	
245	21	178	18	
368	377	217	118	
481	359	427	480	
455	339	458	34	
30	374	174	67	
282	363	468	354	
258	480	78	445	
34	69	247	482	
160	42	299	279	
348	456	453	216	
494	89	157	484	
17	151	424	62	
471	36	313	329	
209	155	447	321	
455	355	399	388	
344	316	267	413	
490	295	38	344	
388	107	31	147	
30	406	377	376	
427	6	359	114	
333	94	286	437	
224	334	402	345	
396	230	144	251	
333	307	133	265	
281	14	454	121	
79	432	186	197	
243	418	366	427	
7	393	300	252	
442	471	400	210	
134	249	194	57	
239	306	452	440	
252	478	337	284	
165	53	349	44	
178	323	117	283	
186	192	87	94	
318	364	3	208	
147	335	208	22	
18	172	421	246	
272	191	472	31	
142	34	284	167	
84	21	226	99	
145	370	87	495	
258	76	221	83	
466	129	454	332	
414	43	265	111	
346	84	471	205	
96	70	37	187	
416	133	396	437	
301	45	57	382	
379	468	140	272	
265	405	453	2	
462	376	439	448	
219	197	275	185	
288	350	80	226	
129	62	247	60	
476	366	365	261	
349	192	114	389	
105	37	330	314	
238	370	218	10	
0	78	368	406	
415	462	454	452	
335	261	308	236	
367	129	171	493	
18	78	41	131	
77	227	349	94	
30	401	86	195	
217	77	273	149	
461	351	450	209	
442	345	212	167	
471	477	174	266	
81	194	79	379	
200	52	180	126	
99	489	449	425	
369	45	210	248	
325	372	374	3	
277	65	349	477	
198	402	113	392	
81	104	220	346	
28	29	230	125	
389	256	274	292	
460	160	147	35	
77	228	306	416	
85	354	51	231	
373	328	430	102	
83	208	321	281	
269	256	270	56	
253	408	127	226	
204	63	8	403	
8	101	340	412	
101	361	105	171	
394	316	347	169	
224	294	57	384	338	
221	291	63	261	198	
144	307	444	359	5	
258	272	264	269	172	
372	368	82	376	230	
24	29	207	469	209	
357	196	65	394	16	
15	221	26	425	70	
390	123	66	446	458	
187	296	463	240	154	
266	320	436	288	129	
310	62	250	375	404	
470	295	274	87	2	
70	348	171	406	356	
352	471	216	299	478	
351	179	134	411	204	
57	431	67	490	231	
132	333	283	164	418	
299	160	441	148	466	
332	357	191	421	147	
243	50	432	406	11	
481	73	451	140	327	
326	446	348	447	275	
63	233	444	425	429	
93	20	444	144	374	
69	271	325	323	438	
415	228	145	175	20	
384	231	297	163	481	
173	207	438	446	426	
213	445	5	170	215	
108	155	486	30	134	
387	430	62	122	433	
361	405	474	168	84	
306	430	367	359	331	
293	468	435	347	193	
354	9	227	17	471	
355	46	111	88	357	
109	308	442	339	271	
214	241	490	54	230	
87	298	448	248	16	
117	432	357	19	490	
63	300	163	336	9	
143	165	215	371	425	
341	10	394	325	31	
62	117	323	421	297	
409	421	332	436	263	
207	462	154	86	152	
400	37	388	21	464	
242	209	128	214	377	
19	235	207	220	148	
338	107	166	314	213	
232	155	362	30	252	
321	195	87	426	108	
29	104	455	37	31	
245	287	157	91	492	
55	121	476	365	279	
175	189	445	52	328	
430	156	227	100	133	
174	138	334	211	285	
351	173	427	251	158	
401	298	296	108	285	
493	65	403	339	95	
133	118	220	143	60	
435	104	453	431	241	
235	243	103	312	240	
442	73	95	337	474	
311	393	453	3	359	
396	17	300	142	214	
267	308	136	442	235	
364	415	400	376	83	
233	172	6	17	397	
286	426	163	477	151	
56	64	30	97	300	
434	108	142	72	36	
385	293	477	310	122	
365	30	367	227	285	
188	402	131	125	421	
146	30	279	256	492	
455	181	258	470	389	
82	25	450	158	337	
324	227	383	36	331	
37	5	348	495	152	
467	14	373	170	46	
31	263	162	7	291	
262	91	216	61	414	
248	243	199	166	384	
187	236	160	49	396	
86	69	390	222	91	
116	8	235	199	144	
395	124	185	4	492	
94	65	304	424	156	
223	256	250	161	385	
64	255	242	97	138	
324	466	392	280	36	
330	477	442	485	88	
116	232	192	404	179	
442	159	115	102	30	
251	218	344	276	197	
481	211	141	60	24	
109	266	69	431	315	
361	486	261	122	496	
89	440	345	462	58	
109	118	432	347	190	
82	109	159	342	104	
458	376	152	440	118	
360	337	66	352	196	
162	368	407	137	150	
74	222	433	123	116	
327	289	444	439	93	
433	482	453	170	49	
20	390	446	476	137	
317	343	183	239	419	
30	439	472	128	78	
317	355	252	434	446	
161	368	113	357	58	
250	26	498	278	170	
339	125	75	131	443	
186	465	397	103	259	
64	246	289	403	230	
151	172	479	77	278	
410	103	438	324	473	
36	290	237	475	357	
64	176	341	279	13	
126	203	188	268	219	
139	41	145	36	107	
34	355	439	255	195	
474	68	108	492	323	
384	119	172	100	44	
10	39	51	219	371	
146	96	468	294	179	
355	124	454	463	445	
98	417	479	45	446	
198	80	148	191	25	
51	467	489	65	151	
282	184	147	210	353	
345	3	180	9	305	
40	454	455	396	457	
229	194	199	445	105	
83	372	411	460	279	
70	180	479	326	302	
83	463	246	433	23	
226	496	320	198	258	
221	104	129	108	243	
162	118	469	396	354	
188	486	240	480	450	
31	459	26	100	8	
232	206	299	131	431	
108	86	160	375	104	
316	326	361	52	478	
433	402	451	131	240	
