45	41	23	31	8	3	
33	26	25	47	42	49	
0	25	49	14	2	18	
1	37	6	38	14	0	
44	0	39	27	48	43	
15	35	34	9	3	44	
5	35	33	34	19	27	
30	0	31	5	14	26	
42	10	36	44	7	8	
48	7	33	16	19	35	
8	42	13	27	20	3	
46	20	0	42	28	39	
9	46	8	16	3	14	
2	18	43	42	34	16	
11	9	30	31	17	5	
48	42	38	29	30	46	
32	17	29	27	13	48	
38	5	4	15	45	26	
34	8	18	38	0	10	
12	3	30	38	25	33	
11	25	2	49	9	37	
47	28	49	15	23	2	
24	48	30	27	40	25	
45	29	47	36	39	18	
2	34	0	30	39	42	
40	17	9	7	14	2	
42	39	14	23	24	12	
47	9	26	1	5	11	
13	20	4	29	34	26	
15	30	49	7	19	10	
33	48	23	47	49	10	
46	7	42	28	44	41	
24	9	16	31	4	44	
38	42	34	27	39	24	
30	23	12	20	33	11	
33	4	28	40	24	27	
46	13	6	23	5	24	
27	5	9	7	47	45	
44	24	4	39	0	20	
34	18	0	9	41	35	
39	21	9	41	26	49	
2	14	8	38	40	30	
8	29	36	37	46	39	
27	22	26	31	38	48	
14	8	40	32	12	39	
9	45	12	47	8	2	
44	28	1	25	41	22	
10	30	21	46	32	18	
27	48	39	16	38	40	
2	22	34	47	39	12	
66	74	73	67	83	62	
78	86	91	68	58	99	
77	71	86	64	88	98	
70	85	72	77	79	68	
62	53	92	94	77	98	
53	97	88	54	78	83	
90	64	52	75	93	69	
78	55	66	94	90	59	
64	83	93	89	68	60	
99	51	72	78	84	56	
97	53	85	80	91	88	
91	60	74	51	75	99	
97	57	84	81	77	52	
83	79	92	94	81	68	
76	73	89	85	53	96	
76	97	81	86	75	71	
60	53	82	61	74	50	
98	97	89	77	52	54	
65	91	56	50	53	69	
82	68	71	89	85	74	
70	98	64	65	93	80	
77	79	65	53	78	64	
64	95	58	55	68	67	
97	55	67	96	71	51	
59	65	69	77	53	99	
84	93	53	85	99	94	
54	56	55	76	85	98	
68	65	92	61	64	53	
71	51	72	76	57	85	
86	57	75	71	66	94	
71	68	79	78	74	85	
59	90	53	83	82	78	
84	76	99	85	72	79	
63	67	95	68	54	90	
81	96	69	92	85	93	
58	75	83	91	54	90	
68	93	88	86	61	90	
72	67	58	92	60	50	
99	94	76	77	83	84	
71	51	94	60	69	87	
60	63	79	61	95	94	
65	80	63	55	50	72	
74	85	51	93	82	83	
79	85	71	77	96	51	
59	65	56	82	53	87	
90	92	79	83	60	87	
54	93	95	79	62	59	
80	72	53	95	79	92	
88	83	76	68	65	78	
55	78	73	89	85	95	
147	136	146	148	117	115	
149	139	112	128	101	137	
105	140	118	121	138	149	
138	102	113	132	129	149	
124	136	109	119	138	133	
131	132	142	130	109	114	
136	113	144	121	138	115	
114	121	122	118	147	112	
138	114	129	119	134	111	
111	119	128	142	113	145	
108	125	104	112	148	139	
121	120	102	123	133	137	
120	125	111	104	124	122	
133	113	149	136	114	144	
126	107	123	128	139	146	
132	129	134	110	130	131	
109	133	131	106	107	142	
124	110	144	107	127	119	
138	111	148	102	136	130	
105	145	144	135	143	128	
148	124	119	110	104	122	
128	114	126	144	106	119	
137	115	142	149	108	139	
106	123	149	141	116	113	
140	112	118	142	125	123	
124	116	143	132	134	113	
110	139	126	129	103	120	
114	135	110	138	103	100	
134	105	123	106	136	144	
112	146	136	138	124	104	
136	113	130	118	111	133	
117	109	144	138	107	147	
142	103	141	126	146	100	
114	130	132	144	104	115	
134	137	126	128	127	123	
101	122	136	137	144	129	
131	122	115	124	114	127	
115	118	100	144	138	103	
144	137	120	104	147	102	
101	146	145	112	126	141	
119	133	113	132	126	129	
138	141	127	106	104	112	
114	129	133	119	135	148	
146	136	139	120	122	111	
115	100	135	130	145	104	
103	135	121	105	120	109	
109	141	101	126	118	112	
145	107	142	133	144	125	
115	111	131	145	126	147	
143	144	146	117	110	141	
158	174	157	199	181	176	
152	172	186	179	154	191	
152	165	199	157	156	191	
183	198	176	151	196	197	
198	164	168	171	182	196	
162	165	151	171	183	166	
188	176	169	198	183	181	
167	175	161	192	186	182	
170	195	161	181	163	157	
191	192	177	167	197	182	
179	165	150	196	173	171	
178	193	197	177	186	152	
171	159	152	173	156	154	
186	178	153	198	157	196	
153	194	198	168	173	189	
154	153	189	193	181	160	
179	191	167	182	166	199	
178	153	170	171	167	185	
156	177	195	184	199	182	
196	178	190	171	159	198	
164	187	195	194	190	176	
185	173	196	198	162	192	
158	176	191	155	190	159	
185	150	156	193	160	154	
173	169	186	163	168	194	
196	184	163	170	194	190	
157	175	179	198	160	188	
189	156	185	174	170	180	
157	175	151	189	198	171	
156	158	159	165	183	155	
162	153	199	164	159	185	
177	182	171	156	179	170	
199	176	181	166	189	180	
156	169	194	151	191	195	
181	153	177	171	169	180	
186	154	189	164	192	185	
193	164	199	195	154	192	
175	162	155	180	197	170	
157	163	187	183	151	152	
150	198	158	167	189	178	
187	176	158	177	170	165	
189	171	167	152	195	193	
167	186	183	178	159	164	
167	177	169	189	181	196	
152	196	193	159	158	182	
158	150	187	180	156	170	
191	164	181	170	157	188	
160	153	157	155	163	166	
187	182	155	176	195	190	
173	155	159	183	192	179	
203	221	214	230	229	218	
230	240	210	215	246	216	
224	204	237	227	203	248	
201	222	206	211	245	219	
237	206	223	227	203	225	
218	247	225	203	240	200	
243	241	247	249	232	223	
239	225	236	226	227	219	
244	238	241	245	221	226	
233	204	218	226	220	236	
242	245	236	247	210	218	
248	216	238	218	212	213	
242	222	215	226	246	209	
212	203	208	239	202	219	
222	234	231	235	243	218	
204	202	215	207	242	203	
210	230	225	242	220	212	
211	229	213	205	209	202	
244	225	226	240	242	202	
240	220	202	239	238	207	
230	227	204	242	214	235	
246	209	237	201	248	249	
222	213	245	218	243	214	
217	216	249	245	219	236	
215	233	225	235	209	206	
238	231	230	224	204	212	
240	227	203	220	228	205	
204	200	203	221	240	233	
246	229	227	233	234	222	
226	215	228	220	227	249	
207	212	238	221	204	233	
236	220	201	227	245	240	
204	241	231	244	221	237	
246	215	201	228	223	212	
217	231	211	249	212	209	
204	248	237	229	227	203	
237	232	244	243	246	233	
204	224	205	230	223	220	
236	214	238	204	228	216	
223	202	218	203	248	226	
218	236	245	214	213	219	
239	222	243	221	230	210	
234	219	224	216	213	243	
207	217	218	249	202	205	
249	239	224	208	228	221	
224	239	215	205	234	240	
244	206	208	233	245	227	
209	232	201	244	207	204	
219	215	208	249	205	234	
236	249	211	229	223	210	
262	250	299	290	259	281	
294	267	258	251	256	297	
277	265	255	262	253	278	
267	262	266	276	270	289	
292	294	259	257	299	253	
281	282	297	256	271	270	
254	256	283	252	290	286	
292	278	288	285	276	257	
288	299	293	274	278	285	
283	258	296	293	297	250	
268	292	264	254	265	297	
253	299	258	295	260	271	
292	270	269	282	250	275	
279	255	276	282	290	293	
255	297	271	267	269	290	
273	270	271	266	277	297	
269	287	255	267	280	259	
259	274	262	287	277	293	
250	272	277	296	257	281	
285	273	277	251	281	287	
296	253	265	262	283	293	
264	256	286	281	283	261	
255	298	260	284	258	278	
265	255	290	267	296	260	
265	291	287	254	297	282	
252	258	255	296	294	280	
263	297	262	253	265	286	
271	279	264	270	258	297	
278	251	266	258	277	269	
295	275	285	290	250	258	
270	279	263	280	293	269	
256	265	258	284	274	261	
286	277	257	282	261	285	
297	285	274	258	268	271	
283	254	265	271	251	262	
259	262	298	294	254	282	
299	269	295	253	290	257	
266	262	298	274	267	255	
256	289	264	272	296	287	
289	295	280	287	272	259	
255	270	258	262	282	296	
296	290	291	289	255	261	
294	293	292	275	298	270	
291	259	279	297	267	251	
265	257	274	270	281	275	
288	277	260	255	274	253	
280	265	255	277	260	274	
274	288	264	250	276	254	
283	262	257	260	287	289	
270	289	250	293	282	276	
303	306	328	334	329	346	
333	343	339	346	318	304	
333	324	343	318	321	332	
313	310	304	314	334	324	
318	320	304	329	323	341	
313	319	300	328	309	312	
314	301	329	302	325	322	
336	334	317	343	310	326	
326	334	347	345	348	302	
305	309	326	337	327	332	
339	330	319	348	300	309	
306	333	341	325	307	346	
303	333	334	306	325	326	
307	337	301	342	349	334	
340	343	322	348	342	320	
343	331	336	339	317	307	
301	346	337	349	341	315	
315	317	314	308	348	341	
332	307	334	309	319	308	
307	336	342	331	306	327	
313	333	314	349	334	347	
327	328	315	316	339	325	
308	322	301	320	323	313	
324	329	346	320	319	303	
316	312	341	320	305	319	
336	310	323	321	325	318	
342	311	323	307	312	319	
322	319	305	307	311	327	
330	312	302	346	334	319	
310	311	323	305	325	343	
319	326	320	312	314	308	
317	314	347	316	305	329	
342	332	336	343	317	344	
339	325	345	338	309	312	
342	307	346	318	306	317	
330	314	307	346	321	315	
304	349	337	312	310	306	
330	331	311	335	300	333	
308	346	303	345	340	329	
338	322	340	331	301	324	
333	326	335	336	320	323	
316	329	313	327	318	324	
339	341	344	336	319	311	
331	306	317	307	311	328	
324	334	329	309	335	332	
314	318	333	344	321	328	
309	319	302	317	334	327	
336	304	313	333	303	300	
312	343	300	320	304	341	
347	317	334	309	304	348	
352	370	388	366	379	397	
375	392	390	377	364	355	
363	351	398	358	383	394	
384	366	357	365	386	353	
392	383	351	395	360	354	
397	377	371	369	350	364	
355	377	391	351	362	384	
352	386	361	377	391	358	
351	397	356	372	384	354	
365	395	389	399	358	378	
392	363	357	384	390	382	
352	372	386	362	398	384	
391	351	387	352	356	394	
379	360	388	376	382	387	
350	352	398	394	380	363	
371	375	357	387	389	373	
365	398	355	369	385	375	
369	361	399	383	362	365	
384	395	390	399	377	389	
355	358	359	373	375	389	
386	378	350	399	355	380	
354	355	372	363	360	351	
386	399	378	360	382	350	
364	370	362	374	377	391	
350	384	398	366	364	393	
388	372	352	383	376	362	
355	375	358	364	351	377	
371	395	375	393	366	365	
399	383	361	391	353	357	
377	371	359	389	372	383	
370	386	364	391	368	395	
394	370	378	368	357	352	
390	398	376	386	372	385	
386	374	388	385	354	396	
393	391	367	375	385	378	
365	350	396	371	362	363	
392	387	397	399	388	383	
371	378	375	395	380	388	
359	394	395	399	367	389	
376	362	365	397	378	382	
366	379	364	381	391	397	
354	369	367	362	363	387	
373	380	375	395	353	383	
381	356	361	374	382	379	
383	353	360	370	388	366	
365	389	395	383	369	385	
351	365	358	380	371	355	
360	382	377	386	390	392	
388	377	367	383	372	389	
353	379	366	382	399	363	
408	412	402	425	433	410	
437	419	406	443	404	425	
414	411	433	437	419	442	
412	420	404	429	415	416	
442	411	406	430	445	446	
405	448	401	435	402	449	
419	423	408	448	413	405	
407	441	446	405	434	413	
401	436	412	446	421	444	
437	416	421	420	423	436	
409	436	433	429	419	414	
414	427	408	418	421	441	
411	426	427	425	436	404	
437	419	411	439	423	400	
417	405	435	432	409	406	
437	449	401	414	429	412	
405	444	439	402	426	429	
447	436	417	423	445	439	
447	424	415	427	436	433	
444	441	434	400	429	421	
446	449	447	414	426	433	
442	435	423	414	424	406	
407	400	424	439	438	406	
429	436	412	402	417	425	
415	431	408	442	428	439	
409	423	405	433	434	404	
413	438	423	432	441	445	
408	432	400	405	435	440	
416	410	421	411	423	438	
402	404	436	449	432	434	
416	444	415	422	448	445	
433	409	440	446	415	436	
430	441	431	419	412	433	
446	429	438	404	403	427	
445	446	435	447	434	411	
400	423	428	406	433	411	
429	437	427	428	449	423	
403	433	449	446	422	429	
423	439	414	430	417	416	
402	438	417	433	423	429	
407	439	436	429	438	440	
434	441	443	442	422	424	
401	448	400	449	436	406	
435	432	413	407	439	418	
449	400	401	431	440	418	
446	441	445	449	434	408	
447	429	422	409	420	413	
417	400	429	407	445	437	
440	427	409	438	426	406	
447	436	448	441	417	419	
481	456	491	499	498	459	
454	477	498	474	462	469	
481	463	486	465	457	453	
487	486	460	464	478	496	
496	463	461	480	487	488	
452	483	453	460	470	457	
476	458	491	492	496	478	
481	478	467	459	479	458	
465	476	467	486	462	488	
457	474	487	480	450	483	
452	458	464	489	470	456	
450	455	482	469	492	485	
470	454	459	461	486	480	
450	468	478	463	492	461	
499	493	482	477	498	468	
490	494	466	495	453	462	
493	469	498	459	484	485	
463	481	499	466	490	480	
475	496	457	469	464	499	
464	458	486	475	478	450	
450	483	486	478	453	457	
459	461	452	495	483	478	
493	482	456	475	489	481	
485	451	472	453	491	479	
478	469	476	492	462	485	
490	492	485	464	461	468	
467	492	457	483	454	485	
486	490	482	473	483	494	
463	468	467	483	466	481	
483	497	484	461	487	477	
458	450	455	474	452	467	
474	479	455	453	460	484	
463	488	454	492	496	486	
493	483	479	459	492	450	
452	458	488	499	464	498	
483	458	479	450	466	451	
476	453	494	496	455	451	
496	493	457	467	470	476	
481	465	471	454	452	474	
480	452	474	461	479	450	
486	463	479	459	497	454	
450	463	483	472	467	494	
466	469	459	476	475	489	
465	461	462	450	458	470	
451	456	460	482	483	486	
490	457	470	475	491	478	
494	456	499	496	491	459	
458	497	455	452	461	460	
468	483	465	463	498	453	
487	490	462	475	467	464	
40	15	35	22	21	28	1	
7	21	3	40	32	39	25	
4	25	14	37	18	36	39	
6	35	9	8	43	30	7	
20	31	2	4	0	7	45	
28	40	43	22	32	27	49	
6	34	25	10	14	2	40	
14	4	5	13	27	3	17	
21	37	12	18	17	44	11	
24	22	28	39	14	47	13	
36	1	15	45	43	40	22	
2	49	17	15	44	45	26	
25	36	17	18	27	38	29	
43	20	1	48	27	21	12	
39	22	38	49	48	31	27	
33	6	10	37	16	25	34	
11	31	39	49	13	2	48	
18	39	34	17	6	9	29	
39	20	27	36	1	34	37	
14	35	3	49	40	17	20	
5	45	7	9	20	21	37	
33	25	34	44	36	29	40	
19	25	49	10	44	46	41	
4	47	25	38	16	13	43	
19	1	5	27	23	8	21	
5	49	28	13	10	1	29	
29	34	23	44	48	47	31	
31	47	22	9	20	23	28	
16	0	14	24	13	46	34	
37	32	17	39	41	5	9	
43	34	15	14	9	40	26	
23	30	0	19	37	26	40	
30	26	17	40	47	24	36	
23	48	28	41	5	35	10	
25	41	1	22	33	6	37	
21	40	34	25	19	0	7	
18	39	27	26	49	47	19	
22	46	27	30	17	31	26	
7	43	15	3	30	5	9	
21	39	41	36	37	18	46	
47	3	31	42	48	40	9	
43	48	41	10	17	31	23	
19	18	7	20	24	4	5	
22	14	13	25	27	17	43	
20	17	48	21	1	24	28	
10	1	34	15	17	3	7	
19	12	49	10	11	46	34	
13	1	30	17	38	36	21	
23	9	30	32	18	1	19	
23	1	43	0	30	4	39	
85	64	51	91	98	56	90	
59	95	80	69	79	84	60	
87	82	64	86	62	68	73	
79	99	60	53	81	95	77	
53	62	78	64	94	61	55	
66	84	57	64	55	51	83	
79	57	83	62	82	72	81	
93	88	58	67	95	76	71	
77	57	69	97	83	91	70	
67	57	99	55	94	74	70	
73	67	75	76	68	64	51	
66	69	72	58	89	80	67	
87	76	66	72	65	77	80	
74	85	80	93	87	81	63	
85	63	62	59	90	61	51	
62	52	89	79	74	78	60	
94	98	55	53	80	81	84	
85	96	94	52	80	66	74	
62	54	61	77	63	95	99	
96	90	80	55	98	57	66	
65	56	60	97	88	59	62	
50	52	85	78	64	61	81	
97	65	82	96	75	77	83	
68	84	77	51	90	98	88	
59	91	82	87	62	58	68	
51	59	75	52	61	95	69	
50	82	73	75	55	87	83	
61	75	60	54	83	96	99	
59	85	89	95	54	64	66	
74	91	57	96	58	80	86	
76	92	75	55	95	96	67	
87	62	88	78	97	90	73	
92	51	56	98	89	61	69	
91	77	93	69	58	75	92	
51	68	72	73	53	88	56	
90	59	75	87	81	60	78	
90	57	53	50	65	52	71	
93	82	97	85	65	72	77	
68	91	95	58	94	97	60	
75	95	92	91	60	93	88	
50	71	58	85	64	86	74	
69	95	67	78	97	56	88	
86	55	66	58	70	85	51	
98	70	59	50	94	56	57	
71	84	96	85	59	61	64	
88	91	85	75	81	53	70	
60	95	99	63	74	54	98	
60	64	80	97	83	58	63	
84	98	55	69	87	52	61	
72	55	91	87	52	69	95	
145	100	132	126	131	107	109	
119	107	125	114	105	120	122	
120	132	146	124	106	139	134	
145	112	148	147	118	107	131	
130	122	109	108	135	126	110	
113	104	128	130	143	120	106	
105	134	101	137	120	112	129	
146	143	113	127	118	129	149	
132	148	105	112	127	125	109	
106	113	114	125	130	128	111	
125	130	124	126	103	136	100	
104	146	120	115	114	123	129	
118	117	125	144	142	119	120	
147	115	118	130	109	101	133	
108	126	124	127	140	106	143	
104	133	124	117	149	110	107	
102	108	144	139	114	140	137	
149	105	116	101	107	119	106	
105	135	109	111	126	124	118	
120	138	125	147	110	124	135	
101	111	115	135	137	113	131	
141	131	117	107	146	112	118	
118	122	123	142	132	105	106	
134	122	139	133	116	106	138	
119	145	146	109	149	111	137	
142	115	123	109	143	138	112	
107	121	147	106	129	143	134	
116	110	146	108	106	105	136	
132	119	114	140	138	121	113	
137	124	105	142	141	132	138	
107	137	143	101	124	130	113	
113	135	101	141	145	127	124	
128	143	124	135	105	133	116	
118	117	139	114	148	146	135	
135	127	101	144	149	145	138	
138	129	114	131	146	143	101	
107	147	129	116	113	124	114	
107	113	103	134	143	131	141	
122	108	134	112	139	119	107	
114	117	119	144	148	103	142	
125	136	101	110	115	124	142	
128	142	125	115	103	147	141	
141	143	127	149	122	111	124	
118	130	135	141	117	136	131	
113	112	115	121	111	143	147	
127	148	138	119	149	136	106	
115	112	126	117	149	107	147	
130	146	138	125	123	141	114	
112	125	111	144	131	113	105	
122	120	101	118	108	113	126	
193	167	187	151	169	177	186	
152	151	190	180	194	173	179	
183	165	184	167	179	199	154	
174	154	158	184	177	153	192	
154	196	163	156	178	189	159	
154	183	189	165	151	188	176	
183	175	199	184	162	150	155	
185	190	192	194	157	163	189	
175	176	172	162	157	160	159	
169	189	160	167	173	156	163	
168	172	184	150	160	192	196	
186	156	188	164	159	196	197	
183	169	158	185	150	178	154	
157	196	155	160	186	156	154	
189	170	157	182	185	160	179	
185	151	184	164	197	191	160	
196	162	154	182	156	188	172	
167	180	162	157	159	169	161	
166	172	179	190	169	191	153	
178	167	190	195	165	168	176	
166	173	151	154	199	175	188	
175	167	185	193	187	197	189	
176	177	191	174	181	153	189	
181	173	153	161	174	167	179	
192	153	190	172	178	194	171	
177	184	180	174	194	162	176	
196	183	150	161	185	157	171	
158	152	195	164	172	162	169	
183	158	195	199	150	178	197	
159	182	171	180	196	172	165	
187	165	174	151	175	190	155	
180	184	161	199	171	174	183	
152	175	158	151	155	153	187	
175	164	196	151	197	174	180	
178	196	171	168	152	185	181	
171	194	180	187	198	185	172	
174	190	154	162	184	168	196	
160	174	169	183	185	176	189	
165	194	180	154	156	151	199	
162	189	164	197	182	163	172	
194	158	181	188	178	175	172	
165	179	180	195	154	176	160	
160	170	165	169	195	187	197	
188	167	192	164	161	150	185	
158	164	192	194	166	188	163	
179	160	178	158	150	151	183	
177	191	190	171	199	169	184	
182	151	184	186	154	162	196	
188	164	162	171	179	197	195	
174	154	168	161	163	193	180	
249	237	203	208	216	246	234	
206	247	215	225	243	200	220	
240	226	230	206	202	237	239	
201	218	214	212	211	208	237	
210	231	234	208	249	209	216	
211	206	202	219	238	223	221	
234	226	243	249	218	222	201	
213	235	200	206	212	222	219	
224	249	229	214	225	218	243	
210	213	233	221	212	234	202	
210	239	217	207	205	236	228	
206	222	225	209	243	211	220	
249	216	217	229	238	240	203	
231	216	207	233	219	226	215	
219	208	210	230	220	249	233	
242	212	238	249	230	226	222	
202	212	219	238	223	248	247	
236	201	224	212	221	237	208	
236	245	230	226	231	210	229	
230	234	224	219	245	239	226	
244	207	233	236	229	224	222	
224	242	231	211	248	228	214	
206	224	220	230	202	212	214	
236	204	226	239	208	203	210	
212	216	228	244	202	245	242	
245	204	237	238	232	211	247	
228	233	246	200	202	241	218	
241	229	202	212	239	242	217	
205	228	242	241	235	201	240	
233	225	235	243	249	247	220	
215	216	227	213	242	204	237	
219	211	217	206	245	200	203	
208	242	204	214	246	241	245	
213	215	227	244	221	212	208	
216	219	220	224	239	231	248	
217	239	234	206	231	248	242	
249	205	208	247	209	230	207	
219	248	231	224	207	243	249	
237	224	230	232	243	200	202	
231	230	243	247	244	208	222	
202	216	229	226	231	221	209	
249	233	216	225	215	243	213	
200	235	218	242	244	203	237	
243	245	200	208	220	211	229	
205	210	209	228	221	241	247	
226	223	217	238	200	211	205	
244	241	206	209	204	202	248	
219	210	229	240	224	247	207	
235	221	225	233	246	222	204	
215	211	241	214	238	213	231	
273	271	275	257	264	250	254	
260	263	284	275	292	293	252	
280	273	288	295	293	269	286	
299	271	255	257	270	288	289	
286	265	281	268	279	297	299	
294	252	271	255	285	260	274	
280	277	286	254	251	259	267	
265	259	250	290	254	289	285	
252	294	275	271	258	289	265	
285	294	252	286	275	257	287	
274	296	287	250	254	256	270	
282	285	258	260	273	270	294	
282	274	292	272	253	264	267	
298	279	277	296	272	286	257	
258	297	272	293	256	260	267	
292	293	281	287	297	274	285	
260	287	296	266	281	254	251	
278	259	276	267	255	252	268	
250	271	265	267	276	252	269	
285	299	281	266	283	269	254	
269	296	287	275	266	290	265	
293	254	286	271	268	263	298	
254	288	280	266	285	289	284	
288	295	278	251	259	265	266	
280	266	295	282	299	277	261	
281	256	250	289	262	285	293	
265	298	259	267	284	254	257	
289	295	282	251	261	268	281	
256	259	283	254	270	298	253	
256	279	267	261	294	289	292	
280	297	288	266	291	259	250	
258	279	270	297	282	271	269	
259	262	252	257	251	293	267	
280	260	287	261	282	275	276	
285	279	296	270	258	255	257	
268	298	265	280	297	253	251	
268	254	283	297	262	287	260	
280	259	273	264	262	256	298	
281	286	250	254	255	253	299	
287	273	265	280	299	276	264	
252	250	261	299	298	277	258	
254	295	270	293	275	294	262	
262	271	260	298	257	265	269	
277	282	268	269	272	253	283	
296	288	289	256	261	268	283	
266	268	258	284	277	254	288	
293	284	266	283	272	254	264	
250	284	268	289	251	272	296	
260	261	252	275	276	254	265	
274	285	276	264	258	281	297	
318	341	311	322	329	349	338	
303	317	327	344	314	330	321	
306	330	332	300	345	328	316	
331	340	304	308	345	314	303	
310	346	318	314	332	342	348	
301	309	329	331	335	317	337	
304	307	311	338	333	310	327	
317	309	338	347	341	332	315	
303	348	336	322	309	310	329	
323	348	321	326	302	344	300	
327	322	348	304	303	319	330	
337	312	340	330	339	345	335	
302	311	328	303	333	325	324	
309	329	348	346	325	301	318	
339	309	307	346	304	349	301	
330	348	300	318	329	302	324	
319	310	342	327	301	349	331	
319	306	333	302	339	314	346	
328	311	325	316	342	314	338	
327	309	316	344	310	334	301	
346	303	343	335	309	336	306	
343	336	315	304	308	326	325	
315	335	302	347	320	337	324	
315	314	324	346	319	330	332	
343	327	309	334	333	335	314	
341	334	301	304	320	348	319	
321	342	300	304	328	302	318	
309	305	324	344	308	301	318	
303	304	306	327	330	315	307	
343	340	302	337	304	311	325	
346	300	303	328	344	308	343	
342	315	310	348	312	343	311	
322	305	307	308	344	334	303	
343	320	311	338	305	321	315	
311	307	321	300	339	334	327	
303	348	349	312	313	343	304	
326	323	310	313	300	304	303	
316	331	322	345	329	307	344	
325	327	333	300	337	320	311	
329	305	343	315	349	333	322	
312	334	345	348	314	303	313	
327	332	312	346	310	348	313	
300	306	301	346	326	314	320	
342	312	302	330	336	322	313	
317	326	327	342	338	315	308	
341	335	312	308	314	309	333	
334	339	317	348	331	340	303	
316	304	323	313	344	300	326	
303	323	330	301	346	345	302	
324	319	315	346	316	347	311	
392	389	364	350	395	371	384	
399	394	386	387	379	360	392	
375	374	363	364	393	396	377	
376	395	360	369	361	388	375	
392	371	385	353	354	362	397	
373	356	365	392	389	353	393	
382	369	375	359	365	393	373	
354	361	383	375	356	385	352	
380	364	374	365	354	362	356	
351	376	369	386	381	398	353	
376	354	368	369	397	365	361	
369	396	376	397	357	395	350	
389	380	350	399	386	354	390	
363	396	376	381	385	392	377	
363	392	381	391	367	365	384	
358	377	391	367	364	397	375	
393	377	372	375	382	374	360	
369	370	362	396	380	384	373	
377	399	368	372	352	389	359	
373	390	353	384	372	354	388	
398	392	356	386	360	377	391	
380	363	357	356	374	382	353	
364	360	362	367	387	373	396	
399	381	365	354	376	362	353	
398	363	373	384	367	375	379	
369	398	375	363	394	387	372	
393	365	374	390	367	379	370	
379	360	352	385	391	396	367	
353	393	367	372	358	378	371	
354	389	370	369	376	350	358	
359	379	374	363	357	364	368	
393	362	352	378	369	380	395	
375	388	362	393	366	356	377	
352	384	390	399	374	380	351	
397	352	364	392	372	393	363	
362	378	357	356	393	364	388	
356	373	395	357	363	398	399	
366	397	355	394	398	388	381	
369	366	393	351	365	382	396	
386	398	391	363	382	350	371	
396	356	392	376	361	389	363	
352	398	395	381	388	363	373	
371	378	381	398	386	377	374	
375	370	383	379	395	387	357	
378	363	376	368	362	352	385	
374	370	387	373	392	359	384	
370	357	358	399	373	375	355	
356	371	386	394	389	360	368	
364	375	386	390	369	377	383	
379	363	351	367	366	398	385	
412	435	424	444	431	418	410	
407	441	421	404	414	446	427	
419	441	435	412	408	428	445	
446	422	419	402	436	449	445	
435	420	410	416	429	449	406	
410	416	402	431	439	412	400	
410	439	413	437	425	403	419	
415	419	413	400	404	447	411	
446	424	425	440	449	404	401	
425	405	413	404	415	445	408	
428	424	443	408	448	404	434	
416	440	442	425	411	444	420	
431	405	426	404	410	402	432	
437	433	419	438	446	423	409	
438	406	422	424	404	433	448	
428	424	422	440	443	434	426	
437	436	416	445	427	407	423	
412	406	438	416	422	408	418	
444	404	400	440	438	434	429	
407	417	400	408	403	413	414	
411	435	414	424	426	400	430	
419	406	436	420	428	408	429	
442	434	419	412	400	431	422	
410	412	421	420	438	447	401	
416	414	443	413	402	440	405	
416	411	418	431	409	438	441	
437	409	428	401	449	436	414	
443	423	409	403	428	412	435	
403	405	448	431	410	427	418	
435	406	412	407	424	420	439	
434	424	406	415	404	407	431	
408	417	431	422	444	438	410	
431	434	437	419	418	405	416	
438	435	442	446	419	427	430	
447	421	431	446	438	407	424	
413	423	433	439	434	411	426	
436	422	407	425	444	427	426	
426	402	420	427	432	445	449	
419	424	404	427	431	410	440	
424	425	402	406	449	429	440	
412	443	437	439	409	416	431	
434	448	408	425	435	404	405	
449	431	429	413	416	421	443	
424	410	430	437	411	426	444	
424	437	421	415	414	434	416	
438	415	434	414	407	412	436	
440	424	422	417	444	445	400	
435	403	428	433	431	429	437	
443	417	445	406	434	412	424	
437	438	413	441	420	430	404	
494	498	453	492	482	472	480	
456	485	467	484	493	478	470	
496	465	461	472	471	460	475	
484	478	481	485	456	452	486	
454	467	455	452	487	453	464	
488	494	483	469	499	472	493	
473	455	451	462	450	456	461	
450	480	481	470	457	489	459	
462	452	489	473	450	458	488	
465	455	480	479	454	468	471	
495	476	486	496	481	480	479	
454	460	491	466	459	485	482	
497	470	495	469	459	486	483	
475	461	471	467	496	473	468	
481	479	474	492	495	498	464	
457	479	485	471	494	476	470	
481	483	491	487	457	492	454	
496	457	463	461	486	490	451	
476	498	492	475	478	472	484	
464	495	499	493	471	454	461	
469	488	461	459	497	474	470	
461	466	462	499	488	463	477	
484	475	481	491	461	472	498	
465	496	477	461	462	485	453	
460	473	485	466	457	487	454	
472	494	465	455	451	482	453	
483	461	487	481	452	463	451	
461	456	487	497	455	474	460	
480	490	473	476	479	456	485	
481	455	473	464	477	460	465	
459	451	488	460	456	473	477	
486	453	458	479	474	488	489	
494	458	462	460	470	455	487	
459	474	467	462	493	486	476	
480	465	472	451	482	484	474	
454	488	478	492	485	491	482	
468	464	480	453	482	485	452	
491	485	479	461	454	471	473	
485	478	495	458	471	465	476	
463	483	465	478	495	488	452	
474	472	486	496	450	466	494	
492	465	498	496	490	487	466	
487	481	488	471	483	473	495	
488	493	451	460	469	475	465	
479	483	463	457	451	454	496	
495	485	490	487	464	470	451	
453	490	460	484	489	456	462	
462	472	499	451	475	483	488	
474	454	457	459	475	453	496	
467	483	456	482	481	469	453	
1	7	33	39	19	17	11	28	
30	11	20	28	18	13	5	17	
0	12	30	33	43	29	32	6	
27	19	49	16	18	46	20	29	
42	19	15	5	35	13	48	21	
13	29	14	1	22	25	33	46	
39	43	3	31	49	14	6	10	
13	17	32	44	6	38	2	48	
26	37	7	14	32	13	31	28	
43	2	49	24	23	44	18	6	
30	22	12	18	47	41	5	46	
41	34	3	28	26	33	45	37	
5	15	8	37	7	2	28	45	
41	5	33	15	11	22	30	29	
9	33	24	4	38	16	6	48	
8	2	29	18	6	34	7	44	
18	39	48	1	46	42	40	36	
37	43	39	17	44	13	26	3	
6	14	24	38	11	37	21	4	
2	49	4	16	15	27	26	19	
9	23	49	0	36	48	10	2	
20	45	21	37	5	3	23	27	
31	13	25	33	17	3	7	20	
32	23	16	5	22	28	14	10	
7	20	10	14	5	25	41	1	
45	17	37	22	34	27	42	19	
29	25	3	48	27	32	30	17	
33	1	42	47	14	35	19	7	
25	40	27	3	45	1	10	46	
43	21	38	34	10	29	48	41	
48	34	8	9	47	44	37	29	
37	20	31	46	44	26	0	13	
24	11	44	46	3	1	9	28	
31	42	38	7	2	48	6	27	
13	7	43	47	44	14	36	42	
28	4	31	16	35	20	12	3	
48	22	19	25	7	32	21	18	
6	12	14	44	5	36	9	30	
23	44	10	28	13	20	36	19	
15	45	25	31	18	4	28	27	
20	33	14	48	28	10	36	22	
16	14	4	2	32	49	20	44	
16	27	28	31	29	4	32	19	
17	46	29	35	25	39	8	32	
27	15	44	23	2	7	1	24	
23	13	35	33	20	31	26	29	
38	49	34	4	24	5	25	26	
28	8	45	47	5	17	2	32	
26	18	35	38	46	25	31	5	
17	11	24	25	8	29	33	30	
80	98	81	78	67	51	76	58	
84	53	60	68	66	64	58	91	
84	66	97	98	88	95	82	59	
95	72	64	99	91	85	55	83	
99	61	65	52	88	71	83	57	
67	90	54	82	81	59	87	85	
83	88	82	61	90	86	76	77	
66	78	76	99	68	82	63	62	
69	81	82	96	63	89	92	76	
82	71	53	77	85	90	52	59	
79	99	72	59	92	94	95	64	
73	87	64	61	78	99	82	98	
86	50	95	71	85	77	90	93	
62	76	94	60	84	58	77	85	
89	68	52	84	60	73	51	86	
66	62	56	50	65	78	88	98	
90	83	84	72	68	65	60	82	
52	82	75	83	73	96	94	69	
68	78	60	56	81	71	79	96	
96	52	78	67	84	55	76	79	
99	70	88	62	84	85	83	69	
50	81	83	64	54	86	66	71	
85	53	75	74	59	91	54	71	
57	64	92	77	99	50	81	95	
70	94	98	85	76	89	77	68	
98	56	84	58	74	88	62	72	
59	95	82	51	50	64	53	57	
64	89	60	91	95	97	78	69	
59	96	90	67	71	77	85	74	
84	79	72	97	91	83	62	53	
83	51	66	53	55	81	88	65	
58	85	59	96	81	77	66	60	
76	74	87	78	98	63	51	69	
81	70	71	92	79	84	50	55	
66	75	56	72	60	85	84	89	
91	85	72	70	98	92	51	93	
91	76	59	57	72	87	92	53	
80	59	77	87	90	52	58	72	
93	72	62	99	90	54	63	64	
91	82	59	84	69	66	52	63	
77	62	54	69	73	93	60	87	
62	63	64	74	68	52	65	77	
51	70	83	67	78	55	79	77	
62	98	74	88	51	83	72	96	
69	88	82	57	59	58	70	81	
93	97	54	59	88	55	74	82	
96	52	54	98	90	55	79	77	
52	91	72	78	64	92	73	97	
65	55	90	93	87	59	85	94	
50	79	89	51	65	55	58	59	
119	118	137	102	110	105	100	123	
113	116	120	114	122	126	112	144	
113	108	111	100	142	149	145	138	
130	116	109	102	121	127	131	134	
105	141	100	115	124	102	110	104	
123	149	144	143	102	145	142	121	
101	124	143	139	120	103	122	105	
135	101	114	119	127	124	144	104	
102	148	146	118	124	130	131	125	
140	139	126	142	116	110	112	145	
144	117	147	104	143	101	105	146	
148	130	139	103	110	101	109	100	
145	104	128	102	124	114	109	146	
134	137	113	122	121	149	142	132	
101	136	131	143	149	145	105	117	
133	142	115	104	120	149	129	103	
105	121	134	138	102	146	114	126	
109	131	113	124	137	146	134	144	
109	135	133	127	104	147	138	137	
127	105	140	115	147	136	116	120	
102	123	106	144	128	121	105	131	
103	127	139	132	110	116	123	138	
133	144	127	115	116	103	130	120	
147	138	118	125	120	130	119	104	
104	125	142	114	115	105	123	113	
141	145	132	140	111	146	123	118	
121	138	111	132	108	135	117	114	
107	116	135	123	122	119	101	136	
134	129	110	113	123	148	140	122	
131	118	123	125	135	104	133	134	
133	102	115	142	145	136	116	122	
145	126	139	102	116	129	101	133	
127	100	120	134	142	115	104	110	
144	147	137	103	121	100	129	132	
149	101	147	144	140	129	110	108	
112	126	134	122	106	119	138	127	
121	149	123	110	128	135	148	132	
141	134	131	112	106	113	102	139	
119	103	112	122	127	111	143	117	
140	130	123	147	145	142	114	129	
132	138	136	145	112	119	115	106	
130	121	118	147	117	149	107	136	
131	121	104	134	105	116	117	100	
107	145	104	103	112	149	136	117	
141	129	140	113	120	123	127	106	
108	114	136	133	148	135	113	100	
124	113	100	138	141	148	135	111	
143	149	133	126	124	119	144	105	
108	103	140	117	142	147	130	136	
118	134	122	136	103	114	140	120	
151	155	191	178	166	173	182	172	
184	198	158	153	186	163	176	189	
177	161	153	176	191	194	184	197	
153	167	194	170	197	165	193	185	
191	161	153	181	164	183	157	151	
181	162	189	198	166	156	183	172	
163	166	187	184	172	167	177	180	
196	178	179	197	168	167	169	189	
189	161	167	187	171	195	184	173	
175	176	170	185	177	174	189	158	
171	165	174	158	190	191	159	198	
176	156	193	168	166	159	191	165	
169	150	174	172	182	191	168	181	
198	199	189	188	174	154	156	190	
167	185	174	180	154	199	191	160	
163	158	165	166	167	170	196	164	
171	179	191	182	164	167	163	187	
178	168	158	152	166	165	198	174	
192	195	158	170	176	186	175	194	
174	195	164	166	185	197	168	173	
169	170	172	154	162	185	190	188	
166	165	164	178	160	189	157	152	
152	182	185	188	173	164	156	169	
175	195	185	176	168	165	174	177	
171	189	157	190	197	159	168	151	
167	196	155	150	182	164	173	184	
153	182	168	174	196	173	167	165	
196	167	187	178	151	155	185	195	
166	196	160	179	154	185	169	163	
198	190	170	152	179	162	196	191	
169	198	180	190	159	158	184	175	
159	169	193	164	152	170	156	160	
196	193	168	185	165	159	199	177	
177	170	189	190	179	181	167	160	
189	179	186	164	194	178	152	159	
182	178	155	150	174	185	197	169	
185	176	158	178	156	193	177	183	
161	186	158	190	181	189	187	191	
172	161	157	167	195	178	169	187	
198	171	161	168	185	193	199	191	
151	196	181	192	161	157	191	197	
183	153	177	190	186	162	198	167	
195	177	161	182	178	184	154	153	
162	169	172	184	199	153	166	195	
182	175	177	193	160	195	161	170	
167	175	176	174	164	185	156	180	
154	179	183	176	180	157	186	168	
188	186	163	194	185	167	154	165	
181	166	182	190	173	171	154	179	
198	170	187	182	169	194	177	180	
235	209	206	231	210	223	217	246	
230	219	244	213	209	208	224	233	
214	231	246	213	241	224	244	228	
225	219	242	224	246	215	237	243	
218	231	213	226	228	225	220	242	
220	218	232	217	209	225	240	203	
247	239	203	208	207	226	218	228	
205	211	234	236	212	248	223	209	
236	207	218	210	247	221	212	233	
228	247	226	209	223	220	231	241	
245	239	202	235	236	243	248	247	
241	224	217	230	232	207	211	249	
232	233	207	223	247	245	235	227	
210	230	222	216	208	227	207	245	
210	217	214	225	215	247	244	206	
230	232	216	220	237	219	217	242	
235	202	244	234	242	232	248	213	
204	237	210	219	209	224	228	239	
231	247	203	230	241	246	240	245	
240	216	246	202	203	224	208	205	
239	249	238	223	202	236	245	231	
246	232	240	226	215	238	244	217	
221	246	228	230	245	206	226	202	
222	235	226	216	205	241	243	203	
244	231	215	247	218	224	223	246	
222	210	206	217	201	221	211	237	
239	226	224	216	242	200	244	241	
213	248	205	235	203	228	231	225	
242	211	212	239	216	207	248	214	
247	225	211	218	216	207	232	246	
242	244	224	243	207	247	227	236	
212	236	221	237	245	219	210	232	
211	201	240	223	238	221	226	233	
203	231	245	239	200	202	248	238	
218	209	238	229	239	231	205	227	
219	210	208	227	226	245	211	218	
234	244	228	209	215	212	235	246	
240	210	214	248	201	230	202	233	
225	217	235	240	231	244	222	237	
247	243	231	234	249	204	212	230	
226	239	208	222	229	234	241	237	
233	243	208	227	213	239	247	215	
247	240	248	211	245	226	243	228	
208	209	233	202	218	205	216	231	
216	238	246	230	201	245	218	229	
231	204	245	202	207	242	218	233	
210	227	246	203	247	207	206	225	
237	238	215	248	249	218	203	208	
212	242	209	247	202	216	235	210	
208	200	242	202	209	217	245	214	
281	252	297	277	295	250	299	259	
255	275	279	292	263	257	269	281	
271	280	275	283	267	278	286	250	
251	294	264	296	269	297	291	263	
261	260	258	252	250	253	256	276	
293	259	284	281	270	277	261	279	
277	271	268	270	280	274	260	255	
257	292	254	263	278	274	275	290	
275	291	295	264	262	257	290	297	
263	293	264	292	289	295	288	283	
289	288	250	299	268	277	278	252	
252	263	281	256	259	280	289	276	
271	277	293	257	279	295	253	291	
280	276	295	287	259	271	266	255	
280	275	269	284	265	292	274	270	
285	270	256	266	277	294	273	278	
272	257	268	274	298	295	294	251	
251	268	295	267	254	255	277	269	
259	274	272	278	263	297	270	292	
271	255	269	280	291	263	254	284	
259	281	288	269	278	264	274	265	
289	269	255	256	292	278	296	294	
250	263	296	262	279	298	272	265	
282	263	298	291	256	250	295	265	
275	255	267	260	278	296	252	285	
296	289	251	277	263	297	256	260	
289	265	277	297	259	268	266	273	
259	264	272	299	290	258	263	277	
276	252	280	286	277	288	262	253	
275	252	284	270	253	297	263	292	
272	254	291	252	263	261	264	289	
270	253	275	260	297	266	269	250	
288	261	265	269	296	287	255	298	
270	291	251	265	297	262	278	287	
289	286	253	272	251	281	262	250	
278	266	279	257	254	290	251	293	
287	253	299	263	262	260	281	275	
266	258	294	293	264	263	279	290	
261	260	271	290	294	263	267	278	
298	253	279	260	261	273	265	258	
293	299	257	261	264	256	275	259	
290	254	260	296	255	261	284	286	
288	269	270	273	283	262	280	253	
285	264	288	274	263	281	296	250	
275	255	285	289	294	274	263	259	
251	284	289	288	270	268	285	294	
286	257	254	263	270	272	275	268	
278	279	256	276	269	271	265	264	
259	287	298	263	252	281	279	257	
292	264	257	250	277	290	288	283	
313	306	310	322	317	348	333	320	
312	338	340	313	304	339	305	347	
346	344	347	301	322	340	309	304	
348	308	304	317	305	319	331	316	
312	341	309	328	303	346	314	342	
330	326	324	302	327	346	349	322	
323	344	336	334	314	318	322	301	
333	314	325	310	305	323	343	335	
318	320	328	308	333	332	324	334	
344	316	347	325	322	338	312	343	
343	349	304	333	324	318	311	309	
321	320	342	328	346	344	303	323	
325	323	328	303	319	344	308	305	
334	307	339	349	344	335	306	331	
301	335	332	349	322	333	319	304	
314	318	303	332	325	330	349	347	
332	302	340	337	347	323	300	326	
323	302	333	347	320	349	348	327	
316	310	339	307	329	314	334	306	
345	303	340	306	312	321	330	343	
344	339	331	340	328	333	330	335	
336	322	319	330	345	314	317	301	
302	344	321	322	332	327	343	346	
341	347	306	310	334	325	335	320	
337	334	330	345	335	319	341	313	
323	345	316	324	349	334	325	303	
336	342	330	309	304	308	341	301	
303	301	315	305	314	327	307	324	
346	320	313	305	342	301	336	349	
324	333	331	348	300	322	307	335	
330	311	343	308	342	320	324	309	
306	316	324	300	317	320	339	345	
345	306	342	325	304	336	314	327	
349	322	343	338	314	307	318	333	
321	322	312	309	336	305	333	314	
326	314	320	336	325	338	304	329	
329	305	335	318	309	323	332	304	
345	329	326	338	331	313	334	312	
345	310	322	339	323	320	342	309	
300	311	338	322	313	348	306	339	
301	315	307	333	328	310	318	314	
335	345	307	312	302	328	339	322	
306	317	321	323	339	309	327	341	
307	323	329	300	334	330	333	305	
302	346	314	319	312	315	327	341	
328	304	312	305	316	310	339	306	
340	304	303	313	311	315	328	314	
309	334	325	305	324	346	336	316	
345	309	348	320	343	312	319	338	
320	311	348	318	316	308	326	339	
384	396	372	375	373	393	350	365	
378	357	369	396	375	382	377	381	
393	397	374	380	370	383	392	362	
378	370	390	393	368	358	374	372	
359	363	367	356	383	386	353	364	
355	356	389	394	369	385	381	384	
359	389	362	369	396	374	356	376	
366	382	379	372	374	364	359	358	
385	354	390	369	373	368	374	371	
351	394	353	390	395	372	382	357	
395	356	393	391	392	394	388	374	
389	370	367	378	398	361	362	394	
398	360	355	376	354	361	378	387	
362	387	376	364	369	355	353	359	
364	376	382	397	360	399	377	385	
380	381	350	386	399	396	389	363	
350	361	378	392	380	355	386	373	
376	374	395	353	384	351	398	386	
365	374	366	398	357	351	362	373	
361	388	381	396	384	373	377	365	
357	355	392	370	354	371	360	397	
395	352	366	364	369	359	373	372	
351	382	399	395	374	357	375	393	
377	362	373	381	361	398	386	370	
372	355	388	383	360	369	374	390	
387	368	398	394	355	386	392	352	
398	365	366	352	392	384	380	397	
386	396	361	398	373	393	379	354	
397	374	360	359	390	356	377	355	
353	374	391	378	365	368	362	363	
352	365	385	358	354	393	396	376	
376	383	378	380	368	357	397	390	
399	369	358	350	383	351	388	395	
357	354	399	369	366	389	391	362	
388	351	390	393	377	357	396	368	
368	388	381	375	394	395	383	378	
369	394	359	379	390	354	384	395	
385	353	382	365	377	376	378	367	
356	359	390	365	380	361	369	385	
389	379	391	397	358	351	387	372	
399	366	394	387	392	361	364	356	
389	372	362	350	397	374	359	355	
397	377	367	388	356	368	372	352	
399	395	358	386	378	398	364	366	
372	367	360	361	369	379	358	377	
370	361	390	397	377	391	358	384	
394	397	383	387	398	374	350	362	
396	370	358	355	362	367	387	365	
358	370	373	380	371	393	379	361	
370	358	363	378	398	384	356	373	
426	439	445	402	430	441	404	442	
408	447	410	405	430	417	422	427	
430	417	441	435	400	416	446	413	
449	442	406	437	448	426	400	441	
438	406	404	446	427	411	423	412	
422	418	410	404	435	446	405	444	
402	417	446	422	419	430	415	421	
447	437	431	401	417	445	420	434	
426	437	440	417	415	429	448	414	
400	433	421	434	444	436	406	403	
437	448	415	442	411	441	446	426	
414	400	415	422	427	416	429	441	
423	432	442	434	428	407	401	426	
416	429	408	431	410	411	413	437	
429	415	418	407	441	406	449	448	
412	406	407	441	426	436	425	443	
433	439	436	419	405	423	422	417	
430	442	411	446	406	418	400	432	
407	439	412	424	405	403	441	436	
416	406	400	419	427	405	432	425	
415	425	410	418	429	445	447	428	
449	406	431	409	438	419	447	415	
423	414	426	404	432	448	439	417	
416	409	434	447	431	438	401	442	
408	444	401	433	435	403	419	421	
449	418	428	441	416	419	405	442	
425	434	448	405	430	443	411	408	
429	430	441	447	448	424	402	442	
414	400	437	440	447	412	430	411	
405	419	412	406	404	427	428	439	
444	419	409	407	426	440	411	404	
448	417	423	411	437	436	421	446	
409	438	416	447	402	436	445	418	
409	402	403	419	442	417	420	406	
434	415	403	402	404	424	444	405	
426	444	435	431	434	424	447	421	
426	425	400	422	407	434	428	448	
412	411	443	436	427	403	428	424	
423	403	424	406	400	432	445	413	
416	431	439	421	444	432	441	411	
433	446	448	443	402	407	429	422	
426	427	436	412	401	442	414	446	
431	448	423	400	436	418	415	437	
448	424	445	440	421	411	426	437	
426	428	422	402	430	431	418	429	
432	403	425	414	412	441	402	400	
435	434	413	423	402	417	422	442	
420	419	423	410	400	428	417	407	
411	437	440	439	413	429	428	401	
416	429	417	409	437	425	400	427	
490	484	478	494	498	458	455	466	
476	486	451	471	498	470	464	457	
483	476	473	470	478	498	479	491	
495	469	472	480	493	478	457	474	
453	476	496	477	459	485	478	497	
453	464	462	456	489	459	493	481	
482	477	451	496	452	495	476	481	
477	462	485	487	494	457	492	470	
490	498	477	491	450	499	479	453	
451	473	494	460	496	476	461	474	
478	458	482	475	450	477	459	495	
456	455	490	485	468	470	471	469	
459	461	455	482	489	474	480	453	
458	485	469	494	491	479	454	498	
456	497	458	499	453	486	452	472	
484	463	465	470	482	464	453	485	
481	483	473	497	474	454	476	465	
477	452	469	467	491	484	496	494	
455	491	452	494	473	488	475	470	
462	491	495	485	493	467	475	452	
481	492	485	497	463	493	476	490	
455	468	465	476	459	498	481	458	
497	493	458	488	451	472	474	457	
495	476	498	472	465	489	493	485	
480	476	450	453	458	486	462	468	
454	478	453	476	486	496	458	482	
483	488	458	465	462	499	469	453	
487	454	463	496	462	475	452	457	
489	450	477	480	466	488	475	492	
475	454	473	488	480	498	493	487	
487	462	481	466	491	497	468	460	
450	456	489	485	499	451	471	452	
452	465	470	492	479	487	485	455	
483	493	473	489	465	474	459	472	
498	450	468	467	493	464	470	497	
499	459	461	477	485	487	453	496	
489	463	467	484	451	479	466	460	
469	457	462	485	488	494	497	460	
474	481	467	499	451	493	457	453	
457	477	456	470	493	494	453	459	
476	466	478	452	497	458	455	494	
468	461	487	454	457	481	460	462	
469	475	455	452	489	494	465	485	
495	476	464	457	463	471	496	491	
471	473	464	493	474	460	451	453	
488	450	456	475	466	480	486	465	
461	456	482	494	481	480	459	496	
465	484	495	479	488	467	476	497	
463	494	461	465	482	477	459	485	
472	466	490	483	499	469	494	468	
312	337	473	
126	159	139	
460	281	63	
56	429	190	
56	207	186	
165	92	168	
109	100	234	
406	214	202	
137	172	475	
151	246	138	
225	440	396	
255	232	377	
12	259	276	
189	350	57	
403	192	267	
350	259	21	
261	463	222	
382	228	164	
160	61	350	
205	261	88	
150	450	351	
171	472	218	
210	149	439	
163	79	141	
228	232	450	
283	479	338	
498	386	162	
125	379	471	
420	110	267	
81	117	315	
33	419	455	
182	26	242	
150	467	23	
85	306	487	
497	404	89	
178	15	476	
455	139	101	
415	316	285	
255	0	388	
386	137	23	
166	17	337	
473	338	369	
207	357	409	
165	400	47	
167	9	271	
38	319	422	
66	28	387	
276	402	216	
19	443	316	
263	69	205	
175	480	344	
276	166	72	
137	213	484	
110	235	56	
152	166	357	
247	64	323	
329	431	15	
105	140	28	
281	199	343	
264	485	55	
179	420	335	
326	384	328	
71	253	475	
99	10	437	
60	11	74	
7	183	405	
434	141	249	
116	6	459	
365	79	106	
467	341	436	
122	416	229	
425	431	338	
323	291	429	
257	498	129	
448	74	10	
314	325	373	
400	353	62	
216	471	287	
37	90	274	
216	436	288	
240	85	441	
327	300	487	
69	487	22	
141	119	53	
339	344	455	
462	230	284	
4	102	292	
271	280	210	
171	173	66	
316	105	402	
180	255	124	
18	363	70	
345	448	274	
56	220	295	
60	121	234	
408	464	38	
390	479	132	
299	146	165	
104	128	490	
326	472	120	
262	206	65	
155	444	281	
423	471	195	
121	107	347	
367	221	127	
494	382	426	
267	439	315	
143	363	210	
118	400	340	
62	402	107	
385	307	110	
81	296	324	
38	258	366	
452	461	218	
487	183	360	
75	411	368	
487	225	154	
488	49	240	
1	325	19	
218	310	308	
380	459	299	
168	74	281	
41	77	372	
361	478	396	
195	14	404	
337	92	174	
171	271	247	
224	106	430	
89	419	271	
497	193	126	
358	170	36	
303	285	226	
139	459	24	
182	285	154	
437	491	285	
234	259	414	
487	162	421	
475	203	13	
401	113	340	
229	88	75	
324	146	159	
72	2	213	
417	155	250	
251	228	157	
408	277	54	
480	78	47	
38	52	230	
443	32	344	
197	207	220	
297	422	125	
232	396	173	
343	168	338	
124	465	344	
65	431	66	
299	240	170	
7	317	346	
47	489	258	
357	447	59	
238	287	46	
381	407	294	
83	308	2	
287	405	384	
453	109	0	
310	322	94	
264	472	297	
156	244	322	
128	61	77	
421	458	374	
392	464	412	
298	169	315	
151	253	408	
79	418	195	
465	98	109	
455	74	134	
256	231	77	
416	354	400	
45	120	335	
288	499	453	
325	384	153	
59	221	237	
207	18	139	
119	279	411	
220	461	214	
92	265	88	
223	400	327	
391	146	481	
473	138	100	
372	175	193	
278	83	395	
347	463	172	
287	115	156	
446	443	105	
74	340	235	
435	325	160	
344	485	370	
62	268	77	
313	0	477	
366	300	313	
487	403	306	
75	292	159	
451	103	335	206	
7	67	456	37	
186	472	254	470	
204	300	271	379	
145	267	149	337	
87	467	459	486	
84	366	386	44	
233	496	329	226	
326	403	432	352	
255	291	171	266	
166	52	131	371	
410	271	398	238	
369	17	333	325	
222	256	18	163	
224	362	258	322	
441	183	106	454	
92	135	70	338	
139	76	412	176	
233	280	440	178	
19	337	256	65	
279	86	377	423	
140	321	444	394	
239	2	8	119	
296	326	348	85	
161	402	118	47	
248	26	58	214	
311	417	72	469	
449	169	17	146	
412	153	109	144	
29	391	307	71	
488	330	291	456	
450	382	144	341	
50	460	337	217	
455	287	46	484	
373	194	498	399	
223	13	273	92	
207	109	384	362	
304	110	308	261	
303	142	484	9	
436	257	380	138	
366	156	229	111	
427	323	295	47	
374	309	326	190	
148	266	344	320	
358	167	488	127	
217	347	272	70	
133	303	458	258	
327	195	53	152	
221	415	266	4	
396	463	283	93	
134	250	319	324	
347	323	172	349	
195	52	148	136	
328	110	259	40	
210	300	251	294	
470	73	100	290	
355	121	199	438	
272	16	245	341	
6	349	266	375	
315	110	122	319	
266	259	482	120	
335	330	298	482	
180	169	487	285	
214	449	139	403	
81	116	196	277	
499	315	235	454	
63	27	471	476	
480	167	425	469	
324	120	247	429	
293	406	396	350	
167	84	326	389	
490	252	246	72	
352	347	360	89	
164	310	494	383	
242	285	480	416	
17	169	26	451	
134	212	488	381	
449	470	262	60	
119	339	99	71	
99	362	133	94	
254	467	11	16	
488	326	106	395	
3	224	190	333	
129	285	36	474	
326	467	335	231	
465	342	114	448	
108	309	310	238	
378	14	385	221	
96	137	56	404	
52	436	242	429	
328	190	149	293	
269	350	466	258	
185	24	302	459	
76	410	449	174	
400	497	305	322	
303	7	138	253	
463	171	278	19	
290	294	491	252	
216	292	231	78	
426	156	163	391	
133	87	461	25	
353	340	395	172	
340	186	367	262	
440	449	303	189	
366	408	401	58	
395	394	326	29	
416	457	486	459	
55	171	144	29	
291	114	58	497	
21	158	215	81	
225	392	18	107	
244	154	288	205	
475	262	178	455	
427	101	344	138	
150	234	109	5	
409	296	439	361	
3	98	30	451	
56	32	14	434	
319	292	391	180	
32	52	476	180	
338	159	479	150	
335	490	73	411	
491	486	354	277	
274	122	255	220	
78	302	224	299	
436	199	433	261	
119	286	200	242	
144	214	311	446	
268	413	437	289	
209	316	83	211	
419	299	200	210	
331	87	140	86	
70	292	118	370	
259	199	183	303	
94	113	420	465	
75	454	45	67	
129	441	370	48	
443	101	329	453	
416	110	33	308	
52	96	424	35	
339	29	496	320	
362	204	48	95	
32	7	140	394	
193	70	245	361	
386	447	163	366	
257	228	178	241	
105	218	64	151	
380	229	227	440	
8	215	202	444	
232	234	357	479	
338	34	157	261	
188	431	485	220	
245	32	396	174	
473	484	109	441	
406	162	301	423	
4	308	261	351	
109	419	461	217	
479	93	113	100	
358	165	102	312	
49	438	373	228	
378	109	220	419	
330	480	47	433	
40	429	87	142	
432	417	180	258	
152	247	460	119	
180	479	5	259	
255	224	170	25	
2	444	285	75	
22	361	234	343	
317	283	92	123	
142	415	197	412	
318	107	420	351	
245	194	307	319	
244	292	361	180	
471	386	62	401	
170	215	231	296	
116	327	411	100	
348	250	38	127	
117	50	420	221	
192	436	483	476	
275	89	308	95	
407	223	212	360	
26	295	446	32	
387	328	142	41	
167	262	392	136	
55	217	367	484	
220	134	401	207	
77	384	315	156	
122	266	206	450	
93	61	369	11	
400	18	411	271	
296	130	79	215	
408	160	83	65	
366	173	26	389	
146	131	366	10	
49	422	91	256	
244	161	349	267	
196	409	335	291	
250	88	373	61	
355	175	87	382	
495	344	494	144	209	
258	313	157	448	98	
360	301	64	175	202	
494	326	228	347	307	
250	433	92	227	151	
382	197	181	95	320	
137	262	88	149	121	
397	31	143	84	145	
278	354	82	432	182	
59	156	242	13	334	
95	406	6	388	54	
43	266	171	495	87	
53	305	77	217	463	
479	289	433	58	195	
298	309	283	99	320	
423	200	457	103	96	
214	193	378	152	333	
390	41	354	243	159	
182	498	235	142	379	
317	256	206	121	353	
213	52	472	291	179	
277	340	154	108	78	
333	97	303	396	21	
225	497	106	172	345	
125	367	334	47	200	
410	284	441	181	68	
48	45	342	186	397	
198	295	332	46	215	
75	417	391	109	460	
499	257	368	148	117	
70	277	156	248	127	
88	424	393	2	68	
105	343	460	138	15	
345	124	91	76	460	
407	426	132	90	288	
447	351	153	189	287	
241	35	363	188	86	
272	462	227	371	283	
190	176	185	104	131	
51	97	34	187	432	
479	320	143	224	381	
476	294	328	412	425	
119	454	39	286	243	
166	279	436	346	378	
208	378	59	434	253	
395	66	293	103	324	
344	41	62	93	422	
182	138	115	27	244	
265	68	218	403	206	
55	132	98	12	479	
257	215	214	443	38	
390	140	358	468	23	
375	306	454	353	307	
145	72	285	21	251	
212	299	183	4	399	
331	337	40	451	176	
192	488	492	13	159	
440	470	158	190	221	
406	384	104	388	179	
10	28	154	380	350	
470	300	17	247	61	
215	256	330	25	274	
459	182	483	436	90	
443	127	346	341	396	
262	24	477	68	77	
176	15	437	41	446	
440	411	360	450	293	
497	53	0	301	348	
19	173	454	218	17	
158	302	128	413	240	
7	207	408	464	247	
477	88	122	250	360	
451	10	171	308	165	
269	257	211	342	271	
7	18	200	405	120	
186	441	21	468	15	
398	319	376	33	337	
302	339	370	233	466	
93	156	80	355	347	
495	36	54	362	472	
136	427	146	46	352	
131	396	385	105	291	
74	330	319	272	499	
4	50	61	443	422	
489	26	0	369	213	
265	476	76	388	486	
88	43	285	105	479	
396	8	422	301	139	
292	99	377	447	8	
124	360	174	359	211	
411	31	329	174	107	
215	55	319	231	0	
395	33	132	418	415	
263	416	435	98	472	
443	238	215	480	191	
410	236	111	26	1	
236	397	0	145	311	
224	105	288	427	382	
83	137	412	249	405	
120	344	116	96	354	
306	439	258	152	466	
129	37	250	62	13	
345	10	363	307	366	
428	371	260	277	41	
23	315	218	28	306	
181	301	328	484	280	
225	145	158	138	122	
228	227	242	397	68	
333	95	424	188	426	
225	17	294	318	471	
87	96	101	112	58	
390	356	39	393	304	
93	286	71	43	366	
206	81	200	378	268	
458	326	429	265	130	
46	76	333	495	274	
408	423	323	262	200	
497	266	300	97	416	
38	138	12	194	472	
209	161	16	490	324	
295	184	198	36	220	
440	206	223	37	14	
17	119	192	195	292	
182	63	477	471	312	
16	130	1	308	23	
148	296	134	175	2	
468	131	257	369	130	
57	291	133	317	156	
42	31	219	388	124	
281	22	207	104	14	
214	369	493	227	152	
367	484	261	22	138	
11	387	489	38	264	
16	199	348	191	415	
157	39	113	86	485	
300	294	155	203	360	
12	56	199	10	219	
57	125	374	39	232	
134	107	373	256	49	
274	173	41	481	200	
173	246	437	254	300	
303	352	357	5	17	
6	119	377	112	183	
4	81	98	248	434	
383	60	70	49	176	
498	421	101	95	29	
225	95	475	348	143	
469	379	130	121	129	
326	75	310	345	257	
115	119	108	409	72	
34	250	312	168	438	
399	499	206	60	207	
196	238	439	457	294	
23	263	419	292	55	
0	350	322	259	140	
245	472	154	305	410	
353	499	285	282	158	
174	259	97	263	364	
342	83	412	219	463	
19	408	371	395	470	
439	40	233	375	215	
143	425	199	222	130	
215	163	22	347	250	
264	195	430	21	114	
98	347	391	371	169	
272	404	411	5	204	
79	300	267	14	371	
274	145	116	87	245	
177	493	283	315	420	
414	142	190	43	411	
279	489	19	373	242	
5	111	96	272	40	
376	263	368	137	428	
398	372	179	41	268	
38	151	495	163	174	
436	164	348	242	144	
438	125	492	317	306	
63	451	159	258	161	
63	475	481	253	74	
348	192	283	447	322	
429	35	118	157	383	
258	13	190	323	128	
229	44	3	284	278	
220	29	411	423	81	
446	389	455	261	64	
350	406	164	133	362	
181	391	68	12	93	
263	377	197	473	313	
354	480	197	24	171	
182	68	33	129	397	
64	490	42	475	274	
394	305	266	68	263	
318	126	23	264	415	
202	152	287	330	130	
220	118	109	446	127	
266	463	169	396	114	
394	434	277	472	136	
256	374	494	298	244	
143	409	221	114	447	
132	253	88	30	185	
