5	6	17	26	3	48	
23	12	22	18	29	24	
25	43	14	17	4	45	
47	49	5	25	19	11	
24	42	26	41	48	4	
41	26	42	37	48	22	
3	5	34	7	18	30	
25	42	48	37	31	33	
21	0	8	20	24	12	
12	33	23	29	8	31	
36	5	26	40	19	43	
49	5	19	15	31	47	
0	12	16	37	42	35	
32	23	10	9	22	2	
4	48	22	45	29	21	
45	4	44	19	11	13	
20	12	27	25	42	49	
35	48	27	28	49	33	
17	46	35	49	7	40	
10	31	21	4	18	48	
33	14	30	36	47	29	
4	0	43	18	7	25	
47	49	45	40	6	9	
13	15	33	25	36	21	
11	22	18	41	23	7	
45	43	44	18	46	8	
48	33	20	12	32	36	
9	46	5	8	4	12	
6	47	42	38	39	45	
44	45	22	38	5	26	
34	6	35	2	4	46	
45	8	20	18	21	44	
4	12	39	49	20	0	
48	43	20	29	46	8	
18	38	44	5	42	33	
5	13	12	42	41	26	
37	27	33	25	5	30	
32	35	5	2	3	49	
0	4	37	6	39	11	
27	24	35	36	4	39	
40	28	46	37	15	30	
14	12	47	21	13	6	
38	16	27	8	0	5	
46	28	44	39	34	11	
9	42	1	34	16	10	
30	1	17	36	42	14	
0	49	13	2	7	33	
46	40	41	16	18	37	
2	18	26	0	8	36	
12	6	4	14	36	2	
98	69	92	71	86	56	
52	65	54	62	91	75	
58	84	81	52	69	77	
74	52	98	60	78	72	
65	56	72	76	89	90	
65	80	95	59	50	96	
54	79	59	57	97	77	
80	85	52	63	60	68	
54	81	58	78	60	51	
95	76	67	93	83	60	
50	85	88	98	65	75	
70	77	74	83	53	51	
90	98	71	69	52	70	
86	69	87	96	64	59	
80	77	99	58	61	94	
85	82	86	87	93	56	
76	53	56	65	86	70	
66	91	68	89	55	78	
72	94	93	55	54	88	
66	93	75	56	85	73	
95	54	64	57	86	58	
80	77	88	68	54	63	
75	54	63	78	95	67	
66	63	95	98	59	69	
62	56	77	63	72	78	
73	59	66	87	56	72	
67	75	54	96	83	76	
71	83	88	95	82	89	
87	64	56	70	57	73	
64	59	92	52	96	51	
96	68	65	76	66	63	
78	88	81	70	87	99	
58	56	91	88	95	98	
78	67	53	50	62	72	
57	95	88	64	94	59	
98	56	58	83	93	90	
69	88	56	93	62	92	
88	57	55	81	60	52	
90	65	52	78	66	86	
83	54	90	69	65	59	
96	84	62	60	74	85	
81	54	53	51	82	52	
64	93	52	89	65	99	
55	85	73	70	83	98	
78	67	98	53	71	51	
95	96	74	52	50	69	
62	95	73	92	64	76	
79	72	55	59	62	88	
81	95	59	83	50	62	
57	51	77	71	50	85	
131	120	148	101	104	113	
119	112	109	149	106	121	
131	117	143	111	100	112	
142	120	108	118	148	144	
137	106	146	109	117	129	
141	114	124	139	112	147	
134	117	123	141	109	137	
118	139	114	134	116	107	
118	106	138	146	102	114	
140	112	130	119	128	139	
130	142	144	108	137	146	
121	105	117	132	136	119	
145	129	113	149	139	144	
120	110	104	102	114	144	
119	113	116	138	120	104	
110	101	138	137	104	125	
124	136	100	148	130	140	
144	107	105	104	145	124	
111	148	107	135	141	139	
105	138	139	112	122	100	
148	113	130	142	137	114	
134	132	108	115	119	136	
104	118	115	146	101	127	
104	132	146	116	117	144	
140	117	131	134	138	124	
126	124	113	119	135	146	
138	115	128	148	139	108	
114	138	101	127	130	111	
138	131	149	129	112	118	
119	100	118	125	109	105	
114	136	102	112	142	141	
148	101	128	107	104	131	
115	129	131	118	134	104	
102	103	119	101	144	107	
106	119	105	146	147	135	
118	146	143	144	113	132	
140	127	130	126	121	106	
112	128	103	145	114	106	
146	117	114	120	148	108	
108	149	105	114	101	111	
112	113	130	136	122	146	
107	123	136	129	139	143	
121	111	141	139	136	101	
121	110	138	134	100	120	
139	130	102	104	147	138	
116	136	138	125	110	149	
143	107	133	114	147	100	
132	133	140	108	116	129	
128	136	129	101	100	119	
109	126	144	148	102	106	
186	191	182	179	197	190	
190	170	167	158	183	155	
194	195	191	161	186	180	
171	151	190	181	172	182	
180	157	176	196	158	150	
181	150	199	178	160	192	
161	174	157	168	193	160	
164	152	151	162	155	157	
166	183	185	172	198	169	
174	195	198	164	192	199	
195	170	180	169	178	194	
192	187	177	199	157	181	
168	171	184	176	185	154	
170	171	186	189	160	187	
160	189	178	168	191	150	
160	185	194	190	188	177	
151	184	178	161	195	188	
154	160	181	170	174	184	
174	168	167	189	193	153	
185	195	153	164	152	170	
179	165	155	177	197	172	
199	194	168	170	167	156	
159	152	184	153	177	151	
153	196	182	160	169	154	
161	193	188	150	178	184	
180	188	199	177	193	169	
192	151	157	160	152	173	
160	181	158	159	173	174	
180	183	165	159	181	176	
155	189	185	187	184	167	
161	153	186	184	181	150	
191	163	168	150	162	167	
170	158	180	185	195	159	
167	156	152	172	190	175	
150	197	161	175	170	153	
153	189	195	158	174	196	
150	174	167	152	186	161	
172	199	162	180	182	187	
185	198	157	199	155	167	
168	186	189	173	152	166	
195	189	160	164	171	172	
160	169	157	168	156	164	
181	156	178	163	171	187	
186	189	180	179	164	156	
194	192	188	163	162	171	
184	183	195	193	181	196	
197	179	171	169	161	177	
186	163	172	175	184	150	
172	198	178	152	165	177	
170	160	194	189	187	176	
230	205	235	202	219	233	
221	244	217	210	200	240	
204	223	207	203	238	234	
249	224	225	240	239	211	
222	241	232	249	223	229	
244	211	236	245	205	235	
210	222	204	234	213	211	
205	204	219	231	230	210	
243	233	218	201	212	249	
224	234	204	245	230	211	
246	233	212	225	228	243	
234	246	231	223	226	205	
249	234	229	203	204	248	
236	241	205	213	200	211	
217	215	226	224	229	209	
221	201	230	228	218	215	
210	222	220	248	221	231	
230	228	247	229	210	242	
230	239	236	205	204	226	
204	249	242	214	230	237	
229	226	242	247	244	208	
224	225	235	248	229	223	
206	238	243	231	213	224	
237	202	207	211	244	247	
225	224	248	236	240	219	
238	208	200	215	217	209	
215	216	226	245	233	240	
227	231	220	233	240	247	
214	205	243	232	247	220	
230	227	200	212	208	213	
231	226	240	248	227	241	
211	203	242	215	236	207	
241	235	226	205	232	214	
217	241	203	202	246	236	
245	242	212	238	230	225	
217	247	237	242	224	235	
234	208	207	220	248	204	
211	209	240	205	218	232	
213	247	217	230	228	235	
235	241	224	240	213	232	
234	213	237	204	207	210	
234	217	239	201	215	243	
215	228	222	246	217	221	
202	231	207	219	208	245	
218	230	200	239	216	248	
229	237	214	212	232	216	
245	208	218	249	238	202	
207	235	219	236	225	201	
214	216	222	230	221	202	
220	202	230	219	231	236	
251	285	298	261	262	279	
270	263	286	281	285	278	
252	278	274	279	271	253	
276	280	262	257	264	282	
276	279	271	299	288	266	
277	284	273	278	253	280	
284	266	283	297	299	276	
252	283	275	263	287	260	
278	296	273	267	282	290	
256	281	274	288	252	267	
278	255	257	294	283	271	
281	285	288	259	250	282	
260	271	250	276	257	291	
283	264	274	293	262	261	
279	258	278	255	267	256	
258	266	284	255	268	293	
254	297	287	292	281	274	
281	267	273	259	299	251	
273	266	292	263	294	267	
298	291	251	273	284	277	
287	262	290	258	278	270	
262	299	269	251	282	281	
279	274	269	281	259	283	
284	273	290	262	299	268	
296	250	263	261	254	256	
259	261	290	262	264	280	
294	253	260	292	262	299	
253	287	285	295	286	275	
262	286	271	291	274	268	
299	287	282	253	277	272	
257	263	293	270	258	298	
297	254	275	270	295	263	
251	284	295	287	282	298	
261	281	293	292	255	251	
269	276	283	253	298	255	
269	282	262	286	285	278	
266	286	251	290	271	269	
259	293	281	291	252	263	
267	288	285	250	279	273	
269	260	275	279	293	276	
256	262	273	291	255	251	
268	283	297	255	291	296	
264	280	262	251	265	292	
278	272	281	253	259	299	
250	255	261	277	298	265	
296	289	280	256	271	252	
274	261	256	275	285	267	
287	280	257	254	297	259	
279	281	284	252	259	261	
284	260	259	277	291	297	
333	306	324	340	311	304	
307	327	326	332	346	305	
308	322	341	330	324	334	
336	335	340	313	310	302	
315	336	314	341	305	303	
332	346	337	312	322	320	
343	325	330	324	322	308	
306	303	309	317	341	315	
325	304	314	302	313	320	
343	328	304	322	309	347	
320	345	309	328	312	304	
301	302	303	304	316	346	
325	322	323	317	329	303	
306	320	301	321	338	307	
332	321	327	310	335	323	
341	327	310	321	303	301	
310	326	302	309	305	314	
344	341	336	328	331	343	
344	302	309	311	317	316	
316	344	338	313	311	317	
330	326	315	346	305	300	
344	331	341	303	337	321	
333	320	307	325	331	300	
328	347	310	317	301	320	
306	320	331	348	346	349	
322	313	311	312	304	326	
342	332	311	304	300	317	
314	328	339	311	308	340	
321	302	337	329	312	339	
316	320	338	315	304	309	
309	343	332	327	335	308	
347	315	316	342	334	325	
308	310	333	345	329	331	
320	317	306	324	318	325	
330	318	336	326	301	349	
348	305	300	345	302	307	
349	328	312	326	305	325	
339	322	304	331	301	337	
334	336	329	301	314	327	
339	304	343	328	331	332	
310	309	314	340	301	330	
320	349	326	305	347	325	
317	328	316	341	349	326	
312	338	316	334	324	318	
323	335	331	318	333	312	
315	311	331	322	308	337	
311	333	345	339	309	322	
324	332	306	340	345	325	
336	302	328	322	326	311	
323	335	339	341	320	313	
392	391	370	396	379	364	
372	350	393	396	387	369	
362	388	381	392	356	350	
387	374	351	379	391	375	
371	357	399	380	358	393	
351	359	374	371	350	375	
378	372	362	387	383	389	
360	389	353	388	373	357	
356	397	391	386	361	368	
383	392	381	365	382	360	
373	368	377	396	354	384	
389	355	358	367	391	385	
395	396	399	397	359	384	
358	399	391	370	365	393	
391	354	377	361	364	392	
355	399	389	390	350	368	
373	384	396	392	383	350	
357	389	367	382	366	394	
367	390	372	382	356	379	
388	367	389	379	354	377	
358	360	390	377	362	384	
393	355	391	384	388	368	
392	398	390	389	386	380	
395	356	381	375	368	350	
383	394	391	367	354	398	
355	358	366	399	376	382	
369	351	379	361	354	371	
363	355	364	352	384	369	
366	382	352	384	370	371	
383	371	384	399	387	390	
352	394	397	357	379	370	
390	382	397	377	378	387	
368	383	396	380	395	355	
351	368	389	354	385	358	
369	351	357	356	366	392	
393	376	390	356	355	368	
394	355	368	371	390	398	
383	378	392	386	396	360	
388	357	356	391	369	361	
371	385	393	386	370	395	
388	383	357	377	390	371	
393	378	386	351	372	381	
383	385	392	382	378	399	
374	386	390	354	392	384	
376	383	350	370	373	396	
364	366	369	388	392	375	
376	382	364	389	373	384	
381	365	382	387	353	373	
398	378	383	387	363	358	
358	362	380	364	353	386	
438	445	429	405	435	400	
421	417	401	425	435	402	
405	425	412	413	404	408	
423	440	448	431	449	403	
434	424	446	431	439	409	
408	445	406	433	402	437	
437	401	419	445	442	402	
406	419	448	402	424	431	
401	444	422	445	448	443	
420	445	424	431	402	432	
448	441	440	422	434	413	
423	443	417	425	428	407	
430	418	443	432	414	449	
425	410	435	408	407	416	
430	432	435	425	402	406	
431	403	406	444	408	411	
438	432	447	431	444	401	
405	418	425	443	428	406	
408	410	437	401	400	420	
433	437	428	425	406	431	
427	434	442	435	432	421	
413	432	434	439	440	407	
444	422	439	446	411	449	
414	432	448	420	416	441	
437	423	412	432	447	426	
443	440	406	407	435	423	
446	439	416	423	431	443	
403	425	435	406	427	429	
402	443	417	415	441	447	
422	417	426	420	425	449	
425	413	408	417	400	447	
448	445	444	422	424	405	
430	427	426	403	405	417	
402	443	432	401	403	448	
429	423	436	400	435	416	
410	417	407	402	434	401	
441	400	442	423	410	405	
437	427	447	438	428	421	
408	412	442	418	422	401	
442	423	408	419	426	422	
419	441	424	428	440	426	
433	409	408	435	419	403	
409	422	426	406	448	419	
442	406	425	431	403	432	
449	428	440	439	416	430	
420	422	417	415	408	400	
415	400	423	435	434	442	
419	417	407	409	402	439	
424	427	429	422	434	446	
429	448	438	442	435	422	
475	498	451	477	472	489	
469	484	483	480	497	474	
478	491	488	489	474	498	
462	475	471	499	487	452	
469	477	493	475	452	465	
491	482	478	480	468	474	
454	465	479	452	466	457	
452	484	470	480	458	459	
467	458	485	457	472	473	
477	466	455	498	494	487	
495	456	459	455	496	469	
479	470	494	471	497	476	
485	470	489	493	487	478	
463	498	479	492	499	459	
497	466	498	481	479	454	
451	496	491	460	468	476	
499	472	455	478	467	457	
495	468	469	497	454	455	
453	477	493	494	463	486	
494	498	484	499	464	455	
491	474	467	478	457	465	
489	463	488	479	472	455	
450	453	467	455	491	494	
486	460	458	454	468	482	
482	486	483	460	450	478	
470	468	465	454	462	456	
451	478	466	455	482	452	
470	478	496	469	455	484	
480	470	469	489	461	458	
478	482	480	467	460	490	
492	472	455	456	452	488	
459	470	450	461	480	490	
494	452	456	489	460	453	
450	499	469	455	466	471	
472	486	466	476	452	471	
473	459	466	491	454	492	
490	450	492	485	480	497	
473	474	455	466	495	467	
475	473	464	466	454	480	
488	465	464	459	470	469	
475	497	451	476	489	491	
484	495	470	488	485	465	
461	488	491	489	453	456	
457	460	488	468	470	464	
451	482	499	466	456	493	
454	469	461	479	456	488	
462	475	481	470	452	454	
465	452	487	499	466	470	
457	458	452	497	461	489	
495	483	477	460	496	484	
39	37	17	27	5	40	26	
20	48	24	1	14	38	21	
36	3	0	49	19	26	7	
26	49	4	45	22	39	13	
42	32	3	26	37	38	47	
14	20	18	6	5	15	44	
42	37	6	1	0	24	28	
36	39	44	26	18	37	46	
43	4	3	5	34	9	6	
37	16	21	1	3	30	36	
21	43	23	37	1	47	17	
28	3	29	42	25	11	15	
17	38	37	23	10	49	5	
8	41	42	2	30	0	28	
6	2	7	39	42	0	31	
24	29	37	20	33	7	23	
16	12	45	32	44	34	28	
7	49	34	47	43	13	44	
22	36	45	24	19	46	28	
6	21	39	49	8	28	3	
27	8	23	47	11	10	3	
18	40	19	12	45	13	25	
23	38	19	48	26	47	41	
27	41	8	18	48	40	28	
41	34	30	32	1	13	28	
22	12	40	5	4	17	46	
3	8	44	5	45	1	0	
11	21	35	34	43	45	1	
22	19	11	18	17	25	24	
11	32	37	22	20	45	10	
35	20	33	32	22	47	1	
2	12	31	28	13	29	37	
18	45	24	48	47	14	20	
44	10	3	18	45	21	29	
43	35	1	33	17	29	24	
10	16	39	33	7	6	38	
48	7	16	23	13	45	0	
21	29	35	0	16	22	5	
20	13	0	1	15	21	32	
36	40	42	21	8	11	32	
29	18	24	16	7	21	13	
3	38	19	39	16	17	2	
44	36	40	25	18	49	37	
45	3	10	42	24	26	22	
7	23	43	24	13	49	18	
40	33	38	15	32	19	18	
10	31	42	12	19	11	1	
45	20	44	26	41	5	7	
34	45	14	3	40	32	37	
37	16	32	7	12	8	10	
96	69	70	73	75	84	92	
77	95	74	50	62	86	65	
96	63	62	99	55	77	68	
93	58	78	86	55	81	85	
63	56	67	89	68	80	79	
68	56	96	61	73	99	52	
97	62	98	93	87	86	58	
85	58	90	62	92	69	98	
72	76	67	51	85	90	64	
70	78	77	96	87	51	75	
64	81	62	76	77	52	97	
90	70	63	62	55	94	60	
77	68	76	70	92	90	67	
85	62	63	95	99	82	61	
73	66	89	99	91	61	62	
84	74	52	66	83	91	88	
73	58	74	88	57	68	63	
94	98	77	73	92	72	64	
54	85	70	52	67	64	75	
80	75	88	68	58	74	98	
83	76	97	88	74	65	72	
56	54	82	76	88	51	89	
55	95	51	65	84	75	82	
82	62	83	92	74	67	78	
61	66	81	98	67	62	64	
72	58	65	53	68	56	76	
78	91	52	60	80	87	55	
52	77	70	73	53	83	92	
64	97	69	94	88	87	51	
55	76	78	72	70	61	66	
81	67	68	64	79	88	83	
75	72	70	64	98	56	65	
50	51	91	92	87	84	78	
62	92	57	86	95	64	54	
84	52	60	90	55	65	86	
73	93	95	63	52	72	88	
84	99	59	81	58	67	51	
98	71	76	94	77	75	90	
55	53	78	71	96	94	84	
79	53	52	95	93	91	68	
77	89	81	73	68	92	93	
71	76	85	50	90	58	78	
85	51	50	76	53	65	72	
52	57	66	68	69	78	74	
62	61	78	82	66	88	60	
91	97	93	58	54	92	94	
57	84	86	54	59	92	90	
52	64	85	68	98	60	79	
86	96	60	77	72	55	79	
81	71	87	56	88	75	91	
134	127	100	115	130	126	104	
120	121	100	115	135	145	148	
113	110	147	144	122	107	100	
107	138	101	111	108	129	122	
105	141	112	139	102	117	140	
103	123	107	119	111	109	124	
125	148	110	118	104	147	138	
131	101	125	103	132	119	114	
110	105	145	149	107	120	122	
121	133	120	123	144	129	148	
143	130	140	124	102	144	149	
125	119	130	121	143	128	141	
116	140	125	138	134	139	117	
114	122	135	113	107	119	130	
144	146	125	145	131	122	121	
119	109	137	149	114	147	145	
149	145	109	102	111	148	114	
120	128	122	121	145	100	124	
117	118	144	141	116	105	143	
133	110	102	116	145	104	109	
120	125	130	107	127	110	128	
142	101	107	111	149	128	110	
114	118	137	100	119	125	138	
134	123	131	116	111	120	130	
122	111	110	140	106	142	103	
113	146	126	122	103	116	148	
127	134	100	146	117	136	104	
143	118	108	133	101	117	139	
107	120	124	135	123	117	144	
112	113	125	105	108	117	146	
113	112	105	110	103	139	129	
120	101	133	131	118	105	106	
141	118	126	109	107	116	132	
109	146	118	105	117	121	129	
139	145	112	119	103	118	131	
116	124	131	102	135	105	136	
120	136	129	119	118	143	128	
143	119	149	107	131	111	144	
101	111	107	128	143	106	138	
128	130	107	127	132	106	116	
126	120	130	127	125	128	147	
116	133	111	128	107	142	125	
129	115	104	111	106	145	142	
134	126	130	148	147	133	119	
144	127	110	143	130	103	106	
126	136	111	124	106	143	128	
135	107	122	101	149	102	106	
112	134	136	115	104	131	111	
141	114	123	120	115	121	110	
122	106	133	126	140	121	134	
182	189	160	157	176	150	175	
191	173	180	181	175	194	157	
188	190	152	199	170	165	197	
184	176	189	152	168	161	164	
173	156	195	163	172	178	177	
184	166	151	187	168	186	179	
190	175	181	185	173	169	152	
163	192	150	194	178	195	169	
163	184	194	192	152	170	172	
163	162	157	191	156	168	193	
173	172	197	182	180	179	181	
161	189	178	190	171	194	168	
152	180	182	166	191	184	199	
199	170	198	173	164	183	150	
178	171	168	174	155	173	186	
180	198	187	167	177	161	152	
183	197	189	187	188	174	157	
177	162	176	150	188	185	174	
154	166	181	164	196	156	172	
178	159	193	171	161	187	168	
182	188	161	190	195	192	183	
160	151	165	193	164	184	172	
167	197	158	199	172	198	177	
150	170	198	189	192	164	176	
184	176	186	155	188	198	170	
167	191	175	181	173	157	168	
178	195	161	189	154	176	199	
158	161	166	160	173	181	170	
156	170	159	186	153	151	198	
159	177	187	153	163	180	161	
159	177	156	163	192	150	151	
163	182	153	183	174	155	150	
169	162	182	152	189	161	199	
182	191	150	180	170	195	190	
174	164	187	158	162	179	178	
184	154	155	157	156	150	152	
178	163	160	167	174	181	179	
194	182	159	160	198	179	174	
184	198	197	176	174	179	161	
183	197	194	172	166	187	192	
185	171	196	164	157	187	180	
180	158	182	190	176	168	164	
196	176	172	174	194	162	163	
183	182	165	177	161	168	158	
190	150	195	157	183	199	182	
155	167	160	183	170	199	151	
176	157	150	195	182	166	162	
193	195	165	156	186	185	194	
191	192	189	193	190	163	166	
182	199	175	194	174	159	151	
233	226	217	220	219	209	207	
206	234	226	241	245	248	201	
232	213	239	215	217	218	210	
208	234	212	227	201	205	242	
227	200	223	236	224	221	246	
211	205	201	209	241	220	229	
214	248	223	206	244	229	238	
243	241	247	249	215	207	202	
217	207	223	246	226	215	245	
221	214	207	229	247	205	240	
235	232	245	207	231	238	211	
243	219	231	232	241	234	242	
243	216	232	205	224	215	217	
215	235	213	208	229	238	201	
229	209	244	238	220	237	249	
223	215	230	246	210	214	218	
207	236	234	200	235	224	218	
237	208	228	210	200	218	211	
206	246	205	213	214	232	204	
206	212	231	241	201	203	249	
222	203	225	217	235	240	205	
235	218	228	201	223	206	210	
245	237	246	209	217	222	204	
219	218	212	249	234	213	215	
246	223	213	236	221	214	243	
245	235	205	209	206	211	247	
200	202	249	213	204	244	211	
219	207	204	226	211	224	217	
209	216	237	207	233	222	243	
205	224	232	202	201	236	207	
205	246	241	204	236	216	225	
230	220	244	243	228	219	235	
216	208	225	236	203	226	221	
221	205	248	238	239	207	222	
235	202	223	205	216	204	225	
249	221	245	220	222	227	230	
227	229	247	249	204	217	233	
212	233	239	224	229	228	210	
221	241	249	212	213	234	224	
232	224	229	233	213	219	245	
202	244	211	225	209	215	228	
226	227	205	237	220	243	221	
210	244	220	216	239	212	209	
221	231	238	246	235	210	226	
241	221	216	215	218	232	209	
212	207	241	246	225	227	237	
218	202	225	211	236	244	222	
221	247	204	240	201	200	223	
249	236	207	240	217	232	213	
225	204	247	214	203	207	202	
289	254	255	268	292	270	258	
290	250	276	284	278	297	286	
263	299	251	257	288	280	286	
262	261	289	283	272	275	298	
279	289	276	282	253	280	261	
262	266	293	257	284	290	258	
267	297	287	257	270	282	288	
270	251	262	287	260	269	293	
286	275	294	258	299	272	276	
299	274	252	283	264	279	254	
287	273	285	284	294	269	275	
270	267	265	283	264	255	252	
297	290	279	272	270	263	276	
273	282	275	288	250	280	254	
296	251	274	259	294	262	250	
284	261	286	260	268	250	273	
264	269	287	252	293	276	277	
256	279	272	276	273	253	252	
290	284	278	257	287	277	265	
283	271	288	279	264	266	254	
263	288	255	280	251	259	264	
266	287	279	296	270	252	285	
298	282	299	270	297	278	290	
278	259	272	264	269	282	296	
264	272	275	285	284	279	292	
255	251	294	268	261	295	278	
272	250	256	261	281	283	298	
275	282	261	288	290	297	263	
293	272	292	267	289	283	268	
284	293	268	294	273	256	277	
280	266	293	258	294	256	252	
262	275	290	269	297	286	278	
298	277	297	276	278	292	293	
251	278	291	265	293	288	263	
252	258	299	273	255	282	253	
254	285	283	292	271	296	250	
269	274	288	279	281	289	284	
287	258	252	274	250	280	268	
253	256	292	262	263	252	261	
263	295	287	284	278	277	274	
262	267	257	256	299	287	282	
291	294	297	289	275	266	267	
255	256	270	264	286	275	298	
286	277	295	253	293	278	272	
254	298	250	286	279	273	259	
264	282	260	267	261	292	265	
283	292	271	267	280	262	263	
276	273	281	253	293	286	283	
287	270	271	267	294	276	263	
274	286	290	282	278	298	271	
344	319	322	337	345	336	313	
341	343	300	335	302	323	342	
347	301	300	320	327	318	330	
347	349	319	323	345	322	305	
333	346	344	316	335	328	322	
342	337	336	334	304	346	344	
303	345	305	311	319	330	331	
309	313	324	308	337	348	349	
340	307	309	306	319	318	336	
320	340	332	314	325	327	333	
302	310	347	324	314	346	326	
302	336	326	345	303	344	305	
333	309	301	323	332	314	346	
339	340	345	315	326	346	311	
309	303	331	329	306	337	346	
334	301	329	341	343	344	308	
332	322	311	343	335	316	307	
336	301	300	303	306	327	332	
316	329	301	327	332	318	340	
304	305	338	302	300	339	342	
327	324	308	303	302	314	326	
337	324	322	344	340	305	315	
344	314	326	348	300	310	305	
305	321	330	344	319	320	334	
342	314	336	310	332	306	329	
309	310	314	322	324	311	302	
329	348	320	300	306	349	324	
318	345	309	331	300	333	340	
320	324	334	343	330	314	305	
342	319	301	329	346	339	311	
303	313	344	334	323	306	333	
347	341	310	303	343	301	311	
341	321	304	339	308	342	306	
339	315	322	323	309	311	341	
336	308	341	323	300	325	320	
338	305	315	335	327	309	325	
303	314	311	319	341	335	348	
322	324	313	330	316	340	317	
304	348	324	307	314	336	315	
320	309	344	335	338	312	324	
331	326	338	301	314	318	343	
307	306	345	309	340	331	312	
325	302	321	343	300	348	338	
344	316	303	345	318	321	307	
310	313	347	331	319	342	301	
334	345	330	306	310	344	336	
326	342	304	314	340	322	334	
339	303	302	333	313	349	315	
313	312	331	311	320	330	316	
322	321	320	306	310	307	345	
374	390	383	377	369	380	359	
357	378	384	355	394	398	393	
375	398	357	370	376	397	378	
390	398	357	364	399	389	350	
379	372	386	358	394	387	359	
359	394	393	358	397	352	379	
353	385	395	374	372	359	365	
362	355	371	385	383	381	384	
393	392	398	364	395	355	378	
378	370	398	394	351	367	357	
380	356	375	391	364	394	377	
361	369	381	356	357	351	387	
356	351	397	354	364	378	387	
397	377	386	351	358	353	385	
389	386	398	394	353	362	361	
391	398	361	358	375	359	369	
385	393	399	375	358	351	362	
383	353	388	381	373	378	356	
391	374	379	368	382	398	362	
385	379	388	358	384	366	389	
378	369	381	354	376	383	394	
384	354	397	390	370	359	363	
351	391	385	359	378	360	370	
364	374	371	366	390	357	351	
352	385	372	389	353	364	390	
351	368	361	390	397	354	378	
360	371	374	383	365	350	354	
365	391	394	385	390	358	370	
381	376	392	388	358	354	377	
384	388	366	373	391	398	374	
355	365	358	389	362	360	375	
375	392	351	389	355	385	384	
385	396	370	360	374	367	381	
391	381	355	367	390	383	385	
378	362	377	363	396	376	389	
395	371	356	358	398	375	393	
374	397	362	355	377	372	359	
361	381	373	358	387	388	357	
363	389	391	384	357	355	390	
351	397	361	391	394	389	387	
350	370	376	353	384	399	369	
372	371	362	357	392	370	385	
385	367	352	388	366	389	398	
375	351	388	359	387	353	386	
394	383	377	360	363	399	373	
397	380	390	383	377	392	378	
375	394	396	381	376	369	380	
358	399	360	376	369	352	377	
381	371	378	395	359	361	398	
391	394	363	371	361	373	356	
409	424	433	418	448	405	447	
403	435	444	445	407	440	425	
422	414	402	430	419	434	420	
415	414	444	402	423	439	432	
409	400	406	421	432	433	425	
440	433	409	449	426	427	407	
419	416	443	434	444	422	445	
431	422	437	409	419	439	413	
442	430	411	448	429	426	410	
430	444	412	432	436	411	434	
444	441	431	401	440	435	432	
432	423	411	444	407	437	418	
442	447	405	426	430	443	432	
413	403	433	440	418	411	417	
404	437	409	436	424	448	430	
429	443	418	413	433	408	436	
426	411	432	449	446	415	431	
429	413	401	439	407	418	422	
441	449	448	403	425	439	435	
435	404	431	447	411	448	416	
428	401	423	406	412	407	449	
407	434	448	427	435	416	444	
447	441	449	411	419	438	433	
437	433	429	424	449	435	423	
432	405	418	427	442	419	417	
439	429	402	427	409	431	423	
422	405	426	416	428	418	448	
412	447	436	444	430	428	422	
415	424	414	419	409	421	436	
412	449	435	411	417	443	409	
402	403	445	446	417	433	436	
405	442	402	441	421	418	428	
448	409	439	424	422	428	408	
413	432	414	449	424	410	437	
439	420	440	428	408	438	403	
414	406	420	442	421	401	431	
446	413	445	421	440	420	432	
433	412	418	423	428	401	408	
433	434	425	430	437	447	418	
432	415	445	418	411	402	423	
428	403	412	406	438	421	449	
412	435	409	431	418	440	432	
446	443	432	419	411	447	429	
428	440	434	403	448	436	425	
440	419	425	414	432	407	417	
419	412	411	436	424	448	437	
429	419	445	424	415	413	405	
445	409	435	428	444	420	410	
413	408	403	430	435	431	404	
431	414	410	405	415	401	432	
452	479	455	451	499	480	481	
461	462	463	496	454	499	482	
495	487	455	453	477	482	454	
461	493	473	489	462	481	496	
479	475	457	490	462	453	455	
458	483	499	461	478	452	495	
463	472	468	494	470	471	451	
493	463	482	498	484	466	474	
460	451	492	450	478	498	469	
480	474	455	491	493	463	452	
492	482	462	491	497	476	486	
488	453	490	476	460	471	495	
495	468	469	466	497	467	485	
495	479	477	488	468	493	496	
493	451	461	454	459	489	466	
489	499	450	477	473	456	495	
466	493	485	483	455	474	480	
465	497	496	483	450	456	481	
493	478	453	499	468	450	484	
472	482	497	498	456	463	490	
475	498	457	460	452	482	462	
460	454	481	459	495	456	451	
463	473	454	486	479	460	480	
491	494	457	465	470	476	487	
473	458	462	484	466	493	457	
457	456	496	450	477	459	463	
484	487	451	471	475	450	478	
494	463	495	459	491	498	479	
490	479	468	459	480	464	465	
477	458	485	451	495	456	490	
459	468	495	467	456	484	453	
454	459	466	499	481	457	471	
471	462	487	495	451	476	457	
451	455	457	458	489	486	472	
495	482	476	470	462	499	492	
492	473	483	462	453	486	498	
484	477	486	483	457	472	460	
492	493	486	463	460	462	499	
468	459	483	489	464	495	458	
470	492	489	452	467	495	463	
465	481	468	450	460	455	452	
479	470	490	483	462	454	461	
493	461	478	491	467	463	482	
498	489	468	486	452	475	490	
453	474	471	481	456	469	497	
492	469	481	456	494	460	464	
452	471	474	463	496	451	492	
460	467	486	458	464	489	470	
497	460	494	472	486	484	464	
470	489	480	455	457	454	468	
7	20	43	27	48	1	21	24	
30	17	18	43	31	38	6	5	
8	33	45	35	26	5	28	12	
33	20	34	8	5	36	42	1	
11	5	21	44	41	6	12	26	
38	8	12	0	7	17	46	48	
1	17	23	39	14	0	37	45	
47	12	15	36	43	29	25	4	
24	43	12	26	13	46	27	20	
31	34	6	44	26	35	45	33	
40	44	46	43	28	10	42	9	
47	0	41	44	6	14	42	31	
15	16	2	0	33	1	30	32	
17	37	1	36	10	48	20	42	
33	20	19	7	3	12	35	0	
11	44	42	10	1	17	20	40	
3	28	16	37	34	32	48	8	
36	23	2	16	9	3	12	20	
22	31	45	21	29	5	39	15	
15	46	49	42	45	32	30	25	
2	30	48	24	44	32	28	8	
8	7	48	11	33	17	37	44	
23	22	49	13	26	6	4	2	
19	46	34	3	42	0	2	32	
7	10	25	26	31	8	4	32	
49	45	41	9	30	8	43	38	
37	32	36	43	9	35	15	22	
13	5	27	35	8	43	24	17	
20	47	27	41	45	21	0	31	
16	7	42	48	4	15	11	35	
4	49	15	42	22	20	44	38	
42	21	7	46	15	44	14	47	
10	18	36	38	28	25	34	30	
9	4	20	23	2	18	1	8	
28	48	20	21	8	12	45	13	
12	48	28	27	31	43	18	37	
15	30	31	44	21	2	33	29	
48	1	47	3	2	33	18	4	
44	41	4	38	29	34	12	42	
15	26	43	20	7	24	33	11	
24	27	44	16	31	11	12	0	
30	23	31	36	35	24	4	37	
31	7	16	28	49	24	9	32	
20	45	40	35	2	12	32	48	
15	46	2	28	14	32	48	41	
6	1	47	36	7	49	11	8	
4	28	38	47	2	14	27	39	
48	17	44	0	9	6	46	27	
9	32	29	43	42	47	31	12	
48	10	4	28	30	8	42	19	
84	62	80	73	74	70	94	71	
82	91	97	81	85	80	69	90	
89	73	76	82	55	93	75	98	
84	66	68	69	64	87	85	93	
78	57	88	54	91	90	61	65	
60	74	64	98	68	83	66	91	
99	79	85	59	58	56	73	92	
55	73	85	97	86	59	66	72	
51	74	97	73	52	79	90	99	
89	88	82	62	69	97	92	79	
83	87	93	98	96	55	90	99	
85	98	77	58	62	79	54	66	
81	97	73	74	50	76	58	78	
73	89	92	67	81	84	56	82	
64	73	82	51	66	83	57	94	
87	90	65	96	62	50	56	88	
51	54	52	90	74	87	55	63	
98	50	65	77	62	74	67	64	
99	69	55	83	97	56	98	76	
57	83	67	51	76	87	58	79	
92	79	75	81	77	72	52	88	
57	98	90	69	78	82	52	91	
92	68	75	96	69	72	86	77	
88	79	84	83	90	55	63	53	
62	50	56	93	97	54	65	68	
68	54	90	60	63	89	55	96	
83	60	77	51	59	96	53	68	
95	55	82	71	92	66	97	60	
65	79	72	51	78	85	93	60	
92	72	54	82	64	52	80	84	
96	90	52	83	91	63	94	98	
83	87	62	80	81	91	76	54	
59	81	94	61	66	57	84	63	
50	87	51	71	95	58	69	65	
62	72	77	85	60	78	74	52	
61	88	86	64	52	70	77	79	
54	62	91	81	78	71	55	66	
70	57	72	60	61	92	50	73	
50	69	87	52	56	95	68	58	
83	70	80	73	68	69	76	74	
66	93	94	98	75	80	65	54	
54	50	92	95	94	78	74	89	
72	88	61	99	94	82	86	77	
95	72	73	93	82	76	50	79	
89	92	88	93	65	61	63	64	
73	76	96	91	80	79	56	90	
50	60	52	69	88	96	67	75	
68	60	56	78	79	61	89	92	
53	81	59	70	90	80	75	50	
60	72	64	70	74	84	65	83	
102	116	141	129	137	127	109	118	
131	107	127	124	143	137	139	117	
124	136	103	107	126	104	134	128	
134	126	125	114	103	117	105	127	
135	116	127	122	126	103	144	101	
139	135	119	128	103	146	114	120	
132	134	126	147	109	123	114	106	
109	119	148	137	139	140	147	142	
137	144	114	135	115	139	121	147	
128	132	115	103	144	107	126	141	
107	148	146	135	101	136	114	111	
132	106	125	143	121	138	142	136	
112	144	128	105	109	139	110	129	
140	131	134	114	103	148	121	111	
125	102	117	126	111	109	105	133	
105	132	138	101	147	137	149	100	
100	103	137	104	118	110	114	108	
123	148	105	131	114	101	139	107	
149	111	118	104	145	139	146	138	
122	123	108	134	132	142	125	113	
141	139	134	140	149	119	115	136	
131	127	110	143	115	130	125	117	
142	124	120	149	108	117	111	128	
132	109	107	106	119	113	144	135	
141	122	124	143	145	133	121	105	
101	106	111	136	125	104	107	131	
121	147	141	143	128	106	130	132	
123	131	144	104	149	142	124	129	
101	112	114	120	132	136	121	148	
142	123	115	144	109	106	103	133	
141	108	147	130	112	103	118	119	
142	124	131	147	144	139	132	115	
123	129	106	119	124	105	122	125	
127	149	103	137	124	104	143	110	
136	126	143	113	148	100	127	128	
107	100	127	142	109	117	108	125	
126	116	139	144	132	117	119	129	
117	127	114	128	144	126	145	135	
128	101	131	117	147	137	119	104	
116	126	117	129	139	106	103	127	
142	129	119	102	128	131	145	105	
115	117	116	119	134	104	140	148	
136	145	100	115	138	121	108	114	
101	145	126	109	118	121	147	116	
112	116	122	108	105	118	131	106	
142	143	145	116	132	124	131	137	
111	134	100	136	117	121	101	110	
132	138	139	107	118	146	115	100	
121	120	149	124	130	141	109	104	
106	112	133	139	130	141	101	105	
199	150	189	192	165	153	176	156	
159	158	157	197	173	186	199	198	
175	181	152	171	176	157	197	158	
165	177	196	173	193	169	179	158	
165	153	164	196	179	192	194	171	
167	197	173	193	168	182	158	176	
192	162	183	163	195	169	150	181	
179	187	154	199	184	190	171	181	
190	189	184	175	165	197	151	173	
168	172	156	173	181	180	163	184	
165	184	170	176	152	159	180	199	
173	168	194	172	185	182	176	169	
161	158	177	193	155	173	199	190	
190	168	182	186	160	165	167	197	
190	155	177	195	152	197	169	150	
160	192	175	198	186	157	191	173	
196	151	192	183	181	155	164	177	
179	151	158	154	197	168	161	183	
151	192	180	170	188	178	154	182	
178	164	158	184	191	165	198	166	
157	163	183	178	186	199	168	195	
194	183	188	159	160	172	178	168	
158	191	165	181	178	170	150	186	
167	151	180	179	190	194	155	175	
183	199	180	178	186	157	193	182	
160	194	187	184	175	170	168	151	
183	164	174	188	193	177	156	171	
182	188	173	156	166	198	195	163	
180	186	167	197	151	165	184	181	
170	183	195	190	163	157	196	181	
153	158	159	184	156	196	174	165	
174	181	189	194	169	193	153	170	
179	188	166	162	154	191	183	199	
190	165	151	195	180	191	159	198	
154	150	162	166	199	178	156	191	
193	168	162	199	163	171	155	164	
197	198	156	165	183	158	170	185	
168	177	199	170	158	154	182	153	
180	187	192	166	196	169	153	174	
182	161	196	153	151	156	165	185	
152	181	158	153	182	183	164	190	
170	178	183	160	197	153	177	194	
154	197	173	172	179	171	193	180	
152	182	173	187	151	155	178	197	
186	157	185	175	167	170	169	182	
180	181	170	199	162	184	183	182	
188	198	158	168	165	170	156	174	
172	190	174	189	198	152	184	170	
168	196	165	173	152	192	183	157	
186	183	177	154	182	190	199	198	
207	227	209	208	243	211	217	220	
210	209	205	237	243	214	213	227	
248	200	226	219	218	235	244	208	
233	248	235	244	212	249	225	220	
231	201	211	213	212	207	230	222	
245	243	225	212	208	204	226	224	
211	220	221	213	204	200	243	236	
240	211	220	214	247	243	223	231	
209	222	247	201	213	239	233	205	
214	234	216	210	246	218	226	247	
231	203	246	210	227	247	239	200	
227	239	249	234	241	204	238	240	
228	233	212	246	229	215	206	202	
245	247	225	244	219	200	240	221	
226	202	225	246	219	245	248	228	
221	228	246	223	210	200	212	236	
216	220	236	219	209	249	221	231	
239	242	222	231	208	213	209	243	
230	206	229	222	235	237	225	200	
222	211	229	224	217	239	216	205	
244	247	211	202	203	220	229	213	
216	245	202	243	211	218	217	241	
213	247	225	232	214	238	221	242	
229	200	219	238	230	208	237	221	
231	215	241	236	247	217	206	203	
230	246	206	207	212	210	211	249	
229	215	247	203	223	234	248	232	
203	212	204	234	216	242	221	246	
225	222	219	215	206	241	242	208	
249	243	235	240	236	219	224	201	
209	243	215	238	237	210	212	234	
204	233	202	220	236	245	225	216	
201	242	231	230	215	217	208	226	
240	207	229	218	249	226	211	203	
208	227	221	210	241	206	233	220	
215	216	211	208	247	242	231	201	
248	233	224	249	226	216	210	239	
242	236	219	229	212	211	202	237	
227	232	224	214	215	237	236	233	
211	205	248	207	236	245	237	230	
246	242	218	237	224	214	206	233	
236	249	211	230	207	202	227	232	
226	243	220	242	241	225	205	212	
242	220	211	233	246	235	239	213	
200	237	229	215	222	205	224	247	
246	240	242	226	202	217	218	201	
240	239	227	216	212	245	204	220	
216	208	232	217	214	202	236	238	
216	200	244	205	241	209	210	212	
210	214	202	223	229	209	247	212	
264	282	299	289	255	295	281	269	
252	289	263	288	276	281	293	255	
257	274	298	276	254	288	266	267	
273	285	278	266	265	280	252	283	
250	287	289	283	263	274	285	297	
271	278	268	290	270	297	260	266	
279	272	252	293	265	282	275	256	
280	286	268	253	290	294	257	261	
288	252	293	261	255	259	275	254	
265	274	286	253	258	264	261	263	
257	295	283	294	270	292	293	272	
279	296	262	264	263	267	253	265	
252	289	282	250	296	277	260	295	
270	295	291	260	259	251	299	290	
254	251	290	282	268	265	269	260	
296	260	276	255	290	275	263	285	
285	254	257	291	295	265	283	292	
288	299	289	269	296	278	273	295	
254	273	277	285	271	251	286	250	
287	251	261	272	269	283	262	291	
283	261	266	259	258	293	255	299	
278	253	291	261	263	267	295	298	
270	285	290	261	279	271	253	274	
252	296	255	283	295	284	261	273	
283	299	260	266	271	296	262	292	
271	266	282	268	276	288	275	289	
271	285	294	257	275	279	268	296	
298	258	267	285	262	286	278	283	
271	295	265	269	292	284	268	297	
279	254	294	273	285	275	264	281	
297	273	280	293	299	278	272	269	
255	268	275	294	282	251	266	284	
254	259	282	250	295	269	275	299	
277	268	269	292	276	294	254	274	
266	260	250	295	255	298	256	290	
287	290	251	298	293	285	286	266	
254	266	275	269	287	257	289	272	
290	271	278	284	297	288	299	272	
259	283	299	274	252	253	260	279	
263	287	291	252	255	270	278	251	
293	280	267	262	287	277	291	270	
276	256	289	294	270	268	288	282	
269	268	251	271	261	282	275	267	
274	276	289	299	297	275	253	291	
258	255	280	285	272	252	254	269	
283	290	294	286	288	254	277	284	
292	265	282	285	291	268	299	258	
289	283	291	276	251	297	282	253	
265	280	264	266	290	270	292	286	
260	266	294	257	281	274	273	282	
326	305	318	306	316	315	317	308	
330	333	306	320	304	341	335	339	
333	313	332	320	325	309	315	346	
344	322	325	328	330	318	311	304	
301	323	307	320	346	347	310	332	
345	348	306	304	321	331	307	336	
340	322	304	302	333	335	314	336	
318	319	345	307	303	320	348	329	
301	330	337	325	333	303	342	347	
312	306	341	323	320	344	318	303	
315	307	336	301	325	330	344	312	
347	346	300	317	330	308	315	338	
328	321	332	345	330	333	326	341	
328	333	335	308	340	305	324	337	
340	306	348	329	335	341	318	324	
302	332	318	340	324	306	321	313	
320	328	330	315	345	319	346	333	
338	329	302	326	340	305	337	315	
322	316	300	305	343	321	320	304	
303	316	348	332	335	311	308	305	
310	302	303	349	332	305	345	301	
349	304	325	319	347	345	342	307	
326	332	314	325	306	348	333	342	
311	331	302	348	347	342	345	338	
344	310	321	317	325	301	313	343	
322	324	343	347	348	339	337	311	
335	302	321	339	330	325	310	303	
317	313	337	333	319	304	346	325	
319	326	333	312	325	317	307	347	
321	342	313	305	327	303	317	346	
327	337	312	304	302	313	324	306	
322	344	326	329	312	339	343	306	
345	330	329	318	342	303	300	312	
300	333	318	337	303	302	308	324	
335	323	302	342	312	334	339	318	
344	348	319	343	334	327	326	346	
332	323	305	319	310	344	324	311	
347	306	330	349	318	342	332	319	
319	304	338	326	322	325	308	312	
329	312	308	326	320	333	344	336	
305	306	325	348	311	334	337	308	
347	348	307	309	311	316	301	331	
313	303	343	333	315	332	318	326	
320	301	304	316	308	305	315	328	
317	333	312	306	331	304	302	332	
340	347	317	348	318	303	307	327	
338	331	310	337	346	326	332	328	
302	332	313	344	329	346	303	316	
302	348	315	314	320	343	310	319	
332	345	330	309	337	348	346	333	
382	351	387	356	361	390	384	393	
395	361	364	388	389	351	360	368	
372	363	367	383	368	379	351	380	
369	386	395	368	364	388	360	393	
353	350	366	387	389	358	367	364	
379	372	352	396	381	398	357	399	
385	386	384	366	378	354	390	392	
351	373	389	399	363	382	392	370	
396	384	372	386	351	354	378	365	
389	370	383	357	397	392	368	380	
360	373	394	392	370	390	352	369	
358	384	383	368	352	371	353	393	
355	366	398	382	367	386	397	362	
379	373	376	390	367	384	388	361	
365	351	363	375	392	376	373	368	
373	353	395	364	382	354	352	371	
353	379	384	390	371	381	398	396	
373	372	396	353	383	380	378	369	
372	384	357	399	351	362	376	388	
377	375	374	385	387	395	369	383	
397	354	378	390	394	384	355	371	
356	397	361	390	357	372	367	385	
382	381	360	385	376	350	365	367	
352	369	384	388	386	372	378	360	
385	364	398	350	361	381	356	363	
357	396	371	368	389	395	388	359	
396	372	395	386	362	364	383	394	
375	378	359	368	358	396	354	352	
369	393	398	359	380	378	351	350	
354	377	396	376	390	350	353	399	
379	385	395	367	390	357	372	384	
383	380	390	351	358	384	377	382	
369	399	363	385	389	398	388	353	
376	399	362	387	354	397	350	380	
396	366	353	368	354	393	394	381	
350	391	375	395	394	381	382	361	
386	352	360	361	397	375	367	399	
368	375	391	374	390	393	359	350	
389	367	375	394	370	376	399	387	
397	384	368	357	387	395	378	363	
383	372	359	360	362	369	367	366	
371	394	362	393	376	366	373	363	
370	371	396	365	395	388	363	391	
355	396	352	384	394	367	354	399	
371	389	386	360	399	355	388	398	
372	367	391	371	397	365	364	370	
394	364	355	350	361	396	378	397	
351	350	374	352	388	397	385	361	
391	354	359	364	399	397	384	388	
396	386	372	371	351	374	360	392	
428	444	421	424	434	423	408	418	
405	447	409	414	411	432	422	434	
416	404	406	403	447	411	425	408	
434	428	405	449	403	424	407	420	
430	447	443	433	438	423	403	432	
433	430	424	432	437	435	415	417	
443	447	434	401	422	402	416	426	
442	449	448	406	447	415	434	401	
422	440	418	431	425	406	433	447	
421	411	438	409	402	442	443	427	
405	416	421	414	410	440	422	433	
407	405	430	425	445	418	447	420	
415	412	424	445	433	444	411	408	
430	441	400	426	434	440	433	403	
431	441	427	408	405	414	439	430	
445	437	427	425	429	406	443	414	
419	430	415	443	424	412	426	406	
409	417	422	402	443	415	441	428	
434	435	443	446	421	420	402	430	
405	419	445	437	427	438	404	402	
418	439	444	440	421	423	413	441	
423	411	446	444	417	439	421	415	
408	430	405	446	406	426	423	428	
446	416	449	430	423	419	404	412	
413	425	438	407	409	420	408	446	
436	424	433	411	414	400	440	449	
404	407	447	410	409	448	444	442	
426	439	405	418	406	434	400	415	
444	424	428	442	427	449	404	403	
443	419	400	413	447	425	424	407	
429	401	415	430	400	442	433	411	
432	411	441	429	442	439	407	420	
448	413	405	406	449	402	429	439	
418	415	405	433	409	408	412	410	
400	422	405	431	406	419	409	403	
447	424	435	404	428	414	442	427	
410	419	441	407	412	418	422	423	
413	442	424	418	438	400	436	447	
427	411	446	402	429	432	410	444	
401	436	448	411	412	422	441	415	
444	427	414	407	416	415	437	418	
408	411	417	427	418	439	424	405	
427	447	443	426	423	410	415	425	
419	408	440	418	441	421	437	413	
422	434	403	406	410	404	413	417	
435	407	437	414	448	418	433	401	
437	445	439	426	429	432	441	407	
439	400	415	429	443	414	426	448	
442	400	427	403	449	405	426	448	
414	428	415	438	416	406	444	409	
484	487	472	496	493	463	459	452	
499	496	457	460	451	485	494	464	
493	483	488	462	473	470	475	454	
460	496	480	473	487	454	469	470	
450	485	499	474	473	492	487	469	
450	491	465	466	497	457	486	482	
463	496	481	494	489	472	498	497	
457	462	494	489	496	464	490	497	
452	453	451	484	459	495	457	473	
455	498	475	495	491	458	462	479	
494	497	499	474	470	466	467	482	
480	463	483	474	481	498	489	494	
479	493	468	454	456	495	486	497	
454	495	472	487	452	496	480	463	
487	483	496	481	480	477	489	474	
466	463	465	494	477	497	471	453	
476	489	495	467	498	483	479	496	
457	476	473	478	463	453	493	486	
481	477	499	472	491	480	473	450	
474	473	456	452	490	492	479	491	
452	466	499	488	464	498	482	491	
460	464	456	475	468	478	498	494	
475	463	453	471	452	488	454	496	
460	487	474	472	459	497	483	452	
465	458	450	474	463	481	455	464	
484	490	481	477	480	464	471	475	
459	497	457	460	479	452	471	493	
463	473	461	497	480	472	475	481	
476	468	485	495	497	462	494	461	
486	485	493	473	477	476	492	479	
459	452	473	467	486	474	456	451	
456	495	489	457	464	454	479	465	
472	486	458	462	471	467	453	491	
467	492	471	479	470	453	475	474	
473	477	472	484	456	451	461	498	
491	456	466	455	495	474	465	457	
466	458	488	485	463	465	481	454	
499	488	490	473	477	495	474	482	
481	461	471	469	476	485	464	487	
481	493	457	498	453	485	480	461	
467	489	495	483	498	462	484	480	
482	479	480	453	455	492	467	469	
489	485	452	470	453	472	456	471	
460	474	494	452	477	488	496	469	
481	453	494	484	489	462	496	472	
461	498	499	494	485	458	473	468	
493	458	461	491	471	483	464	462	
493	472	467	484	474	478	481	450	
479	469	494	454	461	467	477	456	
481	471	499	467	470	489	461	450	
495	54	221	
154	198	370	
342	286	480	
11	65	457	
370	238	362	
52	357	140	
279	431	451	
120	162	258	
496	277	76	
354	253	9	
464	497	109	
407	73	482	
294	143	226	
314	22	138	
453	57	341	
132	473	498	
427	437	387	
90	171	137	
328	468	198	
487	330	392	
361	216	452	
337	233	471	
371	216	53	
495	376	4	
140	346	267	
42	164	153	
183	284	216	
269	480	493	
239	341	285	
194	106	150	
117	47	342	
367	42	307	
127	484	285	
193	300	438	
432	113	314	
51	57	414	
486	309	273	
91	459	329	
49	41	34	
290	382	32	
406	390	164	
33	364	4	
111	214	349	
145	283	73	
336	190	373	
404	45	83	
6	46	108	
142	261	396	
423	220	4	
382	55	371	
98	440	295	478	
2	354	498	214	
118	59	229	292	
139	51	116	295	
158	97	86	477	
419	86	331	102	
422	268	334	304	
410	115	457	368	
136	444	475	85	
431	252	73	266	
135	406	357	297	
338	43	371	293	
291	83	192	462	
85	331	242	286	
358	238	402	8	
29	3	114	301	
206	396	488	437	
199	392	317	408	
367	127	148	145	
263	480	298	452	
183	119	123	462	
419	418	444	317	
334	123	93	260	
483	154	192	267	
461	423	335	322	
167	481	408	143	
66	244	256	110	
225	103	397	376	
325	90	280	242	
257	286	291	202	
223	396	226	113	
479	291	406	126	
286	361	282	105	
347	466	207	288	
56	454	445	394	
366	498	190	171	
120	126	497	373	
30	26	227	51	
105	72	213	378	
372	27	126	401	
295	17	452	213	
176	58	308	96	
194	130	19	367	
340	302	314	410	
387	74	82	480	
292	121	280	23	
494	26	220	102	
215	480	181	196	
251	50	6	403	
211	4	83	225	
303	7	171	75	358	
211	440	242	60	133	
81	488	473	422	427	
411	231	4	38	426	
309	126	323	481	286	
305	334	289	280	160	
310	340	140	72	346	
494	295	34	41	221	
490	481	259	421	423	
321	275	44	382	135	
447	28	49	206	118	
333	273	270	497	337	
380	497	108	407	192	
106	111	138	486	44	
488	430	414	361	402	
197	65	380	429	23	
474	259	312	391	499	
328	445	489	382	131	
494	483	352	399	61	
45	260	347	391	212	
107	363	150	44	418	
394	218	330	194	105	
109	315	295	431	152	
157	234	331	73	483	
35	113	282	326	66	
289	5	203	223	254	
156	257	73	291	385	
61	158	398	346	320	
12	462	36	117	367	
499	103	411	248	2	
413	366	430	0	486	
444	224	41	84	389	
267	277	282	15	189	
48	80	263	351	305	
127	288	390	10	428	
221	244	372	257	478	
168	136	333	157	131	
460	338	167	60	85	
120	158	329	108	236	
177	199	428	153	129	
414	41	154	263	79	
39	362	23	150	374	
475	186	121	70	348	
72	402	332	259	336	
36	349	159	351	93	
476	429	110	259	118	
404	164	367	116	376	
356	250	147	248	150	
426	470	100	95	351	
360	425	39	359	493	
