41	28	13	46	23	19	
22	10	16	49	13	38	
0	47	46	37	27	48	
49	33	17	11	42	44	
42	32	38	20	11	36	
16	19	47	24	31	23	
22	16	18	14	45	31	
41	29	33	3	44	39	
47	12	37	41	19	18	
21	28	29	32	45	37	
19	3	5	31	13	49	
13	21	41	36	0	7	
30	12	6	36	38	49	
18	35	42	36	37	22	
3	41	45	19	40	16	
46	32	29	3	16	4	
45	24	42	8	9	4	
0	6	48	44	18	34	
35	5	44	31	39	23	
30	15	32	37	25	36	
8	40	23	45	11	37	
1	7	43	16	29	39	
16	20	40	26	6	28	
11	39	48	14	17	33	
22	23	21	31	28	14	
27	7	48	41	25	31	
15	46	9	0	40	2	
45	43	24	30	36	40	
28	14	8	1	9	30	
45	35	9	39	3	6	
48	45	10	22	37	30	
26	7	30	6	31	21	
29	5	45	35	15	33	
14	25	45	48	29	23	
6	22	2	37	26	15	
19	45	18	20	17	1	
23	37	29	40	49	36	
34	33	24	41	23	32	
26	32	10	44	7	14	
13	29	32	39	41	6	
41	6	11	29	25	35	
40	3	17	31	32	47	
6	45	13	38	48	27	
24	40	41	19	45	3	
44	5	36	6	30	39	
21	22	28	2	36	41	
15	8	37	16	47	46	
10	4	47	1	49	24	
16	0	21	9	13	27	
39	2	10	48	5	20	
58	95	57	79	90	86	
77	87	58	81	92	70	
57	96	54	87	64	82	
65	57	53	68	75	63	
79	82	93	54	90	76	
59	68	89	87	65	91	
61	89	97	72	63	96	
54	95	53	87	91	90	
82	75	88	60	92	94	
76	63	69	85	65	56	
68	89	63	82	87	60	
67	89	87	60	93	99	
76	63	52	81	79	89	
88	60	96	80	79	84	
96	67	81	95	85	99	
70	92	76	54	85	77	
53	80	79	91	87	84	
90	79	92	96	63	87	
95	71	97	50	62	86	
74	64	95	70	68	59	
52	69	68	93	84	57	
86	84	95	57	72	55	
61	67	62	85	75	73	
86	68	96	51	94	60	
69	91	61	51	92	76	
54	73	69	68	97	84	
56	83	57	62	75	54	
59	98	83	86	57	91	
69	97	59	76	89	83	
59	54	68	51	71	95	
59	99	68	76	75	54	
86	90	60	83	59	72	
52	64	97	92	88	50	
61	53	64	65	76	81	
93	73	84	57	97	62	
95	53	80	86	92	90	
58	69	82	79	66	78	
70	54	52	53	84	58	
69	83	63	77	71	52	
99	51	55	82	68	59	
70	56	69	77	62	58	
66	95	73	50	69	70	
63	73	60	83	99	52	
57	83	56	50	79	87	
67	92	66	76	56	85	
96	58	89	75	82	91	
63	57	99	75	66	83	
52	56	50	78	65	57	
68	97	67	54	69	91	
66	72	59	75	87	60	
113	119	123	112	134	106	
141	135	122	100	132	104	
108	145	135	142	117	126	
107	110	125	118	112	131	
106	103	129	111	115	108	
137	145	121	108	122	114	
140	115	128	117	114	146	
120	141	101	148	149	113	
110	124	118	115	117	107	
133	135	138	131	141	117	
141	138	142	136	105	130	
145	126	123	130	124	135	
126	115	145	128	136	111	
127	126	100	137	119	102	
131	144	147	115	137	102	
112	134	117	125	120	106	
134	101	117	124	136	118	
106	139	113	107	124	145	
106	128	147	109	112	120	
127	137	119	136	148	110	
148	114	105	129	119	117	
137	108	139	119	131	130	
121	144	134	105	117	118	
141	112	132	126	120	117	
121	105	147	145	114	137	
123	108	133	125	105	132	
142	111	125	109	115	146	
145	123	105	125	139	148	
132	123	113	138	124	115	
146	135	101	141	124	137	
115	123	117	110	129	119	
120	148	141	115	119	121	
134	108	104	113	118	122	
146	109	105	122	115	118	
142	120	122	128	125	103	
145	108	137	109	130	125	
126	121	143	149	117	104	
141	140	114	121	143	105	
118	122	112	142	130	104	
117	114	127	145	148	129	
118	120	108	145	135	104	
113	145	121	134	130	105	
144	100	128	114	115	105	
113	125	144	104	136	127	
137	146	120	143	119	129	
127	126	108	109	105	113	
137	148	143	133	134	106	
100	140	115	107	138	118	
103	122	127	108	106	139	
115	122	118	129	133	119	
157	187	160	161	184	159	
182	184	189	161	196	175	
155	178	160	192	168	180	
178	199	151	177	182	169	
173	164	196	176	169	159	
189	184	197	162	182	186	
154	181	187	153	176	164	
153	156	185	171	159	184	
154	180	188	182	192	198	
152	157	198	181	153	166	
178	155	156	167	189	172	
187	157	172	166	161	167	
166	184	177	185	174	162	
183	156	187	192	172	175	
191	189	157	168	180	194	
185	156	199	172	160	177	
170	155	159	199	162	161	
161	177	186	183	190	166	
189	151	178	162	181	195	
187	159	161	178	185	151	
189	164	197	187	172	195	
162	158	171	163	161	198	
197	157	174	198	190	185	
180	186	183	173	188	159	
171	192	151	181	189	184	
153	183	158	151	161	198	
175	174	165	197	199	192	
169	161	155	198	187	150	
175	166	176	188	183	153	
156	183	167	180	158	182	
155	158	192	170	181	194	
197	163	174	183	182	177	
181	186	175	173	164	196	
159	186	179	168	182	152	
160	190	195	171	167	199	
194	164	195	169	168	187	
166	168	172	160	171	161	
168	183	157	175	198	164	
169	181	153	197	162	178	
171	177	198	190	178	170	
194	197	192	154	187	177	
180	153	168	184	161	178	
157	195	151	161	179	172	
193	199	171	160	164	167	
194	158	183	195	155	196	
157	190	160	185	170	199	
169	192	165	152	187	171	
151	177	183	192	178	195	
183	184	180	192	190	153	
186	188	187	179	160	166	
203	216	249	217	213	202	
226	230	224	231	201	241	
230	241	223	237	224	215	
228	238	232	207	212	246	
207	212	201	246	216	220	
249	203	205	237	235	213	
210	237	206	234	208	240	
228	246	249	237	202	239	
248	245	205	238	233	239	
212	224	206	227	209	207	
222	249	215	234	223	203	
205	219	236	230	233	203	
221	245	214	240	222	213	
213	226	229	218	232	214	
238	242	214	239	210	249	
206	207	216	233	247	243	
226	231	232	235	239	216	
233	232	213	217	214	247	
247	242	241	230	228	205	
210	239	243	202	200	213	
201	233	230	214	241	234	
237	205	221	230	234	222	
205	220	233	231	207	234	
221	247	230	212	227	231	
229	227	203	214	211	234	
246	218	244	209	241	248	
213	219	247	220	223	209	
244	209	248	224	200	219	
201	225	249	208	222	238	
239	209	222	235	230	233	
229	231	204	223	244	215	
218	248	247	233	219	239	
216	204	232	249	215	228	
236	210	246	228	238	220	
241	212	211	233	235	243	
202	242	211	200	248	218	
228	213	236	214	210	235	
205	231	230	241	222	218	
211	234	221	223	215	246	
217	226	211	219	204	206	
200	214	210	238	233	230	
206	213	200	203	243	220	
201	232	200	245	215	226	
211	203	244	214	208	245	
231	205	214	209	203	242	
211	231	232	217	203	242	
210	209	218	239	220	244	
215	223	248	204	231	245	
205	242	222	208	240	215	
240	246	203	229	213	234	
254	255	296	299	281	265	
294	272	295	298	267	265	
289	298	291	282	263	254	
287	270	296	266	297	252	
257	255	254	256	268	280	
254	291	258	285	274	271	
296	276	298	252	294	287	
263	291	270	252	261	284	
293	280	283	253	294	268	
253	285	279	283	290	273	
276	258	297	290	266	275	
260	261	295	273	258	293	
276	272	297	283	288	282	
290	291	274	280	259	254	
250	288	290	259	279	263	
298	270	253	283	266	277	
290	261	264	296	257	291	
251	255	257	273	280	281	
287	260	282	250	296	263	
259	285	260	295	267	290	
298	281	257	269	251	278	
281	256	275	293	283	270	
278	262	272	283	288	260	
261	299	285	251	257	274	
298	255	285	297	296	277	
280	252	253	263	279	257	
250	261	298	275	252	253	
297	252	261	266	295	287	
276	263	286	252	260	255	
268	288	275	278	256	287	
274	268	250	264	261	292	
273	259	282	268	257	250	
285	269	261	256	299	281	
269	261	250	287	252	256	
288	262	270	280	254	250	
280	261	294	286	278	259	
297	270	265	252	272	267	
274	268	299	286	271	260	
299	288	259	291	250	294	
273	254	290	250	282	262	
280	277	271	290	262	268	
285	261	287	289	253	282	
267	251	270	296	289	273	
276	261	275	295	252	255	
251	280	283	250	282	265	
282	284	253	272	298	264	
286	263	287	265	250	268	
282	277	260	263	273	289	
276	294	253	299	298	272	
259	258	273	280	263	264	
348	318	325	345	301	338	
312	336	330	332	321	349	
316	343	301	324	330	327	
346	334	318	340	331	321	
329	314	320	325	311	302	
341	340	303	324	306	339	
330	342	346	343	340	309	
334	321	342	332	309	304	
314	344	330	347	333	306	
310	329	328	309	336	339	
344	340	323	308	332	326	
300	306	304	349	343	334	
325	339	342	347	302	308	
320	334	333	323	309	312	
305	330	316	346	308	322	
326	335	311	325	307	321	
321	315	323	325	344	334	
320	306	308	341	318	303	
343	340	320	349	323	300	
328	334	332	304	349	313	
340	347	331	322	311	328	
317	301	302	303	329	316	
311	333	314	341	331	349	
321	318	323	330	308	306	
312	330	318	313	316	317	
312	336	338	310	332	346	
309	321	301	329	338	336	
325	316	319	321	348	318	
301	300	329	330	339	331	
333	301	327	307	346	302	
313	332	329	333	308	348	
322	338	319	307	335	323	
308	319	338	303	310	342	
343	312	325	334	301	300	
341	305	335	322	308	344	
329	316	347	302	344	343	
348	326	349	344	328	310	
343	319	314	310	322	312	
329	318	308	341	326	322	
342	344	327	303	329	341	
318	327	316	305	313	333	
327	324	338	325	313	305	
320	347	332	324	308	316	
325	315	330	347	349	337	
345	337	342	320	335	328	
342	303	301	338	304	324	
344	324	332	300	314	325	
313	347	306	323	341	348	
335	312	303	323	333	318	
343	327	342	349	338	344	
392	364	381	395	391	379	
396	360	363	353	394	365	
355	376	365	354	357	389	
381	372	359	389	360	375	
354	389	357	367	393	370	
369	372	398	356	388	350	
350	359	368	365	371	391	
357	389	390	391	398	360	
364	356	390	378	386	375	
378	388	398	383	353	389	
386	359	393	377	354	397	
398	380	362	372	364	360	
354	360	380	396	356	351	
362	365	390	389	374	367	
368	379	350	352	354	390	
397	376	361	372	352	391	
358	386	374	356	360	368	
383	367	385	350	351	376	
397	384	354	399	376	381	
399	376	371	392	350	359	
359	367	358	387	369	391	
350	372	389	382	353	371	
368	373	387	392	375	366	
357	394	397	399	365	371	
355	395	387	353	377	375	
356	390	388	398	384	386	
373	364	389	398	357	368	
392	370	375	379	396	368	
363	367	366	353	378	392	
363	369	387	374	362	373	
399	385	357	366	377	378	
365	361	395	351	377	389	
361	383	378	372	390	374	
364	356	351	385	371	379	
366	364	398	393	386	356	
392	399	350	374	364	367	
392	377	396	356	395	382	
375	380	350	377	376	369	
371	354	377	370	397	359	
395	376	355	372	367	391	
354	366	360	387	399	361	
393	379	385	380	391	371	
397	386	392	399	364	398	
384	354	371	353	396	392	
382	353	375	373	357	374	
355	373	353	374	352	376	
362	383	363	355	380	350	
350	368	351	357	390	399	
396	384	357	351	352	368	
397	399	392	383	372	365	
421	449	436	433	428	444	
442	437	409	436	422	435	
416	442	439	446	433	448	
427	400	403	444	436	426	
424	409	432	402	439	410	
442	439	432	449	402	445	
427	420	445	432	440	439	
420	437	445	424	443	447	
437	436	447	411	443	401	
403	409	400	419	446	426	
429	441	433	409	435	426	
414	405	433	441	442	421	
438	415	403	407	427	444	
434	435	438	410	448	428	
420	430	434	428	445	447	
406	437	422	400	413	439	
415	411	446	444	445	441	
439	427	434	414	448	419	
412	418	405	433	441	449	
405	409	424	443	420	447	
404	425	424	447	428	432	
405	403	409	423	416	428	
426	401	425	428	418	407	
442	405	403	400	418	445	
445	433	400	410	425	403	
428	407	433	404	441	436	
441	414	432	419	403	428	
420	433	432	435	418	434	
448	423	428	400	424	432	
448	413	444	424	403	407	
405	410	431	433	426	427	
422	411	447	436	427	444	
439	417	414	449	407	405	
416	436	432	419	428	414	
400	418	404	403	408	422	
430	402	413	419	428	433	
424	415	417	431	439	400	
420	424	414	434	418	403	
423	418	433	436	420	439	
431	446	418	432	402	420	
438	428	406	430	421	427	
400	413	416	445	436	439	
429	406	446	405	410	409	
438	423	428	432	431	414	
430	412	408	437	438	400	
431	439	433	429	411	446	
446	402	436	408	411	418	
419	417	433	412	413	424	
434	436	407	439	413	421	
403	422	430	408	415	449	
474	497	495	494	451	462	
491	472	477	454	485	460	
461	470	464	497	454	478	
492	462	465	490	450	453	
456	491	460	450	485	453	
494	499	471	480	493	457	
474	462	489	465	472	476	
478	460	476	464	466	482	
498	466	469	478	467	463	
493	485	487	488	494	481	
477	458	467	482	490	469	
469	495	488	496	499	477	
483	489	476	496	473	462	
491	468	462	451	474	457	
451	487	458	473	471	496	
479	474	490	467	499	463	
491	486	472	476	452	453	
475	498	482	489	450	486	
489	485	452	462	474	457	
455	452	470	457	471	493	
475	477	494	491	487	462	
487	457	497	456	472	471	
455	496	485	495	480	457	
496	490	470	450	484	481	
493	465	459	466	456	467	
493	472	495	477	473	488	
477	463	465	483	479	473	
489	480	458	485	461	465	
457	454	471	486	460	450	
485	497	499	494	490	453	
482	479	491	476	492	463	
470	496	481	495	490	460	
465	450	491	488	479	461	
491	466	482	495	451	453	
472	457	452	492	483	498	
472	452	497	460	457	479	
495	461	483	488	464	474	
478	488	454	476	462	487	
497	485	470	499	464	454	
465	459	473	485	497	482	
482	456	460	465	453	467	
472	451	493	475	494	469	
472	478	483	471	451	485	
453	482	473	477	469	464	
454	463	471	484	494	458	
459	490	477	465	456	482	
459	472	486	498	481	462	
475	459	472	498	464	454	
459	479	490	469	468	486	
472	490	457	485	470	469	
9	49	38	48	14	1	18	
6	38	37	21	46	3	20	
19	12	49	14	46	5	41	
20	9	12	17	34	4	1	
23	49	22	38	35	39	11	
15	20	45	6	3	0	16	
16	44	6	10	47	18	14	
26	27	21	23	24	2	6	
9	31	30	20	26	43	49	
41	28	42	5	45	7	23	
1	43	37	42	41	29	35	
31	39	34	27	0	29	12	
32	41	38	34	23	21	6	
3	25	4	42	11	12	14	
11	28	21	26	42	34	13	
8	19	24	42	18	39	15	
20	34	44	23	12	9	4	
17	1	0	35	38	44	30	
2	4	8	0	48	37	23	
45	28	38	23	44	31	12	
0	10	35	20	18	29	38	
48	9	43	23	42	15	8	
28	1	22	46	16	42	2	
45	40	37	16	24	30	49	
21	1	0	37	27	15	2	
43	30	37	21	24	41	12	
26	37	39	45	22	38	8	
22	44	45	11	10	3	30	
25	7	18	41	23	1	27	
19	23	3	22	33	42	10	
15	29	19	3	18	10	13	
11	14	1	25	9	28	18	
43	31	41	34	5	4	20	
32	42	3	10	0	28	45	
36	14	10	25	8	35	38	
12	35	24	20	0	27	5	
43	38	9	39	4	11	3	
48	19	28	23	13	15	1	
23	0	15	3	7	41	16	
22	9	44	13	30	3	17	
42	28	49	21	27	19	10	
3	2	39	45	8	12	6	
4	43	25	48	12	19	28	
46	28	8	2	15	23	43	
8	25	48	24	32	13	9	
18	9	27	21	23	22	49	
7	40	43	45	26	15	35	
2	33	27	5	34	16	20	
34	18	26	10	45	39	49	
20	28	33	49	11	31	0	
57	86	81	89	85	59	68	
65	72	97	82	67	94	62	
59	61	86	71	50	87	96	
99	91	98	70	95	52	61	
99	80	87	89	91	60	79	
61	56	53	95	93	83	59	
55	79	70	65	50	60	54	
85	93	80	59	58	99	66	
62	58	96	56	63	53	99	
87	72	74	73	95	93	81	
90	66	71	76	67	98	59	
58	51	72	83	59	56	78	
61	94	84	51	85	70	83	
88	89	93	54	57	52	66	
72	90	67	69	86	52	65	
96	78	61	97	54	86	70	
60	81	61	59	85	83	78	
93	58	86	57	75	84	79	
93	54	74	81	92	77	75	
66	91	67	76	64	61	69	
72	65	86	73	62	99	79	
89	85	96	78	99	58	83	
68	56	73	85	67	57	59	
61	79	91	70	99	80	71	
92	58	65	63	56	73	90	
69	80	71	65	56	79	88	
57	75	80	59	93	91	88	
66	94	62	95	56	51	93	
57	99	86	81	80	54	65	
68	52	89	87	82	53	78	
55	78	51	83	61	62	98	
66	80	72	50	60	56	70	
65	97	59	60	50	51	78	
91	84	86	67	85	74	80	
75	58	54	91	88	74	57	
71	78	50	67	61	94	79	
74	92	69	66	60	94	81	
51	74	87	77	60	52	85	
92	90	81	78	91	79	54	
86	60	82	50	69	90	68	
96	73	93	98	92	54	71	
93	65	88	53	63	90	81	
87	50	76	99	54	81	86	
54	79	51	83	58	56	52	
61	96	73	97	52	98	89	
61	97	60	58	65	68	52	
85	69	61	88	54	68	66	
87	91	71	50	55	80	92	
51	53	69	76	86	93	89	
70	79	81	82	65	94	90	
127	148	136	111	128	107	109	
145	122	134	102	146	106	136	
128	142	100	123	140	110	139	
103	132	139	106	111	134	138	
103	110	127	107	140	135	141	
147	124	119	108	117	130	105	
123	124	142	108	132	118	104	
137	135	124	146	133	145	101	
111	107	102	131	109	122	135	
106	132	126	143	133	128	121	
122	146	140	136	125	130	112	
149	107	142	131	115	112	114	
120	121	145	117	103	115	131	
104	109	142	129	116	107	128	
120	127	116	104	122	139	112	
111	100	124	134	102	123	127	
125	139	118	134	131	136	133	
126	114	129	131	118	112	143	
146	105	110	145	138	129	123	
135	139	115	127	148	106	130	
104	112	130	115	108	105	134	
140	104	113	139	105	143	133	
124	138	102	119	123	149	145	
133	118	139	108	114	100	147	
126	112	108	119	111	139	102	
127	132	147	109	129	133	117	
131	117	140	127	105	148	138	
136	146	102	105	148	122	100	
148	106	140	135	128	124	109	
140	125	135	148	122	136	134	
142	137	127	119	100	125	131	
131	138	148	102	125	116	103	
119	108	115	138	134	104	114	
147	100	144	121	105	137	109	
144	138	109	149	107	108	132	
124	132	131	143	130	100	141	
138	115	127	103	149	106	145	
145	132	116	144	126	140	143	
112	136	109	114	126	147	110	
117	132	131	130	110	144	146	
116	117	113	142	118	141	109	
116	126	117	141	111	110	146	
127	108	102	145	146	131	126	
119	146	106	103	105	110	107	
103	118	124	122	111	125	105	
107	112	147	133	136	108	139	
115	119	135	130	117	106	109	
133	149	136	127	128	118	116	
133	135	147	145	130	109	142	
127	133	128	140	109	117	112	
171	199	181	185	176	165	188	
158	166	161	167	182	155	160	
151	180	156	177	165	184	186	
198	159	157	156	190	154	176	
158	180	178	177	154	181	155	
177	176	175	190	152	153	173	
156	176	181	198	150	163	192	
159	152	157	179	158	180	183	
168	180	175	164	182	187	152	
172	167	156	162	189	187	165	
150	152	194	173	165	167	182	
153	158	186	198	154	194	195	
194	184	172	179	151	169	155	
197	154	184	191	181	153	198	
199	162	151	180	172	166	192	
161	159	158	154	157	174	181	
178	154	172	150	175	184	180	
177	196	180	157	172	171	189	
188	199	195	162	189	168	164	
175	194	196	153	161	185	192	
188	162	154	183	175	164	153	
173	156	192	198	160	162	151	
167	183	195	178	181	190	162	
164	178	194	159	158	198	191	
198	155	176	160	157	192	161	
187	199	188	183	151	164	184	
163	195	198	152	186	180	167	
192	163	162	189	177	166	182	
186	152	153	179	196	175	168	
176	190	182	181	191	152	165	
150	192	156	157	167	163	162	
162	165	177	194	168	176	175	
164	198	169	171	188	159	184	
179	151	192	178	164	165	160	
156	168	162	152	195	196	158	
187	173	156	159	190	153	191	
188	155	154	183	198	156	190	
150	163	161	196	152	156	195	
178	162	152	151	176	166	168	
195	179	156	161	182	152	175	
150	192	181	197	157	196	154	
186	157	163	154	178	199	181	
163	199	181	170	196	195	171	
154	152	167	165	166	194	157	
172	174	183	182	188	176	190	
155	171	166	195	167	161	190	
157	158	185	151	198	177	191	
186	180	155	170	191	182	199	
161	170	188	175	182	162	198	
166	171	153	160	189	156	163	
214	226	225	209	227	218	239	
239	241	215	210	202	217	231	
247	233	246	226	211	249	230	
246	216	222	242	219	238	214	
245	232	217	206	204	228	242	
227	221	200	247	205	233	242	
201	213	235	218	211	208	231	
217	214	211	232	205	229	200	
219	207	201	248	205	200	242	
226	217	214	227	228	247	219	
221	209	244	207	211	226	247	
220	246	210	204	249	200	231	
246	200	228	242	226	209	241	
209	236	200	216	248	244	225	
227	225	231	232	217	247	213	
231	215	213	235	216	228	214	
205	218	233	238	206	207	239	
208	223	209	221	236	242	205	
205	223	245	218	222	200	246	
233	213	249	238	227	236	241	
203	237	227	233	215	230	218	
233	242	215	205	227	218	229	
226	246	202	223	220	219	215	
213	229	249	231	239	241	230	
226	227	209	237	223	203	234	
243	217	203	237	212	228	247	
201	213	203	241	238	230	248	
216	229	221	238	214	230	232	
226	234	233	229	243	214	224	
238	216	209	236	219	210	224	
219	200	211	224	226	202	221	
236	246	248	216	241	229	220	
235	230	236	200	247	226	228	
205	210	230	220	228	224	225	
225	215	220	212	223	217	245	
223	245	228	226	221	205	227	
226	202	220	205	222	211	203	
227	204	213	234	228	219	241	
211	203	209	220	205	249	247	
205	241	202	217	242	218	212	
236	206	217	207	224	223	239	
245	212	219	203	208	236	248	
225	201	210	218	213	224	229	
243	232	248	235	245	219	204	
205	219	227	224	215	222	203	
200	247	204	237	233	215	210	
222	230	248	213	223	216	227	
205	248	229	226	247	224	231	
227	220	236	246	221	234	231	
201	234	231	200	213	205	249	
253	284	266	295	289	287	285	
291	299	273	250	256	269	276	
254	295	264	256	253	278	260	
282	276	279	273	277	289	254	
267	269	281	290	291	265	255	
259	254	291	256	285	288	284	
261	291	292	299	260	275	250	
258	287	279	273	268	263	286	
295	298	269	257	290	272	253	
277	266	295	258	284	273	286	
290	253	286	265	280	271	288	
281	286	298	258	274	282	271	
275	263	285	264	279	299	278	
290	288	276	251	275	257	267	
260	259	254	269	280	292	293	
250	283	298	262	255	297	263	
268	281	252	258	294	257	264	
255	259	263	272	293	277	298	
276	272	289	262	271	291	252	
254	264	283	296	278	270	297	
265	268	299	292	250	275	278	
288	268	284	250	279	280	297	
292	262	291	260	266	259	295	
255	273	274	277	296	286	270	
283	266	255	279	290	259	285	
286	278	275	251	287	250	263	
290	269	285	274	254	263	270	
280	253	273	255	289	274	263	
260	273	285	270	276	274	292	
279	287	260	296	293	299	269	
272	271	260	257	262	297	250	
268	299	284	293	259	250	267	
266	267	290	257	255	272	293	
277	270	256	265	275	254	294	
297	253	266	283	295	251	277	
285	295	283	273	251	265	264	
291	255	273	279	275	281	298	
299	272	281	289	278	265	277	
262	266	270	250	264	267	281	
271	286	294	261	278	289	265	
263	269	276	296	255	254	253	
288	278	256	297	284	254	273	
296	258	280	253	274	281	250	
260	266	291	267	290	283	278	
251	282	278	296	290	289	270	
269	250	262	286	257	285	270	
284	255	268	275	288	282	286	
262	267	274	280	299	278	257	
292	278	294	267	289	264	260	
297	273	284	262	270	268	264	
314	305	303	302	310	335	319	
335	308	327	347	332	314	309	
314	302	333	322	326	340	325	
349	342	333	313	314	301	307	
319	300	313	343	318	344	307	
346	322	344	335	316	331	325	
306	300	327	316	347	342	326	
333	319	314	345	339	322	308	
345	313	328	303	326	317	344	
327	338	305	346	314	308	322	
323	333	346	322	304	309	328	
311	342	303	340	301	328	310	
328	321	334	301	316	308	310	
344	347	342	345	335	307	333	
335	336	320	348	338	324	305	
302	308	333	342	329	347	331	
302	309	332	329	325	326	315	
326	311	307	319	332	303	318	
345	329	317	321	336	347	322	
301	304	306	318	315	346	344	
303	334	339	336	331	314	310	
306	333	301	327	302	349	308	
302	319	309	334	307	305	341	
340	310	323	342	337	329	331	
319	312	321	316	333	309	301	
334	321	309	333	303	337	317	
329	345	344	335	336	301	316	
334	346	313	335	320	347	326	
334	303	340	302	312	309	325	
307	340	349	341	347	334	326	
308	328	314	335	342	312	300	
310	300	321	322	320	347	338	
307	347	304	341	345	349	303	
342	336	338	318	329	303	306	
326	334	345	317	306	300	302	
335	344	340	321	313	337	339	
343	329	321	331	320	330	304	
300	308	305	321	326	330	335	
306	331	347	349	303	339	304	
334	344	331	349	300	320	313	
302	336	309	330	334	349	319	
346	337	300	312	316	339	323	
309	313	325	308	314	312	303	
319	310	313	342	336	318	333	
332	322	342	316	320	306	328	
319	313	312	344	349	330	336	
331	328	324	334	318	323	336	
308	342	333	326	321	330	324	
321	332	346	326	303	312	349	
306	317	345	322	340	327	326	
364	350	374	378	352	377	362	
376	382	352	375	389	399	360	
391	381	360	380	361	371	392	
375	352	386	367	371	381	379	
362	396	399	366	365	372	380	
392	389	385	386	350	376	383	
394	365	356	377	374	386	381	
356	384	351	362	390	389	376	
386	398	360	396	390	387	356	
359	350	371	373	375	366	352	
377	369	392	387	397	390	373	
394	375	392	386	367	390	370	
397	368	385	390	375	395	399	
371	366	385	372	379	383	354	
361	365	358	396	356	362	372	
396	375	390	358	398	359	352	
361	378	370	385	357	383	371	
389	369	363	366	354	352	367	
372	356	384	358	382	365	391	
361	372	380	387	362	363	398	
374	377	365	385	390	352	372	
385	369	355	391	378	363	393	
351	352	362	364	365	350	395	
389	399	380	355	382	390	377	
379	360	369	368	355	372	386	
373	389	361	398	388	392	367	
373	350	356	379	393	353	394	
398	372	379	386	385	352	364	
394	383	381	367	352	351	392	
359	381	379	365	382	390	366	
386	353	379	375	396	355	383	
376	372	361	396	359	377	392	
369	385	366	391	373	383	357	
365	380	360	374	358	371	389	
372	368	380	384	396	367	365	
357	389	376	362	386	369	371	
367	356	374	383	395	350	359	
352	386	361	353	357	376	383	
372	355	362	368	353	382	398	
358	395	398	393	380	396	350	
382	371	360	353	387	370	350	
366	384	383	374	389	391	375	
351	368	397	350	385	377	357	
387	369	354	370	350	367	394	
385	381	384	367	375	355	356	
370	396	380	376	369	389	371	
363	364	368	371	359	380	390	
361	398	364	368	352	376	367	
356	363	384	394	352	351	393	
393	376	395	364	354	368	358	
433	448	446	404	443	428	403	
431	423	444	415	445	400	412	
414	403	428	449	446	445	442	
429	416	411	408	449	428	445	
413	412	410	445	411	426	427	
432	424	402	445	443	440	438	
400	413	448	441	410	421	417	
440	411	403	412	430	401	413	
432	448	436	443	409	427	400	
416	401	405	413	408	412	435	
401	413	421	437	404	442	420	
402	407	426	445	428	431	425	
405	415	428	424	447	427	446	
418	416	419	413	400	401	440	
429	437	408	415	418	430	433	
439	412	419	446	411	426	401	
433	425	437	436	448	444	430	
404	402	410	417	441	431	423	
435	447	403	430	406	438	428	
407	410	442	431	403	420	416	
448	402	442	437	404	407	441	
407	436	404	411	433	406	420	
445	427	443	419	444	425	431	
405	406	426	422	421	401	437	
410	402	408	422	426	409	435	
424	447	415	441	402	407	419	
428	435	444	419	414	422	412	
439	432	445	441	425	424	414	
411	419	448	403	418	424	435	
405	413	404	418	411	401	403	
436	444	437	429	424	443	433	
448	435	427	420	438	431	411	
405	403	426	432	421	447	433	
405	407	441	421	439	414	434	
413	409	420	427	447	441	408	
437	429	449	412	402	419	416	
447	436	444	405	407	421	400	
426	406	441	422	407	440	405	
448	410	431	449	445	438	413	
426	437	418	442	417	411	424	
443	419	404	444	417	440	418	
426	423	419	446	447	405	435	
416	444	411	438	430	422	426	
415	419	404	435	434	421	433	
411	417	406	439	436	433	416	
424	420	413	434	407	422	406	
412	411	404	443	406	415	440	
428	407	430	426	419	446	437	
427	432	425	412	434	409	443	
415	417	421	427	403	441	449	
487	472	465	490	498	486	457	
474	469	484	482	499	483	457	
495	464	454	486	474	483	487	
469	493	496	457	477	476	492	
491	480	457	488	463	451	498	
474	484	452	453	496	466	457	
478	465	452	456	473	487	499	
489	474	467	492	465	473	490	
495	451	459	464	477	475	472	
484	498	478	463	452	476	471	
496	474	498	456	497	477	457	
460	489	454	495	465	498	497	
487	481	475	458	469	454	471	
478	483	493	482	487	489	469	
495	486	463	474	452	462	496	
462	497	488	465	483	459	491	
489	496	483	487	468	461	473	
494	468	458	450	452	456	495	
457	485	491	452	490	468	486	
493	453	491	496	497	485	469	
452	472	458	470	496	467	466	
491	461	496	450	492	498	470	
465	478	488	484	494	473	450	
480	467	455	496	463	466	491	
452	490	451	498	492	484	461	
473	466	484	478	481	471	474	
485	495	492	494	493	486	496	
479	454	459	499	488	470	487	
492	479	488	484	483	453	490	
461	492	460	472	459	497	477	
473	492	496	468	465	486	491	
459	477	475	452	451	465	470	
473	451	495	483	472	470	492	
464	450	452	471	493	463	473	
467	473	491	450	498	457	499	
477	496	476	497	485	465	498	
454	477	471	485	461	453	460	
461	465	499	469	478	460	483	
451	475	487	486	488	453	469	
455	481	485	479	474	489	493	
472	484	464	494	491	496	487	
460	459	477	498	484	481	471	
497	466	470	499	496	452	473	
478	451	480	491	452	455	499	
467	486	469	457	479	451	472	
477	492	483	455	464	463	450	
453	483	492	454	479	463	458	
497	465	481	458	489	496	462	
484	498	451	493	468	472	492	
458	492	470	464	451	469	463	
25	34	42	4	11	38	22	49	
44	35	16	12	24	22	28	18	
34	23	32	5	35	48	15	4	
31	7	45	36	39	3	49	9	
3	28	47	16	6	42	41	9	
4	39	19	25	47	10	17	41	
23	10	22	36	42	15	2	33	
49	3	43	1	32	44	27	13	
37	47	45	27	17	40	2	43	
30	42	44	17	18	16	40	28	
15	0	35	49	25	20	37	45	
44	25	41	5	2	34	19	24	
23	44	42	39	27	29	45	9	
43	48	23	31	39	15	5	1	
23	4	44	40	27	1	41	43	
8	41	32	46	26	44	20	28	
31	5	23	26	42	47	49	9	
8	19	30	47	1	33	42	28	
20	8	7	37	36	29	10	23	
11	35	24	22	6	15	44	4	
30	13	22	26	7	8	12	4	
18	16	13	31	44	8	9	46	
26	16	24	40	32	48	27	18	
12	2	11	10	22	19	14	44	
24	44	32	25	39	30	36	33	
33	13	8	46	3	25	30	23	
11	10	43	27	19	25	30	4	
45	19	27	46	38	32	0	13	
33	22	7	27	30	36	41	49	
37	29	30	10	44	31	33	47	
18	48	26	21	17	7	33	35	
28	47	36	19	25	24	39	8	
10	0	41	5	18	20	35	32	
49	9	47	40	15	32	23	4	
20	44	30	8	19	2	48	15	
47	45	9	41	36	15	21	43	
35	47	16	23	10	45	12	8	
33	38	31	47	32	2	30	49	
47	2	22	16	14	31	3	4	
20	15	5	41	9	0	42	32	
26	39	1	18	12	22	8	29	
22	6	2	20	3	35	28	11	
20	23	8	40	3	38	39	27	
46	43	20	37	10	7	22	15	
36	18	37	20	48	10	19	46	
12	18	33	41	32	38	48	36	
26	43	44	29	24	33	20	34	
31	49	35	32	15	11	2	29	
16	32	46	38	45	1	12	7	
4	8	33	29	42	43	28	41	
90	63	96	67	70	75	89	74	
66	57	92	96	94	52	79	99	
87	99	74	66	63	53	62	97	
53	96	79	64	94	97	51	68	
75	76	54	60	94	53	56	95	
56	78	67	54	60	93	62	90	
69	80	84	67	81	57	60	96	
71	87	52	72	54	69	92	63	
70	71	56	52	54	86	60	68	
55	96	70	52	54	73	74	76	
61	70	68	89	72	64	50	60	
59	96	97	78	50	74	63	69	
84	59	95	65	91	82	54	88	
96	82	65	98	71	97	93	50	
78	80	98	53	96	73	51	89	
95	92	67	71	58	96	88	80	
53	70	94	62	97	56	57	73	
95	57	72	79	61	80	83	59	
72	57	58	64	82	61	91	59	
80	71	96	89	98	62	54	58	
79	72	86	50	85	58	67	69	
78	84	53	71	97	69	65	55	
72	69	62	56	80	93	53	73	
54	94	92	61	82	95	76	93	
66	54	56	69	65	75	80	51	
87	76	73	79	86	95	65	66	
90	66	55	58	84	52	91	60	
93	90	58	77	53	83	88	76	
61	97	52	68	79	82	62	90	
65	53	70	57	82	86	94	66	
56	64	95	94	99	61	85	89	
69	54	55	85	82	68	84	66	
52	83	56	96	55	98	50	90	
97	98	56	58	91	87	66	55	
56	67	77	55	76	75	72	96	
76	52	85	64	69	59	87	71	
51	59	97	73	71	91	67	60	
53	81	60	50	72	80	61	65	
93	73	56	59	78	87	53	81	
80	60	98	72	86	52	93	70	
64	92	82	57	98	87	97	81	
95	68	53	85	75	65	60	67	
78	54	69	65	77	83	86	67	
75	68	70	91	85	89	84	64	
91	73	64	72	82	88	63	76	
51	53	55	76	86	50	83	62	
65	83	66	58	68	90	53	86	
50	52	56	80	78	59	71	87	
64	59	76	63	94	87	57	52	
78	53	91	86	95	63	70	59	
149	102	132	117	111	140	121	146	
115	146	144	134	120	100	139	141	
125	132	105	109	119	120	122	137	
108	136	144	115	118	137	143	138	
100	139	140	145	138	129	130	111	
146	128	121	108	120	109	107	100	
143	100	125	102	129	147	130	118	
134	108	132	143	107	148	122	131	
137	132	112	100	109	130	149	108	
139	109	143	118	123	112	137	117	
105	120	121	108	104	103	101	116	
119	122	104	117	149	148	107	106	
115	142	137	148	110	133	135	122	
130	105	129	143	102	138	115	108	
126	113	134	100	107	108	142	124	
107	126	123	115	137	119	121	113	
111	112	103	110	118	122	138	109	
147	116	133	106	104	100	103	124	
133	114	122	110	143	130	144	147	
109	129	140	134	142	115	123	137	
145	135	112	141	122	128	100	102	
139	122	133	132	137	109	145	120	
134	145	111	120	137	128	115	104	
118	119	103	133	136	138	141	120	
105	117	131	129	123	125	139	149	
134	121	135	107	100	133	132	120	
143	131	128	136	147	130	144	104	
121	137	127	120	144	136	100	134	
119	100	130	123	142	105	120	116	
133	122	114	112	129	147	135	120	
106	128	143	131	126	114	148	103	
149	118	139	114	135	130	132	136	
118	100	129	102	136	114	126	120	
142	126	144	138	128	149	106	129	
109	149	130	135	113	105	120	145	
103	123	110	109	132	105	128	140	
120	112	146	135	108	113	117	130	
135	112	142	110	109	104	103	125	
135	129	125	146	127	108	145	104	
135	117	130	139	107	105	109	121	
145	131	105	113	111	121	149	134	
102	141	132	137	144	128	136	112	
123	119	138	131	102	109	111	128	
119	137	149	138	147	109	134	148	
109	144	115	112	110	119	141	108	
123	112	119	120	108	139	131	122	
115	143	144	129	148	136	104	142	
140	148	127	112	118	110	124	107	
124	148	121	119	101	132	145	117	
109	115	136	126	132	105	145	112	
171	153	198	194	157	179	199	185	
171	193	175	159	186	181	162	191	
195	179	168	171	160	158	189	150	
161	163	186	174	179	173	150	197	
160	180	191	183	182	161	164	165	
169	195	170	188	159	166	181	162	
154	173	198	177	151	157	181	171	
176	189	186	163	168	164	197	161	
156	177	160	163	198	170	162	188	
178	162	169	168	175	171	191	161	
179	181	190	160	168	169	150	182	
150	157	186	168	174	153	179	190	
158	170	161	165	192	169	152	183	
167	159	169	162	153	171	183	199	
158	196	165	173	181	169	175	164	
167	176	178	185	168	195	160	183	
190	157	155	177	186	151	189	171	
173	194	156	187	184	160	189	199	
173	154	196	191	177	179	189	178	
156	187	159	160	167	176	180	161	
188	165	192	198	155	185	171	161	
155	189	163	177	175	198	182	174	
194	166	157	167	177	195	165	198	
176	175	193	170	181	165	174	153	
171	165	177	162	183	154	195	158	
151	173	152	172	160	164	182	194	
156	196	175	166	162	174	165	163	
157	183	172	175	195	152	181	150	
196	189	173	198	162	155	157	180	
199	152	180	150	170	185	182	162	
191	180	189	178	181	177	167	164	
187	196	158	178	150	197	199	183	
188	161	192	194	163	170	165	175	
196	186	172	189	198	162	184	192	
199	150	192	154	185	180	179	181	
168	171	166	177	193	184	175	156	
188	159	170	176	185	175	182	167	
185	166	180	173	199	170	158	190	
178	194	166	174	153	176	188	193	
174	198	176	187	181	164	193	191	
154	151	172	197	163	174	189	181	
194	175	170	153	155	162	185	186	
163	184	175	190	194	157	177	159	
159	197	165	186	164	189	155	151	
154	179	156	158	195	181	157	194	
153	166	195	193	152	176	157	174	
177	168	160	164	167	170	189	183	
193	159	160	181	189	150	171	166	
187	153	157	176	162	181	190	161	
182	176	173	183	177	150	161	160	
211	227	245	219	209	220	221	203	
210	218	200	234	221	220	225	222	
206	246	205	241	217	231	212	229	
205	218	235	231	236	203	207	230	
205	201	217	235	209	213	215	203	
208	247	249	240	232	244	236	207	
222	206	201	248	209	211	229	212	
223	234	232	245	217	240	216	211	
218	214	223	212	242	215	208	205	
249	219	207	222	215	213	241	225	
232	205	214	200	221	234	236	241	
225	201	249	242	240	203	234	211	
227	222	202	244	248	234	215	230	
245	229	241	231	204	206	223	216	
205	247	203	211	236	249	214	226	
207	237	219	221	212	248	202	241	
213	201	216	223	205	217	241	215	
239	244	232	215	243	222	247	211	
234	240	223	200	239	216	222	237	
206	235	243	225	223	202	218	236	
235	232	227	248	225	215	243	210	
222	225	232	242	215	207	214	227	
232	213	205	249	217	203	231	224	
238	242	232	215	231	211	235	241	
229	216	228	244	209	202	245	210	
225	217	248	223	205	218	226	246	
218	236	210	242	222	221	243	211	
221	220	227	229	238	239	231	211	
229	242	222	247	227	248	209	206	
246	211	206	229	219	202	235	237	
204	239	201	214	213	225	233	217	
213	227	243	218	244	201	220	204	
236	220	204	201	215	224	206	235	
240	247	228	244	221	217	225	239	
246	236	202	249	203	247	226	243	
211	232	235	214	229	223	246	202	
249	210	207	227	204	201	247	236	
238	207	201	240	221	216	237	227	
242	219	234	211	230	207	241	216	
244	214	226	245	231	235	222	210	
210	212	225	220	238	230	243	218	
229	241	205	227	206	203	246	240	
211	210	214	236	247	231	221	237	
230	204	246	234	219	223	211	200	
238	248	231	214	219	241	247	204	
207	242	229	211	234	213	220	237	
244	237	216	220	234	217	209	240	
249	240	236	231	200	211	247	207	
235	213	241	229	230	212	246	222	
245	227	226	239	242	213	220	201	
258	255	268	253	284	254	252	272	
254	290	251	281	259	255	279	277	
288	262	277	278	294	279	263	275	
281	283	299	276	269	262	273	260	
274	251	271	253	285	258	289	252	
282	271	268	281	278	261	283	294	
257	272	275	289	270	290	285	295	
294	285	284	254	255	297	298	283	
282	268	271	259	297	285	251	273	
293	264	257	250	255	284	271	295	
278	259	262	294	272	258	266	291	
263	258	255	285	253	262	272	274	
272	287	285	256	266	298	275	292	
275	255	273	284	261	260	265	274	
259	258	252	298	293	274	269	251	
297	263	272	286	295	258	275	289	
259	266	265	295	284	263	261	278	
268	272	262	279	260	258	290	294	
257	285	299	274	287	293	265	284	
284	254	281	267	251	255	285	283	
271	291	284	296	297	253	289	252	
276	286	252	289	274	255	283	253	
261	252	255	272	271	266	273	292	
262	264	276	292	265	275	298	254	
258	275	291	267	297	279	284	252	
285	296	263	257	261	286	292	274	
277	286	284	280	298	299	294	291	
254	296	270	258	267	257	281	260	
281	267	254	297	250	295	282	286	
293	278	258	268	256	273	266	275	
279	280	297	264	278	284	285	275	
277	258	270	276	259	298	281	291	
298	267	252	275	285	262	273	261	
277	258	269	256	299	259	291	283	
264	284	261	278	252	263	274	285	
286	251	269	271	277	281	264	276	
294	281	292	268	286	263	251	267	
292	265	286	253	274	259	268	255	
265	288	280	258	289	266	261	286	
282	281	283	296	284	256	297	264	
279	262	283	263	287	256	277	268	
265	255	295	262	298	280	289	256	
272	269	260	255	294	275	257	289	
280	266	289	294	261	291	272	268	
256	294	258	276	252	286	250	278	
254	265	250	296	275	251	283	253	
293	252	261	278	272	284	280	264	
284	275	266	261	281	251	273	276	
290	276	287	266	252	253	295	289	
282	263	298	251	281	295	274	286	
313	342	305	339	340	311	300	330	
329	324	342	313	304	343	309	312	
306	341	312	342	328	310	300	343	
336	303	324	322	311	316	312	313	
335	323	311	345	307	300	342	310	
303	323	310	308	321	326	312	348	
300	306	309	310	344	329	330	324	
337	339	319	302	329	309	314	335	
310	309	349	332	347	337	335	321	
340	330	341	336	343	314	312	345	
308	349	309	322	331	332	306	302	
343	339	304	338	341	316	331	318	
306	310	337	309	346	324	323	312	
307	338	323	341	313	327	349	314	
340	335	336	349	317	304	307	324	
338	320	322	304	330	323	344	314	
319	313	315	312	303	331	321	324	
329	347	326	321	328	341	313	305	
343	324	338	334	311	331	341	300	
327	333	328	303	302	348	346	339	
309	312	302	337	305	331	339	328	
316	314	326	344	301	329	336	338	
307	315	340	332	318	348	338	308	
345	346	331	317	343	326	300	303	
304	315	327	326	339	323	348	345	
301	316	343	342	318	308	300	321	
325	323	308	317	335	333	342	338	
310	306	342	326	311	300	340	341	
308	320	340	330	321	302	315	306	
337	334	335	326	349	323	301	310	
322	336	324	337	314	332	303	326	
321	335	339	333	327	319	302	334	
344	338	342	325	332	334	302	333	
312	340	341	348	327	306	344	332	
320	346	337	331	303	333	311	316	
322	307	324	341	323	329	328	311	
330	338	347	348	345	331	311	346	
312	311	322	320	326	301	319	324	
331	310	305	342	314	300	333	347	
339	321	345	346	319	328	332	318	
332	346	336	316	311	308	344	347	
314	325	333	343	308	323	322	309	
321	317	339	312	303	304	325	333	
309	328	330	346	306	343	301	316	
314	337	333	334	344	317	327	303	
310	303	305	347	344	333	316	313	
335	315	303	323	321	318	322	339	
301	303	325	335	302	314	343	348	
321	308	344	303	335	330	319	337	
312	339	304	308	315	305	314	340	
390	358	380	364	372	369	363	389	
386	351	385	356	396	389	368	378	
360	382	352	356	385	394	371	377	
355	378	389	397	368	364	384	379	
364	379	367	396	370	377	373	353	
392	386	391	385	394	389	399	390	
394	375	390	353	359	398	355	366	
363	398	393	378	350	366	358	397	
374	384	393	382	377	394	369	391	
392	350	389	368	382	386	374	353	
357	378	392	397	363	372	373	386	
357	378	399	394	354	367	375	356	
361	386	369	392	370	356	388	378	
356	382	375	350	367	391	365	384	
386	384	359	356	357	394	368	393	
391	370	356	374	375	362	387	386	
364	393	378	359	372	350	398	392	
355	386	397	354	375	363	364	393	
399	356	394	383	364	354	379	363	
351	398	387	356	363	352	393	382	
382	376	383	360	363	361	378	373	
384	367	368	380	385	388	382	379	
393	382	375	398	360	369	353	381	
363	366	357	390	353	350	358	365	
369	390	398	351	387	395	389	353	
399	374	396	384	359	375	391	379	
377	353	369	398	393	394	362	395	
358	387	394	355	380	386	363	366	
383	392	374	367	377	351	395	379	
361	378	393	356	391	385	360	381	
385	365	386	359	370	399	371	379	
375	357	381	395	359	352	385	374	
356	360	352	381	358	363	357	376	
397	357	391	359	364	368	374	378	
359	383	389	385	368	364	350	387	
361	371	369	390	394	356	363	399	
396	363	382	354	366	394	393	392	
378	358	386	388	390	374	353	377	
379	366	356	388	373	372	393	369	
390	385	367	364	362	383	361	389	
388	350	362	366	393	377	352	383	
399	375	381	391	395	373	363	352	
379	368	395	386	392	399	396	375	
386	362	391	352	380	393	397	390	
352	375	390	353	374	364	359	360	
383	362	350	377	385	367	357	379	
375	352	378	386	365	398	382	397	
368	378	391	350	379	355	390	358	
399	370	389	360	358	376	371	357	
371	385	376	354	361	368	397	394	
406	421	443	408	405	403	407	419	
430	405	433	440	412	428	445	424	
414	405	404	449	422	439	441	429	
436	409	424	432	442	403	447	440	
441	407	419	415	414	429	401	423	
442	416	440	446	430	422	435	447	
403	426	441	440	432	444	447	406	
445	403	432	430	449	433	405	419	
405	420	440	434	443	444	437	435	
433	408	405	424	435	449	427	426	
424	439	445	436	420	431	422	437	
447	413	444	445	448	440	436	418	
437	443	413	409	442	422	414	423	
407	400	439	434	431	417	430	411	
437	413	435	447	439	411	424	440	
414	418	431	438	407	421	408	406	
420	427	426	442	403	428	436	416	
407	401	417	408	436	431	433	442	
447	428	423	441	416	431	412	448	
407	402	426	437	447	421	417	435	
444	410	427	443	415	447	400	406	
439	410	426	432	423	435	400	440	
414	404	448	422	401	431	445	413	
406	418	413	434	407	423	437	444	
401	426	412	421	446	442	448	444	
420	448	435	410	446	400	421	434	
444	412	443	424	413	429	414	405	
437	418	436	439	424	448	440	403	
436	423	418	428	402	431	400	442	
423	421	414	445	417	403	446	410	
420	431	425	424	423	411	418	445	
409	418	436	419	416	443	432	421	
409	446	433	429	413	412	441	447	
436	440	400	419	420	423	401	432	
419	448	438	420	416	403	436	430	
426	405	414	445	444	440	433	430	
444	423	413	404	405	436	410	416	
411	435	424	427	431	414	433	437	
410	433	400	442	423	403	440	408	
427	426	428	406	447	433	408	430	
409	446	408	432	421	417	413	438	
419	439	432	405	447	437	403	448	
435	438	421	401	437	432	410	443	
421	406	432	405	426	408	438	442	
407	415	412	409	410	447	416	400	
433	425	420	441	426	402	440	422	
404	407	440	433	414	446	412	436	
423	404	421	432	405	446	424	425	
416	440	445	436	412	418	435	430	
436	401	440	434	406	449	407	402	
478	474	460	456	463	491	495	485	
472	485	499	464	484	471	463	459	
463	472	476	467	497	478	455	464	
474	473	496	471	491	456	478	485	
495	487	455	477	467	450	472	497	
465	453	452	459	462	460	461	466	
495	496	476	492	452	453	462	464	
461	455	475	450	497	463	482	473	
465	481	484	455	464	466	497	489	
467	457	458	486	471	477	491	490	
452	462	481	498	461	470	466	477	
486	461	492	469	455	476	488	463	
477	485	467	478	492	458	464	497	
478	452	454	470	464	451	491	499	
492	475	488	454	498	460	477	459	
481	498	463	488	464	461	479	466	
466	463	476	469	471	487	483	499	
486	497	457	491	493	494	482	463	
471	466	455	454	479	480	458	483	
475	477	479	471	497	463	461	454	
493	488	483	462	489	495	451	467	
485	477	480	495	452	454	482	483	
472	474	453	481	473	459	457	467	
460	481	486	468	451	450	492	458	
455	450	451	458	466	478	487	465	
450	473	492	468	465	463	469	456	
458	470	494	455	467	497	464	495	
450	456	462	475	476	454	493	451	
462	480	459	499	484	469	453	465	
471	477	460	485	483	484	463	495	
495	461	466	491	456	477	472	492	
494	461	471	483	460	480	487	479	
491	486	498	466	480	458	470	477	
480	495	471	493	464	457	450	465	
490	482	460	478	465	455	489	488	
474	469	479	458	493	483	461	478	
451	478	466	464	486	497	455	470	
473	459	456	457	495	462	499	480	
457	459	481	492	498	479	496	483	
479	487	455	494	496	468	484	454	
498	469	457	464	461	476	473	465	
492	485	489	498	454	472	494	460	
465	492	459	456	453	487	480	464	
456	470	450	466	478	495	468	497	
486	497	462	468	491	483	481	482	
451	470	498	454	462	457	488	458	
479	494	490	476	450	468	493	499	
466	496	465	492	469	458	475	499	
485	499	476	461	498	495	488	482	
464	488	458	482	461	456	478	457	
68	338	90	
211	246	365	
372	411	82	
384	189	405	
35	291	54	
321	399	117	
494	140	218	
409	167	411	
460	62	401	
55	128	186	
106	373	481	
71	384	445	
387	23	5	
223	104	213	
396	444	391	
245	327	433	
289	112	332	
123	117	179	
315	160	6	
95	275	434	
482	386	245	
422	67	247	
115	75	336	
436	59	318	
106	201	192	
87	190	369	
99	172	48	
325	146	485	
64	369	403	
122	83	334	
320	300	422	
224	390	361	
121	117	354	
103	203	32	
5	306	296	
180	144	464	
327	216	294	
476	295	217	
367	341	449	
472	414	300	
354	406	282	
476	287	250	
326	363	15	
80	198	119	
10	372	457	
134	145	450	
6	498	29	
139	312	228	
411	413	482	
247	225	448	
435	285	374	
274	121	3	
399	496	309	
462	465	333	
131	53	494	
297	428	77	
27	260	96	
206	125	302	
236	31	400	
441	237	164	
187	408	428	
482	454	304	
50	142	175	
203	42	408	
236	393	280	
289	89	8	
252	109	146	
76	276	328	
404	272	138	
271	41	388	
134	218	137	
239	40	446	
416	53	61	
78	455	252	
135	58	7	
117	109	319	
3	25	231	
158	77	144	
230	155	2	
151	128	219	
238	328	471	
191	301	432	
390	150	143	
161	423	462	
111	94	326	
258	75	125	
332	73	425	
318	270	201	
266	108	417	
344	271	355	
35	219	255	
399	457	169	
356	14	365	
180	334	357	
163	393	101	
51	236	319	
185	224	456	
215	144	465	
289	409	146	
38	234	185	
62	101	148	
421	201	459	
364	448	219	
190	423	73	
299	381	415	
200	454	97	
17	440	88	
232	399	31	
168	142	234	
55	327	113	
170	186	118	
172	324	304	
177	461	315	
394	177	446	
294	483	472	
278	126	215	
237	96	75	
193	63	272	
367	395	125	
138	152	349	
401	49	478	
210	479	451	
128	280	228	
317	128	173	
330	222	22	
157	413	303	
346	19	242	
39	355	332	
155	310	221	
49	35	241	
202	270	83	
58	134	162	
322	494	95	
422	37	354	
277	341	480	
470	79	396	
61	392	422	
413	311	347	
82	441	288	
364	403	458	
317	58	233	
457	269	99	
244	301	193	
428	264	190	
287	320	402	
246	408	80	
230	104	374	
124	257	225	
317	272	78	
337	117	409	
227	41	226	253	
408	273	453	279	
355	264	336	57	
391	219	468	268	
474	31	434	460	
106	0	355	192	
498	143	411	15	
485	336	150	429	
185	498	285	278	
275	253	133	82	
400	205	325	182	
173	212	429	199	
269	287	120	166	
141	386	477	88	
365	173	140	334	
203	294	357	259	
245	212	394	378	
217	271	169	391	
124	431	284	323	
21	90	129	391	
340	262	38	216	
99	115	482	309	
418	447	341	456	
159	207	110	378	
132	254	391	178	
390	13	16	254	
376	83	463	439	
396	380	359	279	
90	441	167	55	
320	192	14	83	
402	227	71	111	
288	411	132	151	
141	248	299	8	
242	228	348	187	
248	24	461	10	
109	338	188	482	
321	473	425	144	
80	354	418	290	
188	322	153	157	
493	25	460	212	
266	1	306	457	
241	186	252	119	
267	470	171	224	
167	49	242	278	
397	464	476	444	
256	142	450	128	
117	252	123	272	
86	225	300	261	
223	66	484	108	
326	287	63	10	
399	248	69	11	
404	488	73	70	
198	163	61	409	
485	339	376	400	
475	55	330	363	
279	377	32	384	
294	193	343	183	
246	405	92	169	
116	199	162	21	
378	427	489	417	
5	195	205	420	
481	294	194	457	
416	62	0	308	
92	424	222	87	
337	397	238	496	
119	162	252	142	
63	326	311	109	
273	263	384	118	
473	18	217	475	
27	379	381	449	
35	50	492	364	
51	62	119	351	
220	341	406	24	
334	438	98	68	
181	150	402	120	
316	265	399	102	
275	497	21	477	
207	420	135	59	
225	373	142	277	
176	265	230	82	
243	46	181	209	
483	11	366	169	
29	364	384	115	
418	213	187	253	
105	265	85	279	
320	411	21	418	
343	28	60	227	
56	247	115	284	
257	389	52	348	
90	143	66	342	
226	39	379	458	
243	256	70	23	
461	74	295	114	
199	118	156	438	
121	467	296	370	
204	153	332	162	
227	388	117	124	
220	370	34	240	
112	454	79	145	
445	352	362	106	
23	67	169	49	
239	142	436	334	
453	243	468	417	
124	250	474	499	
380	164	159	273	
434	492	248	196	
135	304	179	490	
454	176	152	197	
444	151	403	430	
306	463	80	494	
449	112	409	66	
473	312	327	378	
243	214	428	280	
44	200	144	26	
333	244	113	473	
253	131	194	225	
258	2	433	379	
249	298	499	283	
492	478	2	301	
288	79	236	23	
487	383	107	184	
445	429	331	336	
5	425	373	33	
481	145	207	20	
30	61	373	18	
447	106	91	259	
492	385	136	10	
6	424	13	288	
459	344	317	184	
423	71	85	276	
428	482	122	463	
423	221	259	236	
305	191	405	348	
297	473	1	112	
430	45	210	103	
245	323	269	372	
56	146	461	142	
31	452	128	353	
95	112	62	298	
189	474	195	139	
224	281	164	149	
259	267	269	321	
46	471	377	53	
297	422	47	311	
360	143	303	444	
163	167	310	183	
491	86	64	21	
52	148	5	359	
495	440	7	266	
17	251	112	118	
380	231	265	63	102	
199	395	33	81	345	
431	95	284	386	287	
104	264	269	388	128	
165	387	295	345	58	
153	382	463	23	86	
310	456	350	287	138	
369	472	361	279	387	
233	383	427	90	51	
428	90	358	191	412	
389	290	363	209	267	
480	16	378	53	211	
38	137	156	164	190	
171	403	420	211	177	
288	89	211	44	349	
248	145	18	19	442	
65	23	197	129	382	
78	486	144	84	175	
375	102	436	353	127	
97	449	478	325	194	
190	393	220	466	25	
249	253	187	78	404	
126	231	295	119	249	
30	64	299	350	36	
458	301	392	48	299	
139	459	177	296	454	
388	376	483	455	495	
136	129	277	137	3	
25	17	332	394	288	
490	264	309	336	306	
330	45	294	251	204	
38	247	317	182	441	
152	13	8	465	171	
185	166	96	47	263	
141	340	163	443	100	
422	90	114	286	498	
187	245	455	441	292	
207	490	212	446	291	
163	223	419	109	16	
242	308	111	213	295	
255	113	80	55	95	
87	465	456	145	85	
444	115	266	74	35	
291	485	378	80	492	
23	398	388	232	81	
78	88	392	87	49	
114	376	452	308	444	
347	493	352	275	229	
418	142	103	58	414	
184	95	241	73	41	
263	296	434	81	248	
441	247	476	358	213	
417	258	342	364	305	
329	428	282	377	263	
324	386	244	171	45	
284	461	39	260	257	
416	353	466	119	265	
340	8	357	354	282	
136	188	340	258	457	
348	125	182	458	369	
159	15	385	138	337	
347	299	395	377	250	
379	238	446	301	350	
0	159	211	95	362	
441	106	394	326	77	
292	163	261	269	64	
496	93	72	186	9	
397	331	305	77	390	
81	207	297	15	437	
142	369	209	385	215	
65	482	373	258	435	
169	246	92	268	9	
89	321	273	84	406	
255	275	78	254	90	
187	429	327	286	468	
47	327	133	46	162	
372	319	124	22	358	
171	418	315	232	146	
17	98	48	379	294	
38	428	283	342	237	
19	476	480	136	188	
493	115	348	94	80	
125	129	64	115	97	
353	75	421	394	279	
34	361	435	22	493	
39	329	255	57	291	
457	435	394	334	16	
257	456	65	145	330	
202	116	206	484	184	
322	489	14	498	70	
429	329	145	168	405	
287	132	331	169	323	
376	463	464	292	2	
172	480	369	236	395	
389	157	174	289	309	
188	238	274	368	283	
450	471	413	438	146	
74	43	194	217	82	
307	171	217	253	291	
137	357	450	21	2	
395	350	366	46	266	
187	7	436	455	94	
89	119	145	131	248	
14	472	400	176	7	
365	341	267	429	104	
278	420	170	108	34	
226	290	274	254	376	
196	190	494	208	10	
176	187	170	354	265	
460	427	205	93	467	
367	267	287	192	238	
7	184	487	218	296	
447	415	300	31	340	
481	60	157	287	42	
439	228	183	248	277	
486	408	3	287	433	
14	201	462	493	252	
340	284	73	267	416	
138	219	8	394	475	
262	266	221	458	352	
320	240	205	201	284	
454	15	466	261	48	
136	382	371	10	413	
145	427	164	188	458	
453	103	112	166	178	
469	436	23	287	5	
405	157	304	151	491	
355	208	428	40	467	
195	349	281	2	415	
103	368	341	405	498	
285	108	479	403	258	
483	66	329	45	92	
442	491	128	259	152	
419	277	268	306	495	
420	308	109	221	305	
368	384	28	41	480	
45	205	30	448	60	
199	451	10	15	230	
164	437	143	56	476	
386	299	111	75	10	
283	261	282	458	387	
119	124	142	227	307	
369	381	336	399	65	
198	258	122	216	85	
256	436	176	89	42	
228	482	272	138	67	
247	496	205	256	416	
222	90	256	439	74	
132	27	409	170	123	
123	105	23	78	481	
