31	23	3	4	43	47	
0	2	29	16	37	13	
35	29	14	37	47	13	
31	29	11	43	19	21	
18	26	33	25	47	17	
40	24	12	25	0	6	
13	34	26	37	41	18	
8	45	20	31	47	48	
2	19	26	32	17	6	
33	9	4	14	13	20	
27	18	47	25	0	28	
16	40	25	21	1	42	
4	16	15	20	37	21	
7	1	40	30	41	33	
32	6	19	16	47	1	
7	8	12	28	37	6	
8	46	16	2	44	33	
31	0	9	42	13	41	
10	47	11	43	17	45	
22	41	4	38	5	29	
15	8	46	27	21	10	
41	1	20	13	0	46	
26	19	2	4	39	18	
29	16	28	46	21	38	
13	22	0	5	39	45	
21	0	7	40	24	47	
18	46	25	36	45	20	
36	39	29	11	13	14	
37	49	46	6	14	9	
26	2	41	13	48	4	
39	29	6	33	47	36	
2	25	28	4	13	23	
45	8	37	14	42	49	
32	30	25	38	49	11	
26	9	4	34	29	10	
6	27	0	48	11	8	
7	18	21	5	15	23	
30	42	23	43	13	27	
8	29	41	6	4	46	
4	2	6	0	39	26	
36	33	19	7	12	49	
1	31	8	44	5	18	
0	8	36	7	35	47	
17	31	30	45	23	21	
9	34	1	48	37	49	
4	32	24	48	45	37	
3	41	43	33	32	18	
16	11	18	13	37	36	
27	39	41	45	26	13	
40	7	44	41	32	18	
69	68	75	86	67	53	
84	52	91	73	50	82	
89	97	86	52	53	55	
51	93	55	71	97	81	
73	81	97	82	57	58	
51	54	90	57	64	69	
58	81	65	75	88	95	
93	99	52	51	74	94	
90	65	50	62	93	56	
53	87	92	71	60	91	
85	58	65	64	70	73	
56	83	91	82	90	65	
64	85	70	72	52	61	
54	61	94	87	90	80	
70	85	61	66	67	76	
91	85	56	52	80	57	
55	95	63	60	98	78	
81	86	85	90	73	57	
79	78	56	97	87	76	
70	84	72	90	89	73	
89	64	83	55	87	91	
62	71	50	51	79	90	
92	65	96	69	60	57	
60	58	89	66	69	75	
66	51	79	85	64	67	
73	84	61	77	93	54	
67	82	68	80	58	88	
90	74	94	83	51	85	
96	91	62	87	59	69	
59	96	85	52	51	81	
84	87	89	71	95	75	
91	57	73	75	50	67	
63	53	81	99	64	89	
98	88	72	53	56	96	
60	87	88	58	81	53	
95	78	55	90	75	52	
79	84	50	93	70	66	
61	50	68	91	75	59	
83	88	77	92	76	70	
65	73	89	58	85	69	
62	57	51	70	81	67	
96	81	61	98	65	75	
83	59	93	64	89	73	
95	94	59	67	58	66	
88	96	89	64	71	73	
88	90	95	65	73	64	
57	77	92	71	74	62	
87	96	72	55	88	53	
93	90	51	95	57	88	
76	53	92	66	96	65	
124	129	137	101	146	110	
105	148	121	127	135	126	
107	145	121	127	108	136	
111	135	145	124	104	121	
142	127	137	130	126	125	
149	147	139	105	125	108	
138	117	149	145	107	120	
115	100	133	117	123	142	
146	105	111	108	101	100	
109	108	106	138	120	145	
134	145	107	101	144	131	
130	107	133	126	128	134	
118	116	102	146	126	136	
122	120	139	130	135	101	
129	132	117	128	125	140	
121	135	140	102	114	128	
120	121	118	132	103	116	
129	148	102	115	108	137	
134	130	144	102	135	106	
105	123	122	121	102	148	
102	121	120	123	138	142	
125	109	106	136	130	142	
105	132	118	102	111	119	
148	102	145	132	136	100	
106	146	135	129	111	134	
136	100	135	111	144	118	
129	134	115	102	116	114	
100	133	101	144	119	106	
116	126	114	117	142	137	
105	128	144	123	117	149	
116	110	148	137	132	118	
146	136	143	132	114	137	
137	143	108	117	134	131	
124	138	127	131	129	148	
102	146	117	118	126	149	
105	106	110	114	147	149	
113	124	138	103	144	116	
135	110	144	142	116	109	
139	140	106	119	102	122	
144	140	136	146	105	104	
146	132	115	101	129	134	
112	100	132	114	147	137	
104	128	137	115	140	111	
120	114	134	119	104	148	
140	136	114	108	121	144	
110	109	100	101	113	118	
122	137	113	139	129	147	
102	137	133	134	131	100	
137	119	103	122	109	123	
122	117	112	106	144	128	
189	182	188	164	192	155	
177	150	183	175	196	185	
173	154	184	178	170	199	
198	185	152	167	195	175	
169	160	187	188	158	184	
182	187	199	188	166	178	
153	195	170	188	173	159	
191	196	188	150	192	157	
185	183	181	177	176	192	
186	164	154	187	188	152	
175	165	190	193	153	169	
176	150	170	187	168	198	
194	187	176	195	169	197	
180	191	198	176	170	168	
163	176	183	171	182	165	
194	176	192	153	167	150	
152	168	188	183	189	175	
167	159	186	197	176	157	
151	164	162	170	155	159	
179	180	169	197	172	192	
189	176	167	185	160	150	
185	175	184	188	164	198	
189	192	160	181	150	191	
197	154	172	167	153	158	
186	156	153	165	155	172	
165	157	194	195	180	193	
154	190	157	196	165	176	
165	155	162	161	185	199	
174	175	199	163	186	188	
192	158	151	173	181	182	
162	161	194	159	178	150	
160	196	179	169	170	164	
176	186	179	169	168	166	
177	178	150	199	190	154	
198	179	196	166	174	170	
198	151	163	174	152	183	
186	166	187	178	168	198	
178	155	150	173	179	188	
199	195	183	185	176	187	
154	160	177	167	171	182	
197	187	184	156	188	172	
162	164	197	184	182	187	
177	161	168	152	183	189	
160	165	180	189	183	150	
187	164	180	198	173	161	
182	194	186	159	191	172	
183	186	198	172	167	160	
191	195	184	160	188	152	
181	177	152	150	163	198	
190	193	197	180	199	167	
220	203	206	213	236	208	
239	246	232	212	240	203	
240	227	207	210	236	239	
228	201	236	246	213	206	
203	245	229	243	235	241	
207	213	209	202	201	230	
229	203	241	221	218	217	
224	211	203	212	200	227	
206	241	207	212	235	228	
214	226	242	220	225	219	
244	210	243	248	233	205	
201	217	205	223	211	216	
246	248	200	218	240	227	
225	208	246	233	223	234	
206	205	210	245	237	212	
229	236	220	248	203	200	
231	219	241	236	233	221	
224	222	206	234	242	239	
242	214	219	201	243	203	
230	214	221	220	222	247	
212	248	209	230	216	223	
205	239	233	241	221	211	
228	244	226	224	230	225	
242	232	208	237	220	217	
243	232	222	208	227	240	
235	245	227	219	201	225	
216	206	222	248	220	218	
210	201	209	249	223	245	
230	241	245	244	212	204	
243	231	235	230	224	229	
203	223	240	233	204	239	
241	242	248	243	245	237	
218	213	204	246	232	211	
218	239	206	235	245	226	
238	237	200	204	202	221	
228	221	229	220	219	246	
223	248	231	213	230	203	
229	203	226	212	244	217	
228	231	230	220	234	214	
200	244	213	215	225	233	
216	233	223	245	236	214	
248	235	221	218	207	222	
201	213	214	227	211	207	
239	237	248	230	217	238	
238	225	248	245	222	235	
215	224	218	249	214	238	
202	211	214	210	225	216	
240	239	206	224	218	245	
206	212	239	207	218	238	
233	231	219	201	204	218	
257	255	259	299	260	269	
281	292	253	287	257	288	
273	252	270	285	290	283	
270	271	265	261	255	296	
250	295	260	270	251	266	
252	261	296	294	269	291	
276	275	279	258	256	278	
292	271	272	287	270	266	
294	291	260	263	279	254	
277	279	296	265	283	251	
257	273	291	269	296	260	
266	269	279	252	267	299	
261	272	295	265	250	289	
257	273	264	293	271	291	
255	258	270	289	268	252	
265	289	253	255	257	256	
284	299	273	297	286	253	
286	263	256	295	280	296	
291	263	286	252	259	265	
258	289	283	251	296	270	
268	292	254	295	287	272	
292	258	282	250	285	286	
262	281	258	254	280	255	
258	277	289	294	257	290	
253	287	294	250	257	275	
259	288	255	256	275	292	
278	250	265	267	299	269	
297	283	279	267	254	280	
266	296	265	262	252	256	
258	282	299	287	255	276	
262	286	252	284	278	279	
258	298	270	294	268	280	
255	265	266	264	250	279	
267	286	263	272	257	271	
280	273	296	259	262	254	
297	263	254	285	288	296	
254	263	280	253	269	257	
261	275	283	299	256	272	
283	296	275	280	297	276	
262	291	290	258	250	283	
257	263	282	265	259	277	
277	250	269	273	294	255	
266	252	276	293	250	273	
292	291	280	273	290	286	
298	270	262	263	258	290	
295	284	257	270	263	252	
271	259	253	291	268	263	
269	272	281	263	274	294	
281	297	298	276	275	278	
259	253	295	271	292	267	
338	306	337	323	308	307	
323	348	315	346	347	302	
318	316	302	308	314	336	
305	344	320	328	323	319	
310	348	341	323	322	305	
316	320	332	301	303	310	
311	334	349	315	327	324	
336	331	302	315	329	318	
326	305	348	343	344	313	
342	318	349	309	326	347	
327	338	328	335	342	349	
347	337	302	300	348	349	
300	316	331	338	320	330	
330	308	312	323	343	306	
311	307	331	300	338	302	
312	329	348	310	346	308	
318	329	342	312	326	327	
301	315	345	341	324	305	
300	304	327	332	347	320	
324	315	346	318	304	325	
345	325	338	311	339	341	
327	309	304	318	315	305	
322	313	307	348	301	318	
334	327	347	300	328	307	
322	307	301	310	340	316	
308	334	333	316	314	322	
322	344	315	309	324	302	
316	300	326	329	337	334	
348	300	345	310	325	311	
345	312	324	315	304	309	
339	309	329	340	338	349	
338	343	333	303	311	329	
321	326	342	345	323	325	
301	307	304	310	347	321	
329	330	348	313	342	323	
328	307	342	305	318	322	
316	303	319	338	345	307	
304	328	332	313	331	309	
338	312	301	334	347	317	
306	327	305	312	344	336	
326	316	324	312	325	337	
322	314	331	302	317	304	
327	342	332	311	320	305	
308	340	316	313	315	329	
315	348	310	340	341	320	
315	338	331	344	303	318	
308	321	319	318	333	341	
328	321	326	345	334	305	
347	317	330	342	302	349	
326	335	308	318	345	301	
377	395	382	373	366	351	
393	350	395	374	359	369	
381	376	370	351	377	391	
373	353	368	374	371	396	
394	359	378	362	375	373	
355	371	364	378	384	380	
374	394	356	376	391	373	
392	376	394	385	375	355	
353	372	375	394	381	367	
351	391	368	385	358	361	
363	356	362	351	353	380	
368	370	357	373	364	384	
386	392	364	377	368	359	
393	369	361	363	395	364	
397	351	376	363	354	350	
390	367	391	355	399	395	
354	355	358	387	385	366	
363	356	357	395	391	350	
360	396	391	351	376	350	
398	380	396	373	366	394	
384	354	366	367	351	394	
377	392	395	360	350	387	
387	361	368	398	393	357	
372	378	398	357	365	395	
396	381	363	356	393	386	
367	377	395	359	363	378	
381	380	356	386	353	384	
353	395	350	376	381	377	
371	383	359	380	354	353	
397	364	351	381	373	380	
391	355	393	392	354	382	
391	353	396	361	388	364	
381	390	389	395	377	378	
392	391	397	375	379	386	
362	384	395	365	351	366	
377	391	355	381	379	389	
380	353	397	351	375	376	
373	379	388	392	380	396	
379	387	399	372	365	374	
387	391	351	362	353	396	
390	364	393	375	351	372	
357	359	372	368	358	380	
366	351	352	398	373	364	
379	363	374	381	376	354	
357	361	380	374	386	387	
380	358	360	370	391	362	
370	357	360	371	381	365	
359	390	362	397	382	365	
389	377	390	362	384	365	
356	366	361	379	377	380	
423	431	402	432	410	440	
439	423	430	421	402	437	
401	411	418	423	414	440	
412	401	407	443	434	426	
426	410	407	442	437	404	
408	414	426	403	417	434	
421	447	428	446	403	412	
446	435	408	433	411	436	
446	402	443	407	421	431	
436	408	404	411	448	424	
401	413	400	431	443	418	
422	415	412	426	423	420	
412	431	423	410	420	433	
429	413	403	435	426	431	
444	404	407	423	424	443	
429	412	401	415	432	424	
400	420	444	421	438	405	
430	435	448	443	439	401	
431	427	447	433	444	417	
430	441	429	421	416	432	
406	412	445	405	437	418	
424	432	439	406	410	435	
442	416	444	448	414	428	
447	448	419	442	426	410	
410	413	414	447	429	431	
422	446	442	439	424	403	
435	443	429	434	409	421	
442	401	429	435	431	424	
445	411	417	446	431	410	
410	447	435	416	428	449	
409	448	402	436	437	442	
414	402	417	426	413	406	
407	402	406	403	432	434	
436	419	404	431	445	441	
425	445	410	436	424	431	
421	415	430	408	403	440	
427	406	428	442	435	430	
416	417	441	434	400	419	
434	431	429	440	448	437	
404	430	415	407	421	422	
410	419	416	409	408	406	
433	412	444	441	434	446	
402	436	408	437	434	411	
448	408	401	412	405	411	
445	437	409	423	430	432	
420	431	422	409	407	432	
442	427	420	418	448	435	
406	436	405	408	448	421	
448	429	440	404	446	443	
436	413	424	448	434	420	
453	486	464	490	482	496	
484	473	459	495	499	475	
454	476	479	474	484	485	
494	488	474	473	454	461	
495	458	489	457	486	468	
484	450	494	473	499	468	
479	478	466	473	482	470	
476	453	487	454	457	469	
486	466	499	489	483	463	
477	490	454	464	473	452	
486	454	460	482	474	487	
453	455	471	466	492	493	
450	477	492	487	471	473	
497	472	499	475	458	476	
488	497	474	482	456	489	
475	487	484	495	472	498	
497	496	457	463	490	499	
452	453	492	465	477	468	
472	470	485	471	494	451	
489	461	483	465	487	486	
481	487	460	497	491	470	
492	495	483	453	467	498	
463	473	452	491	459	453	
450	459	478	462	495	492	
488	491	474	499	461	489	
475	454	465	464	482	455	
464	491	452	488	468	456	
486	459	451	477	463	452	
453	472	461	467	460	483	
471	451	472	493	492	494	
476	460	466	491	486	455	
485	472	463	458	481	466	
451	458	463	461	469	467	
469	463	494	474	487	489	
495	459	473	475	489	481	
471	457	461	456	454	458	
492	496	481	493	479	457	
476	475	463	489	491	481	
490	465	491	457	462	461	
476	470	458	488	471	465	
491	488	470	481	473	495	
476	456	474	461	454	477	
491	478	490	488	471	474	
465	480	482	481	491	468	
469	471	482	498	495	484	
484	489	463	456	473	496	
456	498	450	452	451	470	
486	456	466	472	452	475	
487	486	461	475	496	465	
461	456	493	472	454	495	
29	19	39	9	7	45	44	
8	1	9	14	27	47	43	
30	35	5	19	42	45	20	
26	27	23	0	34	14	48	
41	7	27	24	23	18	22	
25	26	28	22	24	41	33	
24	38	23	39	20	30	37	
41	45	18	38	43	32	0	
3	26	6	47	23	25	27	
5	11	29	37	1	31	20	
38	46	36	12	10	23	9	
10	38	26	45	25	22	39	
25	33	14	45	41	44	10	
17	41	13	23	21	2	38	
43	17	18	27	21	35	11	
22	26	36	31	42	11	7	
24	14	30	18	35	45	11	
2	47	0	18	35	34	43	
48	20	19	0	47	5	22	
34	48	16	15	26	14	7	
24	44	17	16	26	28	20	
0	28	49	23	46	34	7	
41	37	40	44	15	3	12	
15	13	16	0	23	27	37	
4	47	46	39	14	3	9	
30	8	12	13	48	41	20	
48	42	9	31	5	36	35	
25	16	38	28	35	34	10	
1	12	47	23	37	31	15	
29	43	23	16	1	36	9	
43	22	8	48	16	44	11	
12	40	23	26	49	35	22	
14	40	38	43	15	13	37	
37	38	25	29	44	11	47	
35	24	27	31	9	41	38	
36	35	12	22	37	28	9	
17	30	16	35	24	45	40	
43	31	37	28	41	2	16	
4	46	40	49	41	6	25	
24	5	4	7	40	6	9	
28	22	6	30	12	24	34	
19	34	15	41	9	3	2	
41	34	17	9	25	32	7	
28	22	0	14	30	45	39	
29	49	42	28	40	15	45	
25	49	33	18	39	36	17	
8	14	0	25	10	21	15	
34	24	4	46	12	23	16	
8	45	42	39	48	28	36	
38	1	20	31	12	9	25	
94	62	60	97	83	80	99	
97	53	67	89	63	81	73	
60	78	88	67	74	63	65	
93	86	50	94	73	71	84	
88	59	89	55	81	92	56	
71	99	75	67	91	66	52	
70	78	50	99	71	97	67	
62	52	66	75	60	95	59	
78	99	96	85	55	88	70	
55	97	94	74	72	56	61	
92	77	96	75	61	91	74	
88	78	71	70	97	84	99	
75	67	53	87	52	50	60	
66	61	96	52	57	84	70	
54	77	66	87	97	58	69	
92	96	71	55	61	56	81	
50	71	53	65	86	98	52	
58	83	85	64	56	59	61	
89	57	80	96	75	71	58	
78	82	53	94	63	66	75	
84	78	57	97	66	83	79	
60	65	50	66	62	96	63	
70	95	93	78	53	56	69	
86	91	70	90	76	81	80	
54	67	81	87	69	97	60	
64	87	69	58	59	51	77	
50	61	90	74	98	93	56	
86	92	65	97	77	81	71	
95	64	54	53	69	96	78	
85	60	52	58	50	61	99	
56	97	59	58	51	90	79	
63	81	59	71	90	67	79	
54	94	59	51	77	84	97	
63	68	56	70	52	50	72	
81	73	54	90	77	83	95	
58	79	80	97	81	99	63	
62	61	76	95	69	85	56	
63	81	86	70	62	80	71	
51	88	67	91	83	81	80	
55	79	89	66	90	92	56	
67	85	52	68	51	94	88	
52	56	66	82	87	79	64	
93	67	81	59	86	99	97	
62	70	99	75	98	78	57	
67	55	72	93	91	83	96	
93	57	85	58	82	64	92	
83	58	60	66	99	59	93	
57	81	79	62	90	93	84	
54	95	89	70	67	57	50	
64	87	83	71	65	61	66	
137	122	134	140	147	108	124	
139	144	106	112	111	135	137	
132	106	105	107	121	117	100	
149	123	117	122	109	121	142	
109	114	136	134	113	105	115	
115	119	136	139	143	130	101	
109	118	133	116	139	101	107	
105	107	147	144	139	123	124	
132	131	103	140	133	146	122	
145	109	118	117	142	102	108	
110	101	122	148	108	114	119	
105	126	108	144	124	122	100	
122	136	102	134	103	128	144	
147	122	128	118	146	107	144	
109	125	120	131	146	100	133	
129	106	119	128	103	108	111	
103	138	105	117	123	115	118	
128	127	121	104	117	106	143	
127	106	120	140	135	149	129	
122	109	104	131	112	145	111	
132	131	142	112	105	113	137	
113	108	136	102	117	144	119	
129	134	128	133	141	132	104	
137	124	105	100	148	113	112	
128	116	106	143	127	135	108	
134	138	148	124	125	130	146	
128	111	141	134	144	100	148	
110	141	112	122	140	126	147	
129	132	104	148	130	147	102	
146	145	134	140	109	101	148	
100	109	124	106	140	102	115	
138	102	117	119	116	128	129	
124	107	101	142	114	119	139	
112	100	120	131	110	146	101	
149	126	102	106	108	131	135	
143	134	111	115	127	140	110	
149	144	125	128	104	105	122	
141	145	146	111	106	131	117	
133	143	108	121	142	136	122	
110	134	121	147	139	131	137	
122	128	120	141	118	130	113	
113	137	127	128	124	104	140	
122	126	129	149	106	144	124	
139	117	113	143	107	102	109	
110	106	137	143	121	100	117	
115	121	112	144	105	139	133	
138	104	107	129	142	103	132	
145	131	144	117	112	137	121	
110	113	106	135	104	132	118	
106	131	144	122	128	142	129	
182	175	153	192	170	158	186	
183	199	181	197	165	180	167	
181	162	178	167	191	194	192	
151	197	160	199	155	182	188	
166	182	173	155	154	169	176	
199	196	198	174	173	188	154	
191	169	151	170	173	152	186	
174	164	184	159	192	183	170	
178	167	199	182	172	196	173	
179	198	186	168	189	195	161	
176	181	198	167	177	155	162	
163	167	157	177	160	182	161	
196	164	174	162	184	154	185	
180	156	184	188	159	177	164	
154	153	184	150	190	182	195	
183	154	174	184	176	193	156	
156	199	170	157	172	153	162	
158	187	154	168	184	166	161	
177	151	179	159	185	183	170	
183	169	152	187	179	184	157	
164	180	150	199	186	161	169	
178	199	189	167	164	183	184	
186	168	166	174	175	177	178	
151	154	195	183	199	157	164	
164	151	197	172	161	150	186	
164	173	162	181	193	192	178	
151	193	159	185	196	195	152	
155	179	192	154	158	177	188	
183	187	161	177	182	192	190	
178	183	192	171	159	161	154	
178	191	174	195	193	167	166	
159	177	157	197	170	199	179	
191	198	181	183	153	150	167	
170	182	169	191	179	185	196	
197	171	184	198	166	150	187	
186	190	152	170	163	159	188	
179	182	171	166	189	174	185	
198	169	181	162	173	168	195	
157	158	167	190	160	175	173	
160	150	181	166	184	193	195	
162	151	170	182	159	167	176	
152	172	170	192	190	161	157	
157	185	166	153	169	177	187	
159	198	155	177	161	150	167	
195	169	168	165	189	162	154	
154	185	182	172	177	183	192	
186	157	154	166	162	182	177	
183	154	182	195	179	188	157	
175	197	170	154	199	193	174	
187	160	183	178	173	180	150	
218	238	210	236	239	242	215	
232	216	236	221	225	220	207	
209	221	235	208	210	218	247	
208	204	212	233	214	209	222	
244	238	210	230	240	218	229	
212	221	222	207	227	200	249	
211	204	208	247	248	226	217	
222	209	205	232	212	238	221	
218	237	206	222	217	202	248	
230	243	235	249	206	204	245	
224	209	225	226	222	220	238	
216	237	215	203	227	235	207	
207	203	221	236	235	245	232	
232	244	238	249	208	246	214	
225	203	208	213	220	202	209	
226	228	216	220	247	241	235	
233	232	221	219	247	234	237	
226	237	218	248	245	228	221	
205	206	232	212	204	223	220	
206	201	215	243	239	210	221	
241	212	210	236	233	219	202	
231	207	237	224	208	210	228	
215	202	221	214	236	240	242	
219	211	242	205	249	233	245	
247	201	209	224	215	204	233	
235	229	226	243	248	214	200	
228	214	206	237	203	238	201	
240	244	243	238	209	228	206	
206	213	246	202	225	215	230	
243	248	219	230	218	233	234	
227	232	207	245	225	200	209	
200	231	222	235	243	240	228	
239	204	232	213	234	208	205	
242	236	211	206	244	210	213	
243	245	237	242	200	224	240	
236	201	211	221	245	212	231	
235	216	236	203	202	209	213	
228	203	217	227	237	248	235	
207	211	233	208	217	205	219	
231	247	239	200	244	240	221	
234	210	245	240	230	249	236	
209	200	202	216	213	240	215	
237	232	216	236	208	219	213	
237	245	235	224	242	218	208	
210	221	248	230	224	223	237	
218	239	236	214	249	202	241	
239	224	203	202	243	226	233	
246	226	201	215	216	203	240	
200	248	238	221	204	229	230	
221	203	200	205	247	224	234	
251	296	276	260	255	298	295	
297	260	282	259	281	255	272	
288	275	262	271	250	259	280	
266	254	261	281	251	268	297	
271	276	267	284	260	295	272	
273	279	263	274	291	269	253	
283	273	263	275	271	265	252	
256	260	296	295	275	288	255	
266	258	254	286	295	293	291	
286	285	295	250	297	281	256	
295	294	268	258	296	262	289	
251	299	262	250	294	261	275	
264	299	256	257	254	280	288	
289	284	256	255	251	254	277	
285	297	290	272	278	250	264	
293	268	296	284	295	282	265	
276	257	261	291	264	270	255	
294	299	253	284	278	292	298	
269	280	274	250	267	290	298	
278	276	286	279	261	267	294	
270	269	265	276	284	262	287	
252	260	267	296	279	262	285	
278	279	282	251	260	261	257	
262	260	255	252	275	257	285	
283	271	263	294	284	297	280	
269	291	258	277	273	254	265	
270	299	250	268	258	256	259	
256	250	277	291	292	290	275	
253	273	271	295	268	294	280	
279	287	275	266	264	277	258	
256	279	264	276	277	272	289	
255	285	254	284	278	287	277	
268	272	251	297	270	256	289	
253	295	267	278	265	287	288	
274	280	250	275	269	267	251	
276	294	251	257	258	260	291	
279	273	299	262	272	296	271	
285	282	263	266	284	259	296	
284	275	264	283	273	269	250	
294	255	287	299	266	288	290	
291	269	270	278	284	280	294	
271	258	268	260	285	281	256	
295	264	296	272	271	263	254	
271	267	290	259	272	256	250	
263	291	260	253	273	290	293	
288	276	271	253	295	250	256	
262	284	291	250	257	289	264	
275	265	293	284	258	266	257	
272	251	270	265	266	288	278	
268	299	277	296	253	250	265	
319	310	305	332	330	317	341	
347	328	337	319	304	313	309	
348	302	326	303	344	316	310	
332	320	313	347	346	323	336	
320	323	341	325	317	331	316	
328	307	335	301	319	332	349	
328	323	304	339	338	309	327	
342	334	327	302	305	308	304	
349	306	308	330	348	304	327	
325	335	343	346	300	330	341	
325	340	321	322	313	342	304	
332	312	349	321	309	307	337	
342	335	306	301	324	317	320	
330	305	322	343	340	306	314	
303	349	304	340	324	314	344	
314	333	344	316	301	304	325	
310	324	336	347	340	322	346	
330	349	348	331	346	333	344	
316	323	321	345	305	343	319	
339	304	328	307	334	315	311	
314	329	340	323	319	327	304	
330	315	326	338	340	347	308	
339	335	300	346	315	343	324	
311	341	300	322	308	301	318	
349	344	335	304	338	309	301	
343	320	306	340	341	311	345	
328	340	333	337	315	323	310	
318	324	309	331	329	333	337	
327	328	305	306	304	331	302	
321	347	315	320	332	339	341	
332	344	304	309	321	310	349	
310	305	348	304	336	325	332	
327	323	312	308	326	317	343	
326	319	344	307	334	325	332	
340	304	317	315	321	349	323	
317	301	325	308	342	321	339	
325	343	320	306	346	338	342	
345	309	339	319	313	314	337	
337	316	326	347	300	327	343	
341	303	330	343	335	319	326	
330	319	324	342	345	302	349	
309	306	300	339	345	302	343	
313	301	338	345	331	307	317	
347	301	339	345	305	300	337	
334	328	345	319	346	342	321	
317	322	341	304	315	306	300	
337	349	320	327	329	318	311	
347	311	342	309	321	312	319	
322	343	326	338	320	307	302	
304	347	309	301	307	344	310	
377	366	388	384	390	360	396	
353	394	380	392	387	379	360	
388	395	370	373	354	377	387	
384	353	358	354	393	382	376	
375	383	381	374	379	388	378	
373	386	375	385	357	359	382	
361	351	362	358	382	366	385	
355	385	370	399	369	361	376	
376	369	380	389	363	378	365	
393	377	391	358	394	388	389	
383	386	398	377	369	360	384	
363	357	359	370	393	396	369	
367	384	372	393	359	352	353	
395	391	380	355	390	384	367	
398	395	367	365	377	374	363	
388	376	355	377	386	397	360	
351	354	396	352	368	381	386	
391	383	384	361	367	382	352	
370	393	391	394	355	388	352	
399	360	368	356	392	355	386	
360	368	384	358	362	397	399	
353	387	365	367	379	377	394	
389	364	396	394	392	357	368	
391	359	368	358	371	397	394	
372	381	370	352	390	393	369	
356	363	388	373	397	398	385	
365	355	358	393	356	369	396	
377	372	368	369	355	358	376	
357	355	380	397	378	379	396	
381	373	374	370	386	399	385	
376	359	360	394	378	355	364	
380	383	363	362	360	390	376	
376	369	375	385	384	370	393	
374	361	371	358	353	354	388	
399	395	350	361	364	353	387	
387	354	393	385	368	363	373	
366	371	387	385	368	361	399	
377	372	397	374	366	380	399	
389	351	377	355	397	391	386	
353	385	397	364	356	363	375	
394	360	396	370	397	376	387	
351	369	378	356	384	390	354	
358	371	361	398	350	397	363	
351	393	395	366	388	387	368	
379	358	366	352	392	397	389	
369	391	375	392	350	359	351	
379	390	360	383	366	377	352	
374	359	381	355	363	366	390	
354	381	376	373	356	362	380	
370	368	350	383	396	387	392	
415	414	427	441	430	423	434	
438	419	430	418	402	436	448	
424	428	419	447	401	416	443	
438	417	440	428	405	400	402	
404	423	444	414	448	436	419	
427	419	446	442	415	420	433	
431	432	412	417	422	414	441	
449	444	420	401	429	436	404	
436	413	434	422	443	448	431	
410	401	406	402	431	412	424	
433	420	407	422	443	430	401	
404	446	403	408	427	409	438	
440	426	407	425	420	434	401	
426	448	404	400	416	432	422	
443	432	418	402	444	428	416	
430	400	445	413	414	423	442	
410	438	415	432	437	445	400	
439	407	449	437	403	406	401	
420	442	404	403	439	445	429	
410	424	436	411	438	404	444	
441	421	413	446	445	435	433	
424	432	425	436	445	409	400	
406	402	423	412	444	416	447	
408	437	427	401	446	414	419	
439	416	401	419	421	437	412	
414	438	400	406	448	426	423	
447	438	444	416	431	435	436	
421	448	447	436	412	426	422	
427	449	419	406	431	415	407	
428	418	436	420	442	400	421	
420	445	417	433	402	419	449	
438	423	409	443	425	426	422	
421	406	440	435	413	415	416	
411	405	409	436	441	434	446	
434	448	426	423	417	440	447	
409	406	443	424	415	435	446	
434	405	438	421	416	401	411	
411	413	414	416	441	446	445	
444	425	416	419	429	421	433	
421	437	435	425	415	448	442	
422	439	448	425	401	426	414	
407	429	439	434	441	437	446	
408	429	411	416	442	423	425	
414	435	416	432	417	411	444	
449	436	431	416	441	404	402	
435	411	408	432	422	429	413	
410	426	433	442	404	416	406	
400	401	448	429	434	427	407	
445	423	417	412	446	442	431	
447	449	417	433	410	426	430	
468	492	453	493	460	478	475	
471	466	468	488	478	452	459	
459	466	496	467	487	494	491	
480	497	499	491	496	453	488	
486	481	498	452	476	499	468	
494	498	453	479	480	474	493	
463	497	478	470	456	454	475	
483	482	461	465	469	464	495	
464	487	493	481	496	460	458	
486	483	476	460	480	495	485	
498	456	459	470	467	482	468	
450	462	457	470	451	452	489	
455	471	494	474	450	493	488	
483	498	491	452	487	457	484	
478	450	451	465	476	474	459	
476	480	478	489	490	492	455	
489	454	480	481	456	450	453	
454	478	474	485	468	480	477	
474	456	465	454	455	470	481	
497	479	480	470	491	475	478	
470	480	469	450	479	489	473	
453	498	496	490	455	459	465	
471	476	497	464	454	460	492	
476	461	452	468	453	463	492	
468	462	484	469	493	498	481	
497	494	461	481	470	460	483	
477	476	497	495	460	453	487	
467	497	479	493	491	452	453	
486	492	470	472	474	469	478	
453	450	471	472	482	496	478	
454	481	486	490	453	456	492	
473	494	467	487	477	456	479	
463	461	477	491	493	489	498	
455	488	499	493	470	456	482	
483	481	462	454	470	455	486	
477	456	452	492	467	461	458	
496	492	472	452	484	463	450	
494	466	492	491	482	471	461	
490	491	488	483	489	465	496	
455	492	456	469	466	462	452	
457	456	452	485	477	495	486	
482	493	458	456	480	495	460	
477	464	475	482	455	486	481	
466	468	479	486	495	465	462	
463	467	483	478	461	462	464	
490	478	487	475	471	482	489	
495	499	484	487	466	473	457	
454	471	481	493	477	489	469	
471	480	455	476	487	496	498	
476	494	487	455	495	491	461	
8	39	48	6	12	23	49	2	
11	13	29	41	38	49	35	27	
35	18	31	39	11	29	4	49	
2	25	38	15	0	46	41	35	
48	16	15	7	36	31	33	41	
17	3	43	25	31	16	32	22	
20	10	40	1	41	16	23	33	
11	4	14	33	26	48	13	31	
32	23	12	19	49	38	15	43	
24	12	1	47	38	10	27	34	
19	46	33	49	18	29	42	11	
32	12	17	14	39	15	22	18	
36	23	2	13	15	14	27	42	
4	5	41	47	24	42	12	38	
1	34	13	42	0	16	18	48	
3	14	42	20	21	6	33	10	
10	7	30	20	1	39	33	40	
49	16	35	28	20	14	23	30	
36	44	1	4	28	27	48	32	
40	14	0	32	20	15	9	22	
24	37	43	26	10	21	4	32	
46	8	5	0	40	33	48	41	
34	37	3	42	2	24	46	44	
3	32	38	13	19	27	4	29	
49	31	33	12	35	28	5	16	
41	4	0	38	31	33	11	16	
13	14	25	27	34	20	31	6	
35	13	40	30	5	29	2	3	
46	26	45	11	1	19	6	20	
16	30	4	49	21	48	15	29	
41	30	3	15	8	29	34	6	
45	44	3	17	24	14	31	19	
19	24	1	8	21	6	43	40	
24	32	2	42	28	7	37	44	
9	18	27	12	21	43	37	20	
5	24	21	38	16	49	10	18	
33	40	49	9	41	3	47	15	
42	40	11	7	36	6	4	45	
10	4	47	14	49	24	37	25	
12	34	25	29	31	4	44	42	
16	1	47	33	7	22	23	20	
15	18	1	48	16	11	24	14	
7	41	25	20	6	9	46	48	
9	41	16	19	48	22	46	33	
8	49	16	39	18	31	2	48	
5	6	26	29	40	7	10	41	
22	29	8	31	46	17	2	11	
1	18	0	43	24	31	12	14	
49	6	34	21	30	20	41	28	
48	7	14	12	49	9	39	26	
93	81	76	92	60	80	94	87	
58	86	77	93	76	53	74	96	
74	86	71	59	70	56	62	61	
92	55	58	88	76	67	93	99	
64	93	53	91	76	55	58	57	
64	61	70	68	92	73	89	76	
65	52	68	56	86	54	88	90	
67	57	74	73	72	63	88	96	
77	94	52	68	66	63	82	51	
64	91	78	92	81	51	73	68	
58	77	73	70	96	84	75	86	
67	92	76	56	57	52	51	64	
55	86	70	64	99	58	69	98	
81	88	57	59	98	95	78	53	
69	78	63	74	54	62	71	92	
81	94	78	73	91	90	62	86	
66	59	73	79	77	80	93	54	
59	55	50	69	65	94	70	92	
52	83	86	59	57	89	66	55	
68	89	66	52	71	62	83	99	
79	93	68	97	83	56	87	50	
72	78	53	96	93	61	52	77	
97	71	85	70	99	52	89	73	
88	65	76	62	61	68	55	75	
53	81	85	73	57	93	75	95	
51	50	70	60	64	93	86	72	
86	68	84	65	98	95	89	66	
58	95	54	90	61	63	89	59	
67	65	60	96	81	56	69	90	
72	58	94	55	79	80	97	91	
89	71	84	51	69	65	53	72	
91	98	83	75	78	61	52	59	
75	88	63	74	81	85	55	72	
86	81	90	99	83	63	71	67	
63	76	70	74	57	91	78	53	
73	96	89	68	93	67	76	65	
72	78	94	61	89	82	93	52	
81	87	88	69	52	85	51	75	
87	58	70	81	94	68	78	67	
99	89	64	88	52	74	93	98	
78	71	68	53	72	80	85	74	
89	79	82	74	60	93	73	65	
76	54	91	75	84	94	90	61	
71	53	84	64	79	51	96	52	
77	98	67	65	97	90	52	85	
78	85	66	84	61	89	93	87	
88	77	68	98	63	91	79	90	
75	93	62	51	76	56	90	50	
92	50	84	82	96	75	57	58	
63	88	97	90	54	83	98	79	
122	108	103	116	120	106	125	130	
149	125	139	144	131	141	115	106	
138	145	101	123	128	106	119	129	
131	110	104	130	109	126	119	123	
143	126	100	109	106	140	111	118	
149	107	143	147	102	121	137	109	
112	145	116	107	103	123	118	119	
128	104	147	124	107	129	135	132	
101	113	110	122	112	129	149	117	
128	114	122	140	119	134	121	103	
126	111	117	113	141	108	125	145	
141	103	142	115	143	134	139	118	
105	139	110	130	146	137	147	118	
134	100	149	105	118	127	103	112	
110	134	131	144	109	137	119	116	
107	133	100	112	143	129	123	125	
109	149	113	120	116	143	103	141	
128	105	119	111	136	114	121	135	
134	113	137	129	126	131	122	104	
132	128	119	125	127	142	136	105	
143	124	102	123	145	137	144	128	
139	123	124	128	105	107	142	117	
124	141	132	146	142	130	118	112	
142	148	120	146	119	147	140	113	
118	112	101	105	133	134	143	116	
139	149	120	125	148	138	109	133	
120	104	129	122	109	133	125	113	
110	117	139	112	111	140	144	104	
112	143	148	124	116	121	147	122	
149	111	136	112	120	109	122	117	
149	120	136	144	110	139	131	133	
147	123	137	122	109	108	115	149	
149	108	142	133	102	124	118	132	
129	107	112	137	101	127	147	105	
115	100	105	102	126	145	137	116	
149	123	115	129	147	121	117	122	
110	109	115	101	143	100	104	121	
119	127	101	100	108	137	115	117	
129	146	111	138	107	108	113	131	
143	110	136	128	131	113	115	107	
136	135	126	124	147	116	113	103	
139	119	130	147	123	116	127	117	
101	137	145	133	100	140	129	106	
122	136	105	112	125	118	123	121	
102	130	142	112	126	143	125	148	
105	127	113	143	111	112	130	135	
129	122	103	123	116	112	126	120	
124	145	133	116	134	121	102	139	
147	125	121	140	139	120	105	148	
119	126	148	118	130	142	145	141	
189	175	193	164	169	196	186	167	
184	165	170	186	159	192	179	181	
171	184	181	194	180	167	162	164	
155	173	171	172	188	163	194	165	
172	179	161	178	180	199	193	194	
185	177	176	190	157	197	153	175	
158	167	180	188	156	151	191	172	
156	175	185	197	150	196	153	163	
190	159	165	195	157	176	198	181	
190	168	187	160	195	174	189	169	
156	198	161	178	172	181	196	190	
194	184	192	193	155	188	169	183	
157	193	197	188	198	191	183	155	
159	169	177	176	173	174	170	191	
179	173	154	169	193	190	156	157	
155	157	177	188	161	160	162	182	
155	178	170	165	185	163	179	152	
175	186	152	178	167	182	164	174	
181	168	165	162	188	179	184	194	
195	173	174	198	164	192	157	180	
151	177	153	179	165	172	158	184	
168	190	167	152	164	185	188	153	
153	187	198	174	167	196	162	193	
192	172	165	191	163	194	158	199	
166	183	179	199	177	180	160	162	
197	169	199	193	195	194	186	157	
168	153	197	150	157	160	194	163	
180	169	189	195	197	181	178	160	
150	192	158	151	168	199	180	156	
186	166	185	158	184	162	160	193	
174	163	166	178	193	191	198	185	
160	188	182	183	161	178	150	172	
171	174	185	152	180	159	163	156	
170	175	168	158	197	154	164	162	
167	186	159	165	161	175	156	197	
171	186	173	187	155	189	167	157	
183	166	153	162	154	165	170	167	
194	160	185	153	197	154	165	179	
166	174	195	164	158	179	171	191	
195	186	183	176	197	169	174	161	
180	150	176	198	175	173	170	163	
154	163	186	175	159	174	151	191	
187	173	193	190	198	195	157	166	
174	181	154	185	157	176	192	197	
177	162	173	187	150	190	154	179	
182	179	166	194	153	165	199	168	
151	183	174	178	199	185	190	191	
170	197	191	166	196	156	163	188	
196	164	194	151	150	169	178	162	
196	175	161	181	154	158	191	182	
206	235	221	231	210	234	238	223	
230	209	226	241	232	223	243	206	
240	214	249	236	206	213	248	212	
202	205	230	247	215	209	229	236	
207	239	219	221	217	231	208	215	
206	247	238	234	233	209	226	214	
204	237	241	218	236	201	249	205	
239	203	208	218	249	219	205	233	
238	200	206	205	248	247	228	224	
236	233	217	239	242	200	213	224	
212	231	232	223	247	218	228	227	
207	229	234	210	237	209	221	223	
201	211	203	212	206	228	234	215	
205	218	238	248	231	212	217	216	
201	214	222	212	219	249	226	215	
219	207	244	226	230	239	245	227	
224	246	242	232	215	204	225	236	
204	202	225	249	241	233	226	200	
215	222	210	212	217	223	241	204	
203	208	200	238	215	205	249	217	
237	224	229	213	242	236	231	215	
236	214	226	245	235	224	203	219	
220	243	206	201	202	235	219	214	
229	246	232	207	243	202	216	212	
206	213	231	230	228	219	243	223	
235	238	242	226	205	245	222	247	
235	237	245	206	234	203	204	241	
242	244	210	225	213	201	219	211	
235	216	241	211	249	246	217	202	
206	239	215	236	201	227	237	232	
232	244	220	239	245	201	243	200	
200	233	207	223	225	213	224	219	
228	208	237	221	235	204	224	229	
233	205	236	211	234	232	220	241	
215	243	222	241	240	201	223	202	
225	232	230	224	239	223	206	213	
221	213	206	226	212	234	246	228	
208	211	229	226	213	222	246	210	
243	233	210	236	218	239	206	226	
233	206	213	245	207	215	224	214	
209	220	236	247	215	205	223	221	
247	246	200	235	213	238	243	209	
238	215	224	206	234	242	207	240	
222	242	211	225	212	232	215	202	
233	218	216	247	230	245	236	201	
200	243	210	227	215	220	242	222	
244	225	245	229	235	207	204	237	
203	208	247	212	249	243	234	230	
224	213	212	220	202	226	216	218	
200	201	236	212	233	245	217	223	
269	274	279	278	282	262	288	275	
293	257	282	276	277	269	265	251	
266	282	268	279	294	258	263	278	
267	258	273	295	279	278	251	266	
251	280	273	290	276	288	283	297	
255	284	293	274	265	277	263	251	
275	288	290	260	263	257	291	272	
276	277	285	298	265	264	297	269	
285	287	271	282	257	274	252	278	
292	288	278	269	265	290	298	284	
283	260	259	279	266	292	253	294	
282	276	299	275	296	277	259	293	
294	297	283	251	259	267	281	289	
297	274	270	251	295	269	282	286	
268	261	297	253	276	266	284	251	
279	282	254	252	263	283	287	290	
272	251	281	262	258	288	256	285	
290	254	258	299	259	298	263	285	
253	287	267	292	258	276	272	288	
255	292	257	278	252	279	256	298	
273	250	257	286	281	271	266	268	
262	269	290	288	299	279	252	259	
261	265	271	273	251	297	277	257	
266	295	264	283	269	273	275	270	
270	260	265	296	295	292	293	287	
298	285	287	253	255	284	275	254	
266	255	251	270	260	292	287	280	
290	274	266	292	280	275	262	278	
276	258	265	281	284	289	266	298	
278	281	267	271	299	283	284	270	
292	288	273	296	253	285	251	268	
292	259	250	275	277	294	261	279	
266	283	271	256	259	257	299	294	
298	282	268	259	276	272	277	254	
267	260	298	265	271	250	277	281	
297	271	289	285	295	280	275	264	
294	292	290	279	262	264	260	277	
251	291	289	257	265	275	262	280	
287	251	262	250	286	290	294	255	
287	291	274	251	288	293	264	268	
270	269	267	279	263	265	278	292	
285	256	288	283	255	282	251	294	
255	263	279	274	262	299	251	280	
251	296	258	287	250	285	255	274	
271	259	257	253	299	256	260	296	
295	298	269	260	251	257	270	299	
252	268	293	280	286	279	290	289	
255	254	264	259	272	289	273	298	
273	284	277	293	294	262	271	263	
296	293	266	252	283	273	282	272	
320	323	329	341	304	301	328	332	
343	308	323	334	309	330	321	347	
315	338	320	349	318	340	346	310	
344	349	335	309	315	329	319	347	
347	341	319	334	331	302	333	306	
315	324	329	333	323	319	320	314	
326	327	300	324	340	314	304	311	
306	300	313	301	336	331	339	320	
315	334	335	342	349	319	312	325	
309	320	306	327	336	324	303	331	
339	300	309	338	324	313	346	344	
324	325	321	348	336	327	334	342	
324	301	322	331	347	330	311	321	
330	347	314	349	305	338	333	301	
302	337	318	344	303	341	322	339	
313	334	329	330	340	322	319	321	
349	314	340	325	330	344	347	331	
319	317	340	332	329	331	326	316	
322	320	306	336	343	345	311	310	
304	332	300	338	326	302	323	308	
301	330	317	310	309	305	347	304	
341	346	349	312	320	335	302	328	
340	337	326	307	339	306	320	301	
312	340	307	302	332	344	342	321	
300	321	319	310	315	309	308	345	
300	344	342	329	348	339	309	322	
306	348	315	301	340	328	326	313	
341	327	323	342	328	347	311	318	
325	342	309	304	347	348	327	346	
324	311	310	300	330	316	331	309	
329	343	308	327	336	333	334	311	
335	312	345	301	349	310	315	302	
319	318	307	306	338	340	332	348	
321	310	334	336	308	325	345	330	
337	335	346	327	300	302	328	321	
309	333	334	339	319	310	348	306	
306	304	312	343	320	346	340	335	
330	303	302	323	329	333	322	309	
317	348	318	340	302	308	321	310	
319	311	309	324	307	310	318	317	
331	310	315	305	327	325	312	307	
305	334	336	314	341	300	346	349	
311	302	336	340	307	337	333	304	
301	336	316	324	342	306	320	328	
344	316	337	310	315	349	347	328	
341	300	335	348	346	307	343	301	
333	337	344	326	307	339	343	317	
304	327	309	342	307	340	337	321	
301	329	349	314	331	336	307	308	
312	329	347	309	330	349	304	310	
359	362	390	351	375	373	352	378	
382	376	358	385	374	378	379	389	
390	380	388	368	364	355	382	384	
359	385	368	366	382	396	388	367	
371	370	381	365	362	350	358	363	
359	388	358	383	391	368	353	398	
366	367	391	393	368	394	370	361	
360	383	380	368	359	364	382	372	
395	355	358	357	378	374	386	380	
380	399	371	362	378	364	376	358	
376	369	367	375	365	359	397	390	
395	397	369	377	394	352	382	361	
366	374	395	354	362	393	358	350	
379	366	371	395	362	390	351	352	
366	354	374	395	383	352	353	393	
396	354	355	376	390	397	395	383	
370	389	395	365	351	362	398	354	
376	367	383	354	371	379	374	384	
358	375	382	392	397	389	364	377	
356	351	383	386	392	357	369	374	
391	353	384	356	350	351	358	365	
378	394	355	363	356	392	372	389	
361	391	350	372	371	351	399	398	
350	363	378	366	389	383	370	397	
367	387	361	389	365	354	370	372	
366	355	386	382	372	385	370	359	
365	358	375	390	384	380	394	360	
390	381	352	368	382	377	385	372	
379	385	351	356	395	390	389	378	
399	398	396	394	361	393	363	377	
383	373	367	381	371	355	391	350	
395	398	378	354	371	392	366	397	
368	379	360	363	354	387	384	358	
352	392	355	386	385	393	394	368	
391	371	351	395	352	387	383	368	
375	385	392	396	372	356	384	378	
382	399	365	367	356	369	391	371	
353	355	384	398	381	364	360	352	
372	397	383	382	350	399	374	388	
378	379	362	358	356	351	399	372	
364	369	393	357	387	375	354	381	
381	362	392	350	364	389	382	398	
352	398	362	365	377	368	369	375	
364	398	352	374	354	368	359	395	
385	366	354	369	383	353	350	396	
397	384	377	374	379	398	352	395	
356	361	388	379	378	353	383	367	
352	356	389	354	396	367	398	390	
390	360	381	397	385	393	350	373	
383	392	352	398	355	368	384	395	
432	422	418	430	415	443	445	405	
400	430	405	411	439	408	444	418	
412	424	419	427	422	448	442	447	
428	448	434	427	410	423	440	401	
414	436	415	434	403	411	418	405	
411	424	432	401	404	421	413	402	
402	424	413	403	447	420	436	417	
437	418	427	403	424	421	400	441	
416	404	412	402	440	442	447	419	
412	443	446	428	410	404	432	431	
432	439	441	417	415	410	411	418	
423	449	440	439	430	438	401	404	
410	427	405	401	417	421	428	443	
416	401	442	432	428	424	402	417	
445	440	428	449	432	401	411	443	
403	440	405	426	421	437	441	404	
449	440	446	403	422	412	404	437	
410	416	408	447	409	418	441	421	
418	411	428	416	445	429	432	434	
433	410	446	438	441	445	424	444	
418	449	445	410	409	406	415	407	
433	444	448	425	412	429	437	410	
439	445	424	431	434	416	422	429	
405	430	446	429	442	427	431	403	
402	432	409	434	426	428	416	406	
423	444	440	417	412	408	437	407	
402	449	410	440	414	428	400	406	
433	445	448	438	428	434	408	440	
414	402	407	419	437	400	433	444	
425	436	401	423	411	448	426	412	
442	425	446	422	445	428	431	433	
426	439	409	442	441	421	429	449	
417	436	420	446	416	433	402	401	
407	423	424	428	441	427	439	416	
444	426	431	422	441	428	432	421	
425	440	406	427	404	421	403	426	
407	423	416	403	429	422	411	417	
417	439	405	438	427	444	426	406	
410	420	403	414	407	425	424	426	
421	400	402	407	434	435	438	427	
434	400	449	420	432	445	438	408	
412	430	407	422	439	409	418	420	
414	443	404	433	442	413	428	407	
439	419	434	421	431	426	430	444	
431	402	423	410	417	407	403	439	
431	441	446	437	418	444	421	415	
445	405	406	407	433	436	410	438	
413	442	409	447	433	436	421	430	
400	448	435	432	407	427	436	406	
408	421	435	429	430	427	407	442	
470	496	452	472	476	497	479	460	
456	465	483	496	466	473	489	484	
487	499	460	456	488	479	452	491	
488	468	456	454	453	499	494	465	
463	462	492	469	459	477	495	464	
491	466	471	481	465	483	474	499	
483	472	454	452	457	476	450	475	
496	476	464	498	488	479	469	467	
477	468	478	476	489	467	482	464	
484	453	499	492	458	455	490	466	
458	463	486	460	493	479	491	456	
464	493	478	457	477	487	455	496	
495	484	453	467	482	492	497	472	
458	455	453	489	488	483	454	473	
453	467	480	460	497	455	457	450	
455	464	478	485	476	481	483	488	
478	462	483	487	466	465	468	495	
482	488	492	499	489	471	493	458	
481	451	468	472	467	456	480	482	
484	497	460	463	467	464	490	486	
460	495	462	483	482	493	467	468	
468	482	478	471	483	484	463	460	
486	460	464	456	485	451	468	475	
499	482	479	471	455	468	478	475	
464	494	469	462	456	457	451	454	
461	493	462	492	451	499	474	471	
469	480	472	486	473	471	497	463	
484	499	494	469	463	464	496	480	
494	477	464	453	466	498	474	465	
473	469	453	463	475	492	455	461	
490	472	470	482	478	497	473	458	
484	463	462	495	476	487	465	492	
461	489	458	472	462	493	453	455	
456	492	496	474	462	451	450	490	
492	467	452	486	469	460	490	476	
485	492	455	457	491	478	476	490	
471	486	466	492	477	463	490	493	
490	477	466	469	495	453	486	481	
465	482	492	455	480	491	498	468	
458	482	454	494	489	480	476	450	
478	469	467	455	450	463	464	486	
481	474	459	479	456	491	485	467	
480	455	492	459	469	470	473	451	
499	498	474	490	485	471	469	489	
469	473	494	483	453	467	460	496	
496	457	462	460	471	458	470	477	
487	499	477	464	479	474	467	451	
451	486	477	485	489	471	494	469	
497	461	469	475	467	482	474	489	
465	454	456	484	493	491	492	496	
357	111	240	
277	186	284	
121	363	6	
176	94	65	
196	367	354	
367	77	151	
276	145	198	
340	287	485	
344	357	152	
259	410	185	
352	62	462	
0	371	76	
214	420	425	
52	239	348	
285	57	356	
7	253	235	
384	379	330	
167	394	147	
150	125	388	
26	328	428	
332	224	423	
20	36	285	
390	386	350	
101	452	102	
351	190	23	
220	145	105	
150	334	207	
92	464	386	
314	270	12	
149	21	443	
248	374	73	
167	252	374	
80	284	217	
374	47	196	
267	433	430	
193	3	341	
187	18	266	
477	326	489	
153	170	145	
96	458	274	
389	304	57	
108	130	43	
18	415	5	
314	393	70	
224	437	115	
379	179	351	
14	195	69	
260	85	389	
38	260	338	
480	51	159	
414	254	394	
160	158	169	
77	493	373	
153	380	304	
359	37	180	
274	370	284	
487	186	45	
234	280	12	
148	397	405	
44	66	261	
16	250	460	
369	456	468	
276	463	318	
401	381	59	
376	61	53	
27	221	442	
321	428	234	
439	495	130	
119	154	283	
78	304	455	
269	333	429	
331	475	460	
107	252	441	
172	123	60	
153	231	441	
44	325	405	
255	160	371	
472	359	380	
370	382	189	
19	124	138	
242	410	306	
343	33	212	
112	458	220	
142	420	479	
287	388	174	
97	203	315	
352	135	441	
28	2	146	
267	211	344	
403	245	419	
139	105	75	
319	448	405	
362	140	116	
34	179	478	
155	268	183	
169	268	334	
215	312	20	
372	375	331	
50	478	378	
196	467	98	
34	61	22	424	
313	479	24	100	
132	402	37	427	
419	72	272	301	
262	314	481	178	
359	406	444	217	
64	326	287	459	
334	115	194	406	
497	143	464	115	
103	72	255	480	
318	161	245	311	
300	162	188	291	
344	142	92	455	
14	255	208	3	
193	300	154	181	
425	388	221	465	
220	365	471	126	
75	460	380	181	
339	299	6	394	
415	353	324	406	
101	333	86	66	
471	152	113	273	
330	292	487	2	
54	6	15	209	
349	433	76	421	
275	177	320	288	
134	180	374	163	
391	340	0	154	
482	213	7	326	
276	441	329	387	
311	440	352	362	
408	431	215	317	
311	481	43	474	
38	66	158	473	
431	214	474	339	
305	272	481	215	
146	3	33	437	
306	400	290	470	
393	345	155	81	
276	252	172	374	
199	38	348	186	
149	144	96	456	
374	203	384	438	
386	360	287	265	
161	340	193	396	
166	454	189	452	
470	288	256	401	
408	256	153	280	
408	167	477	48	
152	403	486	279	
162	57	468	326	
175	58	253	367	
364	444	311	3	
41	237	43	298	
24	66	245	431	
306	307	321	224	
210	345	466	414	
278	340	371	78	
241	444	429	294	
78	242	477	107	
320	414	469	367	
45	288	249	267	
226	382	117	283	
405	448	265	345	
336	454	449	415	
354	247	67	134	
148	375	274	341	
145	26	123	22	
153	479	365	174	
175	180	406	165	
413	374	325	7	
327	17	190	12	
25	232	369	279	
205	147	411	45	
220	356	495	278	
325	411	473	385	
388	423	359	325	
349	157	175	215	
491	264	134	358	
434	479	154	393	
5	456	417	65	
260	264	14	486	
356	352	107	79	
266	256	246	42	
498	264	362	243	
112	321	453	395	
266	331	275	297	
393	266	255	441	
477	334	193	498	
168	473	57	486	
52	326	497	124	
328	185	460	110	
354	415	73	433	
338	23	210	272	
256	45	493	467	
356	445	99	142	
349	407	402	178	
246	17	112	438	
225	30	457	464	
457	440	35	415	
62	17	208	202	107	
396	101	462	43	49	
339	194	174	231	243	
478	381	276	324	471	
433	23	13	285	90	
321	34	114	226	268	
431	119	166	4	173	
185	464	363	191	339	
241	255	361	475	395	
52	87	414	301	389	
474	223	393	98	490	
25	216	439	402	354	
233	68	255	192	132	
385	65	300	455	267	
284	382	371	407	468	
452	50	482	127	317	
223	494	477	79	163	
372	87	424	112	427	
486	366	485	396	71	
167	359	37	25	400	
136	277	240	256	224	
492	448	156	223	18	
372	395	251	200	36	
311	188	397	452	341	
438	291	236	15	101	
167	200	398	358	381	
454	226	192	229	477	
213	295	242	315	266	
271	361	325	352	395	
39	196	245	177	80	
373	471	392	112	349	
4	224	150	446	89	
371	387	489	12	268	
243	395	38	157	493	
114	413	189	401	197	
405	224	5	121	240	
231	136	256	15	67	
257	157	186	295	202	
235	102	285	66	273	
38	382	237	99	488	
408	444	451	228	147	
431	94	364	48	296	
429	366	305	413	11	
406	340	158	68	4	
291	40	431	246	148	
152	130	460	71	394	
80	112	206	126	446	
462	416	478	119	246	
220	247	168	356	127	
20	152	382	340	38	
477	346	441	472	416	
279	348	35	7	207	
46	380	428	271	469	
221	181	232	23	224	
95	132	453	120	325	
434	217	168	339	418	
244	426	280	377	327	
58	324	458	60	164	
205	418	288	474	35	
320	379	101	56	329	
168	63	31	226	213	
299	197	57	370	66	
239	100	50	115	453	
69	39	196	114	15	
374	377	407	105	117	
352	432	25	7	154	
451	245	314	65	79	
191	176	495	118	167	
145	361	325	104	412	
441	119	425	171	429	
220	308	152	28	498	
165	1	170	56	228	
460	413	438	483	93	
210	116	220	58	272	
452	156	453	237	382	
476	189	369	350	14	
224	397	445	64	212	
306	245	304	276	112	
186	256	3	280	278	
274	169	284	132	82	
340	367	398	296	23	
453	191	403	128	457	
27	115	321	452	474	
99	387	458	271	402	
359	30	211	163	127	
118	7	83	10	8	
237	239	165	374	114	
11	111	317	74	161	
206	468	334	88	102	
420	107	147	82	219	
107	125	430	15	295	
174	9	188	439	350	
72	41	118	125	434	
268	290	320	348	123	
152	203	472	197	199	
27	454	183	319	76	
351	168	496	346	37	
485	57	432	367	87	
141	278	134	417	399	
120	172	91	400	156	
