29	34	24	16	23	7	
31	46	21	30	35	2	
25	5	32	39	17	15	
1	10	2	28	9	18	
19	43	10	0	12	14	
6	25	7	23	39	20	
18	47	19	35	13	24	
27	0	44	3	11	12	
27	36	1	40	33	30	
35	41	7	3	14	11	
5	8	6	32	31	12	
4	23	16	25	33	28	
4	0	16	19	9	24	
11	1	40	8	19	20	
3	49	37	14	24	22	
3	20	4	10	37	2	
4	14	15	9	39	45	
14	17	21	11	7	26	
21	33	15	32	17	2	
29	1	37	0	41	10	
43	13	35	23	42	26	
15	48	49	40	6	29	
7	32	11	1	30	38	
27	40	28	36	32	35	
32	40	21	16	30	46	
30	19	49	34	46	15	
31	34	44	37	40	3	
12	19	7	45	49	3	
11	2	0	22	23	20	
0	45	23	37	26	7	
43	6	25	8	9	16	
29	10	24	35	28	0	
1	18	13	23	48	47	
23	13	35	39	29	41	
49	39	32	28	6	30	
44	25	34	32	35	9	
34	49	19	4	20	13	
32	1	36	37	22	34	
19	36	33	44	12	34	
41	30	18	6	15	16	
24	35	30	2	43	5	
48	2	16	7	1	19	
39	40	44	45	31	14	
38	22	33	43	40	44	
24	23	27	31	3	41	
19	10	24	46	48	37	
11	7	33	38	5	22	
40	42	24	46	25	19	
46	34	23	30	1	2	
37	43	7	32	17	21	
79	64	56	55	74	96	
55	50	60	98	79	51	
66	72	67	61	95	53	
55	56	62	96	73	98	
95	96	92	59	79	74	
96	75	84	74	63	98	
92	58	71	98	51	87	
53	90	61	71	83	97	
54	90	80	56	95	59	
64	57	54	70	65	99	
72	59	51	97	79	89	
89	62	83	91	51	57	
67	55	62	78	69	68	
74	92	54	69	75	98	
70	63	59	80	61	91	
90	75	95	77	53	59	
87	50	56	69	85	51	
83	51	64	76	75	53	
56	72	78	87	85	58	
69	80	91	95	99	96	
58	74	56	76	70	80	
96	90	50	64	66	56	
57	95	98	83	74	76	
84	93	55	87	92	60	
57	66	77	50	99	91	
59	76	78	67	64	51	
72	54	57	94	60	67	
76	64	73	88	83	57	
87	61	65	78	90	94	
88	87	76	99	75	65	
95	79	58	93	54	51	
67	69	54	76	95	72	
97	74	75	57	58	77	
81	72	86	55	85	77	
60	57	62	53	83	54	
83	93	65	59	64	62	
80	88	98	99	52	94	
88	53	51	61	80	50	
75	92	61	64	84	70	
96	75	62	77	87	83	
81	69	89	79	77	82	
59	99	86	62	50	57	
68	82	54	64	95	58	
53	67	63	57	79	64	
99	53	86	85	71	62	
85	55	81	63	57	68	
54	70	71	66	80	55	
73	85	76	99	61	52	
91	71	74	95	87	61	
56	79	83	75	99	59	
142	117	105	104	139	138	
113	124	108	145	123	107	
149	129	139	110	148	138	
132	127	135	126	149	136	
114	145	120	108	143	100	
131	148	102	116	105	139	
147	132	121	138	129	117	
123	118	147	142	131	115	
137	135	146	118	130	138	
106	122	130	132	141	118	
121	124	127	130	107	133	
110	135	122	107	128	103	
122	138	101	121	137	111	
112	120	149	128	121	132	
102	128	120	133	118	124	
101	134	135	133	122	149	
118	123	138	132	124	148	
106	147	136	114	139	104	
120	114	132	124	108	117	
107	136	116	104	128	108	
119	118	110	113	149	137	
109	108	133	122	116	144	
127	146	100	124	102	131	
141	148	145	128	121	109	
142	114	102	139	146	135	
138	105	131	104	147	130	
102	113	110	109	120	135	
123	100	144	124	109	110	
131	120	105	112	100	110	
130	102	100	110	145	125	
135	103	114	140	118	149	
124	123	117	121	148	135	
133	149	139	100	101	121	
132	130	140	149	122	138	
115	140	129	135	142	112	
107	146	149	133	129	110	
115	129	107	139	145	118	
111	132	137	124	146	115	
144	128	103	146	125	108	
129	114	146	140	131	100	
118	136	143	140	114	141	
105	145	134	142	119	129	
127	112	137	148	140	111	
141	120	127	103	118	146	
103	139	126	115	129	119	
133	132	149	119	137	121	
101	104	126	121	138	132	
116	104	136	128	106	100	
126	113	109	145	140	122	
127	148	143	106	140	135	
168	175	169	187	193	179	
155	154	186	187	198	162	
197	198	182	164	157	176	
195	165	160	187	156	174	
189	154	167	150	164	153	
199	177	175	195	176	184	
160	150	198	177	173	164	
157	197	193	194	192	179	
160	186	191	176	192	188	
189	152	176	182	190	192	
181	170	175	176	198	172	
177	189	197	171	163	179	
187	179	177	186	199	157	
160	151	180	189	191	181	
192	183	162	163	164	185	
171	158	193	186	197	168	
156	179	185	165	176	150	
181	180	188	191	168	171	
150	165	177	153	184	179	
153	179	161	173	199	190	
184	192	174	169	158	181	
192	181	160	178	188	198	
152	184	192	173	157	169	
160	169	188	177	150	175	
152	184	171	176	157	158	
172	188	173	190	196	195	
179	169	193	174	157	176	
189	155	176	185	190	171	
181	164	150	182	153	168	
183	174	151	172	186	182	
191	188	159	189	162	176	
183	198	193	163	156	196	
161	183	163	178	176	168	
167	160	152	154	185	172	
184	161	183	174	197	181	
187	192	168	174	160	179	
168	190	154	164	170	157	
180	150	159	176	158	157	
170	159	199	174	186	196	
164	189	151	161	166	194	
164	160	193	189	166	185	
155	164	163	198	151	188	
188	169	181	173	197	176	
161	194	163	175	176	199	
173	181	174	160	192	182	
159	164	167	176	161	186	
159	158	154	180	195	184	
170	187	156	196	185	173	
163	159	189	183	158	161	
179	166	171	167	176	184	
230	226	202	214	220	205	
225	208	233	204	202	215	
249	221	237	213	230	231	
208	204	226	207	227	249	
235	210	221	247	249	238	
207	249	245	215	227	247	
249	213	218	244	207	201	
242	228	249	247	206	213	
240	242	206	225	221	219	
220	201	207	238	212	209	
210	225	241	216	208	220	
243	209	232	223	238	212	
237	243	230	207	224	248	
200	234	220	221	233	227	
245	233	220	217	211	228	
200	235	228	237	220	232	
214	222	217	233	227	234	
248	227	249	205	239	235	
216	203	222	224	214	210	
228	202	214	211	225	223	
226	217	231	204	243	228	
214	247	249	232	207	219	
215	233	247	245	219	210	
243	247	232	215	210	214	
216	205	215	237	220	214	
246	225	206	212	236	241	
216	244	203	220	209	222	
200	229	244	205	248	245	
239	227	244	203	205	235	
212	239	216	247	241	248	
204	245	233	244	247	211	
248	225	203	200	212	232	
243	246	211	204	238	225	
212	225	240	210	246	205	
210	235	209	211	231	243	
214	202	245	213	241	229	
228	233	243	218	200	211	
216	236	203	206	205	233	
241	204	243	216	245	205	
245	214	240	231	222	234	
215	213	212	235	210	236	
232	207	216	209	201	238	
225	240	242	205	234	245	
248	234	239	233	225	211	
241	242	246	244	243	205	
211	233	218	227	221	249	
227	204	216	244	226	215	
206	235	210	234	227	246	
210	247	233	216	226	221	
211	201	231	234	203	233	
273	292	263	298	260	265	
256	279	282	290	275	258	
283	297	258	264	262	266	
251	263	284	295	281	287	
269	267	288	281	254	294	
256	278	271	290	287	262	
263	282	266	294	262	281	
294	288	254	296	299	257	
288	275	251	264	293	285	
297	277	289	260	285	256	
284	290	251	257	256	276	
250	275	256	271	266	261	
290	265	255	262	273	280	
285	263	267	251	281	265	
253	258	290	273	286	277	
288	266	255	278	274	269	
279	258	276	291	270	281	
293	280	250	277	278	295	
283	290	272	256	279	299	
263	255	272	262	287	291	
271	256	292	280	282	265	
259	260	252	292	274	256	
296	273	251	254	279	266	
292	278	290	253	271	263	
274	260	270	292	257	288	
296	289	267	277	265	297	
279	296	278	267	285	253	
275	292	256	296	290	260	
270	292	281	287	263	269	
280	273	271	283	291	258	
254	265	266	293	298	257	
268	264	295	299	259	282	
276	280	287	294	283	297	
257	279	267	280	291	295	
291	254	262	259	290	284	
276	292	286	254	298	284	
276	268	270	258	263	286	
294	266	285	267	281	256	
281	294	295	265	274	278	
276	293	265	272	251	284	
268	286	263	257	277	289	
273	280	264	255	257	288	
276	290	265	282	272	279	
272	282	269	257	296	298	
265	278	288	263	254	293	
281	257	262	280	250	291	
256	264	251	281	288	286	
290	274	283	288	281	296	
296	264	260	285	286	277	
296	263	277	297	264	285	
337	321	306	302	308	326	
340	323	348	316	324	303	
314	310	345	309	311	308	
312	309	348	329	331	314	
315	307	304	335	313	341	
334	346	349	321	325	312	
305	328	330	347	339	320	
347	323	332	333	336	304	
319	338	326	339	315	301	
314	300	330	317	328	334	
320	334	336	338	339	301	
302	303	341	325	329	334	
319	347	325	333	308	336	
316	318	312	332	337	346	
342	324	336	319	313	331	
303	306	330	344	302	317	
317	325	324	326	312	300	
329	348	345	334	314	331	
325	314	304	345	315	306	
321	345	310	309	341	315	
322	345	324	320	311	338	
310	335	318	329	304	328	
345	313	337	311	316	338	
322	345	332	318	321	310	
308	300	309	346	337	301	
322	335	342	329	347	319	
328	305	316	345	331	344	
348	345	323	309	338	334	
333	328	323	321	340	318	
307	306	312	344	334	326	
302	345	324	316	328	320	
321	314	339	330	347	343	
307	347	340	306	328	313	
349	316	332	347	329	342	
335	300	305	341	304	346	
318	310	342	325	302	338	
318	313	345	332	305	334	
326	349	334	322	319	308	
312	338	308	309	317	344	
307	315	300	322	313	344	
306	327	303	330	319	314	
340	333	342	335	321	325	
324	331	327	346	344	322	
315	344	347	324	317	336	
309	327	304	328	315	300	
321	329	308	318	315	333	
304	337	320	328	302	300	
320	339	313	340	345	344	
317	328	303	332	340	315	
344	321	318	323	335	338	
352	398	376	357	353	351	
368	394	377	384	366	360	
358	386	370	382	362	353	
375	398	364	393	379	350	
350	365	374	352	380	385	
380	372	375	351	391	368	
388	367	374	362	381	397	
382	379	376	362	369	358	
367	368	371	390	366	356	
352	380	386	351	387	350	
366	350	399	362	355	382	
363	371	366	355	375	374	
372	353	358	394	356	393	
358	381	350	369	379	362	
384	369	390	387	392	351	
363	361	387	367	353	352	
385	369	371	394	358	386	
367	351	393	396	398	376	
374	383	381	388	369	372	
398	355	361	392	396	359	
374	363	376	351	362	393	
362	380	355	351	377	397	
354	353	397	399	360	374	
397	391	394	375	350	382	
354	375	390	357	381	376	
399	382	390	355	365	363	
370	376	363	362	382	390	
395	376	378	382	392	353	
387	383	382	357	377	359	
387	374	380	390	378	396	
398	369	368	352	374	362	
382	355	383	389	373	353	
366	391	374	357	392	363	
381	370	352	387	366	386	
385	384	376	365	350	378	
388	386	397	357	365	367	
395	378	373	375	353	389	
393	398	391	395	362	352	
358	378	374	395	355	368	
398	354	396	393	360	368	
375	365	358	388	385	378	
370	392	391	380	353	393	
395	388	367	359	398	396	
390	377	382	368	381	371	
358	361	370	382	367	395	
384	376	397	366	396	375	
378	364	376	394	383	393	
350	363	391	370	361	384	
351	376	384	355	379	395	
365	376	363	384	359	358	
436	439	447	414	412	442	
422	447	420	429	403	436	
439	401	428	412	422	441	
408	429	401	400	426	431	
415	418	427	403	405	442	
443	434	429	428	416	415	
444	412	418	443	447	417	
429	431	432	417	403	414	
433	404	439	402	407	409	
446	441	416	402	447	406	
411	417	414	404	437	434	
436	421	438	419	429	405	
435	419	430	404	439	421	
431	400	447	426	408	425	
404	446	414	434	426	421	
431	436	421	423	449	412	
442	406	445	414	435	441	
435	429	409	418	426	444	
422	429	440	432	405	443	
436	439	403	440	402	407	
436	423	448	415	420	441	
440	435	425	409	411	428	
401	404	440	414	425	400	
404	417	413	402	443	433	
428	436	409	427	416	439	
441	448	417	429	444	436	
430	446	424	407	423	441	
440	411	437	420	422	432	
400	446	406	449	443	438	
434	409	433	447	439	400	
403	434	400	429	404	428	
413	432	430	447	448	407	
422	438	444	418	409	446	
437	443	430	418	406	439	
402	403	424	431	413	449	
413	410	424	434	414	401	
435	424	417	415	445	426	
412	440	448	442	406	420	
405	418	420	442	426	443	
441	432	418	419	425	443	
425	446	403	419	402	443	
437	411	418	428	412	433	
437	415	417	441	402	430	
414	435	441	417	411	436	
407	410	419	416	447	422	
430	418	440	446	444	442	
446	447	414	421	444	419	
403	412	421	430	400	401	
420	409	439	432	418	448	
413	420	425	404	446	445	
481	480	488	479	455	492	
482	465	478	473	499	468	
474	492	476	477	461	464	
478	461	455	453	481	494	
452	491	466	484	475	488	
462	490	459	470	478	488	
468	491	486	496	475	469	
458	488	496	480	470	478	
470	474	478	465	497	493	
482	462	492	481	488	493	
476	487	499	482	477	489	
496	492	484	452	463	485	
470	475	490	458	482	495	
476	482	487	459	483	465	
492	474	463	464	499	485	
484	479	498	457	499	462	
452	488	497	467	481	499	
498	470	454	467	481	474	
466	473	470	489	456	488	
456	478	454	458	473	485	
496	491	495	493	465	468	
492	460	477	455	498	475	
490	460	453	480	482	488	
481	465	458	460	485	472	
458	474	479	461	493	486	
463	457	459	462	470	498	
450	489	458	472	454	495	
478	492	493	469	496	473	
493	475	483	453	477	490	
487	483	451	464	452	458	
456	497	480	489	483	492	
482	483	476	477	486	479	
459	478	485	473	496	474	
470	499	462	495	494	461	
478	487	474	463	486	461	
499	467	495	456	472	486	
493	497	463	464	484	481	
483	463	488	465	481	459	
456	494	452	482	451	459	
474	473	479	476	470	480	
468	467	457	466	458	471	
461	494	490	456	471	450	
493	495	465	468	450	479	
462	485	487	460	456	478	
475	498	464	456	463	468	
455	486	468	494	489	488	
469	493	487	478	455	481	
480	477	452	485	455	489	
473	492	461	475	481	458	
472	485	482	471	473	475	
41	28	0	24	30	25	23	
47	27	37	1	40	21	10	
2	15	38	41	48	4	16	
37	49	39	24	22	20	11	
29	5	6	44	30	12	8	
17	43	42	30	31	22	3	
27	5	34	20	2	15	7	
18	15	10	45	12	49	26	
46	39	0	37	12	25	7	
44	35	1	30	27	31	7	
6	0	8	13	22	40	26	
4	40	9	15	44	0	7	
7	8	26	45	10	18	37	
15	3	46	38	34	32	37	
46	20	32	21	18	49	7	
32	14	4	34	10	23	45	
47	41	32	0	20	36	40	
39	27	6	49	11	29	48	
0	24	9	11	45	42	29	
4	9	43	21	38	34	37	
11	22	43	6	12	28	9	
41	44	33	16	32	19	12	
33	45	13	43	5	41	21	
21	46	43	25	24	33	26	
14	5	0	45	10	44	43	
49	30	17	44	43	21	0	
38	39	1	33	49	46	19	
38	8	3	10	1	34	12	
30	36	42	5	45	11	7	
46	38	17	27	13	24	6	
26	25	43	3	38	21	27	
0	11	34	23	46	33	45	
28	19	27	41	0	32	40	
37	34	45	33	47	30	43	
35	12	14	27	13	8	25	
11	48	25	29	28	7	16	
4	1	39	6	38	12	40	
21	17	45	14	48	43	40	
0	47	22	38	6	34	43	
40	4	25	36	9	1	45	
26	27	25	12	29	31	15	
10	26	46	15	1	6	5	
3	11	20	15	10	27	36	
6	5	17	25	19	11	46	
36	30	48	34	32	24	12	
4	34	31	20	14	33	43	
41	1	47	5	35	31	26	
29	27	10	14	20	47	4	
38	40	21	18	10	14	35	
15	24	20	27	29	6	23	
61	66	92	71	93	52	81	
68	94	93	60	62	67	56	
50	52	82	97	68	53	71	
80	85	75	54	94	95	72	
72	78	71	69	63	57	54	
78	87	60	90	69	84	94	
73	96	63	98	92	91	61	
87	81	60	82	78	56	89	
86	87	71	57	98	80	50	
99	97	56	66	62	77	82	
88	56	61	73	99	72	81	
52	83	86	77	54	63	65	
88	89	96	75	87	68	57	
82	86	80	74	85	89	92	
85	81	91	70	88	93	86	
51	65	80	56	59	95	92	
85	95	52	94	72	56	65	
84	62	77	73	91	85	93	
60	63	84	97	54	65	86	
56	85	61	69	97	71	67	
60	51	70	74	55	62	89	
68	89	91	78	92	76	71	
67	76	68	95	93	85	78	
59	90	52	99	50	68	66	
90	71	96	78	75	80	72	
76	82	69	65	75	83	84	
89	90	84	87	51	75	56	
78	71	94	77	69	52	61	
86	59	77	53	75	85	95	
56	89	61	62	82	91	83	
76	92	57	98	95	50	63	
55	75	65	89	71	58	51	
95	76	66	89	79	78	60	
64	77	80	66	94	75	61	
86	83	93	74	57	58	88	
66	76	86	93	82	63	67	
69	59	79	98	91	64	72	
81	59	84	67	98	74	71	
58	76	55	61	90	73	54	
96	79	58	73	86	59	88	
80	92	98	60	73	95	82	
95	50	91	80	81	88	77	
59	79	51	54	90	78	89	
81	83	70	77	84	67	72	
99	72	67	76	60	64	85	
52	87	98	95	80	73	84	
71	58	82	99	72	85	52	
80	95	90	61	87	73	62	
58	74	70	69	81	53	90	
59	62	61	57	64	99	81	
145	100	117	123	114	128	136	
116	104	111	149	107	108	113	
119	128	126	139	102	146	101	
118	124	138	143	146	100	111	
104	129	141	121	124	101	143	
110	106	139	126	118	103	127	
102	112	136	107	120	147	129	
141	112	103	140	134	142	108	
147	128	138	114	148	112	106	
106	140	115	121	138	113	148	
124	118	103	116	145	100	117	
120	117	143	102	132	109	147	
111	145	100	147	108	121	142	
131	102	124	143	101	111	123	
142	117	119	145	134	100	133	
142	107	105	121	134	100	146	
101	135	102	114	136	134	144	
110	113	129	146	109	148	128	
126	114	125	139	143	149	127	
110	101	125	143	123	117	142	
118	135	113	102	116	112	119	
144	117	128	109	112	110	145	
136	110	117	127	124	144	106	
143	119	149	134	118	132	141	
134	138	129	118	132	127	131	
145	100	119	132	125	105	109	
100	104	145	132	125	130	114	
132	116	146	127	107	100	124	
141	137	129	100	134	142	131	
145	127	149	134	141	136	123	
107	142	139	103	111	102	106	
148	128	126	136	105	131	140	
102	107	101	138	142	130	106	
104	145	137	146	130	143	111	
117	148	124	136	129	112	121	
111	127	138	115	109	146	130	
129	115	124	113	106	130	109	
100	145	147	129	121	102	106	
126	132	134	109	105	146	119	
135	110	125	124	134	137	147	
101	117	128	146	114	149	133	
149	138	124	109	104	123	131	
142	147	127	105	132	113	133	
148	106	140	123	138	128	101	
128	136	130	143	147	107	124	
113	140	121	107	135	101	147	
131	126	107	114	119	125	148	
119	116	128	118	112	127	133	
146	100	143	142	101	120	105	
102	123	119	126	143	104	128	
187	186	190	160	180	156	158	
184	176	193	173	183	198	151	
192	167	178	182	173	185	154	
188	179	153	160	177	166	189	
181	189	173	183	169	193	180	
191	198	172	185	163	199	178	
193	182	199	179	168	164	162	
182	191	175	188	195	166	193	
150	158	154	176	170	179	195	
185	166	188	171	169	182	191	
166	177	150	172	192	153	164	
181	185	162	184	166	152	189	
160	186	164	198	171	155	167	
180	198	161	165	183	167	159	
186	174	162	179	150	187	176	
163	170	198	179	167	197	172	
193	164	166	158	195	179	198	
159	173	163	164	153	190	197	
165	183	181	161	184	177	182	
159	166	154	194	195	184	189	
179	157	170	193	187	158	188	
180	181	165	154	174	157	158	
175	176	189	190	168	152	164	
186	157	164	190	150	170	183	
166	194	189	178	163	158	184	
160	152	173	187	196	180	172	
165	169	175	163	174	182	172	
157	187	185	184	158	152	192	
173	154	192	186	157	172	156	
156	152	166	198	160	163	196	
152	186	163	172	166	170	190	
150	182	180	178	161	183	189	
182	159	183	195	189	179	166	
150	172	171	186	164	157	156	
183	198	184	192	157	182	153	
152	194	168	190	196	163	198	
167	153	176	181	177	151	157	
190	177	171	164	189	193	183	
169	177	184	172	163	185	154	
184	177	153	191	159	198	163	
175	173	181	162	157	172	170	
197	161	164	194	159	156	187	
157	197	194	183	187	168	153	
176	157	183	198	174	154	193	
161	173	189	197	163	159	153	
199	187	154	181	196	176	171	
180	162	189	155	199	184	187	
186	173	171	151	155	191	199	
184	178	150	167	195	169	185	
174	176	183	158	169	162	196	
208	219	222	210	220	224	245	
216	210	208	212	228	206	213	
246	207	234	220	228	203	247	
223	212	225	204	232	236	201	
238	219	233	200	248	213	209	
240	214	204	216	212	238	213	
243	224	226	235	200	201	208	
202	222	213	211	207	234	240	
248	245	217	208	206	249	247	
203	234	201	241	217	223	247	
239	249	207	233	229	231	221	
231	227	213	237	239	246	209	
234	210	208	212	219	237	240	
211	208	246	230	233	201	241	
205	202	244	239	242	227	240	
244	207	200	230	212	201	208	
230	212	201	223	217	233	221	
202	247	205	208	242	240	204	
210	249	222	230	247	248	209	
219	225	232	206	226	229	227	
217	228	234	246	224	243	219	
208	206	219	235	207	244	218	
231	228	202	233	226	229	204	
223	248	201	243	237	212	218	
234	228	235	240	214	230	220	
240	228	222	235	217	231	249	
244	246	247	213	219	211	214	
236	220	216	225	233	214	219	
245	238	214	206	225	205	222	
244	229	242	211	209	224	201	
213	242	231	207	245	229	212	
221	208	205	241	211	202	219	
234	225	208	233	210	241	218	
227	248	212	238	211	232	221	
248	205	228	206	230	240	201	
205	241	203	224	243	212	242	
216	200	208	202	245	219	226	
239	223	231	229	218	212	243	
233	237	202	234	221	248	215	
210	241	231	209	212	240	208	
228	248	202	240	229	213	216	
230	229	210	242	249	207	228	
221	212	215	240	236	228	222	
247	241	205	200	222	229	223	
212	233	228	204	234	203	208	
216	221	243	241	205	215	223	
232	233	210	245	230	219	247	
249	243	228	236	235	231	225	
219	226	208	204	212	241	233	
247	219	211	226	225	246	228	
295	294	292	297	274	261	276	
269	272	264	274	289	273	294	
256	289	295	270	293	266	259	
288	272	250	286	283	251	260	
274	289	281	293	250	262	297	
283	299	265	291	252	262	284	
283	256	272	252	255	259	263	
286	254	296	255	293	259	272	
265	267	250	278	262	289	279	
286	299	294	270	255	262	277	
273	264	291	290	271	281	252	
255	295	279	275	259	293	284	
284	277	273	289	296	261	283	
251	291	277	264	289	299	255	
278	254	274	279	257	293	251	
259	276	295	268	286	292	266	
285	296	276	283	269	289	265	
263	289	290	267	268	279	295	
294	281	266	288	250	252	291	
259	264	253	255	286	266	291	
284	273	292	287	269	282	266	
293	284	266	252	261	276	262	
266	282	252	299	271	254	253	
289	271	278	272	298	258	296	
293	254	277	250	278	259	252	
271	279	251	274	260	280	261	
282	280	285	257	267	253	251	
257	252	281	278	254	255	264	
259	280	284	289	273	270	266	
280	268	292	265	269	254	282	
266	286	256	285	276	292	262	
259	288	296	266	257	269	294	
269	286	294	259	252	285	284	
284	267	275	262	286	295	293	
262	269	280	277	265	266	274	
284	279	297	290	263	285	250	
270	257	299	296	295	277	268	
259	296	263	285	250	298	261	
253	292	296	280	289	288	273	
291	279	264	270	277	258	290	
284	268	289	290	299	298	282	
274	278	280	251	273	279	297	
250	273	254	274	251	264	260	
280	257	250	297	296	256	274	
275	252	297	256	270	268	279	
266	257	259	284	296	264	254	
283	268	251	293	262	272	285	
268	250	269	292	286	261	283	
290	273	269	260	296	263	261	
285	281	253	277	256	264	268	
311	325	337	317	316	303	302	
335	312	327	326	349	309	300	
323	344	329	309	310	343	330	
301	330	343	336	314	332	322	
349	303	342	310	305	321	318	
329	301	315	340	314	342	332	
308	313	327	309	305	332	335	
327	343	304	309	316	319	333	
340	327	349	305	338	312	318	
349	340	322	320	337	319	347	
316	304	334	327	312	317	344	
347	309	320	325	334	323	301	
315	325	308	307	309	335	327	
340	316	315	329	321	348	323	
343	335	341	324	342	310	331	
336	344	334	329	322	335	303	
330	340	341	310	311	321	343	
307	333	317	313	301	302	335	
340	335	347	346	323	302	327	
323	306	318	317	342	310	327	
327	317	322	307	302	337	345	
336	337	310	331	300	342	335	
334	335	310	303	317	306	307	
317	304	308	313	331	319	342	
320	343	347	348	342	333	310	
342	306	335	307	315	325	304	
309	319	333	338	314	315	348	
311	346	306	318	336	325	342	
341	310	340	330	320	302	328	
336	323	338	328	330	347	345	
322	347	316	300	311	332	317	
309	300	340	348	334	347	316	
325	319	335	311	300	337	307	
333	328	345	322	309	336	340	
313	307	300	343	345	346	302	
309	307	319	329	334	332	331	
316	301	341	331	336	322	323	
346	314	328	305	316	344	348	
317	340	318	302	348	319	331	
307	336	334	325	342	312	324	
345	308	349	323	331	312	322	
344	307	321	339	308	311	325	
321	341	313	330	311	345	329	
309	330	329	333	304	335	347	
302	309	317	310	316	328	313	
309	337	340	310	347	308	329	
335	310	345	338	325	311	341	
316	311	317	333	342	304	321	
347	343	341	316	320	324	302	
301	340	328	302	335	318	341	
372	359	369	385	360	398	373	
389	383	375	354	399	385	360	
394	352	362	380	353	387	377	
389	377	361	374	379	366	362	
382	372	351	364	377	384	373	
356	358	388	370	390	396	392	
393	357	397	354	375	365	390	
382	354	391	377	375	388	385	
398	367	385	387	368	361	382	
372	397	367	368	381	393	353	
368	364	363	365	382	351	375	
383	393	398	359	397	355	363	
351	369	357	362	379	373	368	
378	350	365	374	356	387	369	
378	370	363	382	375	351	358	
386	388	352	357	369	355	384	
378	370	387	367	383	379	371	
359	399	370	386	390	364	380	
357	376	387	351	379	397	372	
364	396	380	382	372	365	377	
377	374	386	358	381	390	359	
353	374	389	393	382	377	352	
388	385	354	358	357	372	386	
358	352	353	365	367	383	391	
379	390	383	372	368	388	364	
360	361	372	379	368	392	375	
360	364	350	359	383	367	370	
353	365	358	381	373	362	364	
396	382	356	364	394	369	354	
355	367	393	397	353	390	354	
354	373	370	353	363	369	379	
358	392	370	379	381	385	373	
355	354	374	396	359	379	373	
354	382	393	374	389	384	386	
362	364	383	366	359	352	377	
372	390	398	361	359	350	373	
399	388	364	353	378	373	389	
353	393	377	382	363	355	361	
396	372	397	378	371	357	382	
380	373	375	363	355	367	379	
352	385	357	358	394	372	395	
373	372	370	383	385	391	384	
396	390	389	358	368	369	356	
384	399	382	363	370	379	386	
373	376	356	392	353	381	388	
389	364	385	393	391	382	372	
378	354	364	383	386	390	360	
389	369	385	363	365	383	366	
351	396	362	378	371	369	359	
395	357	364	386	377	378	393	
406	430	401	425	449	423	412	
433	419	411	423	410	429	412	
425	448	429	415	435	434	440	
438	408	407	448	413	425	449	
449	437	421	404	429	403	434	
410	433	418	445	444	440	447	
428	412	449	403	402	442	430	
402	427	441	424	437	448	415	
426	409	448	435	419	403	447	
403	447	405	442	438	436	426	
416	413	436	422	401	446	449	
446	410	449	401	414	412	409	
404	427	433	407	422	447	412	
406	431	412	427	448	418	438	
441	446	407	445	423	433	434	
423	431	416	446	433	438	440	
404	407	448	416	413	409	439	
434	408	430	412	420	400	444	
407	449	411	447	427	444	442	
400	413	422	421	403	440	447	
407	420	409	447	414	444	428	
415	448	414	402	400	419	428	
417	428	409	431	441	446	405	
408	426	404	416	442	423	406	
424	447	416	411	401	428	443	
430	406	446	414	409	442	400	
419	411	421	422	420	426	432	
403	435	447	407	426	405	424	
443	412	424	427	414	433	402	
407	420	447	412	428	410	437	
415	407	405	406	447	440	402	
447	443	404	423	437	422	448	
412	441	448	409	438	430	433	
431	407	430	416	400	423	433	
423	419	421	435	412	431	446	
414	429	442	446	413	440	421	
444	441	409	410	420	413	449	
406	429	445	421	407	412	413	
445	433	426	438	435	427	413	
435	417	420	413	444	446	404	
446	404	420	443	411	425	426	
419	404	409	408	447	412	416	
408	441	426	440	422	400	444	
420	414	413	418	426	406	422	
416	432	410	423	408	435	439	
434	410	426	439	400	419	411	
443	415	421	411	416	418	449	
429	419	409	435	423	441	436	
400	428	404	446	409	408	437	
423	441	417	415	401	443	428	
454	495	450	497	486	460	496	
484	483	465	455	474	482	462	
488	455	474	451	482	483	468	
482	454	455	492	480	461	470	
455	468	478	460	495	454	471	
491	456	451	488	461	475	484	
462	475	499	487	484	451	467	
468	475	452	473	471	497	455	
463	497	462	468	479	483	452	
491	469	499	482	465	461	473	
472	453	465	482	451	462	461	
497	468	479	493	462	473	458	
482	496	470	472	466	499	491	
453	467	493	471	476	452	482	
468	489	462	483	484	471	473	
480	476	459	461	458	489	485	
468	458	491	452	478	476	460	
467	453	469	450	490	476	497	
466	474	494	478	481	487	479	
481	464	499	490	497	488	484	
486	485	483	473	495	470	465	
461	494	474	451	467	483	460	
464	489	479	499	455	460	480	
479	461	472	484	495	456	471	
487	476	462	460	463	481	484	
473	464	498	492	453	493	455	
479	482	492	476	470	494	452	
486	450	459	479	477	494	464	
496	463	489	459	482	473	486	
488	490	471	466	451	493	496	
491	470	477	489	451	467	454	
459	477	471	481	486	498	483	
472	493	495	487	473	492	490	
493	470	478	473	487	496	482	
499	460	476	489	494	497	452	
461	475	472	483	455	495	486	
465	474	463	488	460	478	452	
473	476	481	485	461	458	451	
490	453	454	474	460	461	458	
456	492	473	459	498	478	489	
467	472	493	451	464	488	454	
472	471	483	463	459	455	475	
494	465	453	456	476	474	460	
491	467	454	478	492	482	464	
480	470	473	490	460	456	468	
461	451	457	487	464	466	486	
451	499	485	467	489	459	484	
479	464	467	478	451	460	450	
485	494	464	495	481	478	475	
454	480	496	475	458	471	498	
1	15	25	28	33	34	31	14	
39	34	17	31	5	41	19	9	
30	43	22	49	14	41	12	31	
41	29	10	39	46	4	20	31	
40	21	24	10	34	44	19	33	
10	9	11	41	25	39	49	23	
21	1	37	35	36	41	33	14	
28	49	2	20	25	22	0	36	
2	7	20	8	21	42	9	19	
49	35	44	34	23	15	5	29	
14	27	42	47	25	3	44	9	
11	15	35	13	5	8	49	26	
11	26	17	28	4	38	9	10	
29	37	10	24	34	49	11	32	
43	19	40	34	44	35	24	7	
32	10	37	48	23	41	21	0	
44	21	15	14	22	33	9	7	
7	39	20	34	24	40	33	41	
33	8	4	0	47	1	23	10	
6	47	2	13	14	29	24	21	
18	48	5	26	36	3	34	21	
32	22	48	9	20	5	11	41	
12	33	44	14	23	31	8	18	
4	21	8	11	46	22	7	0	
15	3	45	24	0	40	6	14	
17	33	23	3	5	18	27	35	
24	2	39	18	47	14	12	22	
33	26	3	12	41	32	7	16	
7	27	1	4	19	30	40	34	
19	31	22	37	1	33	27	29	
28	11	3	45	21	13	43	2	
49	47	44	42	2	29	27	36	
0	8	28	29	35	45	20	40	
12	28	24	33	22	41	27	1	
27	9	36	2	24	0	22	7	
42	5	19	47	4	13	46	6	
35	43	7	0	23	31	2	33	
25	44	49	41	42	26	7	10	
5	16	36	25	13	23	4	44	
28	5	20	3	11	38	47	18	
8	10	5	3	38	25	37	9	
23	29	34	14	37	0	4	49	
36	9	32	39	10	44	41	48	
14	24	22	9	2	23	46	17	
5	20	43	4	47	36	15	41	
27	24	31	19	35	13	20	48	
18	47	7	25	11	12	22	42	
48	28	33	4	44	36	40	42	
38	28	21	47	4	10	42	26	
15	37	28	17	19	40	5	39	
82	71	75	61	67	50	63	77	
53	97	51	72	70	78	91	85	
69	92	56	85	96	55	59	70	
94	85	60	77	83	74	66	55	
68	71	98	64	63	78	88	59	
63	75	65	76	79	58	60	94	
97	84	50	59	60	58	72	54	
61	81	67	89	51	56	66	86	
86	78	55	82	84	88	63	62	
74	63	88	77	67	53	60	55	
56	79	78	72	96	82	53	62	
53	97	99	50	80	69	94	64	
58	55	70	72	50	74	54	60	
96	76	80	77	71	95	57	88	
58	82	93	66	67	59	71	68	
83	91	50	98	71	61	54	81	
72	89	79	50	91	51	63	83	
99	54	65	87	91	77	51	98	
70	85	93	50	67	64	51	56	
94	81	54	55	74	85	72	96	
66	87	74	60	91	86	99	92	
93	75	76	62	67	64	61	65	
64	88	83	76	98	51	84	67	
97	91	89	86	52	54	81	75	
85	67	68	97	56	94	55	90	
91	63	52	89	58	51	60	65	
80	68	69	81	98	89	78	85	
68	94	80	86	78	61	54	60	
71	61	96	92	53	83	56	55	
61	68	86	96	85	64	66	99	
77	78	64	74	88	67	66	62	
80	65	66	75	61	71	70	68	
79	80	88	92	93	99	62	69	
76	90	91	99	66	92	57	58	
97	96	85	57	60	64	79	54	
60	55	98	93	91	89	90	54	
78	84	52	56	95	75	63	55	
90	82	61	64	93	91	63	52	
72	67	74	70	62	86	58	94	
86	85	65	75	96	83	70	94	
58	82	60	85	77	84	74	59	
80	61	69	51	72	87	71	79	
71	94	84	68	63	51	66	50	
63	71	65	92	81	75	72	91	
93	74	59	61	53	95	62	81	
90	76	55	89	92	51	93	56	
84	53	68	92	76	67	96	81	
93	62	81	59	92	73	52	91	
89	54	53	61	77	96	65	95	
81	53	96	91	97	76	60	99	
101	140	135	126	129	106	125	142	
125	103	115	126	144	102	131	147	
140	124	100	116	144	118	141	117	
145	117	127	111	122	126	130	139	
102	130	109	132	139	135	105	121	
132	119	143	113	147	141	125	111	
142	149	113	109	116	117	138	136	
102	149	130	142	101	126	136	129	
107	144	136	127	140	147	129	116	
107	144	102	140	139	121	119	146	
118	126	120	137	103	123	124	119	
112	117	118	122	126	130	101	131	
103	112	138	149	134	115	147	110	
118	102	131	117	115	124	123	148	
101	128	114	103	108	115	105	113	
138	131	101	125	114	123	109	144	
135	115	126	110	106	140	112	137	
113	148	108	120	116	141	138	117	
131	121	143	101	117	141	102	122	
102	135	136	121	147	148	120	130	
104	123	115	125	121	128	134	148	
123	124	128	135	146	137	116	126	
145	144	117	138	130	122	135	101	
121	127	119	145	143	142	147	149	
148	113	121	109	102	128	129	120	
107	124	127	119	103	138	117	116	
126	114	116	106	104	132	149	113	
132	147	110	115	118	103	116	114	
117	121	136	116	115	144	114	125	
149	125	148	124	133	131	128	104	
143	136	121	110	126	107	125	130	
133	131	115	132	106	126	116	121	
110	140	115	149	137	136	125	134	
122	115	131	144	107	125	116	105	
100	109	108	114	147	149	123	125	
117	149	134	108	148	113	145	127	
105	128	101	125	130	108	115	111	
137	107	100	124	125	105	126	108	
121	149	123	142	130	109	122	146	
138	143	118	139	123	148	119	146	
133	136	121	127	144	134	129	147	
106	134	146	118	147	124	109	132	
105	129	104	111	132	138	114	142	
145	118	142	123	107	124	140	128	
117	147	131	125	130	113	149	112	
119	120	135	100	123	127	140	103	
145	132	123	104	105	148	142	144	
102	122	130	125	139	140	120	148	
145	117	121	122	113	126	135	130	
117	144	127	112	115	137	102	118	
198	166	164	161	173	193	175	171	
186	173	198	155	152	199	194	154	
182	153	176	187	175	183	197	167	
165	199	188	152	187	158	167	175	
174	151	166	188	172	182	163	192	
190	186	195	152	198	165	187	199	
165	189	161	167	152	179	173	162	
193	183	191	189	165	184	179	185	
172	190	165	153	167	177	181	173	
183	169	160	181	167	164	168	184	
169	195	164	172	191	152	175	160	
171	152	150	157	183	195	180	158	
187	193	152	184	178	155	153	190	
183	199	154	150	173	151	163	176	
176	185	150	154	174	164	162	180	
159	154	192	172	153	179	166	189	
178	191	151	185	197	195	170	156	
185	179	172	198	182	154	166	186	
154	193	186	168	152	163	159	191	
195	184	159	188	194	151	164	169	
197	181	162	187	159	175	198	194	
199	153	155	161	185	162	198	151	
171	175	167	196	191	164	159	199	
185	153	156	150	158	193	182	161	
176	196	170	173	162	157	197	174	
150	193	192	164	173	181	182	151	
171	182	181	153	158	195	184	157	
154	161	194	193	162	152	171	176	
195	186	158	177	194	192	184	178	
167	160	182	175	153	179	189	183	
192	186	156	185	177	160	187	174	
180	166	194	171	170	165	157	199	
194	186	156	192	160	188	150	196	
164	191	154	167	189	172	188	182	
159	169	162	174	185	194	165	168	
181	169	163	185	198	177	179	162	
153	156	185	193	158	199	198	163	
151	171	163	197	158	181	176	185	
168	160	186	170	177	151	196	153	
178	185	175	177	184	190	163	154	
184	198	193	197	165	179	155	196	
196	155	176	172	187	197	178	151	
156	175	167	158	153	185	172	191	
183	181	152	164	184	187	175	188	
175	189	194	163	195	158	150	153	
170	157	199	185	163	173	177	187	
168	186	188	172	187	165	162	179	
171	185	162	169	199	188	196	167	
180	187	174	175	198	167	169	190	
160	162	178	152	171	182	194	179	
224	232	201	216	233	205	203	229	
230	248	202	207	204	234	214	241	
222	242	226	246	214	243	229	225	
249	212	206	238	210	234	237	204	
249	203	226	238	207	212	220	210	
238	241	234	209	200	207	206	237	
249	215	223	210	240	202	212	209	
239	227	223	231	215	214	240	242	
213	238	241	232	230	218	244	246	
242	232	203	207	214	223	243	249	
226	243	224	225	233	211	217	240	
236	228	227	226	231	217	212	225	
244	211	232	225	215	240	245	229	
231	224	237	240	242	239	206	225	
232	238	213	242	225	234	201	239	
229	212	210	211	241	236	243	205	
237	216	213	236	208	210	230	200	
231	244	206	221	226	202	239	200	
230	222	249	216	247	235	244	217	
242	226	214	222	245	239	211	216	
228	226	201	202	205	238	212	210	
213	222	215	245	221	206	248	232	
213	223	237	246	225	236	203	207	
237	241	247	220	205	209	215	223	
222	225	204	208	217	236	202	238	
211	214	241	227	246	223	210	229	
229	217	231	207	243	214	203	228	
233	208	246	241	219	242	240	230	
217	210	231	222	242	206	214	200	
240	245	214	230	238	248	239	237	
238	211	235	206	208	248	226	220	
209	239	212	240	211	236	225	245	
205	223	212	209	221	249	220	219	
232	231	202	240	241	204	242	238	
229	204	230	236	211	206	240	246	
220	214	215	241	202	234	238	242	
228	211	245	212	220	242	214	226	
221	240	208	242	245	224	229	200	
230	225	213	201	245	238	217	205	
221	208	205	243	239	214	222	209	
224	246	222	226	237	230	239	219	
214	215	229	216	213	242	241	226	
218	248	215	241	235	227	226	231	
233	226	217	206	219	209	220	240	
236	246	217	239	203	213	215	226	
212	244	221	237	219	227	241	216	
249	201	223	212	245	243	230	215	
219	201	208	211	241	226	229	224	
235	208	214	216	224	212	226	233	
233	240	211	206	235	234	223	238	
274	264	289	257	281	267	287	262	
293	283	288	287	275	286	290	252	
291	296	272	256	263	268	266	271	
255	268	263	284	280	297	299	289	
291	279	271	250	280	275	266	288	
278	284	275	290	261	281	293	299	
272	263	283	298	293	278	295	290	
283	256	258	299	262	274	259	263	
264	290	272	296	298	269	273	254	
260	259	269	270	288	299	285	255	
284	259	254	297	273	291	278	267	
289	285	256	253	292	272	263	269	
250	264	259	283	276	299	292	285	
282	290	293	295	297	276	259	275	
252	276	292	266	254	289	279	286	
298	292	266	251	297	252	288	281	
256	250	293	270	265	269	262	255	
277	295	294	252	282	299	274	264	
290	298	259	264	265	267	286	271	
253	298	297	287	270	254	285	271	
273	271	292	286	295	296	253	258	
252	265	272	263	270	280	262	274	
276	275	286	258	296	262	263	273	
299	257	293	290	280	263	282	279	
296	256	275	270	271	255	258	289	
291	255	298	266	290	284	294	286	
251	285	272	296	261	276	279	269	
261	297	268	277	254	271	286	282	
295	250	263	287	274	252	294	285	
258	285	254	259	275	279	297	271	
258	254	282	296	251	266	287	291	
264	262	291	257	253	280	271	267	
266	275	299	279	274	265	251	250	
299	266	281	296	284	268	292	286	
266	261	295	288	263	299	262	256	
263	289	280	294	253	282	295	276	
265	288	263	280	256	270	262	299	
297	272	267	268	261	291	298	255	
258	269	253	285	264	267	260	282	
254	293	279	294	289	257	272	265	
252	276	250	256	275	283	254	277	
254	263	270	285	278	256	250	281	
277	288	271	260	284	293	292	252	
291	296	256	293	274	283	252	286	
289	258	293	296	291	282	257	299	
285	259	281	295	253	271	299	291	
263	281	291	280	294	256	267	293	
258	294	297	291	280	263	253	287	
274	281	292	250	284	275	286	257	
261	254	274	262	267	284	260	266	
310	309	322	307	348	321	303	342	
336	308	347	349	348	329	330	328	
300	311	302	314	347	335	312	321	
342	333	310	346	300	311	327	324	
305	300	342	324	325	335	327	323	
307	321	301	346	312	310	322	302	
318	331	342	311	332	308	338	306	
339	306	314	349	332	333	345	320	
347	306	303	325	343	310	316	329	
303	304	339	347	340	343	330	322	
317	322	331	321	306	348	312	323	
347	326	327	313	307	325	320	340	
345	329	346	305	339	310	308	330	
334	307	344	310	304	330	341	342	
348	311	332	336	335	347	346	327	
305	317	331	319	330	347	311	349	
340	346	349	325	317	347	309	323	
316	327	321	307	349	302	338	305	
333	331	332	302	339	313	335	304	
326	324	308	306	300	332	328	320	
321	315	349	310	318	309	335	301	
342	325	315	327	305	308	332	301	
335	328	316	306	317	304	307	311	
323	317	303	342	311	324	332	347	
346	343	324	302	345	319	339	304	
345	322	344	314	331	328	334	321	
337	322	344	326	303	312	323	309	
348	314	307	309	339	331	312	327	
310	320	339	301	318	342	304	349	
314	340	301	303	347	307	333	318	
308	327	346	341	328	333	301	348	
329	328	337	319	307	322	340	326	
347	302	339	314	315	301	313	333	
304	318	321	300	324	319	314	317	
318	312	338	316	346	333	320	342	
343	334	301	339	340	322	318	336	
346	316	300	306	312	338	301	311	
315	314	349	313	333	321	316	307	
310	330	326	319	347	333	303	349	
329	337	302	330	301	310	313	349	
325	344	321	335	349	316	347	308	
307	312	325	314	320	313	345	310	
314	341	319	340	329	349	338	336	
303	321	302	328	310	305	330	316	
327	349	330	322	309	342	331	320	
315	339	337	306	340	304	335	336	
301	300	334	329	349	336	312	348	
310	314	309	343	303	317	306	324	
312	338	334	300	345	329	333	322	
328	314	329	331	321	334	339	316	
388	390	352	350	374	391	369	377	
369	366	398	362	378	381	371	368	
381	357	361	395	374	385	372	392	
387	378	395	372	380	392	399	386	
388	375	392	381	350	382	391	397	
371	359	382	356	358	375	368	396	
384	381	373	392	365	394	399	362	
378	396	389	395	377	385	376	398	
393	395	367	363	380	396	373	384	
396	353	372	385	398	373	380	357	
394	390	378	364	371	359	351	357	
382	393	388	374	375	392	385	397	
362	358	397	372	356	371	351	395	
378	380	398	357	360	353	350	371	
369	394	399	395	397	358	385	391	
374	383	391	384	380	362	358	365	
365	372	381	375	359	392	385	358	
364	374	367	366	397	381	391	380	
357	378	398	359	368	381	358	399	
370	385	396	362	353	352	390	393	
391	353	369	354	382	372	385	374	
378	389	367	353	399	375	397	376	
369	395	353	362	368	380	356	387	
376	386	382	352	366	391	373	356	
360	367	362	372	378	396	375	371	
393	388	353	397	365	350	368	355	
398	388	380	366	361	360	368	351	
361	353	366	392	377	382	365	370	
379	388	365	353	382	395	355	354	
394	387	383	367	385	369	390	358	
352	383	360	366	390	374	385	363	
353	397	355	394	389	376	359	391	
352	374	364	357	367	379	371	397	
389	371	362	356	384	374	355	399	
379	389	392	396	353	363	399	367	
370	368	376	365	385	393	371	350	
394	367	393	395	384	358	370	391	
392	382	380	397	372	373	350	356	
353	352	391	359	365	387	351	384	
363	382	364	376	399	378	383	360	
363	398	370	374	381	384	351	378	
369	379	367	376	396	355	399	359	
368	357	380	350	358	383	365	353	
364	386	373	381	360	388	399	391	
352	387	396	374	360	355	370	358	
393	367	382	377	362	351	396	379	
358	354	393	377	375	380	382	368	
383	395	390	367	382	369	366	353	
380	359	354	384	393	351	369	371	
352	358	386	355	379	367	353	356	
439	449	428	422	406	433	445	443	
421	434	417	414	426	437	449	420	
440	409	403	413	414	436	408	418	
410	434	437	435	445	402	433	416	
440	408	435	421	420	409	422	411	
405	435	442	445	429	417	413	401	
424	415	401	432	423	449	445	426	
421	435	443	426	415	400	440	428	
412	413	435	404	425	403	438	446	
430	443	447	413	441	425	406	439	
436	420	431	407	400	449	447	425	
430	441	426	406	413	431	419	401	
438	440	439	402	429	411	446	449	
431	444	414	433	422	400	423	437	
413	415	440	412	443	448	420	435	
411	432	433	415	402	420	417	442	
441	448	444	433	423	410	420	442	
438	445	408	440	449	421	417	406	
427	415	404	438	443	413	425	432	
419	418	449	441	428	431	423	407	
405	419	430	429	409	410	442	436	
444	407	426	411	437	403	405	418	
441	430	447	445	422	401	421	418	
446	427	414	437	423	422	402	430	
420	401	441	429	438	445	408	421	
429	446	419	436	431	410	448	424	
448	407	447	439	400	419	412	420	
443	425	431	406	423	430	415	434	
441	423	439	406	437	400	432	436	
411	409	422	448	433	425	432	427	
416	402	429	413	400	411	420	409	
442	429	433	447	406	403	408	409	
449	414	423	422	420	440	433	431	
422	445	430	401	400	431	413	406	
434	402	401	442	409	414	408	418	
400	438	446	449	410	417	416	402	
416	422	424	449	430	441	401	443	
414	410	434	411	447	445	419	440	
420	409	411	407	412	439	433	401	
425	439	423	422	405	420	403	406	
406	429	437	407	427	422	445	447	
418	421	439	413	446	430	432	415	
442	436	406	414	410	449	439	413	
443	437	400	427	440	441	442	403	
434	405	411	416	418	441	438	449	
439	425	447	445	412	402	435	407	
413	436	441	428	424	431	423	412	
412	418	402	446	433	442	409	401	
407	431	401	429	420	410	428	415	
441	445	414	401	411	442	422	416	
469	477	455	498	484	456	499	472	
480	459	454	470	452	478	471	486	
478	499	459	456	472	454	497	461	
455	492	467	461	452	456	451	496	
485	478	490	456	477	457	498	463	
470	452	489	451	486	460	461	468	
465	467	492	499	485	469	484	461	
455	474	469	464	457	459	463	450	
452	481	472	496	461	474	458	477	
493	470	499	479	480	474	454	496	
451	465	463	496	472	473	486	499	
459	479	457	456	469	460	450	464	
485	475	492	468	472	454	491	493	
480	490	457	468	458	493	486	499	
485	466	450	463	456	467	452	480	
491	472	458	489	463	486	453	464	
462	476	489	496	451	457	497	492	
495	490	464	476	457	466	471	469	
455	485	488	474	457	469	493	451	
465	462	466	463	490	486	455	478	
470	479	499	458	462	493	463	484	
462	498	496	482	494	470	460	457	
486	485	460	456	473	483	454	479	
487	489	471	482	476	462	461	488	
454	469	472	479	468	497	490	489	
466	467	464	456	454	462	476	455	
470	490	496	452	478	484	474	472	
482	454	456	451	478	461	471	474	
461	465	484	488	453	480	455	463	
497	461	498	493	483	454	485	480	
464	469	494	475	481	457	451	486	
496	485	457	466	456	458	490	473	
477	467	460	490	484	459	487	474	
494	454	450	451	461	463	490	497	
479	480	496	461	468	467	455	476	
462	482	456	466	494	451	478	488	
477	455	480	454	470	482	469	475	
496	463	470	469	476	494	462	457	
485	451	494	473	474	489	493	479	
452	487	479	474	470	494	453	465	
462	486	498	452	482	494	497	458	
472	483	475	498	455	451	465	462	
463	483	492	460	485	475	478	493	
488	476	495	450	493	463	453	496	
486	460	483	484	459	456	468	465	
453	498	455	482	465	492	497	473	
473	491	487	458	454	490	493	496	
457	485	458	452	453	472	461	497	
457	455	483	453	468	481	489	478	
497	459	486	485	458	496	498	478	
