23	22	46	3	34	28	
46	31	44	17	12	11	
26	33	32	21	5	38	
13	32	26	1	35	27	
26	5	28	0	44	47	
33	14	42	18	1	39	
20	43	26	8	34	29	
6	28	7	1	20	43	
16	12	13	44	11	45	
2	22	29	23	27	45	
24	0	13	46	14	16	
0	39	26	33	18	30	
48	46	17	26	24	37	
18	40	32	15	10	22	
0	20	23	7	35	3	
22	18	35	3	41	11	
41	42	26	4	2	46	
40	26	36	29	47	48	
33	8	2	23	44	0	
48	0	47	40	44	12	
13	48	30	47	45	36	
48	40	42	13	0	46	
33	35	37	17	13	38	
16	8	0	1	46	12	
10	31	18	38	37	22	
35	44	32	33	1	15	
40	39	17	13	31	37	
22	44	3	33	28	27	
12	27	16	9	39	29	
45	35	43	31	47	25	
27	19	14	30	20	12	
8	16	21	39	24	15	
38	24	48	39	46	2	
38	40	47	29	22	11	
40	15	39	32	6	14	
7	39	17	8	40	46	
9	20	24	42	10	46	
49	31	6	15	38	26	
6	22	15	39	42	9	
22	18	49	36	28	41	
1	14	31	39	3	28	
22	31	2	43	7	23	
28	47	10	8	46	4	
9	44	28	37	33	7	
2	49	8	13	45	21	
7	47	32	4	0	27	
4	15	36	40	9	20	
12	0	19	10	47	38	
20	34	7	14	22	17	
28	15	38	0	23	42	
53	72	92	82	73	64	
91	63	85	68	93	60	
65	58	72	67	71	94	
91	79	98	87	55	63	
93	75	53	57	90	54	
60	97	54	99	74	65	
52	91	94	76	75	50	
50	64	66	81	84	80	
70	71	75	72	88	60	
67	77	81	92	65	84	
63	79	87	52	86	66	
59	84	57	68	88	72	
80	52	88	68	65	50	
92	76	83	81	82	74	
68	55	58	91	90	82	
61	50	82	77	72	88	
62	86	61	60	72	80	
79	81	77	67	62	91	
59	70	89	79	82	99	
62	56	83	70	54	91	
68	66	54	91	84	95	
71	50	88	76	98	99	
59	68	77	57	78	87	
82	64	58	71	91	57	
85	76	54	66	89	84	
82	99	67	68	93	63	
70	55	64	99	67	52	
97	81	99	93	70	72	
90	72	79	54	75	85	
81	56	58	59	86	51	
92	94	69	61	55	75	
50	68	84	59	85	78	
73	88	57	70	65	93	
78	79	75	70	58	97	
57	65	95	61	88	90	
67	92	73	56	70	50	
68	95	80	87	86	54	
87	78	74	84	60	67	
94	58	69	90	75	92	
53	78	88	62	85	51	
88	61	87	54	71	60	
97	81	76	77	72	61	
76	70	65	64	83	85	
86	97	67	66	71	89	
52	76	71	83	94	64	
57	99	81	97	86	62	
60	58	89	98	57	75	
55	67	68	74	73	70	
60	87	82	68	65	97	
89	58	66	73	95	86	
120	139	111	100	101	106	
116	119	128	132	111	107	
134	138	104	103	111	122	
141	138	105	125	137	102	
126	120	104	135	132	122	
123	104	100	139	132	113	
109	137	112	141	103	129	
140	100	103	101	112	142	
116	134	114	126	113	107	
136	112	102	128	143	106	
104	134	121	137	131	139	
132	146	135	109	141	134	
106	128	102	127	109	142	
128	127	140	104	143	146	
144	112	125	108	117	109	
108	118	129	143	135	140	
120	116	129	140	106	111	
133	102	134	131	129	135	
147	109	116	107	131	132	
135	114	117	121	136	100	
127	112	130	123	137	106	
138	137	141	130	128	123	
128	126	110	109	137	107	
128	126	105	143	118	142	
149	143	114	102	139	135	
149	115	104	113	111	145	
114	139	145	113	116	103	
121	135	113	137	117	131	
132	149	114	142	112	101	
111	107	116	143	145	142	
119	138	118	127	147	143	
126	145	138	132	125	144	
128	142	126	106	132	103	
136	102	115	124	111	135	
111	124	134	145	146	112	
129	112	131	122	137	123	
122	147	129	139	104	126	
104	110	142	114	144	119	
127	140	143	130	110	123	
111	108	106	132	126	139	
118	138	106	120	143	129	
107	119	114	138	145	113	
116	139	124	120	107	138	
103	139	127	113	137	141	
114	123	126	109	105	112	
101	124	133	135	106	112	
107	104	131	139	118	102	
107	123	124	109	127	104	
131	105	122	126	139	127	
114	126	147	130	105	145	
172	163	168	173	191	190	
162	169	188	195	157	171	
188	177	155	195	180	169	
151	165	175	172	197	161	
154	150	169	182	178	180	
173	160	155	167	191	187	
165	154	152	181	153	180	
150	156	197	157	162	154	
174	158	199	175	163	150	
190	184	185	156	150	157	
184	194	189	198	151	192	
161	176	187	189	156	190	
164	168	194	198	195	192	
183	199	186	167	187	152	
176	197	161	185	150	184	
164	168	166	182	152	177	
179	159	195	171	183	152	
152	176	150	170	160	167	
187	179	177	156	162	199	
154	178	170	155	196	160	
176	170	154	166	161	199	
150	158	193	179	177	194	
184	194	175	182	193	166	
168	181	188	166	171	177	
197	153	156	177	178	187	
194	180	188	175	173	197	
198	199	158	165	161	178	
194	171	187	186	182	181	
192	182	175	197	181	193	
194	175	162	177	181	171	
151	156	193	182	166	155	
178	174	165	184	151	189	
172	155	179	195	171	152	
187	193	197	162	185	160	
162	154	176	173	190	171	
196	199	194	154	189	179	
167	166	179	178	175	169	
173	193	166	170	196	182	
190	184	198	172	194	197	
190	194	186	192	163	173	
190	193	196	184	195	170	
189	159	152	184	155	164	
191	162	174	181	183	190	
156	173	176	185	186	158	
191	167	166	172	190	161	
182	156	174	150	166	169	
172	153	180	168	183	162	
180	166	186	159	165	168	
163	159	184	177	175	185	
191	194	166	163	193	169	
223	216	238	206	234	246	
225	242	206	226	229	210	
240	239	247	224	212	222	
207	209	212	228	241	213	
219	218	224	228	245	222	
208	203	241	240	222	202	
210	244	211	248	239	217	
228	210	203	209	221	225	
206	200	203	244	228	248	
223	203	214	230	231	212	
231	222	243	234	205	242	
217	219	205	208	207	238	
215	229	247	226	224	206	
211	241	200	218	236	202	
220	234	211	245	213	222	
224	220	243	248	213	234	
209	240	203	221	241	210	
236	242	221	219	228	227	
206	203	216	222	237	238	
229	211	230	201	233	246	
237	207	222	232	243	214	
234	245	225	205	242	216	
248	247	218	239	225	205	
246	203	224	237	243	206	
225	228	247	232	203	210	
232	223	206	229	238	222	
228	204	225	235	244	222	
221	214	230	232	235	213	
247	203	220	208	248	217	
219	213	247	201	234	203	
228	212	217	213	211	229	
209	220	243	215	231	233	
219	201	205	214	211	238	
206	218	213	211	249	231	
209	212	235	249	208	205	
229	210	232	226	241	218	
233	214	218	223	203	202	
203	244	241	223	245	230	
218	220	216	222	244	223	
246	235	226	230	238	248	
223	201	231	235	234	218	
211	248	230	208	240	226	
202	233	236	235	221	243	
226	212	216	235	238	200	
204	249	241	225	230	219	
206	208	237	228	238	245	
237	229	248	242	207	241	
242	240	222	243	217	213	
214	208	230	201	204	241	
232	205	202	226	244	220	
252	297	294	264	299	275	
288	259	279	267	296	297	
270	259	283	293	292	263	
293	260	289	276	257	250	
292	268	262	275	280	255	
282	299	260	273	297	261	
272	266	256	270	290	292	
271	285	287	276	289	264	
261	256	296	290	258	293	
280	265	281	294	289	252	
285	251	297	261	289	296	
273	281	275	260	285	252	
265	278	267	261	259	280	
250	294	265	282	274	295	
288	290	250	256	251	295	
289	299	268	253	259	287	
266	272	260	265	297	284	
253	277	293	288	292	289	
297	259	282	292	290	295	
289	296	295	268	281	291	
286	271	258	294	267	252	
292	280	283	260	273	298	
273	286	298	270	284	283	
260	259	270	267	252	251	
277	265	268	297	261	266	
270	293	253	295	282	273	
287	276	292	272	263	294	
299	252	294	290	253	278	
295	280	298	289	270	299	
252	289	274	265	268	292	
278	257	291	282	286	276	
280	282	284	291	286	259	
257	273	263	288	292	276	
260	283	280	271	298	252	
259	289	271	286	288	255	
251	282	257	264	270	253	
274	287	281	296	255	270	
297	285	292	282	258	262	
250	272	287	295	265	276	
258	285	256	263	284	260	
255	259	299	252	261	271	
297	256	279	282	293	260	
289	256	269	285	255	290	
296	284	279	299	283	285	
285	275	258	263	264	295	
299	275	274	289	256	266	
290	296	279	264	271	263	
268	258	295	287	299	288	
283	277	257	264	297	298	
295	276	255	258	282	281	
317	328	346	301	334	349	
340	304	313	330	321	325	
316	347	307	309	334	338	
346	332	340	320	325	307	
301	332	337	343	348	323	
304	327	322	302	331	314	
317	322	330	333	306	342	
304	344	322	310	333	339	
307	329	345	332	311	331	
345	347	324	323	342	348	
334	341	310	335	336	314	
332	339	329	315	324	321	
345	328	308	320	324	343	
317	337	339	338	315	321	
305	317	339	326	343	337	
327	347	342	325	329	345	
341	300	328	321	332	316	
329	320	336	327	305	334	
328	300	307	325	305	303	
339	314	349	320	300	302	
328	319	308	311	303	300	
333	321	336	309	330	332	
318	326	334	311	349	346	
305	340	312	322	339	342	
310	333	339	318	345	344	
311	316	319	329	310	305	
333	331	321	348	347	335	
326	331	329	320	334	348	
331	317	348	314	313	320	
313	348	329	341	316	308	
330	332	326	333	316	336	
335	324	341	320	327	302	
310	306	305	330	344	341	
347	322	312	303	345	333	
337	311	316	307	304	343	
318	348	321	344	311	323	
307	317	325	342	318	316	
304	320	340	324	311	333	
343	329	322	309	337	325	
312	310	303	302	300	345	
345	314	319	346	300	347	
317	301	326	335	311	324	
314	339	305	331	312	316	
311	317	337	347	348	345	
338	333	334	320	304	336	
346	344	343	327	321	300	
304	310	307	314	343	320	
348	344	328	336	300	325	
347	308	338	346	343	315	
320	310	318	348	344	330	
351	375	386	350	394	373	
364	354	381	386	377	359	
391	365	379	362	388	366	
374	360	385	354	352	399	
377	364	357	389	385	356	
390	359	371	375	361	386	
370	378	361	366	371	396	
365	389	381	374	375	359	
374	392	353	378	377	362	
381	393	388	364	352	373	
355	358	376	398	393	350	
366	365	382	374	386	360	
378	366	384	393	395	379	
364	395	365	377	363	388	
397	360	385	363	350	361	
369	357	364	377	372	350	
359	357	379	399	390	366	
379	365	378	374	395	363	
394	390	364	396	393	375	
366	387	352	358	382	390	
378	399	362	387	350	390	
375	391	351	380	398	384	
356	371	392	364	370	366	
372	363	381	392	357	352	
389	387	367	392	393	356	
367	379	397	359	370	399	
362	395	387	385	388	370	
369	372	366	379	385	351	
395	366	397	362	360	369	
360	397	399	392	359	362	
385	354	378	359	374	384	
376	396	352	370	367	355	
362	374	392	352	395	359	
372	390	352	386	398	383	
384	361	375	378	377	388	
362	376	397	398	392	361	
350	378	387	373	399	374	
389	356	368	367	391	396	
388	397	351	380	360	363	
365	387	357	372	351	392	
394	381	385	396	393	375	
396	376	393	366	373	390	
381	359	354	369	352	370	
360	386	374	371	385	389	
369	390	373	382	394	393	
390	361	378	385	382	360	
367	384	350	377	387	370	
359	358	392	364	368	350	
385	375	393	383	378	387	
361	383	373	367	398	357	
405	400	442	412	428	410	
443	411	427	402	406	442	
406	439	445	449	401	410	
444	406	440	410	428	426	
427	404	417	445	422	405	
416	404	408	437	449	423	
440	405	407	429	415	417	
444	433	415	424	406	403	
426	446	410	443	413	422	
449	430	419	404	441	445	
427	441	443	437	434	420	
402	422	414	408	449	440	
441	425	420	402	433	419	
425	443	426	432	447	437	
434	448	449	425	430	441	
448	424	427	432	430	449	
432	427	412	445	410	423	
408	438	418	409	410	445	
405	444	414	424	419	423	
445	412	400	437	444	433	
437	430	411	408	419	402	
435	430	416	428	446	413	
430	424	415	434	433	440	
422	429	420	442	448	410	
411	416	430	441	448	442	
431	417	428	436	412	448	
410	412	401	439	411	423	
438	402	433	406	444	434	
445	421	422	424	449	425	
425	419	442	403	411	414	
433	417	426	406	443	411	
419	432	430	439	411	445	
415	400	425	401	436	413	
400	411	414	413	406	407	
437	415	420	431	400	419	
427	407	444	419	402	409	
426	420	418	443	421	444	
430	419	410	431	414	427	
444	410	441	416	401	420	
447	425	428	419	403	438	
432	406	400	435	410	422	
414	418	444	419	423	430	
440	429	435	442	433	411	
433	402	413	405	438	416	
406	402	425	403	414	445	
441	445	400	426	414	403	
420	419	415	429	446	404	
420	445	434	401	402	438	
438	413	405	426	422	433	
409	423	419	402	434	430	
471	473	495	451	497	475	
458	490	464	488	473	469	
451	471	498	461	478	467	
468	494	488	480	486	489	
493	487	494	472	455	489	
480	488	487	459	475	493	
484	466	462	452	476	481	
484	483	489	451	461	454	
463	462	459	480	465	487	
454	464	465	498	499	482	
460	455	465	474	457	489	
469	465	453	468	450	492	
459	454	498	479	475	452	
450	474	484	472	471	480	
467	461	465	474	472	455	
498	458	474	466	470	495	
466	492	479	490	481	499	
478	477	453	462	496	484	
460	490	450	479	451	475	
450	481	469	462	459	490	
498	476	450	470	462	468	
461	470	496	481	488	475	
497	474	450	473	493	488	
481	482	489	479	462	456	
472	468	485	483	462	459	
485	476	467	492	469	456	
491	498	487	496	495	458	
479	458	462	481	485	456	
490	494	483	472	497	466	
493	476	468	461	459	492	
472	467	464	462	456	497	
471	452	467	451	461	498	
491	456	499	496	475	497	
482	455	456	459	493	496	
451	460	457	497	464	459	
458	470	450	457	476	472	
497	460	464	488	471	481	
484	459	495	476	457	460	
497	479	483	473	454	464	
452	497	472	490	463	478	
456	487	496	482	490	497	
489	490	486	474	487	483	
470	468	461	495	458	487	
486	463	485	454	450	470	
490	465	462	458	479	472	
490	485	466	496	469	488	
495	474	462	452	463	497	
479	454	472	455	457	475	
482	467	496	492	478	454	
496	477	493	459	490	466	
15	10	32	22	34	33	28	
24	49	41	43	38	7	39	
19	25	3	37	22	9	43	
8	21	17	47	13	49	3	
29	7	40	45	32	39	13	
0	5	39	10	20	26	1	
9	49	34	44	12	32	42	
11	23	45	47	2	38	4	
9	20	11	23	48	42	7	
8	12	39	26	48	14	6	
41	31	23	35	15	37	29	
49	11	34	43	2	21	44	
0	27	6	25	29	20	1	
46	30	27	48	28	5	4	
15	42	22	3	35	39	43	
1	41	20	23	28	19	33	
3	5	42	0	35	15	29	
44	15	6	35	27	28	2	
4	33	47	30	25	15	46	
2	33	19	37	6	16	4	
23	6	35	5	29	26	1	
5	3	30	42	21	31	16	
24	23	22	41	46	28	10	
41	30	32	9	47	31	40	
8	35	42	3	27	12	30	
42	10	24	6	15	27	5	
3	14	9	4	46	19	34	
47	15	19	22	49	1	8	
23	12	46	37	14	40	47	
40	39	2	44	10	19	29	
32	10	12	13	1	37	7	
33	31	24	15	22	0	27	
25	37	16	11	9	10	12	
23	47	41	29	11	33	20	
43	7	28	21	1	20	27	
18	14	40	43	41	1	2	
14	3	15	9	38	44	33	
0	25	29	11	12	14	20	
35	3	45	15	30	38	37	
28	17	18	19	47	46	43	
9	14	17	7	26	47	20	
38	42	25	45	16	34	21	
13	27	9	49	3	34	43	
30	12	17	18	48	37	34	
47	25	26	2	4	34	41	
47	10	1	36	16	39	42	
10	40	17	19	25	0	24	
12	8	42	47	36	41	19	
20	36	1	22	9	41	37	
8	12	32	20	37	44	9	
83	93	91	60	66	50	73	
52	80	70	99	88	74	69	
65	87	88	56	52	61	84	
50	94	53	90	81	75	52	
89	86	78	92	57	56	93	
68	50	87	71	76	93	98	
81	76	77	79	75	73	83	
65	64	55	67	81	70	69	
76	54	86	63	53	56	90	
66	96	95	98	68	81	88	
87	84	78	90	83	92	70	
97	56	82	89	91	83	63	
78	63	59	54	75	98	52	
69	71	91	77	58	86	50	
55	69	52	71	88	91	82	
92	87	52	83	57	66	90	
97	85	71	62	50	58	78	
74	84	77	87	71	58	89	
95	62	65	54	61	63	84	
92	60	88	55	93	67	86	
67	82	72	91	98	84	52	
71	99	92	73	66	80	93	
91	96	50	80	82	83	56	
75	53	89	51	69	92	94	
69	64	96	79	68	77	56	
72	51	86	91	52	87	94	
69	65	85	50	56	96	88	
98	92	93	71	67	66	64	
74	54	95	91	69	99	50	
79	51	83	92	53	81	77	
70	59	71	87	74	96	63	
67	60	66	52	63	88	70	
55	82	59	56	78	63	74	
91	53	84	93	72	85	78	
65	90	84	54	73	79	62	
90	78	84	80	88	79	54	
95	59	88	75	64	50	92	
89	66	94	56	86	95	80	
66	80	76	94	97	87	77	
68	75	89	50	93	60	90	
91	60	63	92	64	89	61	
82	58	87	99	93	53	74	
92	96	58	64	82	68	77	
92	73	88	90	60	75	71	
52	63	54	94	68	50	80	
64	70	98	83	69	50	88	
61	53	55	94	84	69	67	
56	60	89	61	85	81	97	
62	93	59	58	53	57	76	
88	51	80	72	59	60	86	
148	110	105	144	117	103	113	
122	119	148	101	105	120	128	
113	117	116	138	120	145	118	
129	101	130	114	121	106	127	
118	132	146	138	131	113	141	
116	129	138	141	142	149	148	
105	121	132	138	148	109	120	
142	123	117	133	107	113	108	
105	131	126	140	109	115	147	
147	103	135	129	133	141	116	
134	148	115	106	141	143	120	
104	140	134	139	148	138	114	
148	147	117	123	140	144	131	
109	144	136	120	132	129	111	
142	148	126	120	146	116	104	
108	146	131	117	112	130	101	
123	104	143	119	109	125	111	
102	144	101	142	119	137	111	
142	106	101	104	123	112	105	
126	101	145	149	114	112	108	
139	149	117	109	105	148	104	
149	141	121	131	116	112	129	
123	100	113	132	146	127	140	
148	124	136	139	143	111	130	
139	119	117	131	120	122	121	
118	114	133	119	139	103	136	
105	138	129	126	115	135	119	
110	148	104	149	139	108	119	
124	121	112	101	129	126	104	
114	108	113	146	133	116	144	
110	116	149	114	123	109	107	
103	116	142	108	145	122	111	
113	104	127	116	126	137	145	
114	148	121	102	126	103	142	
142	127	130	123	107	112	100	
110	106	118	146	112	109	143	
134	117	124	142	119	141	133	
103	125	143	145	111	105	134	
131	123	144	132	102	140	108	
124	129	116	139	110	114	118	
123	142	112	140	127	111	104	
105	115	114	112	110	148	117	
102	125	119	129	143	112	128	
107	102	145	135	142	106	132	
134	148	103	111	104	115	107	
145	104	114	106	123	125	101	
125	132	114	107	116	103	109	
149	135	119	138	126	116	134	
108	149	146	144	109	122	115	
147	138	114	106	146	131	134	
166	198	153	161	173	172	180	
179	183	175	165	173	151	157	
157	195	176	181	163	170	152	
158	180	195	176	189	177	162	
163	177	156	170	150	183	189	
182	198	187	192	167	194	174	
156	186	153	167	172	192	160	
166	176	179	182	199	181	174	
193	158	178	167	157	162	183	
156	189	150	158	172	176	173	
158	176	194	172	185	190	169	
190	199	183	164	184	180	151	
167	173	185	192	160	181	168	
158	188	191	150	184	179	165	
158	190	192	196	199	181	150	
177	171	157	195	172	158	181	
159	172	192	169	166	194	188	
181	172	157	194	152	191	153	
185	158	196	151	182	180	156	
170	196	191	186	197	162	183	
170	151	198	177	161	171	181	
154	196	180	166	178	176	162	
185	163	173	155	180	183	160	
191	169	195	163	171	151	170	
166	162	164	182	187	186	174	
150	175	160	173	158	181	199	
174	189	187	184	197	177	180	
192	159	166	165	184	195	181	
182	198	190	165	180	177	154	
192	165	172	177	161	153	180	
186	187	182	179	177	155	158	
193	173	165	163	162	152	194	
155	188	161	170	153	151	179	
191	185	172	158	193	197	168	
157	172	178	173	174	167	175	
176	157	173	159	195	187	163	
169	191	172	166	196	157	198	
194	150	174	184	155	196	199	
181	182	166	194	158	152	196	
159	183	157	161	187	197	163	
150	194	165	172	164	151	178	
162	199	188	195	158	173	193	
153	169	192	167	193	165	186	
154	185	153	182	168	171	188	
159	155	196	173	177	180	185	
150	169	188	192	159	153	185	
198	150	179	186	199	156	160	
176	197	163	196	182	198	181	
186	179	157	168	198	199	164	
150	191	168	165	193	174	186	
202	225	237	248	244	224	246	
228	204	239	249	201	241	231	
211	200	237	243	249	207	218	
241	220	246	208	201	235	227	
241	204	221	233	246	212	247	
232	234	217	230	237	233	249	
234	230	214	229	241	222	210	
239	212	220	201	213	231	218	
239	210	220	242	241	248	214	
249	229	227	237	248	236	231	
208	210	230	219	243	248	212	
218	205	227	208	242	214	247	
222	220	200	248	241	217	239	
236	229	227	215	206	249	220	
236	239	248	220	232	218	231	
245	206	214	202	225	228	226	
219	213	235	209	234	210	245	
222	226	248	247	249	214	201	
235	234	227	225	203	245	219	
229	242	209	222	210	241	243	
248	215	238	213	206	210	236	
248	203	228	227	240	241	214	
225	235	242	213	219	200	212	
203	231	213	208	237	204	201	
248	213	205	202	245	223	208	
216	207	230	223	236	204	225	
204	210	222	217	200	205	245	
230	232	225	244	216	248	222	
210	235	215	217	211	229	247	
224	243	213	249	247	241	236	
224	223	214	203	247	239	210	
209	211	224	204	243	221	223	
215	223	234	241	214	246	224	
223	237	202	228	224	221	209	
242	221	238	245	211	248	209	
223	247	241	246	227	242	230	
238	228	222	245	230	220	213	
202	213	220	226	245	241	231	
234	212	217	208	239	230	241	
247	232	234	235	201	229	242	
200	203	221	214	223	233	220	
240	217	248	232	202	218	220	
244	241	203	238	249	225	226	
201	224	211	226	220	221	239	
223	216	247	235	240	234	206	
214	240	230	204	203	222	228	
241	221	230	245	243	202	216	
227	236	202	237	218	248	239	
220	242	226	225	240	214	204	
207	245	201	248	205	202	222	
291	254	299	298	281	287	275	
278	289	256	257	251	296	265	
273	271	252	276	269	259	287	
258	275	256	278	279	264	252	
264	265	295	268	287	283	289	
254	251	293	271	268	279	272	
255	295	256	259	257	298	294	
284	255	294	288	277	298	283	
274	259	265	294	257	256	251	
253	250	269	295	278	279	298	
263	273	256	298	292	267	271	
298	270	260	272	257	274	258	
253	252	272	269	282	256	278	
286	261	272	287	285	274	281	
297	259	265	285	293	283	291	
285	273	286	287	267	271	295	
264	252	291	257	281	278	255	
261	275	266	291	284	299	278	
253	290	259	281	295	288	269	
267	277	266	283	254	272	271	
288	256	281	257	263	252	271	
251	263	256	252	255	275	299	
285	283	257	258	265	299	260	
258	254	283	288	297	296	295	
281	271	284	295	256	275	265	
271	276	262	290	259	279	286	
268	290	257	254	292	278	289	
262	266	269	282	299	293	290	
262	252	284	286	295	288	280	
283	268	270	274	266	277	252	
288	280	262	271	252	278	269	
286	254	298	268	267	288	269	
264	280	278	298	250	281	257	
267	284	295	269	298	251	282	
260	298	284	290	286	299	273	
268	273	289	265	251	292	297	
266	252	260	288	258	287	285	
257	296	279	282	253	261	292	
255	296	277	282	279	258	283	
278	279	295	287	273	290	264	
285	293	258	279	287	262	289	
283	290	278	263	261	254	269	
281	293	258	282	274	297	266	
251	264	297	277	260	273	255	
271	293	278	260	267	257	270	
276	279	293	287	275	299	292	
298	290	256	289	259	266	272	
275	270	267	280	278	279	292	
293	272	276	281	275	267	254	
294	257	271	299	272	286	293	
346	349	334	307	331	308	310	
305	327	315	337	317	340	345	
335	318	321	337	340	319	309	
346	339	338	308	344	345	327	
347	303	348	345	305	331	301	
324	315	316	300	322	347	332	
314	332	337	342	323	326	312	
327	345	324	304	326	312	314	
320	322	330	301	304	345	348	
337	309	308	348	332	317	328	
349	320	316	341	348	306	303	
322	347	303	307	327	315	309	
310	318	324	331	307	303	317	
347	303	330	337	339	334	343	
306	344	326	332	339	337	322	
343	308	313	318	328	326	324	
304	305	307	312	320	310	309	
328	303	306	315	310	320	319	
333	300	330	346	341	324	311	
301	308	311	320	303	336	346	
346	323	327	312	325	316	338	
326	347	318	308	336	344	341	
321	344	337	323	317	329	330	
342	314	331	302	320	319	338	
332	317	306	314	347	342	303	
308	320	339	305	304	346	332	
310	348	344	309	332	322	321	
302	312	310	327	311	342	319	
300	315	310	319	317	320	331	
306	304	309	327	348	344	325	
329	302	340	324	349	323	316	
319	331	348	312	325	330	308	
327	325	332	330	321	326	323	
346	302	314	337	348	345	300	
319	347	336	304	344	310	305	
336	341	342	316	335	310	314	
346	305	334	306	301	326	325	
330	303	305	336	337	304	338	
340	331	300	313	341	306	332	
348	339	308	314	335	306	330	
325	337	338	308	335	313	306	
313	318	336	346	344	345	325	
306	341	349	312	301	314	308	
320	324	315	337	319	343	313	
317	307	336	315	302	300	328	
306	314	330	334	309	325	303	
319	335	321	317	314	323	309	
345	314	307	333	311	300	334	
332	327	308	302	345	328	326	
307	332	349	303	325	318	334	
357	356	371	367	368	352	366	
390	365	386	394	399	355	382	
388	377	387	385	381	370	369	
391	397	368	375	354	367	356	
372	380	399	390	359	375	389	
378	393	392	363	390	373	395	
370	367	358	368	383	380	354	
383	390	360	366	389	368	363	
375	391	354	377	370	352	363	
359	371	353	396	378	380	374	
393	351	378	379	398	352	377	
375	361	357	377	374	379	363	
367	387	373	369	365	385	392	
392	378	374	353	389	354	379	
385	354	390	377	356	393	380	
368	375	374	350	380	373	379	
385	388	380	387	399	371	355	
360	383	355	353	366	394	379	
386	388	381	383	379	357	389	
385	384	389	359	362	366	391	
374	397	360	388	386	398	383	
353	358	382	362	384	398	392	
362	398	368	381	365	384	356	
383	391	374	386	370	365	396	
360	384	399	355	374	393	386	
369	395	366	363	390	358	394	
362	397	365	394	391	367	376	
390	372	364	394	353	369	393	
396	353	363	381	384	383	379	
357	375	370	398	352	386	353	
381	362	364	371	390	392	375	
372	360	395	363	384	396	353	
391	398	392	369	388	357	353	
350	399	382	383	392	361	376	
357	377	373	387	372	375	386	
355	399	368	367	391	370	374	
350	392	354	385	356	366	379	
359	399	373	370	381	388	352	
351	376	387	374	399	352	382	
366	356	382	358	380	386	378	
352	350	392	385	396	365	375	
393	363	385	394	351	364	390	
379	388	369	378	374	377	351	
383	365	381	388	366	391	382	
354	357	360	382	385	394	392	
367	357	380	352	365	378	372	
394	358	379	396	378	374	375	
378	388	377	364	375	368	383	
363	381	380	350	378	383	372	
353	374	366	397	387	354	351	
448	424	408	418	440	413	407	
447	442	417	405	410	401	403	
403	400	432	440	444	410	414	
414	413	410	406	421	417	408	
409	444	430	412	431	449	400	
402	425	413	443	414	405	440	
401	448	413	432	425	440	404	
426	427	423	409	425	407	417	
442	429	441	402	436	401	400	
401	423	413	404	416	434	442	
427	416	402	418	426	412	429	
428	416	402	412	430	407	408	
406	408	412	426	424	410	407	
423	441	434	403	402	445	410	
406	410	400	422	405	411	421	
446	436	420	431	445	449	405	
405	408	435	429	410	430	431	
444	420	402	437	447	417	427	
442	432	443	413	447	438	404	
413	431	411	433	409	414	405	
431	426	402	442	424	436	441	
415	404	427	429	430	420	405	
430	414	403	402	433	448	427	
404	412	421	405	438	426	442	
426	416	447	401	408	419	443	
434	433	420	417	441	402	432	
403	413	442	449	431	446	412	
426	443	434	444	440	449	417	
439	433	408	443	424	435	447	
419	421	434	431	433	442	424	
406	413	412	407	423	410	444	
420	408	441	402	422	426	437	
431	421	401	436	424	446	433	
432	415	409	427	434	447	407	
411	421	430	440	445	429	446	
408	418	402	432	404	417	434	
414	438	428	412	411	407	429	
428	447	425	427	407	420	410	
400	434	449	409	406	430	404	
405	422	408	421	400	418	410	
420	413	449	402	403	430	422	
405	427	447	401	411	444	400	
444	434	439	401	417	411	429	
444	423	413	428	420	434	425	
414	444	423	422	424	418	403	
433	440	432	448	444	409	402	
438	412	401	407	420	431	444	
413	407	427	417	446	403	414	
447	406	428	430	445	409	440	
421	413	425	449	438	412	443	
462	494	466	471	458	457	484	
453	457	498	483	469	497	473	
456	482	468	463	455	461	484	
484	458	492	455	477	480	491	
495	475	462	489	499	450	453	
468	491	494	460	454	481	487	
484	478	496	479	450	491	451	
457	484	498	466	496	453	461	
480	498	457	461	459	492	484	
482	458	481	455	499	464	487	
498	497	485	492	474	458	469	
450	490	452	478	457	477	489	
490	473	453	477	450	458	492	
496	468	456	474	453	483	492	
455	474	477	479	487	486	461	
465	460	495	468	462	483	456	
483	468	486	491	466	460	487	
453	495	463	490	460	461	456	
477	476	470	456	453	490	463	
497	496	489	452	474	459	498	
485	466	458	491	451	470	497	
451	497	495	481	457	454	465	
466	486	461	450	460	468	478	
455	477	495	494	493	489	450	
488	459	499	470	468	460	491	
451	470	481	477	482	468	491	
464	498	484	497	488	450	499	
492	459	485	453	465	491	464	
464	477	462	486	481	478	479	
454	489	482	463	498	479	475	
476	481	492	469	487	485	474	
494	489	462	498	452	477	459	
498	452	473	499	451	475	489	
456	494	496	457	455	463	475	
493	496	477	478	497	469	455	
459	495	497	463	490	480	494	
470	460	482	491	453	476	486	
486	478	489	483	456	484	493	
463	472	450	457	486	490	469	
488	460	483	494	459	484	463	
453	499	459	461	474	492	467	
469	463	470	479	451	471	483	
477	493	481	455	473	463	465	
465	490	466	492	459	453	483	
490	466	470	467	498	475	477	
456	464	487	492	460	478	471	
452	496	464	465	466	476	474	
451	469	486	459	476	499	464	
469	481	461	487	488	460	473	
472	458	488	451	477	450	480	
16	30	19	42	4	39	34	38	
35	47	23	32	10	48	6	18	
4	6	18	44	15	17	35	30	
29	46	4	43	26	21	8	10	
33	38	1	8	31	4	27	3	
33	25	48	1	17	39	45	10	
32	21	29	48	1	14	42	41	
4	44	25	26	33	22	15	5	
6	32	49	12	36	48	46	22	
43	9	29	25	4	48	35	15	
17	46	47	21	20	4	9	36	
26	34	46	32	14	19	24	33	
7	44	45	42	3	13	1	33	
21	4	18	19	42	29	33	48	
6	10	26	7	9	8	36	47	
8	46	5	40	22	35	29	28	
30	38	11	9	7	25	2	19	
17	1	28	11	3	19	7	8	
6	39	46	40	19	11	18	1	
0	20	3	38	25	32	49	35	
36	20	33	0	22	48	15	43	
34	5	7	39	19	12	41	6	
36	2	31	48	15	4	45	8	
48	41	22	17	25	47	14	45	
21	27	15	4	6	11	44	32	
1	19	28	13	21	25	23	14	
11	25	42	32	26	49	30	18	
10	36	7	2	39	49	37	40	
27	48	2	21	0	25	7	49	
46	47	33	34	24	11	37	48	
28	8	15	13	44	2	47	10	
25	19	32	17	42	1	11	44	
18	27	28	0	44	9	42	2	
24	34	38	10	48	18	30	11	
24	40	1	12	48	0	26	9	
32	35	2	27	34	10	33	39	
46	1	27	47	18	23	14	22	
13	37	38	22	39	42	47	34	
4	2	45	26	35	12	23	49	
35	32	24	7	27	43	49	8	
9	6	14	18	45	13	11	2	
27	33	36	41	40	9	20	1	
18	39	9	33	19	43	49	16	
28	46	23	16	13	42	35	29	
23	47	40	10	36	39	21	35	
1	28	24	10	14	6	42	2	
9	11	20	27	3	0	33	1	
17	3	8	34	46	19	47	35	
3	22	49	32	11	33	19	34	
0	2	48	4	16	32	41	19	
54	95	62	78	90	94	84	51	
74	84	89	56	72	87	65	63	
96	66	71	82	94	64	88	89	
50	91	63	76	74	61	72	59	
50	63	83	98	80	88	92	85	
63	91	70	94	81	67	80	53	
61	72	83	89	81	65	76	52	
76	64	66	68	90	67	61	72	
77	52	81	88	73	61	99	69	
87	70	78	61	98	74	62	64	
65	79	81	67	85	51	83	96	
94	82	65	51	60	67	78	59	
87	81	96	97	98	64	53	89	
55	54	79	94	90	68	62	51	
81	60	57	58	52	84	54	89	
88	70	83	96	51	86	69	57	
99	62	78	89	96	68	60	51	
79	66	62	50	73	56	63	78	
82	73	70	84	93	92	87	61	
67	62	70	97	50	96	54	52	
80	74	98	65	95	73	91	90	
88	93	56	82	81	61	89	84	
55	57	79	98	76	66	85	64	
65	63	91	72	66	87	76	70	
50	91	51	71	77	85	89	65	
93	91	88	79	54	61	53	90	
93	53	76	83	78	69	67	61	
77	62	85	63	70	99	76	83	
69	65	55	74	54	94	72	50	
57	85	73	78	54	93	74	97	
70	87	92	59	98	66	56	57	
98	74	69	93	50	85	78	79	
73	78	87	97	60	84	56	70	
81	50	53	51	54	67	99	70	
76	92	52	83	58	54	95	50	
77	55	79	71	84	93	70	76	
86	85	74	55	63	79	57	56	
95	83	58	70	67	93	81	76	
63	98	89	81	54	82	68	57	
74	85	53	54	63	96	99	57	
58	90	79	88	68	99	77	84	
97	60	96	91	88	69	52	56	
71	53	76	50	85	60	87	69	
86	88	75	52	74	99	50	79	
71	75	50	82	52	58	70	67	
81	73	87	94	69	75	76	66	
63	81	76	64	74	66	89	88	
84	62	86	60	88	91	94	69	
76	55	87	71	66	70	69	93	
84	93	95	58	80	62	61	94	
147	131	127	107	146	105	104	114	
105	112	118	131	103	122	145	136	
141	114	132	148	115	109	146	129	
141	120	127	135	108	142	117	147	
135	142	123	116	109	131	106	122	
107	146	112	129	134	117	121	101	
129	134	147	108	115	104	140	122	
142	130	140	129	124	146	111	132	
103	110	117	147	139	115	107	140	
117	129	137	140	103	119	134	104	
129	124	136	148	102	109	132	107	
105	117	147	128	106	120	115	126	
113	116	149	137	114	120	124	134	
117	102	120	109	132	142	111	116	
132	126	136	106	100	144	115	142	
111	115	128	146	140	117	139	130	
129	108	147	131	132	145	105	126	
147	139	143	127	110	105	117	145	
111	128	137	136	120	123	126	145	
136	111	128	106	101	142	100	120	
145	102	124	122	118	115	103	143	
108	103	117	126	113	105	129	135	
145	107	101	106	103	135	111	132	
125	121	115	146	131	143	142	103	
140	103	142	141	148	110	120	105	
107	111	135	147	127	113	126	131	
138	111	100	122	119	112	101	129	
128	140	113	129	145	137	118	103	
115	127	117	109	146	148	124	145	
112	121	139	147	146	107	115	109	
104	127	141	147	144	143	138	115	
142	136	111	128	131	146	100	116	
111	105	120	138	127	115	109	139	
132	102	115	100	133	128	114	129	
141	103	120	142	105	131	134	110	
145	148	121	114	127	126	143	123	
136	130	139	117	120	128	109	127	
125	149	120	147	146	142	113	105	
131	115	142	100	134	121	118	128	
134	149	125	112	139	104	130	102	
119	116	136	121	138	137	109	140	
121	131	147	141	122	133	123	146	
125	132	136	130	111	117	149	148	
133	144	128	109	114	108	113	117	
147	135	124	104	130	110	108	132	
123	113	124	147	105	130	148	125	
146	131	101	134	139	105	107	116	
140	143	130	114	132	122	141	123	
112	127	113	131	104	118	110	117	
140	131	127	145	138	147	109	117	
172	182	199	195	154	163	161	167	
185	153	184	183	166	196	177	162	
190	161	179	193	163	176	151	196	
172	156	160	174	191	155	187	169	
193	153	155	160	198	173	175	164	
154	167	170	166	174	197	199	155	
185	196	171	158	197	175	178	155	
167	183	193	180	188	186	157	192	
181	160	180	186	162	195	164	154	
159	150	194	181	175	160	189	154	
176	192	181	187	158	164	150	188	
192	179	168	171	199	190	158	165	
183	187	167	197	161	162	174	163	
159	185	177	194	167	171	193	172	
164	187	192	176	150	162	154	178	
165	189	178	158	162	150	186	198	
183	155	165	150	168	184	163	186	
174	160	171	180	188	175	195	190	
169	171	163	193	176	164	154	157	
151	191	161	162	173	157	166	165	
151	176	156	178	179	177	154	172	
199	193	162	166	190	187	173	161	
193	179	181	165	159	180	167	155	
154	150	197	167	153	192	183	160	
161	197	184	163	150	155	167	153	
176	173	150	161	184	198	197	188	
173	161	162	160	184	195	176	157	
192	168	177	155	198	174	160	161	
166	197	181	175	196	174	179	168	
163	173	177	192	183	150	193	185	
171	170	167	172	176	153	192	155	
162	163	193	154	166	150	185	188	
152	194	188	169	181	182	185	165	
176	162	169	161	168	186	158	156	
151	154	199	198	155	168	197	176	
155	165	195	183	198	187	151	173	
154	188	172	179	198	199	171	192	
182	173	193	162	152	151	155	150	
159	165	170	186	191	163	185	153	
150	171	166	163	157	162	184	194	
192	186	150	184	161	188	158	165	
180	170	167	163	162	187	188	197	
199	171	188	172	185	150	183	170	
190	150	197	151	169	178	172	153	
156	181	192	150	165	155	180	152	
184	154	198	179	193	170	190	166	
166	192	184	177	193	168	181	186	
194	183	173	170	196	188	185	172	
184	189	175	197	182	188	193	178	
164	158	160	186	165	175	170	168	
204	218	219	202	243	216	207	234	
241	228	246	211	247	223	240	229	
220	225	240	226	210	241	207	229	
249	221	208	209	243	239	206	219	
236	245	213	229	235	208	210	237	
227	249	226	223	219	205	244	233	
222	236	213	228	247	214	224	249	
207	246	241	215	238	222	230	243	
233	226	238	232	206	215	220	211	
209	214	216	238	220	235	233	244	
226	202	245	228	212	237	211	233	
202	205	211	232	222	237	241	236	
225	222	213	248	231	244	239	218	
238	209	242	218	248	233	215	243	
230	244	229	213	212	236	245	241	
220	227	233	239	209	215	241	207	
242	238	222	228	230	213	209	211	
205	235	223	232	233	239	221	212	
239	236	226	224	204	221	218	242	
213	247	206	248	232	230	240	210	
222	243	212	231	248	209	227	234	
217	245	200	216	203	210	221	231	
211	206	225	217	207	241	210	238	
227	220	212	207	209	205	231	202	
223	232	236	239	208	234	222	249	
211	221	238	202	215	219	216	230	
232	249	228	239	204	233	242	207	
242	246	212	243	245	222	225	201	
226	217	231	241	248	229	216	247	
239	204	216	205	207	220	226	225	
241	234	208	226	248	204	219	213	
202	231	207	230	216	219	245	214	
211	240	228	203	208	206	249	232	
234	225	222	224	220	208	229	221	
214	203	232	248	201	221	235	216	
209	216	204	243	238	226	240	217	
238	220	209	225	217	205	249	243	
206	202	233	221	231	218	200	244	
223	241	229	244	218	211	202	233	
233	214	224	228	243	208	240	215	
218	240	225	244	214	243	235	230	
243	213	200	208	230	226	218	212	
236	228	201	225	203	210	234	208	
237	227	231	243	236	233	224	204	
203	202	234	200	220	240	207	246	
235	246	204	229	249	215	220	203	
246	231	217	222	233	220	225	243	
212	237	230	224	243	210	226	236	
243	217	230	221	213	238	203	219	
231	210	226	216	235	227	239	225	
262	289	295	273	266	268	282	260	
270	273	254	285	263	258	266	288	
260	268	293	284	252	253	288	296	
261	272	276	286	298	295	258	265	
268	299	253	297	267	280	272	288	
297	278	257	266	275	261	285	258	
256	282	280	266	294	293	295	296	
288	261	284	272	278	250	251	282	
257	282	299	291	268	275	253	254	
278	273	255	256	275	254	283	290	
260	292	268	278	289	264	250	283	
263	253	294	279	258	267	260	264	
274	289	264	275	270	265	278	281	
268	261	276	282	274	258	296	253	
251	273	265	250	280	283	297	294	
263	299	271	257	253	274	291	268	
298	280	275	294	252	255	283	284	
252	274	292	296	270	261	255	272	
268	272	253	275	284	273	264	254	
278	283	289	276	284	282	258	287	
251	282	252	272	278	259	277	275	
273	293	261	267	254	255	296	282	
286	293	266	278	284	295	281	275	
294	286	296	266	251	280	252	297	
262	298	279	278	273	263	277	256	
281	293	284	276	266	291	288	295	
279	296	285	290	281	270	257	252	
284	255	298	291	275	296	299	264	
292	296	287	277	251	276	299	297	
294	296	267	278	256	290	288	276	
291	277	263	280	268	256	272	284	
250	292	293	261	268	289	266	273	
268	293	257	278	298	260	269	272	
271	252	279	296	280	277	255	286	
254	288	296	294	293	274	299	251	
284	275	276	280	291	277	278	290	
282	269	275	255	287	298	257	271	
266	267	280	264	289	274	276	273	
276	274	262	295	288	269	255	260	
277	297	286	275	272	253	257	264	
261	285	275	255	270	279	259	271	
251	257	264	252	294	295	289	262	
297	254	299	283	296	284	276	256	
255	252	250	274	292	259	289	258	
296	273	265	272	266	256	290	260	
269	257	267	250	284	293	252	286	
259	284	288	275	286	282	252	273	
287	272	269	257	252	260	254	270	
284	283	257	299	252	293	267	273	
259	290	263	267	298	288	270	281	
348	326	303	300	332	333	309	301	
329	342	306	336	319	311	310	331	
344	331	333	345	340	348	300	311	
340	324	337	331	317	302	318	342	
300	335	339	323	306	336	312	307	
317	336	334	344	342	300	323	335	
311	302	335	315	326	324	341	339	
331	300	348	328	308	336	318	330	
318	343	312	346	339	310	303	301	
336	327	312	348	341	319	310	326	
308	342	346	305	304	343	344	349	
300	318	325	345	328	330	341	306	
337	346	315	329	344	308	348	339	
301	335	341	324	336	313	325	327	
309	335	329	306	301	333	337	332	
319	317	318	316	325	342	344	312	
342	338	331	333	302	305	322	314	
303	307	310	314	332	333	302	328	
319	325	331	341	348	334	301	313	
326	345	315	309	330	303	337	347	
347	300	305	323	338	339	336	342	
332	307	335	311	318	301	333	330	
339	338	302	317	347	306	323	346	
301	323	334	312	342	303	338	322	
346	339	329	320	344	315	306	301	
312	315	306	349	327	346	344	316	
326	346	338	314	328	310	324	313	
320	300	301	317	316	314	339	330	
313	323	340	328	344	308	325	300	
305	309	324	308	336	334	333	338	
312	344	323	334	302	316	318	321	
315	305	334	325	307	309	339	327	
336	314	342	309	331	321	319	348	
343	307	303	308	335	311	349	337	
309	317	342	345	312	315	325	301	
336	313	339	312	347	311	308	348	
343	347	346	334	340	321	333	318	
344	345	302	320	335	346	321	326	
307	339	311	325	323	321	326	318	
347	312	340	308	325	333	307	310	
320	303	311	331	302	317	326	346	
323	305	337	336	334	325	346	347	
329	330	301	327	322	349	314	348	
336	339	309	330	304	316	348	313	
326	346	329	348	317	305	320	308	
336	307	317	329	327	349	305	331	
313	308	325	312	321	324	314	320	
308	324	343	345	316	303	341	300	
336	345	313	302	342	325	332	327	
330	307	341	321	340	333	324	327	
368	397	394	390	373	360	384	376	
389	382	392	352	385	398	372	354	
353	385	379	383	394	378	369	350	
368	359	377	378	388	354	370	387	
358	396	351	364	375	371	383	370	
378	355	390	393	353	375	387	386	
397	396	364	388	384	399	369	379	
356	351	370	377	364	366	382	372	
399	388	378	379	398	374	391	355	
361	366	357	382	396	377	387	365	
353	390	363	352	386	360	361	392	
359	390	358	386	369	366	365	363	
368	383	361	379	371	394	374	382	
362	365	352	379	387	395	378	359	
365	367	386	387	357	383	356	377	
393	374	392	361	365	387	377	358	
374	350	375	367	351	365	391	392	
381	356	363	357	367	373	379	376	
361	351	377	369	382	393	376	398	
386	368	369	352	387	364	372	366	
388	387	372	356	383	367	359	395	
351	367	399	362	355	373	381	396	
368	380	379	363	397	391	383	359	
360	371	394	397	377	351	373	385	
362	372	399	369	397	375	388	377	
385	384	390	368	363	350	370	378	
373	374	362	350	355	381	399	388	
397	371	355	379	367	394	362	386	
381	375	351	372	363	357	376	393	
353	358	370	399	393	354	352	362	
387	378	355	389	352	382	364	393	
387	379	389	393	392	372	368	388	
362	398	378	385	384	396	387	388	
356	386	368	388	359	379	371	378	
388	398	358	378	377	391	374	386	
356	354	358	361	395	378	392	357	
396	398	362	364	350	369	352	392	
390	363	361	379	374	389	383	362	
368	359	363	356	375	383	367	352	
365	396	395	360	379	366	359	398	
357	358	375	367	362	396	377	372	
365	373	385	352	350	361	392	396	
358	397	387	381	366	361	398	380	
351	384	360	386	365	388	364	354	
369	394	386	377	399	357	361	380	
384	387	361	393	375	372	370	354	
396	352	350	366	383	381	398	357	
356	398	382	391	367	383	389	394	
357	388	351	379	385	363	374	359	
360	385	381	384	377	356	365	364	
424	441	411	437	410	402	412	423	
430	428	415	433	443	413	429	422	
419	440	408	439	407	414	422	400	
436	411	417	446	439	443	403	441	
443	430	448	431	428	413	421	427	
431	439	403	415	428	401	418	437	
416	419	418	404	433	414	440	428	
404	430	408	434	406	410	424	416	
446	418	410	420	416	403	422	448	
434	426	406	440	425	417	407	437	
413	448	441	400	415	426	432	444	
400	409	439	424	407	420	433	423	
416	441	440	435	409	404	400	402	
411	421	434	406	415	427	407	400	
427	442	418	400	408	415	403	425	
427	437	410	401	400	442	436	417	
406	447	420	432	443	416	405	419	
406	418	402	446	421	438	449	428	
431	441	439	411	444	400	412	407	
413	441	426	445	410	444	447	429	
449	435	440	439	403	401	400	429	
421	440	431	418	407	403	422	417	
410	436	442	432	418	409	428	424	
424	416	440	427	428	446	412	442	
421	409	432	422	414	411	437	448	
403	418	438	409	411	444	410	441	
446	420	413	422	401	428	431	449	
413	426	416	427	446	423	430	425	
431	442	443	406	441	430	434	428	
402	442	439	445	446	427	417	430	
427	407	411	414	433	442	449	416	
403	445	420	421	430	406	401	449	
431	408	430	439	421	445	428	425	
434	406	405	441	420	426	408	433	
428	441	415	418	444	401	411	410	
427	436	422	406	418	417	412	445	
432	435	405	440	437	427	413	423	
422	413	445	409	432	433	402	428	
426	431	441	445	439	429	420	402	
444	405	412	410	436	413	409	426	
420	444	409	427	405	418	445	442	
429	403	412	438	443	422	439	424	
404	447	401	427	403	429	446	440	
432	416	449	443	413	415	434	420	
428	440	413	416	430	411	408	433	
449	434	413	420	426	442	444	446	
428	423	439	422	408	416	412	426	
439	434	448	413	414	404	403	449	
436	431	412	424	428	414	408	403	
423	438	436	405	421	401	414	442	
482	464	480	486	459	462	472	461	
457	472	494	492	460	463	488	455	
490	472	491	469	487	498	497	495	
456	487	476	464	460	493	458	486	
489	461	493	454	464	463	488	458	
496	495	494	481	455	482	488	467	
499	466	452	477	454	469	480	479	
469	464	474	485	483	475	466	460	
478	470	464	486	480	483	453	472	
478	485	480	465	470	455	462	464	
458	477	494	467	471	468	499	465	
487	479	457	475	455	469	463	476	
451	454	457	470	497	496	490	479	
479	474	475	496	483	490	478	499	
478	497	499	490	453	461	460	468	
499	460	453	478	493	466	489	483	
494	478	474	472	468	452	456	484	
495	463	461	459	485	481	483	470	
469	468	495	477	482	486	480	459	
451	478	481	461	468	457	497	462	
486	481	455	463	456	453	496	478	
464	462	495	473	487	482	450	461	
454	480	494	486	471	464	484	470	
467	479	486	499	465	461	484	492	
470	492	465	474	498	487	491	473	
474	452	497	486	477	470	489	458	
459	478	485	484	477	494	473	474	
481	461	485	483	491	487	498	455	
493	488	456	487	499	474	478	477	
461	470	481	478	460	453	492	499	
465	471	493	492	477	464	474	482	
488	475	496	483	457	454	491	471	
486	455	483	489	462	496	471	466	
471	457	469	452	453	472	460	465	
466	468	486	455	483	454	467	494	
488	495	483	484	471	455	496	474	
496	457	481	451	489	482	454	475	
481	483	460	456	463	470	473	465	
498	495	485	496	482	478	464	450	
461	462	494	455	483	465	457	474	
488	472	462	484	471	494	463	477	
469	479	460	495	490	485	456	494	
460	452	450	471	463	489	466	470	
488	472	452	461	462	498	458	467	
487	462	471	496	463	477	488	493	
470	458	489	498	474	461	459	467	
481	479	463	467	452	460	470	498	
454	467	477	459	456	450	463	488	
453	458	490	465	478	469	464	479	
487	465	492	473	489	493	475	458	
234	459	116	
418	344	371	
175	249	163	
439	184	77	
113	376	8	
447	74	271	
432	482	247	
475	57	178	
337	366	460	
173	380	438	
472	270	132	
480	260	105	
228	346	320	
133	280	395	
67	88	407	
54	343	384	
61	328	11	
331	446	224	
113	345	370	
8	1	16	
392	143	414	
179	163	389	
299	380	53	
366	296	44	
112	472	98	
398	472	141	
371	39	378	
385	377	44	
353	432	126	
280	329	285	
361	234	408	
6	264	91	
350	281	77	
96	430	416	
350	127	175	
215	207	320	
414	185	448	
269	441	462	
233	49	224	
19	286	478	
200	243	316	
18	314	78	
477	407	193	
276	196	39	
1	291	20	
481	233	254	
69	52	271	
349	345	309	
217	470	401	
214	226	12	
393	170	465	
190	111	50	
214	69	105	
359	33	36	
320	473	370	
376	193	211	
84	337	454	
89	286	85	
349	459	83	
131	143	409	
133	432	421	
317	263	88	
104	301	246	
106	331	107	
388	362	185	
386	439	408	
44	123	248	
436	111	4	
441	162	68	
433	40	280	
275	347	30	
288	458	468	
120	211	282	
436	62	130	
130	155	194	
285	310	368	
112	419	206	
237	190	157	
284	72	462	
476	63	104	
482	335	364	
109	342	456	
198	169	442	
34	293	454	
350	198	10	
324	353	44	
349	170	227	
468	6	55	
234	8	127	
146	21	372	
321	149	125	
184	279	82	
269	230	232	
343	314	41	
443	494	450	
294	137	171	
428	205	391	
344	11	283	
204	236	466	
145	423	248	
101	234	52	
448	368	324	
352	201	313	
442	51	177	
197	241	56	
22	450	97	
458	441	472	
121	9	336	
154	109	228	
399	486	2	
127	117	44	
43	270	331	
431	62	310	
497	329	389	
195	10	375	
275	163	298	
87	495	163	
331	290	49	
216	271	39	
465	336	244	
223	237	442	
361	258	159	
320	356	25	
61	45	218	
29	462	395	
224	8	346	
26	176	277	
147	498	80	
148	279	254	
131	248	476	
31	250	198	
118	356	251	
17	145	284	
16	233	172	
107	182	3	
491	222	68	
384	55	66	
25	250	268	
351	449	251	
367	459	285	
374	174	128	
81	198	202	
141	447	468	
46	82	317	
266	476	126	
275	31	45	
181	477	275	
63	17	368	
476	27	448	
255	18	245	
28	320	325	
480	322	114	
343	215	88	
492	321	290	
451	148	365	
40	448	307	
376	142	113	
0	326	302	
277	57	498	
96	111	94	
78	329	101	
230	237	286	
200	394	349	
3	140	339	
245	421	236	
47	435	6	
360	348	281	
46	387	59	
495	243	457	
331	276	366	
438	307	347	
248	332	17	
486	290	58	
18	408	396	
262	141	404	
355	199	443	
455	357	441	
184	195	96	
123	490	439	
493	390	66	
281	470	175	
303	145	286	
47	448	215	
109	97	223	
259	356	346	
348	139	0	
80	156	62	
24	442	171	
462	382	237	
375	302	383	
280	295	492	
266	331	376	
283	467	213	
191	485	149	
75	184	358	
497	478	232	
402	462	310	
396	72	12	
381	429	375	
310	325	289	
124	115	80	480	
405	150	497	274	
411	480	435	267	
20	267	377	435	
358	137	284	477	
168	484	431	424	
183	290	6	301	
195	268	280	481	
234	172	57	425	
143	430	432	366	
433	472	99	197	
88	372	10	325	
291	98	256	259	
96	289	379	407	
60	366	328	407	
84	332	121	312	
331	271	231	393	
35	30	441	141	
404	204	290	365	
0	356	433	57	
345	106	239	166	
237	249	470	293	
56	69	33	97	
466	279	208	131	
449	366	139	124	
129	195	461	269	
62	178	383	157	
110	140	438	466	
206	487	313	119	
245	483	426	280	
482	144	348	52	
395	339	227	182	
252	288	163	391	
216	458	226	170	
132	185	348	214	
168	222	36	220	
190	72	436	344	
419	465	17	240	
367	251	150	461	
70	51	421	394	
381	354	179	188	
430	474	481	194	
117	482	74	450	
417	27	484	375	
96	298	382	343	
476	322	386	62	
205	455	141	341	
149	310	298	138	
272	121	251	57	
41	207	322	476	
479	433	317	471	
96	487	88	201	
90	440	163	327	
419	468	190	35	
127	326	374	218	
29	172	164	408	
173	132	431	14	
175	145	319	261	
496	60	75	374	
274	266	187	297	
18	294	461	392	
214	308	442	467	
493	171	260	5	
382	117	10	370	
246	281	316	321	
382	163	434	73	
168	302	389	452	
441	154	458	483	
73	61	69	468	
337	155	360	164	
108	101	333	332	
37	421	444	14	
153	75	24	194	
97	54	432	283	
1	381	51	131	
172	273	198	65	
159	120	85	104	
481	440	180	181	
70	428	379	91	
281	354	282	258	
392	422	51	397	
140	39	150	380	
465	373	401	20	
338	324	83	193	
107	248	273	139	
251	465	122	482	
127	325	216	375	
37	406	29	482	
98	114	157	366	
66	35	327	316	
492	149	407	98	
191	320	498	418	
471	152	138	197	
376	24	4	499	
474	216	439	167	
406	460	113	372	
155	290	67	264	
47	487	92	311	
412	372	63	464	
82	69	344	467	
194	55	441	109	
132	109	305	56	
31	29	345	464	
11	181	394	354	
217	136	398	17	
107	160	48	149	
245	450	391	281	
226	109	424	292	
286	193	170	423	
468	116	477	412	
167	223	146	236	
33	239	413	417	
419	227	302	164	
206	23	449	126	
398	310	103	152	
77	273	68	11	
117	473	403	291	
479	493	132	321	
14	439	208	215	
264	39	474	109	
403	493	259	157	
444	460	71	95	
390	313	36	30	
84	338	445	386	
317	14	368	160	
481	39	15	448	
315	407	32	25	
433	335	336	430	
397	353	223	304	
367	411	331	407	
396	419	455	321	
4	316	424	363	
452	297	460	419	
147	430	126	383	
220	71	260	250	
435	388	253	128	
92	212	187	31	
42	134	160	309	
379	122	452	291	
331	409	313	206	
197	333	348	79	
365	323	27	208	
378	474	113	342	
223	188	172	383	
390	231	261	448	
288	299	400	276	
7	232	369	223	
477	460	328	410	
17	238	212	312	
277	20	134	458	
245	439	2	298	
164	288	170	200	
246	331	191	468	
112	93	445	186	
469	83	44	413	
232	190	236	185	
435	463	282	476	
233	381	30	392	
351	303	248	287	
489	142	42	176	
455	389	392	415	
359	20	179	440	
297	4	263	210	
112	245	205	336	
427	97	371	343	
462	440	187	471	
418	90	133	438	
347	167	100	216	
480	325	273	24	
274	87	73	442	
339	491	149	184	
478	99	282	28	
300	428	192	217	
265	256	20	121	
124	401	443	229	
198	392	293	353	
32	7	75	0	
220	308	104	490	
340	48	45	47	
323	302	47	100	
47	480	377	380	
341	313	460	486	
436	444	194	221	
178	261	69	89	
371	294	74	279	
494	355	318	421	
388	154	421	268	
154	352	195	366	
287	46	83	92	
15	164	67	98	
188	332	22	264	
386	95	18	53	
157	367	424	5	
17	410	422	234	
362	386	342	120	
321	13	419	50	
50	132	189	10	
176	40	153	147	
80	157	315	24	
295	294	264	191	
236	458	444	318	291	
205	28	58	46	10	
351	298	239	382	65	
81	469	239	282	387	
381	58	36	35	440	
487	106	441	455	335	
444	136	344	64	470	
341	183	41	361	280	
373	212	134	351	454	
346	31	455	24	271	
394	73	215	486	299	
232	230	452	121	272	
408	352	397	314	365	
346	471	392	339	450	
224	212	283	136	81	
113	147	10	133	231	
286	438	471	465	263	
489	419	141	275	145	
91	75	399	20	469	
329	274	457	211	428	
386	48	201	463	100	
86	110	219	373	307	
442	33	237	164	319	
282	180	174	112	42	
460	295	195	1	304	
168	393	75	251	6	
359	436	47	147	388	
358	84	413	418	179	
181	233	368	64	29	
456	375	154	302	184	
123	46	236	130	448	
91	105	170	211	256	
184	382	308	159	265	
296	280	202	459	56	
70	391	31	231	381	
153	32	179	394	344	
399	309	32	18	288	
182	415	190	279	317	
379	215	428	490	267	
229	372	143	315	254	
183	191	121	378	289	
339	169	338	282	348	
55	73	306	128	33	
177	119	490	309	372	
234	471	278	120	58	
444	209	212	183	134	
305	62	111	487	359	
464	434	223	115	457	
315	422	178	172	52	
190	273	377	115	20	
394	205	471	378	67	
125	73	256	157	342	
201	9	440	308	324	
155	303	334	319	355	
93	42	152	62	279	
54	145	253	476	295	
321	449	85	263	29	
183	212	240	202	314	
83	305	253	207	375	
208	304	302	269	101	
346	185	312	155	141	
125	424	337	419	401	
275	448	170	26	273	
73	168	246	11	177	
263	455	185	280	249	
250	95	45	125	78	
484	84	462	226	248	
71	436	449	203	239	
229	58	130	176	16	
170	372	251	421	221	
173	431	445	1	107	
336	454	452	195	405	
260	470	313	377	289	
332	58	350	16	423	
302	147	5	287	344	
422	453	105	229	378	
13	140	405	28	199	
242	268	409	353	240	
99	227	366	218	311	
62	147	257	162	235	
421	225	166	454	339	
318	171	391	297	0	
160	120	212	364	311	
5	86	377	36	34	
364	203	222	310	48	
299	239	66	158	12	
131	132	266	338	248	
25	312	124	88	11	
174	300	369	282	361	
114	224	393	220	402	
472	437	192	242	459	
195	359	436	430	288	
401	439	492	139	304	
94	363	64	387	71	
328	148	408	327	325	
5	417	250	4	330	
17	77	311	95	332	
134	33	125	339	22	
201	50	271	321	413	
0	241	32	270	98	
50	37	413	6	338	
397	412	99	170	218	
198	64	312	419	306	
221	498	275	5	255	
264	283	25	307	450	
283	126	248	223	150	
60	353	105	7	331	
82	67	258	102	295	
229	149	424	479	315	
489	395	268	145	274	
60	304	277	473	429	
474	177	253	319	317	
482	316	185	431	354	
60	206	274	287	98	
322	153	269	364	158	
117	486	56	340	174	
202	130	277	189	287	
350	485	266	88	134	
91	344	130	455	254	
46	322	481	337	357	
279	303	391	356	247	
444	494	462	271	80	
251	401	344	465	37	
272	71	239	129	420	
74	370	452	44	289	
270	173	166	369	316	
398	225	146	194	4	
415	453	75	200	299	
499	225	305	8	70	
35	280	200	346	40	
208	21	154	16	126	
308	5	303	386	138	
452	433	416	402	292	
408	157	338	335	481	
148	389	295	486	96	
114	331	11	312	140	
487	49	348	368	87	
422	408	476	170	265	
458	244	229	269	302	
167	195	348	469	496	
151	11	342	43	408	
21	0	57	54	110	
245	281	55	9	316	
155	417	285	62	381	
180	370	127	7	177	
33	474	50	139	372	
452	367	308	269	371	
390	86	368	293	262	
415	376	212	252	437	
238	451	97	182	83	
444	227	283	372	68	
129	7	475	388	412	
468	480	236	88	495	
450	385	265	200	147	
205	361	279	234	291	
137	27	454	260	180	
132	211	473	356	113	
150	272	132	207	347	
470	133	481	335	123	
31	233	398	314	393	
425	368	106	213	317	
58	18	202	388	293	
249	197	278	313	60	
2	119	339	142	318	
148	366	139	96	136	
53	229	454	219	481	
346	489	106	422	408	
126	374	291	151	93	
134	116	74	224	250	
135	181	280	264	26	
319	178	123	364	189	
372	356	16	94	418	
345	475	41	280	408	
88	407	498	192	76	
491	242	289	26	418	
285	98	300	436	60	
393	96	90	88	233	
91	139	362	129	259	
134	61	60	20	334	
90	452	103	228	466	
408	473	231	183	496	
338	59	364	474	314	
227	205	193	222	243	
381	161	9	23	329	
407	246	71	396	260	
427	97	240	284	458	
320	187	470	489	292	
433	64	323	108	344	
221	114	84	442	199	
148	136	169	96	3	
43	218	159	135	40	
72	492	247	135	488	
436	386	208	8	45	
297	74	418	406	158	
100	139	311	144	62	
421	123	60	365	409	
214	372	232	333	145	
378	300	109	220	396	
441	201	96	265	392	
423	217	291	476	134	
