32	20	41	2	8	14	
36	40	34	41	21	3	
43	25	2	9	0	21	
5	25	1	40	10	39	
47	45	31	23	3	4	
14	21	22	1	27	34	
36	3	34	40	44	15	
14	5	39	21	48	9	
22	30	19	28	18	40	
49	36	4	10	28	15	
12	15	24	28	0	25	
20	10	34	18	45	29	
21	4	13	20	47	42	
28	15	49	22	13	3	
33	29	4	8	17	13	
26	47	40	11	20	24	
15	37	1	38	25	8	
16	11	29	36	23	49	
5	13	33	19	18	47	
33	23	38	41	13	45	
43	38	20	41	47	17	
28	3	34	13	12	33	
26	7	49	47	36	6	
7	10	16	42	3	38	
3	11	2	49	33	5	
28	46	25	44	2	10	
41	42	32	2	19	31	
41	32	36	23	37	28	
11	48	13	33	30	12	
23	8	6	19	35	37	
31	11	35	9	44	38	
5	17	34	39	44	31	
48	35	21	4	44	18	
18	25	10	42	1	13	
3	49	20	26	0	7	
30	40	21	19	17	26	
7	21	25	35	16	22	
5	48	49	15	6	39	
34	0	23	41	45	48	
6	29	44	13	35	28	
9	26	4	10	6	48	
46	16	9	5	13	23	
23	41	12	37	15	30	
47	14	49	31	6	48	
47	1	42	38	25	21	
48	34	38	8	24	37	
5	4	16	33	15	28	
13	10	27	26	47	16	
17	7	16	22	48	34	
13	41	38	14	47	36	
79	85	93	57	55	66	
82	87	53	54	75	98	
86	94	75	89	84	87	
58	97	86	69	78	57	
90	78	66	54	96	69	
93	64	94	67	63	59	
57	69	91	73	62	88	
76	96	84	93	53	80	
69	94	91	93	64	84	
57	61	67	94	93	86	
54	76	97	65	51	79	
83	97	56	66	55	86	
87	55	93	77	52	79	
54	84	88	86	63	68	
95	75	94	98	73	69	
56	77	72	58	99	64	
50	95	62	67	87	65	
87	62	68	82	90	94	
99	83	59	63	80	78	
50	59	76	69	88	68	
97	77	61	51	80	78	
94	57	78	80	61	92	
95	54	51	56	78	89	
75	86	58	61	73	68	
77	68	78	91	98	60	
58	55	99	95	50	73	
99	68	79	96	87	82	
90	69	91	95	58	55	
95	88	85	74	65	87	
85	65	58	71	79	83	
50	88	90	75	81	92	
50	68	61	60	89	69	
81	89	94	57	54	85	
98	96	70	66	95	59	
67	71	52	91	95	80	
59	57	52	62	50	68	
64	75	78	69	59	51	
70	76	98	52	65	67	
87	67	50	69	78	59	
91	71	66	70	89	59	
90	61	75	78	53	77	
84	64	66	77	70	52	
92	98	65	85	82	87	
97	78	66	65	50	70	
95	50	70	60	94	89	
85	50	71	67	84	61	
54	74	80	76	94	81	
81	76	55	85	77	68	
86	85	92	62	73	90	
62	87	77	91	71	68	
126	146	136	131	144	128	
128	109	146	144	130	108	
124	106	113	115	130	108	
145	130	118	131	133	142	
141	111	129	140	145	125	
106	113	139	115	109	149	
125	117	107	136	119	132	
140	122	109	106	104	132	
145	123	131	114	141	126	
131	143	147	123	128	124	
149	103	133	109	132	117	
122	100	104	103	135	112	
128	113	118	140	110	117	
124	127	138	104	148	134	
124	127	133	118	147	139	
121	115	147	143	142	133	
135	137	139	138	143	126	
111	146	132	134	119	140	
145	144	101	146	123	131	
118	149	100	148	104	106	
125	149	118	115	121	145	
117	115	105	137	146	148	
117	126	115	128	149	143	
107	116	144	111	131	139	
134	132	140	116	146	147	
104	138	102	119	130	131	
138	109	136	125	108	139	
105	122	121	145	107	119	
144	116	106	130	121	113	
134	138	114	127	149	103	
145	101	121	119	127	112	
118	103	145	137	149	136	
107	128	111	101	106	115	
124	140	125	115	112	138	
127	120	133	102	130	110	
100	141	112	133	148	140	
126	125	149	145	102	135	
115	127	103	101	119	113	
122	127	120	142	110	115	
121	113	141	149	138	102	
109	131	146	135	141	105	
135	118	112	127	120	106	
137	121	146	134	101	148	
112	134	118	113	119	136	
110	115	130	114	122	138	
120	124	121	138	108	139	
115	117	103	136	131	125	
133	132	122	129	100	148	
129	117	131	127	149	111	
132	122	127	124	135	131	
166	195	191	185	168	165	
159	189	185	175	156	191	
164	190	153	172	196	155	
185	155	186	169	190	151	
152	156	158	177	187	196	
172	198	169	183	182	162	
180	193	156	177	198	160	
151	186	164	187	193	198	
176	179	164	159	150	196	
177	165	196	183	195	171	
193	195	188	163	199	171	
192	191	175	194	151	186	
177	162	171	186	190	153	
170	160	197	164	192	180	
193	199	156	155	188	186	
185	195	184	177	192	166	
177	173	178	194	185	181	
192	158	180	186	151	164	
198	188	182	151	172	152	
169	165	155	162	190	197	
165	198	197	190	160	164	
197	172	180	190	181	189	
151	177	195	179	159	154	
187	182	162	180	151	184	
172	198	194	151	160	178	
181	156	183	172	160	182	
176	192	194	178	174	197	
157	198	188	152	170	187	
195	165	191	170	198	169	
177	178	159	152	175	186	
193	169	157	166	156	183	
169	186	151	157	199	173	
153	186	164	176	170	155	
188	161	154	158	182	156	
163	191	198	159	197	172	
185	182	190	164	171	154	
188	157	198	181	152	170	
195	156	151	162	197	169	
154	164	190	161	195	158	
176	173	177	159	196	191	
185	154	155	159	164	187	
153	195	186	164	169	187	
174	160	198	180	159	162	
188	152	195	172	169	197	
181	195	170	157	189	183	
154	161	155	150	160	176	
162	158	171	166	190	184	
189	167	191	169	163	168	
178	183	154	180	167	193	
173	199	175	194	164	170	
222	212	246	219	237	214	
219	227	209	206	223	226	
246	238	223	234	208	213	
214	243	213	204	239	209	
213	206	215	216	239	207	
238	231	226	201	213	223	
249	214	243	216	224	238	
249	217	205	221	206	233	
219	211	234	241	242	247	
226	236	241	210	207	214	
239	244	207	231	230	226	
200	236	211	217	216	221	
237	225	212	240	207	233	
203	204	216	208	206	246	
238	235	241	244	203	204	
203	240	218	202	246	211	
215	233	243	238	214	241	
215	222	237	207	242	229	
249	224	241	222	203	247	
205	241	203	238	220	236	
246	234	245	226	200	201	
236	215	246	226	218	223	
246	242	206	231	212	217	
226	239	202	213	220	241	
247	222	240	234	211	244	
216	246	235	207	236	249	
242	222	200	229	208	218	
215	203	247	218	209	244	
234	206	217	222	212	211	
205	210	234	237	243	220	
229	207	205	225	223	248	
237	209	227	200	215	229	
238	242	226	222	211	214	
248	206	229	220	201	246	
223	244	208	233	240	215	
215	225	205	237	230	224	
202	213	248	245	227	205	
202	213	244	243	201	207	
236	209	222	221	239	211	
236	242	218	224	211	213	
237	243	235	241	227	226	
244	230	241	201	203	248	
204	213	216	228	215	248	
212	214	205	213	243	215	
243	221	247	208	203	211	
233	202	211	244	241	237	
226	247	207	208	222	234	
248	207	230	224	227	238	
226	212	218	216	248	224	
217	221	206	213	207	234	
271	256	285	293	262	279	
292	256	295	266	281	261	
260	266	255	294	273	293	
288	283	264	259	275	254	
278	270	273	260	285	266	
282	287	252	274	268	273	
273	258	271	260	269	286	
250	288	287	278	260	270	
291	258	296	283	256	264	
251	264	295	281	287	265	
251	277	298	272	254	255	
288	264	271	291	298	252	
298	268	262	272	299	286	
259	258	260	262	296	292	
268	258	282	292	273	257	
260	269	275	272	289	281	
277	269	280	250	272	266	
267	286	273	281	262	290	
283	266	282	296	291	278	
272	265	266	269	295	263	
269	292	276	288	267	299	
267	296	278	273	254	287	
271	297	264	270	268	254	
260	292	256	299	252	270	
274	250	260	289	286	299	
265	254	295	263	280	253	
272	254	257	278	282	256	
269	267	286	268	279	266	
287	289	298	296	260	264	
260	254	256	258	283	296	
254	295	296	273	253	284	
273	279	265	263	296	297	
253	251	273	271	268	252	
276	263	294	250	274	272	
291	299	259	252	283	298	
253	291	273	295	250	277	
278	256	273	264	251	272	
279	286	296	273	291	299	
252	267	284	287	293	262	
251	264	279	275	252	288	
251	254	287	266	283	271	
294	274	253	299	297	275	
261	256	255	250	294	260	
272	284	265	260	256	258	
292	281	257	263	279	271	
253	298	257	258	256	288	
272	260	253	271	259	251	
276	253	258	284	298	281	
253	270	283	299	285	252	
269	273	294	279	298	274	
312	300	316	349	319	313	
327	326	305	312	340	338	
334	335	333	347	315	346	
340	325	305	304	308	300	
311	345	321	346	336	342	
310	318	338	305	331	348	
339	321	345	348	341	310	
312	338	332	340	319	304	
305	337	320	347	315	340	
334	324	349	305	337	312	
323	310	346	307	343	341	
340	312	338	300	348	328	
334	300	341	344	327	312	
348	331	307	312	304	329	
327	329	310	306	326	313	
318	338	341	315	323	311	
312	305	317	349	304	311	
340	316	343	330	320	341	
308	328	346	314	325	302	
307	330	343	333	317	308	
310	333	331	309	320	348	
324	330	337	323	300	348	
304	330	343	319	324	315	
321	304	328	332	344	342	
310	333	316	330	302	317	
341	342	346	340	322	316	
317	338	309	313	331	341	
336	345	331	338	316	313	
310	307	322	315	330	325	
346	343	320	326	344	330	
333	332	318	310	321	343	
328	340	344	338	301	341	
347	304	326	332	305	319	
301	347	314	306	302	345	
316	321	327	339	307	315	
300	329	322	341	346	340	
332	337	345	311	334	312	
340	306	341	348	327	347	
308	313	349	328	312	335	
321	333	306	348	326	344	
340	327	346	342	314	331	
323	330	319	310	315	337	
306	330	346	316	334	348	
326	301	335	347	320	307	
344	337	338	318	312	311	
336	314	333	331	339	310	
310	339	317	336	328	316	
334	337	344	326	319	312	
347	308	317	326	312	322	
308	338	346	333	309	326	
368	386	396	358	350	384	
370	374	362	380	350	355	
390	351	391	373	361	386	
397	369	351	398	367	383	
364	397	355	363	354	396	
358	393	350	374	380	359	
374	395	354	359	366	386	
364	397	372	350	365	366	
359	355	371	364	353	376	
398	395	390	381	394	369	
377	354	380	381	366	387	
385	364	359	365	357	366	
364	386	357	352	366	359	
389	354	351	357	381	370	
394	364	368	395	363	358	
379	353	363	390	367	364	
374	367	355	351	365	370	
386	383	371	368	357	351	
354	369	381	370	371	353	
362	399	351	384	353	395	
369	380	371	377	395	382	
371	399	357	367	397	354	
366	376	380	378	388	365	
351	373	389	360	396	377	
385	361	399	387	383	364	
371	353	362	352	387	351	
360	393	387	389	359	356	
397	394	384	386	377	372	
366	368	389	390	353	378	
360	364	397	365	375	379	
380	387	355	360	381	366	
381	389	371	378	370	360	
395	352	388	368	372	355	
375	360	385	395	398	379	
358	360	361	392	386	362	
361	380	383	394	365	353	
383	393	350	354	366	369	
365	378	384	381	372	387	
390	361	356	386	378	360	
394	381	372	383	392	350	
370	361	371	385	359	380	
370	352	353	359	361	357	
353	399	382	350	365	374	
372	391	375	388	359	379	
387	356	371	389	367	388	
397	393	354	385	361	364	
356	362	376	393	378	359	
381	352	358	354	375	372	
371	357	358	398	397	364	
399	376	356	374	395	398	
438	446	417	429	415	419	
428	435	404	449	434	415	
419	427	408	403	429	439	
405	422	427	430	431	402	
428	407	442	432	406	443	
430	417	404	414	402	406	
447	413	418	424	425	401	
442	400	426	408	434	403	
442	448	435	410	417	431	
432	416	447	426	415	445	
432	435	408	444	406	412	
439	432	428	406	442	445	
445	426	435	419	429	417	
421	402	447	438	432	417	
421	422	425	412	434	404	
449	416	446	440	430	429	
418	408	407	403	421	435	
400	442	441	440	432	434	
427	420	438	447	402	410	
430	444	420	402	439	443	
426	409	427	447	430	441	
420	414	410	436	408	421	
448	424	428	423	434	407	
400	407	432	424	435	421	
400	434	403	428	446	402	
441	419	429	423	446	433	
446	420	424	447	419	442	
428	416	425	410	417	402	
447	426	409	427	411	442	
415	406	413	411	404	430	
400	412	406	415	413	422	
433	406	413	402	439	447	
444	401	434	445	435	417	
440	418	443	422	411	432	
445	420	428	429	449	440	
420	425	444	437	401	428	
418	402	447	404	436	445	
442	430	441	415	446	408	
416	433	427	429	420	421	
444	435	438	408	405	410	
436	416	431	419	439	405	
442	412	414	443	431	425	
441	416	417	443	402	448	
438	440	425	434	415	420	
408	447	445	433	410	406	
402	447	427	406	449	440	
414	410	449	448	411	424	
428	448	405	402	441	431	
421	408	440	429	443	411	
433	430	412	428	443	440	
491	455	472	484	493	498	
499	450	488	480	476	477	
460	499	483	482	480	491	
488	469	453	461	499	462	
483	473	462	467	493	471	
481	483	495	492	499	491	
472	450	493	464	457	483	
467	499	492	468	490	477	
493	498	479	476	472	482	
461	457	480	459	494	458	
450	452	456	499	495	470	
488	471	486	497	469	455	
482	464	458	492	494	455	
464	476	482	480	490	489	
464	455	489	494	457	479	
452	469	479	453	464	466	
484	476	469	490	487	472	
494	475	452	476	486	463	
498	480	495	489	476	462	
457	490	486	495	479	451	
462	489	468	483	479	499	
476	481	490	460	464	477	
460	471	494	492	468	499	
459	472	494	477	498	451	
497	494	471	452	456	468	
460	472	478	489	487	492	
492	482	483	475	454	464	
485	498	489	486	454	466	
496	455	450	485	460	492	
463	484	488	489	466	487	
485	477	458	484	456	454	
484	490	454	465	461	464	
495	485	464	486	491	458	
485	482	468	460	498	494	
494	491	475	490	451	498	
457	498	480	472	452	488	
487	480	469	476	491	461	
453	493	459	499	484	473	
454	485	478	482	468	483	
456	451	467	494	497	490	
473	463	459	452	496	474	
484	481	491	458	489	482	
492	455	463	496	499	479	
481	490	455	497	485	453	
458	497	461	494	465	464	
450	481	498	466	493	460	
476	475	486	451	474	484	
474	478	467	473	498	466	
470	479	496	483	498	473	
477	489	475	457	459	466	
0	28	32	7	29	5	27	
17	38	18	2	39	30	5	
26	14	29	48	42	4	33	
44	46	11	9	4	16	43	
10	8	33	13	35	34	20	
30	6	12	13	42	32	3	
24	32	2	28	17	19	42	
27	44	6	31	15	14	26	
21	40	41	10	0	32	1	
35	10	29	18	2	37	40	
16	46	19	23	38	10	11	
36	38	7	39	5	43	33	
6	14	37	15	41	33	31	
47	29	39	43	38	14	12	
8	7	40	3	33	12	1	
27	11	2	28	5	45	25	
45	47	19	14	2	36	29	
23	22	26	4	39	42	25	
36	15	17	19	2	16	43	
26	33	11	3	17	34	0	
17	33	28	34	8	37	29	
14	46	4	1	27	41	38	
29	18	14	1	12	7	42	
41	26	5	6	42	27	4	
3	27	45	12	8	19	37	
12	21	14	46	4	13	40	
45	44	19	32	21	27	31	
36	22	49	11	39	10	29	
48	14	29	47	27	37	46	
30	49	20	25	15	4	3	
4	23	33	36	45	6	17	
15	1	12	45	28	37	29	
48	42	34	30	33	7	23	
29	7	32	23	37	21	2	
47	8	34	18	28	1	16	
17	43	23	9	38	40	22	
0	6	20	9	25	23	3	
38	44	10	11	6	45	15	
43	39	8	4	16	37	31	
6	35	8	36	3	23	19	
38	33	43	3	18	46	22	
22	39	17	49	4	32	0	
29	35	7	30	3	5	12	
2	1	26	48	17	20	28	
37	6	39	46	14	38	40	
0	24	9	7	11	44	49	
47	25	13	5	28	2	30	
46	26	23	38	10	35	24	
7	1	16	37	3	15	32	
30	18	16	29	26	27	33	
79	51	81	94	86	67	71	
74	59	64	92	91	61	81	
89	53	67	79	62	86	51	
58	85	61	79	55	57	90	
53	65	71	59	66	61	64	
78	90	71	81	96	97	57	
69	71	64	77	90	53	81	
69	62	57	90	97	96	73	
64	61	56	76	84	99	85	
53	51	64	90	89	85	65	
68	93	84	69	57	95	61	
78	75	64	98	52	73	91	
53	82	83	86	69	64	57	
86	77	67	56	60	75	85	
68	57	69	77	97	73	82	
82	95	88	71	72	80	54	
68	82	72	95	70	53	86	
64	75	73	80	86	54	68	
90	86	52	98	78	65	91	
87	81	63	50	86	83	96	
62	74	69	86	77	96	54	
69	62	82	58	55	95	64	
79	52	75	70	56	66	76	
50	94	99	61	92	96	87	
78	72	55	67	84	74	73	
92	96	63	94	65	56	73	
60	97	64	91	70	51	77	
51	90	52	80	91	86	74	
50	52	75	56	96	79	72	
66	61	80	53	68	92	89	
94	64	51	86	81	97	58	
91	60	79	84	71	93	67	
60	95	68	67	71	92	85	
63	73	74	95	97	96	84	
96	63	83	64	70	53	56	
89	51	78	81	64	93	70	
82	64	96	52	87	61	78	
76	92	74	64	84	70	81	
68	75	52	84	53	94	91	
82	67	88	79	56	85	95	
68	85	77	56	90	64	96	
94	66	57	90	83	51	59	
69	86	63	98	57	94	61	
79	93	64	91	84	96	62	
76	56	98	93	52	91	72	
82	77	54	73	87	59	92	
82	92	98	97	53	67	74	
89	91	80	87	67	79	63	
99	70	98	97	68	83	88	
98	81	76	96	73	80	91	
143	113	114	109	124	130	131	
116	106	103	122	147	117	120	
126	103	133	115	129	114	135	
113	147	133	121	109	122	144	
123	146	134	108	132	109	110	
134	126	119	104	117	122	123	
137	145	142	105	103	130	125	
136	102	132	126	140	149	138	
125	124	135	142	114	129	133	
121	128	126	134	147	110	144	
125	101	111	114	104	122	123	
101	125	118	135	113	144	128	
114	144	109	141	123	131	112	
126	139	135	103	149	120	101	
116	121	145	120	126	123	106	
117	140	144	118	121	102	135	
110	123	148	140	109	133	139	
104	127	130	103	102	147	105	
103	141	138	120	105	110	136	
122	120	113	145	116	106	115	
112	139	121	132	104	129	127	
121	138	144	145	105	101	115	
149	132	108	122	107	117	147	
143	139	121	115	141	100	147	
101	133	131	122	105	106	103	
119	103	134	130	110	148	108	
122	137	129	145	118	108	125	
125	135	129	130	108	136	126	
110	113	135	128	104	142	137	
115	129	103	111	101	113	147	
115	106	146	117	119	145	137	
145	117	101	100	120	115	128	
104	134	140	142	127	101	111	
124	109	149	131	108	105	107	
146	128	123	144	107	105	103	
109	130	125	117	116	106	139	
126	124	134	103	133	117	132	
130	124	115	103	113	140	136	
107	113	111	100	121	140	112	
128	111	124	119	101	141	126	
133	105	101	114	110	145	127	
148	100	108	106	127	120	124	
133	143	125	107	145	117	110	
123	112	111	139	144	113	124	
100	134	123	136	131	121	105	
141	134	133	114	108	124	103	
120	124	111	144	102	136	142	
135	104	146	137	149	133	143	
106	140	123	148	120	143	134	
132	108	101	112	111	116	127	
192	181	172	187	182	195	161	
152	179	169	171	173	190	175	
189	171	193	170	190	197	151	
175	199	184	168	195	179	159	
155	193	166	186	198	175	171	
189	174	162	175	191	178	166	
150	178	191	177	198	190	151	
175	188	177	156	186	151	161	
166	194	183	169	158	191	163	
177	197	157	165	163	196	182	
195	166	194	197	196	190	172	
170	194	156	185	184	199	196	
180	164	181	185	152	177	183	
178	197	154	152	190	161	185	
199	186	185	156	151	195	150	
156	171	165	194	178	199	166	
173	194	193	196	164	166	153	
181	199	174	172	191	192	155	
196	150	181	195	165	197	186	
179	154	187	188	193	199	178	
154	163	179	152	160	177	153	
176	192	179	155	154	183	165	
153	152	169	164	185	172	165	
174	162	183	190	151	156	170	
170	163	168	179	195	188	193	
198	190	172	189	196	164	151	
198	156	160	163	178	158	166	
186	154	152	176	184	163	179	
154	183	169	174	151	158	198	
168	175	156	155	199	158	191	
159	164	150	196	154	171	165	
183	177	173	189	194	179	178	
169	163	181	180	170	185	155	
187	157	194	173	153	171	164	
172	152	171	150	197	181	191	
189	172	173	168	177	164	171	
197	181	160	183	169	157	177	
199	156	196	152	179	198	170	
184	175	169	179	162	181	168	
161	180	160	186	188	178	166	
167	198	176	157	151	175	166	
157	154	173	168	165	171	192	
171	195	183	151	192	167	169	
181	160	164	163	197	188	159	
171	164	193	191	199	195	174	
157	158	195	173	177	159	172	
183	169	151	153	157	161	159	
185	188	170	182	189	195	176	
191	170	190	199	181	177	169	
174	172	183	152	191	199	164	
235	209	220	224	228	214	213	
214	244	219	236	204	216	239	
221	236	217	241	206	245	228	
212	220	211	239	232	208	204	
213	238	230	231	218	235	211	
230	239	214	202	243	245	221	
211	247	235	233	218	234	230	
200	209	222	212	219	218	246	
216	222	225	231	234	209	214	
212	200	222	201	234	205	239	
218	215	222	224	229	205	213	
234	226	222	217	249	233	237	
226	231	233	237	222	230	206	
249	203	235	232	246	209	212	
243	213	212	239	224	220	219	
246	233	242	248	247	214	231	
240	227	237	200	222	207	235	
224	201	202	209	239	237	221	
228	214	212	236	229	210	235	
243	207	212	235	249	206	205	
232	204	227	200	239	241	238	
208	200	210	215	209	203	249	
233	234	224	246	226	249	228	
233	229	205	225	247	226	243	
201	213	202	216	211	204	205	
221	200	242	225	229	234	243	
215	212	204	220	205	201	222	
219	206	240	222	244	235	233	
204	238	236	200	222	237	227	
247	246	219	215	210	205	203	
232	226	218	217	246	205	240	
206	243	234	221	202	244	205	
245	222	248	202	212	210	209	
211	223	229	248	230	240	208	
237	213	239	241	232	245	219	
231	212	205	200	219	249	235	
210	223	233	202	201	219	226	
223	212	238	234	213	201	247	
220	244	242	214	246	235	200	
201	236	232	238	249	242	203	
248	241	231	223	237	200	230	
231	234	209	220	217	218	200	
232	247	239	223	235	203	236	
243	220	245	202	237	210	242	
225	227	203	219	230	202	209	
227	224	204	223	209	219	238	
201	236	235	234	240	213	246	
214	241	202	228	200	221	238	
230	247	242	218	233	216	244	
218	208	225	205	220	230	209	
259	273	280	265	298	278	281	
285	257	274	286	256	268	270	
292	253	283	272	286	256	289	
282	274	272	281	289	279	292	
253	280	294	258	277	275	284	
285	298	270	264	296	250	251	
284	268	272	259	270	271	260	
272	252	296	291	257	299	274	
299	250	264	285	296	266	255	
289	251	287	255	279	283	284	
250	270	253	285	264	295	269	
293	287	259	283	257	285	267	
294	289	265	268	271	280	256	
267	254	253	285	262	299	270	
270	257	295	284	269	271	258	
255	288	273	268	259	289	265	
294	295	260	299	258	268	297	
252	251	264	279	292	298	268	
273	275	263	276	285	290	253	
295	289	279	296	250	275	280	
268	266	252	261	296	273	285	
269	273	275	288	261	280	264	
281	255	276	258	257	274	282	
277	264	291	295	290	253	294	
295	264	280	252	273	276	270	
252	271	269	295	253	275	284	
254	263	279	258	285	283	294	
280	266	255	264	263	291	252	
253	257	261	259	256	292	281	
299	282	261	288	283	275	286	
296	283	289	250	287	268	276	
281	288	266	278	282	267	272	
278	263	288	271	259	256	286	
278	288	263	265	283	299	260	
287	279	257	269	263	259	293	
265	289	290	284	255	271	286	
287	257	280	275	262	261	258	
287	293	252	257	254	255	275	
292	296	287	282	265	260	290	
295	268	273	296	280	283	260	
268	263	293	275	260	287	271	
288	290	259	276	278	295	298	
278	251	255	288	296	270	289	
267	272	258	257	265	259	286	
273	254	283	268	250	296	290	
299	285	255	258	260	282	278	
262	292	250	295	291	297	255	
273	287	299	255	278	283	252	
293	279	289	294	287	275	254	
268	265	260	274	261	294	250	
302	332	321	317	320	310	307	
331	333	314	337	335	323	316	
330	324	312	304	337	347	329	
330	320	346	328	314	311	349	
339	334	315	337	335	336	348	
307	334	310	324	342	302	304	
307	345	349	327	328	300	335	
340	317	332	329	349	334	313	
330	344	336	316	306	319	342	
325	348	302	324	327	301	341	
318	347	311	349	348	308	306	
308	311	310	348	333	302	339	
324	330	336	303	346	329	333	
318	346	345	312	341	314	307	
341	302	342	311	335	332	343	
304	326	302	323	334	340	305	
321	330	327	325	324	338	347	
310	315	324	300	326	319	329	
347	341	335	303	338	349	328	
327	344	335	310	334	319	341	
344	342	305	346	308	330	348	
331	340	316	318	343	333	336	
319	325	323	322	308	342	317	
304	326	305	343	322	339	348	
315	322	325	321	311	338	302	
333	325	327	329	348	343	323	
311	312	328	329	336	340	326	
335	325	314	342	306	312	329	
318	302	316	300	340	336	347	
304	343	349	312	300	303	336	
312	332	347	325	320	318	315	
326	332	346	345	337	310	331	
319	301	326	313	333	347	321	
303	346	328	321	319	336	337	
345	316	314	304	318	326	339	
329	317	322	313	336	312	309	
303	315	327	301	339	345	308	
335	347	300	306	322	314	318	
309	317	303	318	335	304	311	
318	336	314	331	344	335	345	
300	319	330	338	311	321	329	
337	346	306	328	349	315	342	
318	324	302	301	345	340	339	
325	305	330	329	333	341	342	
323	339	317	348	322	320	334	
329	340	321	324	348	332	319	
323	341	320	309	317	346	327	
305	314	332	339	331	348	337	
339	303	325	338	314	331	321	
318	320	317	302	346	301	316	
361	389	386	377	384	396	350	
383	396	363	395	388	393	368	
351	379	382	365	372	396	353	
396	368	367	379	376	361	395	
375	389	378	392	357	355	390	
384	367	392	378	370	354	360	
383	384	399	365	389	397	367	
375	385	369	399	350	364	396	
351	361	388	371	375	399	396	
388	353	355	354	364	352	382	
380	352	354	350	357	356	393	
372	377	365	356	371	361	386	
387	367	368	375	353	355	392	
380	387	374	389	354	365	356	
354	393	369	374	388	370	367	
357	394	367	379	354	355	353	
360	364	391	393	386	389	371	
395	364	385	380	393	397	369	
394	375	369	360	381	377	376	
358	387	372	385	361	364	386	
371	379	362	384	367	363	354	
392	387	350	376	367	372	359	
362	361	389	375	352	387	376	
355	390	380	388	399	374	350	
358	390	383	352	385	386	362	
383	359	382	352	366	364	391	
375	377	394	350	367	380	369	
366	392	355	365	387	397	384	
391	377	351	375	382	389	399	
357	395	379	371	385	372	392	
384	354	399	351	386	376	373	
351	394	389	360	365	368	367	
358	366	353	395	390	389	386	
353	355	379	357	356	360	399	
360	358	372	351	391	362	377	
358	365	376	356	398	362	366	
361	358	360	352	388	375	395	
364	395	362	393	372	386	353	
392	375	367	386	399	378	370	
354	351	366	394	382	395	381	
354	359	350	396	368	376	391	
351	389	396	380	398	399	363	
385	356	371	394	379	388	382	
360	353	363	397	394	359	388	
376	374	363	397	390	358	389	
362	380	389	369	390	382	356	
365	388	361	387	399	360	377	
355	378	358	363	391	381	368	
388	354	368	396	383	362	365	
365	380	385	368	372	375	366	
447	435	428	425	437	419	448	
420	442	441	404	434	438	414	
403	411	407	449	415	439	426	
402	414	425	424	432	401	439	
427	423	415	424	402	446	421	
413	432	417	438	404	435	440	
436	400	434	409	428	402	419	
403	441	421	431	438	437	405	
417	438	434	449	421	422	411	
408	400	440	449	437	435	446	
406	404	423	437	443	419	412	
419	408	412	410	411	433	448	
420	448	445	419	426	439	413	
401	441	449	416	431	448	447	
411	414	406	421	430	402	433	
423	401	411	427	429	412	437	
425	413	420	436	447	437	400	
442	436	433	412	409	400	423	
430	436	429	422	416	423	404	
429	416	445	446	400	437	412	
421	407	423	411	442	443	432	
441	402	432	415	408	416	446	
424	443	414	410	446	405	425	
404	440	437	443	417	416	447	
429	415	428	418	448	444	434	
439	416	433	412	411	434	435	
435	414	429	433	401	420	432	
402	439	443	435	415	409	411	
416	411	412	448	440	432	437	
402	439	417	411	445	438	414	
413	405	411	444	406	441	439	
437	425	447	434	441	420	449	
409	417	431	443	420	427	400	
404	411	419	438	430	447	412	
425	415	446	428	430	437	449	
409	447	419	402	430	431	448	
445	421	437	405	402	410	442	
429	409	447	410	402	417	419	
422	402	443	405	424	419	423	
431	444	421	429	449	423	439	
409	424	422	431	428	426	441	
410	419	402	426	440	415	434	
435	412	431	421	418	403	405	
407	437	410	416	415	406	401	
419	431	408	438	411	404	415	
417	431	449	433	437	416	436	
404	431	432	424	448	439	417	
441	420	447	440	430	433	425	
428	442	445	403	446	424	413	
431	424	408	407	411	420	417	
457	463	462	477	490	494	485	
487	458	456	486	495	498	496	
497	450	476	475	485	477	467	
462	468	496	454	494	461	476	
452	457	455	491	486	482	464	
463	461	493	491	490	482	466	
495	462	493	474	490	468	450	
451	487	462	493	456	486	474	
486	494	482	496	480	461	458	
494	478	496	456	465	463	477	
451	456	472	482	450	460	487	
463	479	466	485	454	458	486	
454	451	462	483	485	456	457	
488	465	486	498	460	464	453	
498	491	493	459	476	475	481	
490	465	491	480	456	479	455	
474	453	493	466	486	458	451	
454	494	458	485	466	486	470	
465	482	486	498	471	457	497	
490	486	482	457	452	467	491	
481	489	478	488	476	463	473	
477	494	459	498	495	460	452	
486	485	491	471	482	468	494	
495	494	470	458	497	475	471	
460	473	474	493	480	495	487	
459	451	470	488	490	479	473	
483	457	468	494	475	470	460	
496	464	499	484	473	454	491	
479	463	477	469	483	475	488	
476	458	468	466	479	497	465	
467	460	499	451	481	490	459	
498	484	472	499	497	461	488	
480	455	492	467	490	482	453	
481	456	495	499	498	452	471	
485	498	451	452	466	462	459	
467	492	459	498	451	490	450	
458	480	493	485	459	474	498	
461	497	478	472	498	484	476	
453	486	454	451	465	469	493	
457	499	486	473	490	479	481	
487	463	485	467	457	466	474	
495	473	491	458	452	460	492	
478	484	455	467	458	473	490	
484	465	480	454	464	481	478	
462	489	469	483	455	453	468	
478	450	456	461	453	452	496	
474	478	495	460	498	463	476	
467	450	458	498	472	464	493	
475	497	479	456	464	474	478	
484	488	465	451	483	490	467	
28	26	39	45	37	24	17	9	
31	38	47	20	34	9	40	14	
43	23	15	21	46	48	13	33	
47	24	18	2	12	8	31	27	
7	29	38	45	17	42	26	25	
33	11	34	38	29	41	9	7	
5	9	8	49	7	22	13	24	
20	41	18	34	10	36	5	7	
1	48	18	19	27	40	9	3	
15	34	35	7	22	14	13	21	
45	17	3	49	22	16	4	37	
47	11	1	36	29	12	26	3	
42	25	45	40	14	28	18	17	
10	30	29	32	5	33	44	47	
18	30	25	43	23	42	8	6	
48	20	4	21	47	22	7	23	
47	24	22	29	9	44	20	23	
35	43	33	15	20	32	48	29	
28	40	12	17	0	7	11	45	
42	4	14	5	12	27	34	15	
2	21	16	4	28	39	17	32	
39	45	13	21	46	6	11	33	
33	44	0	28	7	41	17	45	
3	46	19	4	18	42	31	40	
35	8	24	48	18	15	31	5	
3	41	19	23	12	46	31	45	
47	41	4	37	28	49	27	15	
25	16	21	42	41	27	9	6	
6	8	38	21	41	47	31	37	
22	1	38	3	15	17	31	37	
0	34	18	10	46	28	31	42	
42	47	37	7	10	23	41	48	
35	32	29	37	46	4	10	6	
11	47	0	38	30	12	18	20	
34	42	32	44	11	0	5	35	
14	42	28	20	30	35	27	2	
31	22	12	32	45	7	17	23	
35	11	25	31	27	38	2	20	
36	32	27	25	37	0	44	31	
0	3	46	35	48	16	26	49	
4	43	31	11	26	33	46	42	
47	40	20	49	43	36	37	19	
16	17	24	4	8	22	2	30	
34	41	46	35	19	30	2	13	
41	28	2	43	49	19	39	1	
15	23	19	43	21	47	28	5	
18	15	28	13	49	32	6	42	
26	34	23	20	32	2	12	40	
36	10	23	42	40	15	44	6	
22	44	18	47	34	48	28	10	
63	57	70	86	83	84	69	99	
84	54	98	93	52	50	78	77	
99	98	80	64	55	70	76	82	
53	87	74	98	93	60	75	80	
68	91	63	57	97	88	81	77	
67	64	87	65	78	57	72	85	
77	91	53	50	69	59	55	83	
98	84	95	92	62	59	75	69	
62	92	53	50	79	83	77	86	
52	89	58	53	96	54	91	68	
96	98	82	62	84	58	80	74	
93	65	80	57	76	55	68	66	
64	63	93	78	75	86	97	90	
98	69	91	73	83	90	66	75	
85	60	88	63	89	77	76	59	
62	57	86	82	91	55	50	70	
67	84	59	98	53	50	79	58	
56	79	54	67	97	80	76	75	
62	84	94	65	81	72	75	82	
52	66	93	69	56	57	85	98	
88	73	95	68	70	74	71	63	
93	59	99	52	74	97	69	51	
52	94	84	89	59	79	67	63	
57	61	92	69	77	79	58	65	
97	82	52	78	55	92	88	77	
92	79	82	51	54	94	85	73	
96	56	51	95	66	89	58	84	
70	86	63	78	55	77	71	53	
73	82	79	53	71	81	65	54	
95	90	69	73	99	68	67	70	
72	76	82	86	51	91	55	95	
59	58	66	78	50	82	63	84	
86	67	76	97	94	78	68	89	
86	58	70	93	88	61	80	95	
76	51	63	97	94	87	91	70	
74	64	79	58	63	91	60	66	
88	98	77	60	76	86	67	80	
62	83	90	67	52	59	91	79	
91	94	76	63	86	99	87	69	
62	86	83	54	84	99	76	65	
68	89	71	84	52	78	93	83	
93	71	94	58	69	55	64	90	
91	52	53	50	75	82	72	67	
92	75	71	68	74	85	79	70	
71	57	78	84	74	75	88	55	
90	62	97	87	98	66	55	70	
82	86	90	60	65	93	55	59	
83	68	76	53	55	89	60	79	
98	90	52	82	92	66	84	58	
76	88	52	72	77	69	81	59	
144	129	123	138	108	139	101	135	
106	120	100	118	129	136	105	140	
130	113	148	134	116	128	146	108	
137	141	147	109	105	106	128	143	
118	112	102	120	132	100	124	114	
129	111	137	133	105	104	139	116	
115	102	147	126	125	106	139	103	
116	119	103	142	114	135	108	111	
147	149	148	120	132	143	112	127	
111	120	133	134	144	128	118	123	
122	130	134	113	148	144	114	145	
100	133	141	118	110	149	126	108	
146	107	115	121	112	136	116	130	
111	149	100	136	119	130	132	107	
113	140	143	102	132	147	135	124	
131	121	102	142	141	105	101	140	
122	129	108	120	142	146	132	101	
136	114	109	124	128	107	106	145	
132	122	107	126	139	125	141	112	
106	100	131	125	132	107	143	138	
142	123	122	149	131	129	126	118	
116	119	124	120	118	110	106	137	
113	138	118	115	137	101	145	128	
116	113	107	147	125	112	108	106	
105	110	146	130	142	133	126	139	
110	128	131	102	118	117	138	106	
119	116	143	136	139	130	132	118	
135	145	111	101	128	104	122	133	
125	128	102	135	121	132	129	133	
128	127	116	102	109	119	149	135	
112	105	119	146	114	109	144	101	
122	142	125	112	148	107	123	119	
117	142	135	147	139	122	110	133	
129	143	106	121	137	107	108	138	
127	115	147	107	123	121	132	144	
126	140	121	115	117	109	134	132	
134	100	130	128	108	136	148	141	
122	110	106	114	109	139	133	113	
108	121	101	134	139	143	116	131	
127	107	104	126	129	133	103	125	
148	130	128	105	117	121	113	138	
130	146	149	118	145	148	138	143	
143	148	106	130	109	110	137	115	
119	103	118	132	127	125	102	106	
124	109	119	127	116	139	132	148	
124	106	104	117	138	109	134	113	
124	100	142	110	111	149	113	117	
109	131	128	133	122	104	111	119	
108	121	119	139	110	128	146	131	
137	146	121	122	100	116	141	144	
177	178	160	161	176	188	187	170	
195	184	196	187	167	198	180	171	
155	159	168	154	199	171	188	166	
162	163	180	153	151	178	159	187	
190	181	163	178	187	171	165	177	
170	154	166	162	167	156	192	189	
198	189	180	175	151	185	182	181	
185	168	178	161	158	184	183	179	
196	192	151	186	158	162	191	155	
170	186	178	184	190	181	151	196	
178	151	150	153	174	184	181	199	
167	176	173	169	156	178	161	189	
189	183	164	172	171	196	161	192	
182	189	158	195	166	169	192	160	
199	178	154	161	175	182	172	195	
159	197	152	151	184	173	193	169	
187	162	176	191	165	186	168	199	
195	181	172	186	188	184	178	177	
178	152	180	198	174	160	175	197	
178	192	151	198	162	196	199	155	
198	163	176	193	177	175	180	159	
163	184	162	152	168	169	198	166	
158	154	171	161	163	191	185	184	
150	178	183	187	199	160	176	185	
158	168	153	162	176	196	187	174	
161	164	182	169	184	185	178	150	
150	184	195	159	192	185	181	158	
173	166	186	199	182	175	155	161	
160	180	161	181	151	173	193	197	
187	162	165	178	153	198	186	155	
161	199	187	171	156	189	176	169	
178	167	188	199	173	162	194	161	
166	177	196	163	154	194	162	184	
189	160	193	197	166	172	186	180	
171	175	195	174	193	183	190	186	
165	153	183	186	192	185	163	161	
185	176	163	199	165	167	157	191	
176	179	166	155	181	153	159	163	
174	185	177	194	182	183	181	198	
159	163	153	185	187	173	169	172	
177	193	161	153	187	150	199	169	
184	199	194	163	151	193	176	154	
156	176	182	183	190	180	150	193	
189	183	180	153	175	168	195	184	
186	153	178	180	158	168	177	155	
196	157	198	188	184	171	194	159	
150	192	179	176	157	197	175	191	
177	176	164	175	163	173	179	172	
161	159	176	170	151	158	152	168	
173	192	185	181	191	152	150	165	
237	203	229	222	234	240	231	217	
204	201	226	231	210	245	202	244	
249	219	233	214	226	208	246	239	
206	210	237	214	202	200	247	203	
238	201	208	243	248	225	209	222	
203	201	209	247	212	240	220	215	
209	211	241	237	236	224	219	200	
205	203	236	241	217	238	249	218	
213	210	241	245	204	233	226	236	
223	215	222	212	236	230	221	239	
217	207	237	225	216	209	214	238	
217	227	247	236	244	212	219	229	
248	233	210	221	243	247	207	246	
215	210	242	213	225	245	241	223	
246	227	203	219	217	201	206	245	
236	232	218	243	224	207	206	226	
247	241	216	238	223	219	214	213	
209	221	238	213	219	237	215	232	
226	201	207	218	243	224	219	229	
236	223	221	226	218	232	217	206	
242	236	246	227	243	248	228	235	
232	230	227	219	202	245	229	231	
241	214	210	233	248	225	227	217	
228	223	229	248	201	230	206	233	
232	242	224	217	213	241	205	223	
238	217	229	232	249	201	227	243	
207	216	209	248	204	220	237	239	
203	215	232	238	216	214	239	247	
244	215	223	218	248	230	239	232	
221	204	215	208	244	241	203	234	
230	216	239	224	229	212	215	206	
228	235	208	217	207	242	202	206	
248	210	225	201	220	208	226	249	
213	239	208	232	210	245	201	249	
222	213	214	233	249	247	245	212	
213	203	217	244	242	208	234	212	
239	214	249	236	217	226	219	207	
200	213	230	225	226	245	215	219	
239	234	202	237	219	232	228	217	
223	211	209	235	207	216	205	212	
243	245	240	234	200	246	218	220	
207	205	217	231	238	204	210	245	
220	247	225	221	213	246	245	200	
218	226	219	239	206	227	230	208	
243	207	216	240	234	201	213	215	
246	239	230	237	205	242	216	223	
204	235	225	207	212	229	221	210	
213	230	235	220	247	212	225	243	
215	228	241	210	216	213	240	247	
239	224	219	237	231	241	238	248	
290	255	266	276	277	299	258	297	
287	267	278	262	255	266	281	273	
283	253	275	272	295	252	297	261	
277	294	260	250	258	264	288	257	
260	278	271	296	277	288	265	287	
282	273	294	284	283	277	264	267	
297	268	269	276	254	292	272	273	
295	287	268	273	282	258	279	285	
268	254	276	259	281	280	277	264	
293	285	296	260	272	295	286	288	
278	280	261	267	293	250	279	264	
277	288	279	284	296	266	273	275	
297	278	266	256	267	279	262	290	
260	267	251	271	285	264	274	295	
284	274	255	266	282	256	251	279	
263	274	297	272	276	280	287	261	
252	253	258	256	250	293	285	264	
298	281	267	263	279	274	255	258	
274	299	276	270	293	278	251	294	
260	295	257	258	263	283	288	273	
266	268	260	289	258	299	269	253	
279	292	274	252	250	299	294	260	
252	265	255	281	279	284	266	267	
282	276	251	264	257	289	269	281	
293	265	284	295	277	254	266	286	
284	271	273	269	295	257	291	250	
276	254	255	269	285	259	274	251	
283	279	272	266	270	261	260	262	
253	289	252	257	258	294	292	286	
293	251	286	275	253	297	271	291	
283	297	285	289	288	277	290	299	
263	299	287	254	277	256	271	257	
280	251	291	289	257	279	252	261	
287	263	296	288	295	292	293	264	
256	264	253	298	280	261	250	277	
260	288	298	299	269	273	264	278	
269	266	291	272	268	276	294	258	
255	293	277	269	270	262	253	282	
289	256	252	257	276	280	294	261	
268	251	292	281	280	289	266	254	
263	278	276	283	261	255	293	251	
291	289	273	250	290	265	276	280	
286	262	256	258	274	273	293	289	
264	293	280	279	281	267	296	262	
266	263	273	299	291	298	265	289	
252	274	265	292	266	286	278	259	
293	294	277	288	298	263	285	280	
267	292	294	254	272	274	261	287	
274	293	284	270	283	267	276	256	
265	299	255	277	288	286	275	256	
317	303	312	349	347	327	333	305	
345	318	305	337	303	311	314	330	
337	312	313	339	321	341	346	347	
323	332	341	304	316	327	308	319	
303	344	331	322	346	348	317	311	
320	301	307	305	336	339	318	321	
304	333	312	311	346	341	336	345	
336	333	310	328	344	301	311	345	
312	328	308	336	305	327	321	311	
300	318	338	314	342	317	313	311	
322	327	319	336	301	331	339	310	
304	341	314	316	330	317	327	326	
333	335	330	337	324	302	340	313	
348	333	329	342	312	322	325	306	
302	312	348	316	336	331	303	332	
333	306	339	319	309	334	340	338	
337	301	300	339	315	302	347	334	
313	314	309	330	315	321	347	318	
341	326	347	301	304	343	344	306	
322	339	313	311	337	341	326	330	
306	315	305	316	341	325	301	324	
328	303	312	322	316	346	335	325	
349	300	328	317	332	318	347	304	
337	335	328	315	340	322	339	324	
331	336	332	312	309	306	333	323	
349	324	304	318	348	319	315	307	
343	313	342	325	340	318	306	305	
322	310	314	339	302	342	326	312	
348	304	334	344	335	325	338	300	
345	310	337	316	313	326	336	317	
325	324	327	300	333	312	313	338	
320	304	337	309	327	316	342	318	
320	301	315	328	311	319	309	317	
340	332	319	331	349	333	338	344	
323	303	315	324	345	343	329	328	
314	333	339	338	323	326	311	336	
340	310	304	332	314	328	322	312	
303	330	304	328	309	323	301	317	
345	329	327	318	306	336	316	341	
313	321	307	315	311	304	346	343	
325	344	326	323	348	315	331	318	
307	339	327	311	341	349	346	348	
306	317	330	312	308	309	311	337	
347	332	321	302	346	330	331	310	
347	314	326	317	342	308	323	303	
307	309	345	330	337	327	344	318	
327	328	326	322	338	348	335	330	
312	336	348	343	327	345	340	314	
345	312	333	302	300	324	328	325	
309	325	328	349	323	305	321	324	
366	376	350	354	351	360	396	398	
386	365	369	389	370	350	371	361	
383	374	384	372	371	373	366	352	
382	354	364	393	369	398	387	376	
356	398	387	381	392	371	352	365	
362	374	397	351	353	396	387	361	
371	397	355	391	356	376	395	387	
386	360	353	365	350	384	355	357	
382	361	380	384	381	394	372	393	
398	357	389	350	385	392	391	362	
364	352	359	383	378	396	380	362	
352	364	399	377	368	373	357	396	
399	364	378	394	361	355	368	360	
363	383	373	384	362	375	356	390	
381	395	353	390	368	367	393	376	
369	382	389	367	376	355	365	366	
356	395	394	367	357	353	374	378	
362	385	365	386	368	367	373	369	
357	375	399	393	358	351	381	380	
380	385	386	390	395	368	372	366	
360	376	394	365	353	396	384	367	
380	365	373	366	377	386	363	376	
371	386	394	389	353	368	399	352	
353	399	365	384	370	363	385	372	
371	399	375	355	392	351	376	366	
360	381	354	396	398	365	393	387	
382	369	366	357	387	396	391	377	
398	386	365	383	378	380	387	375	
362	353	374	395	354	372	367	365	
353	384	383	369	387	374	380	391	
354	357	391	399	392	393	375	367	
378	389	359	391	351	367	394	382	
392	368	377	386	399	389	363	354	
386	391	356	369	352	397	395	354	
387	391	372	360	397	389	350	355	
364	351	370	385	363	367	375	388	
361	394	365	357	355	351	384	391	
394	370	380	395	383	388	382	355	
379	352	386	395	359	361	354	380	
388	382	350	364	386	379	353	352	
393	372	391	386	380	375	360	376	
389	364	380	376	382	377	361	378	
351	399	371	378	358	372	364	355	
388	391	384	353	374	366	381	355	
385	398	369	392	366	388	350	357	
360	386	388	374	375	350	357	370	
389	353	382	397	352	372	377	383	
379	353	355	381	367	360	362	399	
350	394	369	373	395	393	370	382	
356	362	379	370	390	384	391	394	
413	432	444	427	449	415	446	419	
400	417	410	421	425	445	446	420	
425	435	441	445	417	420	419	411	
425	430	411	410	432	401	423	400	
432	414	417	449	447	410	420	423	
405	413	417	423	426	440	444	427	
428	413	435	410	436	437	438	433	
437	421	430	411	424	448	428	441	
437	448	428	438	419	427	421	402	
409	433	429	439	422	416	405	404	
405	431	443	418	412	428	447	439	
428	449	440	442	408	443	411	444	
444	421	449	402	446	436	405	437	
422	446	402	437	417	407	414	418	
400	439	417	402	427	443	426	414	
405	438	434	419	439	443	430	426	
406	436	429	405	414	447	431	440	
428	406	407	427	443	421	417	448	
440	435	425	426	415	411	432	409	
402	400	416	403	404	449	418	423	
439	440	432	421	429	449	422	438	
430	423	420	432	406	414	402	417	
406	436	445	420	425	417	448	447	
427	434	413	424	429	426	448	423	
440	441	424	418	400	403	402	406	
443	433	431	401	435	423	412	414	
421	428	416	439	443	406	419	423	
446	443	437	426	432	439	407	402	
429	404	426	405	410	414	442	418	
418	415	431	421	440	446	408	406	
446	440	428	430	415	411	406	449	
433	414	412	434	417	436	407	448	
444	438	447	422	428	417	425	414	
408	444	448	435	406	445	425	440	
429	442	415	422	407	424	436	402	
447	432	407	438	446	431	448	425	
442	447	405	430	400	444	408	440	
430	414	434	444	445	407	417	431	
426	411	432	405	438	421	418	448	
435	408	439	413	411	447	412	440	
419	415	412	435	411	432	427	418	
439	400	412	427	437	414	407	401	
422	433	440	432	405	435	407	408	
443	432	401	449	437	435	434	416	
422	447	424	402	429	426	400	407	
418	401	405	430	414	425	429	407	
447	423	417	449	429	435	430	405	
448	438	435	427	403	444	429	425	
420	422	442	431	438	441	416	414	
406	431	414	423	437	420	413	442	
456	474	491	475	471	492	452	460	
475	482	492	485	460	466	454	488	
483	480	490	494	488	476	457	450	
484	451	452	478	471	464	455	470	
481	467	475	494	489	479	461	482	
498	461	470	456	471	493	465	490	
468	496	469	480	455	483	472	476	
464	490	469	487	491	483	461	480	
491	466	452	470	474	471	495	475	
490	496	491	464	452	488	479	486	
497	488	467	454	489	453	494	456	
482	455	498	468	492	483	480	489	
454	478	491	452	479	464	461	462	
486	477	496	471	474	472	482	475	
455	454	481	497	480	483	468	498	
451	470	456	466	486	487	485	454	
468	479	483	484	497	462	494	454	
462	458	487	490	477	450	473	480	
477	492	465	461	493	480	460	453	
457	496	458	461	491	497	467	485	
485	450	452	473	494	459	478	480	
498	481	453	463	457	474	483	462	
489	451	460	485	463	491	487	499	
492	469	484	475	488	470	457	454	
465	450	469	486	482	460	476	466	
466	477	455	489	463	461	476	469	
451	460	497	499	453	494	475	464	
465	479	469	493	453	485	468	489	
462	460	459	482	479	451	487	498	
472	476	457	499	471	467	474	451	
451	475	454	471	461	474	465	494	
494	498	458	492	480	478	485	453	
494	489	493	466	454	491	451	459	
472	484	455	475	457	493	491	468	
476	484	461	488	453	455	493	456	
471	466	468	485	497	464	460	486	
494	469	487	492	452	457	472	499	
460	451	489	461	488	469	450	480	
474	471	462	470	493	481	468	476	
498	459	476	453	478	488	455	469	
458	471	498	499	493	465	452	455	
465	452	472	456	461	467	493	450	
466	482	481	469	494	468	478	455	
456	483	482	477	484	469	476	467	
483	463	471	455	456	476	495	493	
476	465	499	496	467	472	486	477	
473	482	498	459	458	468	480	456	
489	464	491	451	497	480	468	455	
471	456	462	480	469	464	479	486	
498	479	478	483	451	457	466	475	
77	376	215	
39	242	224	
337	390	321	
121	26	342	
149	6	65	
239	378	1	
26	202	32	
56	405	281	
29	166	361	
64	79	25	
354	422	72	
167	177	220	
118	69	390	
123	308	89	
98	71	493	
185	376	238	
174	262	270	
371	175	317	
82	126	261	
334	312	75	
422	281	488	
51	36	482	
29	471	107	
190	327	54	
27	53	190	
176	275	485	
207	468	382	
24	454	303	
487	145	186	
131	266	13	
491	462	348	
40	198	491	
117	270	326	
88	149	130	
412	474	392	
74	268	446	
283	342	13	
252	20	370	
480	82	374	
13	373	143	
70	250	218	
313	38	333	
91	435	132	
63	446	44	
333	358	263	
151	313	119	
437	270	4	
301	355	233	
73	275	125	
436	408	0	
186	336	456	
49	322	138	
62	396	405	
287	435	158	
300	99	359	
75	281	115	
313	32	489	
317	359	290	
229	129	239	
306	291	53	
160	430	284	
73	289	186	
45	346	114	
162	250	276	
362	449	173	
377	435	213	
172	82	477	
344	252	101	
53	295	499	
248	110	192	
341	349	121	
207	350	422	
96	78	301	
110	301	36	
250	111	445	
372	183	3	
325	461	421	
472	38	11	
213	406	75	
197	161	477	
306	263	480	
466	398	238	
135	96	287	
341	297	361	
250	236	146	
332	293	396	
108	396	366	
486	412	456	
358	109	478	
465	12	114	
107	499	26	
405	345	347	
78	432	60	
493	342	84	
35	370	343	
345	375	330	
486	39	202	
483	334	69	
60	91	291	
153	116	258	
487	264	67	
416	379	468	
441	315	8	
419	347	220	
5	207	458	
29	140	148	
200	469	211	
402	485	49	
21	8	188	
433	312	445	
205	416	459	
108	210	46	
418	335	349	
114	263	175	
384	190	50	
58	342	463	
471	70	421	
223	296	263	
465	200	355	
134	318	436	
204	16	462	
199	36	108	
4	63	488	
112	101	127	
497	184	433	
178	98	403	
295	454	150	
263	176	395	
183	497	269	
189	41	266	
465	387	295	
194	473	304	
347	409	467	
227	158	339	
87	371	209	
369	86	64	
98	357	229	
312	481	198	
140	33	81	
393	1	377	
72	118	3	
27	198	170	
104	210	264	
365	319	447	
4	88	469	
182	423	236	
99	19	440	
473	130	8	
345	108	440	
488	163	458	
419	249	301	
407	11	70	
435	80	170	
464	233	308	
407	273	182	
219	263	424	
64	78	364	
305	26	92	
311	133	187	
404	481	479	
145	425	320	
129	273	137	
207	156	338	
408	227	167	
98	456	422	
415	397	130	
339	425	300	
431	370	89	
241	476	233	
181	69	489	
477	152	162	
491	313	143	
196	317	139	
160	86	338	
106	117	24	
488	142	283	
418	220	339	
377	180	264	
227	259	406	
486	445	83	
363	221	211	
476	132	107	
468	170	250	
3	138	163	
318	56	188	
486	174	323	
117	375	253	
131	389	50	
461	126	173	
226	334	418	
300	136	322	
202	348	413	
382	153	320	
217	137	336	
117	230	435	
54	181	14	
250	196	209	
31	368	71	
474	46	376	
366	278	330	
112	24	368	433	
357	398	257	288	
414	55	479	320	
469	293	168	206	
295	193	275	47	
329	168	61	201	
406	84	75	153	
316	4	327	73	
461	267	168	499	
455	159	39	73	
485	110	243	80	
477	11	29	280	
258	468	393	303	
149	25	100	275	
60	258	332	175	
165	255	424	30	
455	342	338	385	
119	226	265	305	
481	432	439	403	
127	31	323	129	
386	60	414	46	
10	315	182	175	
228	218	94	78	
52	468	375	23	
6	131	2	285	
452	132	230	206	
130	491	270	267	
270	360	463	431	
321	29	340	304	
401	67	451	398	
89	243	56	119	
117	403	119	31	
72	301	103	478	
133	139	347	113	
76	145	128	294	
205	209	435	482	
438	381	279	471	
443	416	61	299	
15	151	145	254	
262	163	209	1	
497	285	417	78	
460	333	59	194	
464	408	487	234	
214	436	38	265	
160	313	217	36	
62	163	488	111	
114	128	198	227	
210	84	304	390	
364	343	10	238	
113	117	221	87	
390	383	111	70	
220	169	203	31	
58	126	282	419	
298	320	220	33	
240	23	378	384	
149	428	5	246	
225	322	141	34	
412	261	428	215	
67	201	0	348	
184	194	189	491	
444	333	368	7	
344	460	437	23	
67	30	280	321	
91	474	119	293	
378	326	273	451	
380	306	252	391	
473	230	486	18	
286	148	358	229	
489	226	362	32	
314	482	60	117	
106	12	66	15	
357	46	247	143	
229	294	131	447	
443	352	423	44	
246	11	400	327	
203	35	118	384	
71	213	308	444	
72	154	343	463	
474	81	436	317	
459	127	386	321	
167	183	248	451	
455	115	21	266	
112	12	426	232	
206	499	138	254	
417	351	267	215	
207	51	29	200	
194	466	388	139	
144	450	83	437	
275	314	140	176	
145	76	214	471	
434	52	16	399	
414	20	363	22	
108	354	188	425	
148	198	214	330	
11	44	166	458	
223	366	267	55	
51	226	238	172	
264	246	9	299	
431	407	370	406	
151	43	451	80	
377	110	480	219	
328	238	460	14	
239	306	292	105	
192	99	347	120	
418	211	7	94	
136	134	250	309	
339	407	224	190	
385	42	288	53	
80	46	464	341	
343	344	244	235	
431	447	162	312	
473	410	170	340	
162	465	135	99	
267	496	345	135	
42	123	425	40	
217	68	421	350	
190	331	164	471	
267	481	297	412	
143	213	197	76	
376	17	372	397	
471	469	342	146	
383	310	219	127	
483	304	294	310	
89	164	276	289	
162	237	53	221	
375	101	280	413	
125	348	473	32	
304	237	141	372	
238	343	312	217	
300	43	463	421	
305	166	119	263	
356	107	411	246	
252	114	195	261	
4	318	107	305	
161	253	254	37	
313	315	321	63	
310	416	226	342	
270	376	433	126	
479	385	155	111	
341	451	399	31	
130	97	201	327	
326	406	22	316	
101	174	443	289	
195	370	358	246	
133	74	178	128	
475	325	20	177	
297	122	131	284	
80	35	29	359	
124	180	471	283	
270	424	54	307	
88	130	248	308	
410	397	271	295	
130	400	44	5	
68	149	200	54	
295	445	422	16	
100	291	198	247	
420	306	164	24	
286	295	498	233	
218	186	128	481	
467	482	373	473	
268	330	22	34	
272	236	8	270	
123	319	0	242	
161	32	164	213	
154	6	104	306	
126	128	151	330	
292	33	196	9	
174	156	358	240	
487	296	59	277	
306	236	417	9	
31	33	38	288	
321	423	163	411	
357	131	173	470	
11	430	252	497	
78	292	368	340	
63	47	400	49	
193	201	359	172	
13	383	43	245	
482	210	192	455	
119	109	114	400	
279	23	168	163	
353	374	237	40	
166	296	200	289	
269	277	401	157	
79	63	393	211	
448	81	263	463	
475	124	487	12	
359	71	307	381	
73	401	276	151	
251	413	297	359	
459	418	44	87	
193	56	329	140	
298	91	234	499	
167	331	182	205	
83	321	387	434	
209	135	360	470	
7	281	278	463	
385	350	293	76	
168	223	254	278	
213	482	306	377	
26	215	148	354	175	
361	247	202	487	416	
141	121	44	33	461	
441	297	226	24	448	
406	409	103	311	419	
46	166	192	421	384	
251	255	475	102	332	
476	128	5	177	40	
393	430	116	275	338	
154	359	480	114	104	
353	334	243	61	398	
309	33	75	285	441	
203	92	328	222	433	
325	17	160	185	498	
201	161	211	494	415	
476	498	58	293	104	
287	124	456	67	121	
24	313	444	413	233	
382	484	134	290	192	
30	412	219	90	135	
429	60	207	471	90	
440	225	22	498	429	
74	72	80	185	365	
94	227	264	492	21	
297	168	64	314	16	
434	307	207	110	481	
284	95	169	42	38	
104	121	43	473	364	
353	200	227	190	377	
196	156	399	346	360	
480	164	404	258	41	
260	315	442	43	290	
421	203	114	411	3	
389	10	457	151	230	
308	292	366	166	5	
477	227	282	171	235	
401	378	280	134	83	
463	231	214	211	4	
44	281	470	474	419	
283	183	417	14	76	
478	194	165	277	190	
134	295	461	138	139	
170	340	341	234	288	
434	79	68	168	321	
325	28	168	418	124	
225	242	89	423	351	
144	327	449	2	143	
211	271	115	197	83	
138	465	78	47	488	
444	60	283	286	99	
496	156	163	195	447	
70	459	299	334	183	
465	45	167	75	91	
90	306	410	373	258	
53	259	136	295	331	
137	347	254	28	323	
109	270	220	457	83	
408	240	193	231	143	
104	363	84	254	377	
194	142	94	497	361	
76	163	169	275	45	
134	71	344	464	131	
222	390	55	180	135	
292	132	358	437	245	
251	256	272	184	124	
146	411	124	268	475	
287	115	217	349	345	
421	51	289	351	258	
119	247	321	469	173	
228	496	474	12	134	
22	191	392	333	227	
172	73	183	173	11	
25	71	17	278	33	
195	306	68	30	313	
240	275	470	464	95	
155	66	193	34	451	
158	162	289	41	87	
97	35	460	12	119	
281	466	346	180	20	
79	486	98	141	308	
203	185	225	146	314	
326	334	374	73	306	
492	51	36	61	89	
224	30	479	389	232	
298	309	115	483	459	
106	223	201	101	39	
259	410	394	272	399	
96	162	365	441	349	
154	109	136	73	458	
90	168	123	237	105	
177	22	101	78	370	
482	353	19	382	102	
251	434	275	101	233	
25	180	158	38	240	
323	471	236	113	340	
482	14	268	451	136	
412	128	319	406	210	
50	440	196	36	451	
270	434	82	8	176	
89	397	435	192	152	
25	204	104	44	477	
275	89	403	499	69	
83	372	166	118	423	
217	136	474	327	268	
19	194	489	172	290	
408	431	283	494	25	
204	68	403	144	463	
166	77	392	477	331	
117	384	54	238	22	
297	102	311	190	142	
119	495	335	432	120	
72	435	411	146	402	
414	418	135	243	375	
142	293	28	443	294	
152	150	258	8	292	
59	422	82	184	469	
211	428	346	67	282	
139	322	418	385	36	
430	141	364	117	200	
137	385	52	5	3	
391	303	80	464	266	
485	40	481	99	486	
182	459	18	317	115	
497	171	176	226	202	
164	126	365	157	324	
17	465	224	384	327	
22	198	433	256	462	
233	314	311	419	447	
178	134	316	380	258	
270	126	459	243	371	
314	104	50	211	1	
95	84	153	154	139	
436	4	110	370	446	
324	344	485	236	170	
303	325	50	110	379	
198	400	408	414	450	
4	58	449	372	109	
159	301	410	254	385	
38	72	144	152	322	
340	406	451	174	287	
369	59	379	475	164	
342	228	219	378	274	
419	180	55	429	458	
165	463	392	104	78	
461	238	443	301	15	
20	218	272	409	471	
10	273	115	321	383	
205	320	434	1	408	
329	371	71	155	185	
116	487	377	384	375	
123	9	81	423	204	
303	158	101	190	97	
17	335	288	416	490	
139	281	460	418	237	
95	63	331	357	231	
218	452	136	291	75	
39	212	396	31	146	
418	451	29	288	442	
234	239	90	279	10	
136	81	179	37	187	
13	240	157	19	200	
215	119	424	477	313	
5	266	471	449	372	
419	191	108	346	341	
257	218	199	144	154	
125	424	187	181	76	
180	401	236	252	133	
96	473	77	126	169	
100	269	123	233	97	
5	47	147	198	248	
494	409	201	173	319	
165	499	223	327	136	
62	384	49	79	161	
95	114	273	159	332	
461	15	237	119	358	
402	167	388	234	360	
44	145	258	383	356	
390	156	67	143	236	
352	239	19	55	494	
235	259	273	363	182	
85	239	375	225	457	
113	147	399	438	146	
382	173	422	228	455	
210	139	94	490	243	
303	454	257	354	346	
165	419	164	134	485	
260	444	244	61	455	
303	306	390	179	312	
31	266	88	111	67	
175	439	159	467	423	
218	125	323	216	452	
403	484	165	180	105	
101	88	341	440	11	
426	171	58	499	303	
318	30	441	189	27	
141	284	437	203	304	
230	439	65	287	260	
192	478	359	472	216	
406	209	404	235	410	
349	124	357	127	260	
