25	24	32	20	17	29	
43	47	11	1	35	38	
34	45	38	22	5	2	
1	2	10	33	14	24	
16	15	22	19	29	23	
24	33	3	5	0	25	
20	25	14	29	18	11	
32	27	28	26	7	37	
7	29	47	42	21	33	
32	42	6	3	18	28	
11	33	25	30	32	12	
26	24	29	35	3	4	
15	25	19	32	33	21	
36	19	38	35	26	40	
19	25	2	31	6	17	
11	25	26	30	12	21	
17	25	43	27	23	15	
43	48	41	28	2	3	
22	16	49	3	2	34	
46	40	41	18	6	15	
5	23	49	15	11	44	
28	12	20	7	30	24	
5	48	12	14	7	22	
23	29	37	22	48	31	
36	40	13	43	22	3	
18	23	15	44	14	7	
0	17	29	24	49	25	
23	6	14	9	47	28	
33	37	18	1	14	39	
0	45	24	21	5	10	
24	6	15	19	18	17	
45	7	2	37	25	0	
46	40	9	8	31	26	
37	31	44	49	5	33	
23	17	6	45	21	43	
18	26	49	29	27	22	
9	7	32	2	4	20	
36	41	31	9	17	33	
9	30	15	43	37	0	
2	19	28	20	6	29	
29	9	35	17	28	38	
26	11	9	19	24	18	
30	24	41	35	33	27	
6	0	44	15	4	26	
17	0	6	3	14	43	
13	23	15	24	11	18	
28	0	30	23	40	14	
45	10	40	29	39	17	
30	39	27	20	3	1	
13	39	34	40	5	11	
78	79	67	58	94	87	
74	83	80	63	75	69	
89	83	75	93	69	61	
71	69	66	62	67	94	
84	50	56	73	70	68	
53	81	89	65	83	70	
92	63	93	90	52	74	
93	91	85	53	97	89	
56	76	75	53	85	54	
65	51	77	54	66	94	
86	63	59	94	81	55	
99	89	56	97	64	78	
65	51	87	50	53	92	
51	94	65	79	77	98	
56	75	60	99	62	88	
58	84	55	53	67	56	
56	86	98	78	54	81	
96	98	83	62	65	74	
93	73	74	95	51	98	
64	98	94	97	89	96	
74	99	87	98	73	60	
70	86	50	57	87	62	
50	93	57	67	75	91	
51	98	92	72	94	96	
99	94	62	79	81	57	
72	60	68	99	80	53	
80	58	53	77	70	86	
76	88	74	61	89	53	
86	90	88	82	65	68	
55	69	98	72	91	79	
53	80	75	62	82	81	
65	79	81	99	70	53	
57	99	78	97	72	96	
86	83	99	78	94	81	
61	70	53	93	68	85	
95	50	58	60	94	78	
88	83	94	78	81	57	
99	96	80	64	90	53	
92	90	63	59	80	54	
57	92	87	56	86	83	
82	78	52	62	96	91	
98	87	90	97	59	91	
61	55	80	99	52	91	
84	99	90	54	87	67	
67	50	92	54	98	87	
89	82	95	67	80	86	
69	87	80	74	66	64	
92	54	65	94	60	75	
83	55	79	95	91	52	
85	76	90	86	69	64	
116	145	107	124	128	126	
146	129	143	130	142	112	
104	113	135	144	136	139	
134	148	133	116	110	146	
147	110	107	138	136	135	
125	107	149	110	108	112	
141	126	102	108	111	103	
110	107	147	144	134	104	
123	125	100	144	117	146	
149	121	136	140	112	142	
116	117	141	140	107	145	
110	132	133	142	145	107	
114	133	144	127	108	139	
101	105	120	143	116	144	
128	147	109	132	106	146	
141	124	133	134	131	117	
140	103	110	107	100	118	
139	136	146	116	135	113	
143	122	124	123	135	125	
101	132	131	110	147	148	
145	132	148	138	114	133	
130	115	141	140	121	105	
144	149	120	126	141	114	
149	136	127	107	110	144	
144	129	103	115	120	141	
117	138	126	104	121	101	
133	142	125	139	108	131	
105	139	110	130	131	117	
122	114	148	141	132	119	
116	143	138	109	129	103	
113	115	116	136	109	110	
107	143	113	122	123	138	
106	142	144	134	148	107	
103	138	142	121	134	120	
127	114	115	122	149	120	
126	132	100	108	111	120	
111	123	125	112	101	104	
149	111	108	137	139	101	
100	108	144	131	101	141	
131	130	121	139	106	113	
101	111	142	119	128	147	
107	102	109	141	106	132	
108	133	148	117	114	137	
105	118	148	124	110	116	
140	136	115	101	118	107	
118	135	102	110	148	109	
133	138	114	134	149	129	
136	145	139	146	149	137	
134	113	140	114	117	116	
126	148	143	117	138	109	
150	195	151	153	180	160	
165	197	185	168	155	196	
198	189	158	199	192	153	
154	155	183	152	163	192	
173	178	192	159	187	154	
158	164	175	182	179	184	
164	150	174	194	179	198	
158	171	192	198	166	180	
168	194	162	196	195	166	
158	183	165	178	199	157	
168	165	150	175	184	153	
173	194	152	164	162	160	
161	165	192	193	177	179	
190	162	193	170	157	166	
151	170	166	165	158	193	
173	166	172	199	167	155	
199	168	153	189	194	161	
193	166	175	189	188	172	
180	154	151	163	152	191	
155	159	175	190	196	184	
162	182	171	161	188	184	
170	178	165	191	166	181	
185	182	188	198	165	181	
159	161	189	178	179	191	
166	195	156	199	184	165	
159	183	198	196	186	194	
190	151	154	168	170	152	
156	167	199	194	195	170	
188	190	197	160	195	168	
166	192	197	159	150	184	
199	171	194	192	177	152	
170	187	158	186	159	174	
196	195	198	185	178	183	
162	156	187	193	157	183	
159	150	152	171	175	183	
158	157	195	166	164	192	
173	196	190	164	187	151	
192	158	184	151	168	194	
198	196	164	163	162	169	
190	163	175	174	154	197	
170	162	160	179	156	150	
177	194	197	181	198	199	
155	157	164	175	150	160	
173	160	188	177	150	151	
165	163	189	194	186	166	
187	180	169	178	186	159	
186	182	166	184	157	172	
190	186	184	175	158	185	
175	193	194	183	169	180	
165	186	190	179	175	187	
222	226	217	241	230	223	
247	233	242	207	213	246	
243	216	205	239	208	235	
210	245	246	228	203	201	
237	207	238	226	230	246	
231	200	244	217	243	218	
227	215	225	220	232	237	
232	200	228	227	240	230	
219	202	203	225	206	231	
230	204	239	201	238	215	
246	236	248	219	235	244	
231	234	204	218	224	240	
234	222	248	217	215	245	
214	216	228	249	231	208	
225	233	211	210	208	207	
214	233	221	206	239	232	
215	235	207	218	242	223	
204	232	200	217	237	208	
228	233	200	210	223	226	
243	233	231	227	213	219	
216	242	225	232	213	249	
220	242	237	240	245	221	
229	228	247	230	207	201	
215	209	213	234	200	219	
231	233	237	214	242	212	
237	219	233	245	234	230	
210	236	201	231	239	237	
231	246	212	221	227	237	
219	205	211	228	237	204	
208	244	230	223	202	217	
214	212	226	202	249	220	
212	219	244	237	201	202	
218	238	208	210	236	224	
206	231	232	247	241	219	
205	217	216	210	236	206	
225	214	205	213	207	224	
231	215	249	227	216	246	
228	236	212	206	202	233	
246	222	223	242	240	220	
246	211	242	216	203	238	
211	215	230	223	226	234	
244	235	204	237	225	212	
225	239	245	211	200	203	
224	237	228	238	205	223	
218	200	231	242	236	248	
242	226	212	233	216	248	
210	212	221	249	236	203	
233	219	243	212	238	209	
205	246	216	247	238	227	
232	241	205	200	213	239	
254	271	253	262	250	290	
263	288	258	294	254	262	
278	282	290	287	299	267	
268	282	292	259	287	284	
267	297	288	293	272	254	
262	277	280	259	271	286	
289	290	281	295	253	297	
271	294	264	274	278	263	
298	283	275	270	257	279	
268	254	285	275	291	256	
293	257	277	262	261	278	
272	264	286	268	270	251	
277	294	260	265	273	297	
264	280	289	288	274	265	
265	254	280	281	290	294	
257	280	251	259	261	256	
259	270	255	263	253	278	
281	264	291	260	259	258	
276	260	270	286	289	265	
268	263	258	289	265	254	
294	250	257	287	260	272	
288	297	260	274	282	254	
271	252	269	293	285	281	
252	284	297	291	258	271	
286	299	277	257	278	276	
269	293	282	250	274	277	
252	258	290	284	266	261	
296	292	280	260	289	272	
292	260	290	270	254	267	
275	268	273	270	262	285	
264	278	268	258	294	272	
273	264	267	284	288	286	
259	289	272	281	274	290	
268	293	283	295	294	266	
256	258	280	252	270	257	
290	250	284	262	282	255	
277	298	285	282	294	296	
291	261	269	263	277	260	
296	287	255	251	292	263	
283	281	263	288	255	273	
270	255	250	275	257	273	
286	258	278	295	268	281	
278	262	266	264	256	258	
280	279	276	299	277	293	
292	288	260	291	269	278	
258	253	279	295	286	266	
275	259	296	266	293	261	
290	278	295	292	258	279	
285	260	261	253	293	251	
259	251	280	287	265	255	
321	340	332	313	348	316	
323	346	342	336	344	329	
338	300	303	336	346	349	
333	318	311	314	338	336	
349	334	322	303	328	321	
310	306	309	325	305	348	
307	345	340	331	349	303	
323	324	332	325	308	333	
327	311	320	331	322	306	
319	307	304	318	300	305	
306	338	326	347	344	337	
332	320	333	306	338	318	
323	300	303	336	314	343	
329	310	332	322	341	300	
329	337	311	328	306	308	
322	336	326	348	334	349	
311	314	319	305	320	349	
316	312	311	305	342	321	
319	308	335	310	314	333	
346	302	315	335	313	321	
334	343	339	333	327	346	
344	310	314	306	332	338	
332	339	310	345	313	328	
319	309	340	303	343	348	
340	302	317	331	337	305	
347	332	337	315	340	304	
340	305	328	332	300	304	
349	326	346	343	344	301	
342	310	311	343	334	324	
305	310	318	343	322	339	
331	336	315	329	341	344	
318	347	339	346	325	313	
304	326	318	308	339	336	
325	327	342	328	343	309	
344	326	337	323	333	306	
318	333	307	327	346	317	
320	308	311	337	318	334	
319	306	309	347	314	305	
310	315	330	344	300	348	
346	318	345	307	324	315	
305	346	326	310	345	306	
301	306	326	322	321	313	
333	301	308	321	300	338	
325	309	301	345	329	307	
324	345	320	321	327	306	
313	318	334	304	346	333	
331	320	309	348	317	308	
302	343	325	333	322	316	
308	339	336	327	337	301	
309	318	338	301	322	327	
353	387	356	396	393	369	
378	368	372	382	380	359	
359	399	381	390	360	358	
399	353	372	381	362	377	
384	366	390	395	371	372	
366	359	395	360	368	371	
379	385	372	397	353	350	
373	371	357	398	370	351	
352	394	358	375	351	361	
383	370	354	387	365	350	
397	382	376	350	394	378	
372	351	374	370	395	368	
373	397	371	392	374	395	
364	377	375	361	383	397	
377	358	395	357	393	371	
351	358	394	384	362	350	
398	396	386	385	390	372	
360	374	392	395	367	370	
377	356	357	386	352	381	
398	368	371	350	399	362	
383	398	381	391	361	399	
385	365	381	367	360	392	
352	391	385	376	364	388	
390	373	393	391	395	360	
387	366	373	392	385	374	
364	381	389	386	361	382	
378	386	358	371	372	351	
360	392	372	378	369	373	
390	365	399	357	381	360	
351	382	362	363	365	372	
371	391	368	359	394	389	
353	395	378	354	374	370	
387	371	382	390	365	386	
350	399	375	379	354	353	
366	397	359	392	393	373	
399	383	386	358	373	384	
357	368	381	365	359	379	
365	352	383	391	357	358	
387	366	350	369	375	379	
386	373	354	370	371	385	
399	372	376	370	354	390	
369	398	361	368	384	367	
399	371	352	358	392	361	
379	385	360	381	396	365	
386	357	372	366	354	367	
360	372	385	392	357	397	
381	350	366	391	374	380	
371	361	381	376	374	359	
362	364	358	361	390	375	
375	385	350	386	387	398	
433	436	424	448	411	437	
415	438	435	421	400	419	
447	443	446	439	438	423	
407	440	444	403	425	400	
412	434	401	416	437	445	
408	445	428	423	443	416	
406	430	447	429	400	424	
408	407	439	440	411	424	
419	434	408	433	401	446	
415	449	428	439	427	437	
431	436	428	441	410	413	
407	441	445	435	409	430	
418	443	415	442	400	412	
422	402	438	445	449	420	
415	413	436	423	401	447	
404	415	409	424	418	417	
434	440	424	414	406	442	
416	448	406	420	442	404	
437	436	448	430	410	441	
436	412	429	427	434	441	
417	423	426	442	413	433	
404	446	416	431	447	426	
420	446	439	431	429	422	
427	431	434	433	424	425	
449	430	433	400	401	443	
433	414	445	439	405	431	
446	421	427	449	401	443	
435	449	419	401	432	405	
404	402	417	442	427	421	
423	448	403	406	420	424	
404	436	422	417	431	433	
447	417	404	411	439	431	
417	434	443	415	445	403	
411	430	414	400	416	417	
429	444	433	409	445	449	
442	403	436	404	401	410	
402	443	406	433	428	401	
432	426	410	427	428	411	
409	449	410	445	420	419	
411	434	410	449	433	413	
400	408	442	415	403	411	
412	425	442	441	413	431	
405	435	418	432	421	409	
431	439	418	420	438	425	
417	438	402	406	418	437	
410	445	426	440	407	412	
437	421	440	417	404	406	
418	427	408	430	409	439	
447	411	425	429	400	430	
407	445	418	403	415	444	
463	493	474	452	475	467	
485	492	478	472	466	481	
496	457	456	481	458	453	
483	499	454	498	450	465	
450	476	477	469	466	462	
489	483	490	493	471	486	
469	487	480	498	456	450	
456	453	458	498	474	472	
480	455	475	457	489	451	
462	457	471	484	472	451	
457	497	460	461	477	454	
468	494	495	462	467	498	
491	476	489	475	453	498	
484	468	452	477	495	473	
485	482	472	497	477	487	
468	499	480	450	491	472	
466	495	465	485	462	486	
455	456	463	470	488	451	
489	450	468	459	490	467	
459	462	478	492	457	490	
489	468	482	483	464	462	
458	493	480	497	464	460	
450	454	470	452	487	463	
491	469	457	460	453	489	
486	499	472	452	459	451	
465	477	492	483	489	480	
477	469	483	463	460	472	
465	493	497	477	450	461	
476	496	458	451	472	473	
459	474	457	481	498	460	
494	468	471	475	499	485	
476	491	486	450	478	470	
497	475	477	496	457	462	
496	460	497	495	481	451	
454	473	477	483	467	451	
488	487	477	476	483	469	
474	488	494	479	493	480	
496	473	469	457	479	494	
461	476	492	474	450	455	
466	476	493	461	498	462	
457	472	484	455	491	465	
492	454	461	478	489	467	
459	456	485	468	494	465	
466	497	483	478	470	461	
464	467	455	471	456	486	
492	465	466	459	491	488	
450	498	468	470	461	456	
485	493	452	486	459	480	
489	457	467	479	465	495	
491	463	455	489	485	460	
23	11	21	3	29	40	38	
9	36	10	11	5	12	16	
19	4	36	6	27	11	9	
25	48	36	34	12	38	39	
47	14	3	5	19	24	28	
18	20	14	39	25	3	17	
37	42	45	19	39	0	29	
31	36	27	44	22	15	3	
13	39	10	34	43	27	31	
37	47	5	39	18	23	41	
8	14	32	37	28	17	10	
21	44	28	1	12	22	29	
46	7	23	49	19	31	11	
21	49	25	3	9	0	18	
17	9	34	43	30	49	42	
43	1	26	48	7	16	49	
28	5	15	34	39	37	23	
15	30	23	46	4	35	22	
20	4	25	31	13	28	40	
30	24	0	15	10	36	8	
44	45	23	30	20	42	19	
23	26	6	19	10	0	25	
14	40	25	38	19	26	6	
43	33	34	49	0	24	40	
41	45	21	42	8	12	44	
34	29	49	27	43	4	6	
23	48	19	43	30	5	35	
0	20	42	26	13	8	45	
48	13	35	24	37	15	2	
20	34	32	4	21	41	49	
38	14	13	18	20	25	34	
11	4	8	29	48	3	20	
5	9	43	15	40	42	28	
0	27	33	16	19	18	8	
46	16	49	5	43	34	4	
0	23	34	16	31	11	39	
41	19	10	42	6	2	46	
6	40	7	28	34	13	39	
8	2	21	43	12	23	22	
24	39	26	23	17	35	19	
19	27	18	47	31	45	14	
2	29	6	9	43	12	5	
40	3	34	19	23	47	4	
14	35	3	27	42	8	4	
31	48	46	2	40	26	44	
32	11	3	33	5	31	10	
37	20	10	7	34	31	17	
0	8	16	9	20	4	24	
34	27	48	33	10	11	13	
31	7	28	43	17	22	9	
81	97	78	66	72	60	58	
97	65	93	82	80	73	76	
50	98	61	67	64	97	69	
66	91	78	53	51	86	81	
63	54	68	50	78	94	95	
70	56	98	64	61	66	51	
78	57	95	65	73	63	52	
63	53	74	88	64	86	52	
69	64	72	98	94	93	65	
97	96	53	54	71	55	79	
84	64	68	67	65	56	69	
65	52	71	72	50	95	66	
94	87	80	68	96	86	88	
97	95	82	91	51	74	52	
92	50	58	69	60	77	55	
62	70	64	98	82	86	96	
66	60	56	95	94	71	70	
70	62	69	67	85	56	79	
74	69	56	98	99	77	63	
50	59	97	67	90	96	62	
59	88	74	93	71	84	96	
58	74	57	94	56	61	75	
66	87	51	52	83	92	79	
71	69	92	90	55	95	51	
87	99	60	74	55	52	56	
81	91	59	63	74	89	94	
75	50	55	62	54	51	76	
85	56	69	73	58	55	90	
75	79	63	61	82	86	88	
64	57	91	58	55	83	76	
70	57	52	91	97	93	63	
50	60	94	96	70	81	78	
55	94	86	87	81	72	58	
60	69	86	62	66	64	59	
73	83	68	52	82	58	59	
64	71	66	50	87	85	58	
50	91	76	64	72	71	84	
51	91	97	52	67	94	68	
92	95	82	79	86	50	58	
71	75	53	70	56	86	76	
96	65	66	57	58	52	79	
66	75	89	98	60	87	80	
71	91	87	67	52	94	58	
53	57	69	50	62	95	88	
79	66	74	50	85	93	71	
61	72	85	66	88	80	60	
82	73	94	56	83	78	65	
81	88	95	92	82	83	58	
53	70	92	71	88	59	93	
95	63	84	70	97	67	93	
102	127	124	114	108	104	138	
102	126	137	128	130	110	138	
131	136	148	100	141	103	117	
100	119	120	116	122	144	134	
130	113	134	117	104	142	127	
118	123	149	137	102	131	147	
124	118	127	147	115	126	149	
143	117	100	142	139	121	133	
129	111	115	108	107	147	148	
142	133	140	143	124	120	138	
113	140	123	110	127	130	116	
135	119	104	139	114	129	121	
106	104	147	108	113	142	124	
132	133	135	137	101	126	105	
138	134	104	108	112	105	114	
120	121	101	103	111	129	133	
130	133	136	108	146	127	107	
113	125	116	104	126	142	102	
112	147	140	111	132	104	131	
130	139	105	106	128	148	133	
103	107	112	105	106	117	118	
114	110	118	144	147	102	132	
138	149	100	135	115	119	113	
104	137	146	127	124	140	108	
148	115	103	135	108	107	113	
146	147	120	101	123	145	102	
135	124	114	104	133	115	147	
100	137	134	113	109	118	131	
111	121	138	113	110	117	129	
122	110	144	142	143	118	100	
113	123	117	118	108	111	132	
130	111	133	120	103	102	116	
104	140	134	142	129	148	120	
107	137	121	110	138	123	148	
137	103	145	129	127	110	105	
126	104	149	122	127	117	129	
105	145	102	121	137	126	113	
117	144	123	145	105	137	142	
117	146	118	128	125	116	140	
103	119	126	129	104	132	109	
101	108	102	127	144	106	120	
146	106	141	114	113	145	110	
121	117	149	145	103	132	129	
122	148	132	121	109	125	104	
106	145	136	140	115	143	126	
103	147	124	136	125	102	110	
113	137	102	132	133	111	136	
118	131	111	127	101	109	112	
138	107	114	110	137	122	119	
127	128	110	141	109	101	135	
193	180	162	173	158	152	179	
197	191	170	163	166	194	190	
187	196	199	197	152	186	182	
170	198	165	171	183	156	161	
195	190	165	178	166	170	167	
166	163	173	190	180	162	193	
166	158	160	150	153	155	187	
150	190	155	163	157	198	151	
181	183	176	179	177	197	164	
162	188	192	186	168	156	160	
188	166	180	159	194	151	153	
178	179	164	175	151	161	155	
161	170	165	168	198	182	194	
193	189	159	171	167	186	199	
160	170	166	169	174	171	150	
197	159	187	171	167	160	156	
168	194	187	161	158	185	195	
172	175	198	168	176	199	178	
158	189	172	198	187	190	164	
165	188	186	170	193	157	171	
194	182	155	179	186	170	164	
170	185	197	179	152	164	196	
186	179	151	196	177	189	182	
162	154	188	196	199	151	195	
165	166	194	161	168	170	198	
176	173	161	178	194	170	164	
169	158	193	186	165	153	182	
174	189	165	199	158	196	157	
191	163	178	174	165	183	180	
188	165	191	174	168	158	150	
174	178	168	199	150	188	158	
168	196	151	175	185	172	162	
193	197	196	158	187	182	170	
177	180	192	161	155	168	169	
153	199	180	179	192	181	166	
197	151	199	181	190	162	169	
197	177	157	193	195	170	163	
163	184	155	183	180	170	177	
190	177	162	173	193	165	188	
164	167	166	163	178	192	174	
198	161	159	178	169	179	189	
181	198	193	183	180	179	176	
155	151	150	180	166	173	158	
166	151	199	196	178	159	191	
193	156	160	170	157	177	196	
172	180	166	168	150	165	186	
154	198	185	176	188	170	197	
165	174	197	150	180	175	170	
153	161	199	165	164	195	156	
179	152	178	194	160	175	181	
218	246	231	228	247	203	220	
210	241	233	224	202	215	246	
209	246	237	225	230	202	226	
242	244	232	236	225	220	227	
224	231	239	221	204	243	209	
247	213	217	229	228	216	243	
208	201	240	206	203	213	230	
232	236	203	211	240	245	225	
220	201	221	214	241	240	219	
243	205	249	227	217	234	209	
234	217	248	236	229	218	227	
200	236	239	244	223	241	209	
220	208	236	212	238	206	235	
233	219	248	208	240	244	205	
203	220	244	228	232	246	239	
241	238	249	244	228	224	248	
248	229	207	237	218	220	200	
206	241	242	227	202	205	212	
214	210	202	243	219	221	240	
229	246	224	216	236	212	217	
233	207	211	223	239	217	229	
244	248	215	239	214	211	208	
218	227	210	232	215	204	234	
239	249	221	243	240	220	204	
210	207	228	243	234	222	242	
205	245	218	240	226	221	238	
206	244	238	231	229	202	204	
240	225	223	228	216	234	211	
237	234	245	247	243	229	238	
221	204	203	237	220	202	224	
205	230	243	238	239	207	240	
245	244	223	206	239	237	215	
216	212	218	207	211	223	229	
217	239	205	228	203	206	207	
249	205	218	201	233	229	207	
221	224	248	227	223	228	247	
240	202	216	201	248	220	235	
211	216	230	242	233	239	231	
223	238	248	242	241	240	203	
242	205	234	243	207	212	224	
228	214	247	220	244	237	240	
200	235	209	206	231	244	239	
212	236	224	235	217	206	220	
205	234	202	211	241	239	209	
237	201	209	225	235	211	229	
236	232	242	210	233	227	228	
217	203	211	235	241	231	227	
204	209	238	232	233	223	236	
227	210	217	202	246	213	249	
204	243	203	210	216	229	233	
281	253	263	276	274	270	285	
292	274	276	250	286	258	294	
299	289	257	273	260	259	258	
254	281	294	268	251	273	250	
257	261	259	250	282	288	285	
290	266	281	285	288	276	271	
298	290	287	270	295	292	283	
272	263	251	292	264	291	280	
258	298	260	264	297	277	275	
267	271	288	258	262	298	299	
289	275	270	277	291	263	266	
297	283	273	251	260	296	250	
296	289	264	272	298	274	265	
270	256	255	261	282	265	257	
254	264	284	299	252	275	271	
262	273	286	298	287	285	255	
272	250	268	293	251	259	297	
264	287	275	280	290	252	291	
278	282	271	263	266	260	299	
252	284	253	275	283	280	255	
277	259	257	288	299	281	262	
259	257	289	250	280	283	275	
286	260	258	299	277	250	261	
267	262	281	263	251	260	296	
299	295	254	289	250	268	292	
256	260	254	275	298	293	277	
265	285	288	268	255	278	287	
258	298	276	265	253	254	282	
276	269	289	260	268	283	275	
272	279	273	295	254	260	250	
258	295	293	289	288	284	272	
252	273	286	250	274	293	266	
269	297	270	250	298	262	256	
290	260	269	259	292	285	261	
258	254	280	285	266	292	276	
263	274	299	255	256	265	280	
273	263	280	279	294	272	255	
280	267	294	275	264	287	290	
264	282	280	289	271	263	274	
296	269	273	261	251	292	268	
264	250	271	298	282	284	290	
255	254	265	252	292	261	279	
265	280	259	282	293	262	256	
260	274	262	263	268	285	280	
279	276	273	253	299	252	295	
279	259	250	289	269	263	288	
284	259	291	275	265	289	267	
265	262	292	282	281	254	256	
276	250	255	279	294	270	256	
272	256	294	297	260	267	252	
325	319	302	345	320	326	346	
334	340	346	301	319	323	348	
335	328	341	318	327	325	336	
336	313	340	328	308	300	315	
337	318	346	324	320	340	343	
348	332	305	335	344	315	303	
332	326	330	327	337	328	300	
349	336	327	340	318	314	306	
307	342	332	311	331	330	341	
346	318	329	312	315	341	325	
305	330	306	345	304	302	342	
335	310	331	325	336	349	322	
316	338	321	332	315	348	341	
302	303	341	335	327	332	319	
349	343	341	306	301	334	339	
335	349	336	317	332	347	330	
306	322	309	305	317	339	304	
339	345	344	305	329	303	309	
317	311	343	325	320	349	324	
302	335	341	318	316	319	314	
336	302	344	332	303	300	301	
347	325	330	305	329	313	337	
329	323	337	332	338	334	346	
339	303	346	300	349	347	323	
349	344	339	325	338	304	311	
319	326	323	304	331	309	308	
315	329	324	347	325	317	307	
330	328	322	347	342	307	337	
347	339	314	317	330	303	334	
308	323	315	347	303	343	336	
325	331	307	333	348	322	302	
347	306	316	302	343	348	345	
315	317	320	314	309	300	339	
348	327	340	302	306	335	322	
303	322	339	345	344	315	337	
313	322	308	345	312	344	316	
339	328	325	308	332	342	320	
315	314	326	331	345	316	347	
331	315	301	344	323	329	334	
303	301	349	304	315	333	338	
311	343	310	324	335	332	339	
305	310	303	344	308	300	312	
304	344	314	340	348	316	305	
311	309	335	325	305	347	310	
329	341	331	339	315	327	324	
319	337	311	313	346	322	329	
301	334	333	319	342	331	306	
313	340	320	333	315	348	310	
347	313	339	300	330	345	349	
328	319	339	324	333	304	343	
397	366	363	354	358	355	380	
397	384	389	396	366	367	377	
394	365	382	399	350	373	351	
391	358	379	364	371	382	369	
358	376	384	357	385	364	359	
383	384	382	354	363	396	370	
392	394	361	372	383	364	377	
388	370	358	391	377	378	376	
382	359	374	395	392	378	355	
365	396	389	383	363	398	355	
351	378	385	350	396	394	356	
362	353	379	386	395	351	374	
377	371	376	357	374	379	382	
364	360	350	379	397	388	370	
378	382	368	371	357	399	355	
371	374	369	375	361	383	396	
392	367	351	387	395	382	361	
361	354	366	359	358	389	368	
368	378	360	357	358	351	375	
362	380	367	389	381	370	360	
366	354	367	397	359	364	356	
397	395	359	385	394	374	390	
371	391	368	370	394	385	356	
394	378	397	365	399	384	356	
359	352	357	388	377	387	363	
358	357	397	385	381	370	392	
388	378	394	399	366	367	385	
387	385	372	353	384	350	378	
396	389	398	390	353	386	380	
374	361	352	398	396	359	375	
373	388	377	383	362	357	369	
388	394	351	369	360	372	386	
380	357	362	355	393	390	397	
359	375	370	356	397	360	386	
385	398	390	369	357	386	359	
390	389	395	382	375	361	355	
394	391	379	361	368	364	399	
381	362	371	395	367	372	363	
392	362	388	384	350	383	387	
367	381	391	377	363	380	351	
389	374	351	355	394	398	391	
398	386	379	376	393	395	374	
366	382	358	385	372	389	376	
387	351	366	382	375	394	377	
367	391	371	361	377	376	369	
361	365	391	371	397	394	369	
399	362	385	369	367	383	384	
358	398	389	396	360	357	374	
350	375	386	370	351	396	374	
356	394	378	354	386	374	360	
413	409	435	418	412	432	402	
427	407	431	447	428	438	432	
442	430	441	400	433	449	438	
435	443	417	423	427	430	412	
407	405	404	441	447	406	414	
421	437	439	415	400	410	427	
448	403	422	419	437	410	402	
422	404	426	412	432	440	410	
439	449	422	420	411	402	441	
408	418	414	412	442	400	435	
428	437	429	424	422	411	418	
419	423	438	430	442	440	401	
407	442	404	441	406	410	419	
445	403	433	441	435	408	406	
412	423	445	402	404	422	444	
409	419	416	423	411	444	430	
426	416	422	445	429	418	415	
412	433	426	415	447	410	435	
433	408	428	443	442	435	432	
422	448	428	449	407	418	440	
415	438	404	433	400	446	418	
448	437	444	435	429	409	434	
408	404	400	421	412	409	444	
409	422	424	444	421	415	417	
410	442	438	412	446	434	432	
422	441	420	426	435	443	423	
434	416	437	401	400	428	410	
419	405	400	429	420	447	434	
447	436	419	424	425	448	428	
403	435	439	417	418	446	407	
435	431	442	426	407	433	445	
428	429	449	441	438	440	425	
403	419	448	434	425	431	415	
421	438	443	447	423	405	415	
422	411	448	417	425	416	421	
443	428	447	439	405	417	445	
413	429	409	449	433	427	405	
439	421	402	447	422	415	425	
402	418	430	415	436	421	403	
447	414	434	435	436	416	419	
443	437	439	414	428	441	423	
404	400	439	409	419	415	421	
405	420	447	428	427	444	417	
413	419	415	400	424	405	428	
421	401	442	418	428	440	415	
427	410	419	413	416	441	436	
410	446	441	406	420	433	405	
419	415	445	404	407	431	411	
433	425	435	443	428	445	422	
429	412	406	427	438	422	405	
479	483	457	488	465	473	462	
484	493	472	475	479	473	498	
483	482	495	499	477	455	462	
463	460	486	478	456	450	479	
455	475	466	479	473	458	493	
495	462	473	489	455	493	478	
468	478	467	496	471	460	452	
456	461	454	494	482	496	477	
481	498	469	450	489	466	451	
482	472	465	468	490	462	464	
476	482	495	478	479	453	456	
470	491	465	463	454	458	479	
498	483	487	495	451	489	454	
487	494	496	468	479	484	469	
487	492	464	476	478	460	455	
499	463	492	494	478	498	475	
479	486	458	464	499	456	478	
456	450	471	468	499	457	478	
488	481	450	467	475	493	470	
492	474	488	468	464	493	486	
453	490	456	468	454	487	455	
479	453	497	451	457	471	458	
450	453	492	476	486	460	472	
462	472	453	493	469	457	452	
469	499	454	485	467	453	472	
475	458	476	464	488	470	498	
461	456	479	474	459	466	495	
496	494	474	491	464	472	499	
457	469	489	481	450	466	460	
457	472	478	491	484	494	455	
472	487	466	451	467	488	455	
486	476	465	484	458	494	478	
493	460	470	481	496	498	454	
485	489	458	454	495	463	466	
459	489	450	470	466	469	454	
473	457	485	495	450	451	475	
472	458	450	496	462	475	493	
499	489	470	487	494	474	480	
494	495	477	476	483	491	461	
454	486	482	490	488	494	450	
465	463	450	468	452	455	467	
455	482	474	454	450	481	493	
485	477	488	492	483	461	455	
480	489	473	464	470	486	455	
450	474	484	491	487	498	466	
497	454	493	475	472	482	479	
467	494	466	462	489	485	452	
470	499	456	468	472	460	498	
458	451	466	497	477	468	473	
486	459	471	473	450	478	490	
42	44	23	41	11	12	27	8	
6	20	21	44	1	11	43	19	
27	35	7	38	15	20	6	25	
33	27	29	10	43	48	49	19	
26	24	33	36	21	49	2	10	
43	6	49	37	15	18	8	27	
15	49	0	2	12	17	11	4	
30	45	44	17	42	27	23	5	
32	37	40	31	15	19	20	33	
18	33	35	2	8	9	27	45	
9	0	37	46	49	14	29	30	
11	19	26	10	34	21	2	31	
12	41	4	36	33	10	19	16	
17	47	20	25	2	0	37	15	
23	0	45	25	39	48	18	2	
3	15	19	44	35	12	42	2	
47	20	16	18	29	43	27	39	
35	28	13	23	41	5	25	34	
11	38	31	46	39	10	28	16	
3	33	15	48	12	32	10	35	
41	17	29	39	32	5	40	23	
39	44	20	34	19	24	33	12	
44	19	28	41	40	23	42	49	
38	0	3	10	39	41	8	20	
19	0	5	31	18	27	13	33	
14	1	28	47	4	45	7	36	
12	13	9	11	22	34	18	2	
27	40	16	11	28	23	39	43	
17	14	6	24	15	35	46	27	
21	35	16	22	4	9	7	47	
49	23	44	30	32	15	17	9	
3	47	30	33	49	5	32	4	
15	2	42	45	32	10	16	44	
22	2	40	36	0	18	41	39	
37	13	0	10	36	43	3	26	
21	44	34	30	48	40	26	35	
42	45	11	34	14	1	15	36	
3	30	29	31	27	43	44	46	
47	25	0	42	26	11	36	45	
14	34	25	20	19	21	26	30	
21	46	9	48	28	47	15	27	
40	27	49	10	9	8	46	36	
42	39	27	49	23	10	8	40	
11	22	27	37	43	35	12	19	
27	19	46	10	40	43	28	36	
10	34	22	35	38	12	19	5	
48	47	32	4	46	11	22	3	
24	30	5	12	27	15	47	45	
17	13	8	30	11	41	45	15	
40	28	34	41	49	37	6	13	
63	61	60	96	86	65	72	83	
88	93	72	81	62	54	53	63	
89	94	80	99	70	97	62	64	
97	74	87	67	82	77	78	51	
88	83	80	73	97	71	65	54	
99	90	98	76	54	96	87	72	
51	83	68	80	76	75	90	77	
64	91	68	61	88	58	56	52	
90	70	93	69	83	77	67	54	
55	92	83	52	72	58	89	54	
83	62	81	99	58	64	52	66	
88	61	91	81	98	66	54	77	
81	75	64	61	97	93	72	68	
54	89	88	63	70	87	84	68	
84	60	57	77	63	83	87	69	
66	76	67	77	94	60	56	61	
59	88	96	74	55	54	71	87	
87	69	85	63	71	77	70	86	
60	66	79	51	78	90	86	83	
60	75	97	61	63	94	78	90	
84	63	83	67	91	54	71	93	
69	53	81	82	62	74	90	66	
83	51	94	68	66	91	70	55	
67	76	57	65	64	86	94	56	
77	92	95	53	96	75	51	61	
81	51	86	88	77	75	53	56	
74	60	87	86	53	52	77	88	
84	58	73	72	80	83	50	76	
84	62	94	83	61	53	67	81	
75	83	85	57	61	60	98	88	
95	71	61	85	58	52	57	97	
88	64	82	99	56	66	85	79	
90	80	86	57	74	72	76	97	
53	61	92	69	76	95	70	87	
81	79	82	93	98	63	70	67	
65	63	93	57	97	58	96	75	
95	88	83	69	98	62	80	59	
71	59	82	51	56	55	87	75	
79	77	50	59	92	55	64	89	
84	65	93	72	95	62	89	59	
50	88	94	95	89	96	77	78	
54	81	73	50	55	62	88	71	
54	80	84	96	93	83	79	82	
86	74	97	96	53	58	80	93	
54	69	97	64	91	92	83	55	
73	69	99	64	81	68	98	85	
79	73	81	92	86	97	56	60	
61	94	99	95	72	70	81	59	
85	95	88	98	54	51	89	58	
65	71	64	82	88	79	84	77	
118	125	105	116	100	133	137	136	
138	122	104	118	124	101	119	102	
143	120	123	101	135	119	147	127	
109	148	146	107	116	131	100	130	
149	105	102	131	142	128	121	103	
128	113	137	111	135	109	104	100	
113	133	101	138	130	148	137	122	
105	133	136	137	143	104	130	145	
149	102	125	112	127	121	111	119	
132	102	137	142	114	136	107	126	
114	132	149	147	111	138	117	110	
113	132	123	105	127	117	122	129	
147	111	126	103	144	122	116	138	
130	110	148	117	106	127	114	146	
132	139	149	130	141	148	124	116	
137	114	145	141	139	104	142	118	
124	118	122	110	108	134	125	114	
148	105	104	112	136	127	146	140	
106	112	137	144	114	115	100	133	
133	113	125	115	128	102	104	100	
119	124	138	144	100	134	126	142	
135	131	145	144	119	137	122	116	
118	129	105	146	133	119	117	106	
143	107	101	122	149	103	142	130	
105	108	119	129	147	132	118	139	
138	115	104	130	135	109	147	101	
115	120	139	144	123	142	122	101	
146	112	108	128	122	144	140	101	
114	107	140	128	119	127	102	138	
128	102	113	114	116	109	145	140	
131	114	147	128	111	139	124	135	
130	134	131	135	125	118	115	122	
126	108	127	149	136	109	134	107	
132	112	103	125	138	100	106	140	
143	139	119	148	124	110	147	125	
107	131	142	134	123	132	120	106	
103	130	114	147	125	100	139	143	
106	141	147	112	132	117	119	143	
113	138	121	118	119	123	111	110	
146	114	120	134	112	115	111	117	
105	141	110	103	140	108	149	143	
147	120	140	101	113	104	132	108	
104	134	132	139	130	145	120	115	
138	130	140	107	126	142	141	105	
114	136	137	110	119	135	101	113	
121	122	115	132	133	103	110	114	
132	113	139	128	145	115	121	144	
101	105	103	120	130	144	147	122	
120	124	126	131	105	140	142	116	
125	118	112	145	114	146	129	117	
189	155	183	186	194	167	163	187	
171	192	177	167	170	191	186	196	
157	155	175	196	193	188	169	184	
173	179	159	163	180	162	157	166	
180	166	164	197	196	168	199	159	
192	187	178	173	199	165	188	183	
170	184	181	167	169	186	172	177	
185	163	180	175	174	168	189	165	
150	179	158	199	192	195	198	154	
187	151	197	189	159	163	181	172	
185	180	164	199	159	163	174	171	
163	161	192	153	155	173	160	165	
197	165	153	161	191	154	171	184	
160	193	156	173	181	180	191	186	
181	191	182	195	176	173	198	156	
177	194	178	185	179	163	171	158	
155	192	170	194	180	181	193	167	
184	199	169	173	172	165	161	195	
165	164	173	169	166	153	189	170	
150	183	169	156	199	191	190	153	
156	172	152	162	190	180	195	198	
163	152	195	176	185	178	198	187	
168	186	177	189	159	164	175	174	
173	198	161	191	156	164	168	190	
151	160	175	189	158	161	195	193	
196	178	193	166	167	170	181	194	
180	179	194	171	178	158	192	175	
183	166	186	190	154	195	180	199	
170	153	178	179	195	171	189	169	
152	189	162	158	196	198	183	156	
171	153	180	166	169	167	197	198	
191	174	176	199	155	171	154	193	
190	192	176	173	175	199	158	165	
170	175	155	172	182	156	198	157	
198	150	195	194	167	191	183	197	
171	173	167	151	186	158	188	198	
158	174	176	180	152	156	164	189	
152	157	162	171	186	164	198	183	
169	197	167	181	163	186	193	180	
169	153	158	179	182	167	164	178	
173	190	198	197	172	187	150	156	
193	162	192	161	186	155	150	196	
185	181	169	156	170	161	175	180	
170	199	198	157	169	155	182	188	
173	161	198	160	176	181	171	179	
166	157	182	175	172	184	158	163	
198	168	187	167	162	157	156	158	
168	175	187	157	193	153	172	169	
174	196	161	170	166	184	193	181	
160	153	166	193	191	174	185	167	
220	204	229	213	200	233	230	215	
241	211	207	234	232	248	219	233	
207	235	243	224	242	200	231	248	
218	230	219	223	244	206	202	203	
201	200	228	208	218	238	214	215	
214	206	211	217	205	200	212	245	
242	211	218	239	222	217	210	234	
243	220	227	223	200	242	213	210	
229	225	206	240	218	235	205	243	
232	220	205	249	210	201	211	227	
214	213	207	234	232	239	246	200	
228	207	217	203	236	206	230	234	
239	228	220	248	218	245	237	233	
209	215	242	205	222	228	232	219	
238	246	220	241	215	224	203	228	
247	215	246	243	244	240	217	200	
222	200	241	243	216	211	239	237	
244	219	216	239	211	214	223	203	
200	218	203	212	208	239	202	209	
211	242	235	217	227	221	243	248	
220	219	241	232	225	221	205	213	
233	237	219	222	214	215	203	202	
214	209	213	230	246	227	234	216	
244	236	204	232	216	215	234	237	
249	238	216	227	214	201	220	232	
226	211	202	248	220	233	225	237	
205	245	219	213	214	230	204	220	
220	234	212	218	227	248	219	223	
210	243	232	228	204	224	202	246	
205	231	209	202	249	220	226	240	
210	240	248	224	223	200	215	227	
231	205	214	213	212	206	247	233	
200	238	228	242	245	207	201	221	
232	249	246	244	203	218	206	228	
229	248	204	210	244	216	215	235	
240	232	227	210	223	217	231	206	
213	215	221	224	240	206	214	218	
229	243	208	235	209	215	232	241	
202	238	217	224	239	236	209	227	
226	206	221	235	242	228	244	236	
205	216	230	240	246	217	202	211	
241	236	224	211	208	217	240	214	
249	228	229	239	230	247	203	227	
212	208	236	219	226	235	205	206	
232	217	219	247	238	205	243	201	
223	237	213	249	200	240	226	202	
206	224	225	232	214	230	211	208	
226	228	223	212	233	249	203	217	
236	242	229	247	210	214	221	223	
239	216	211	232	220	217	210	240	
299	277	267	283	258	282	256	293	
264	291	286	273	293	253	294	283	
253	283	298	258	266	288	292	282	
291	274	278	259	269	284	251	262	
274	259	268	276	278	252	263	270	
282	292	255	264	284	288	279	258	
279	288	284	296	274	295	278	264	
264	298	294	270	282	278	256	297	
298	268	265	291	286	297	250	294	
289	252	256	297	296	282	259	273	
268	278	290	280	271	292	267	299	
252	272	265	295	260	250	257	296	
257	256	283	289	294	266	285	288	
281	282	260	259	257	287	292	272	
297	258	273	267	299	285	252	295	
265	298	283	290	256	286	279	274	
260	264	268	298	286	255	299	288	
276	280	281	274	257	294	272	255	
277	256	255	280	274	287	272	257	
286	293	270	260	291	255	279	250	
291	261	269	295	266	285	251	286	
299	298	277	257	259	294	293	289	
282	296	285	251	273	258	257	270	
271	266	298	299	282	260	259	281	
276	250	256	297	271	296	263	266	
262	273	297	281	250	295	271	276	
283	273	251	280	292	272	296	265	
258	260	270	298	286	250	278	265	
295	272	294	269	282	296	281	279	
275	279	286	291	255	285	272	257	
277	250	283	251	298	274	284	278	
281	299	294	270	295	252	258	265	
281	299	266	260	272	255	278	252	
271	279	253	257	290	274	295	262	
253	290	255	285	277	264	298	275	
299	255	253	262	257	252	251	259	
258	293	257	261	264	272	252	298	
274	298	253	294	280	286	284	252	
250	266	279	267	296	288	271	272	
277	299	258	265	288	279	275	251	
254	278	273	275	263	259	298	265	
270	289	254	265	264	274	259	284	
251	283	280	271	295	291	278	253	
250	279	257	293	251	296	253	260	
280	266	256	279	254	268	253	291	
269	266	263	252	279	296	281	265	
260	296	256	267	278	280	291	285	
285	261	256	291	286	273	263	267	
279	276	266	285	293	267	272	287	
262	288	268	283	263	251	280	277	
318	319	326	300	324	343	330	340	
311	306	342	338	316	340	319	303	
337	327	338	324	300	341	345	344	
338	301	348	331	318	335	310	309	
308	319	333	332	330	316	338	312	
325	348	339	349	305	344	322	313	
311	312	323	331	333	303	314	316	
313	332	328	323	310	308	324	318	
308	303	342	343	328	338	337	347	
306	343	324	337	334	305	303	314	
305	341	332	325	301	300	313	329	
316	339	349	342	303	301	306	318	
320	327	338	304	306	347	318	349	
322	308	323	316	311	332	339	314	
326	336	303	329	327	343	339	310	
311	343	337	310	341	336	344	328	
306	313	316	330	308	345	324	331	
329	302	342	349	336	341	303	309	
316	335	310	324	304	344	331	326	
329	330	308	327	310	322	309	303	
321	305	346	303	329	332	333	311	
349	348	304	344	312	302	317	325	
329	319	306	326	341	331	307	308	
329	333	342	338	341	344	331	307	
348	305	345	318	343	338	313	333	
349	314	343	315	338	336	306	304	
310	314	342	347	317	333	341	302	
303	312	322	327	320	337	344	328	
328	315	304	311	337	319	330	313	
324	300	349	316	337	322	311	313	
319	317	338	304	348	323	347	333	
337	305	348	341	330	331	340	343	
338	320	315	307	309	319	322	336	
315	326	339	347	346	328	341	325	
333	304	325	349	348	317	306	330	
307	339	344	302	312	319	327	316	
308	317	316	337	300	301	340	348	
313	335	339	305	346	301	317	340	
314	302	324	347	319	304	322	301	
302	343	347	340	312	326	327	332	
313	301	323	319	347	321	337	303	
301	337	338	342	343	304	308	344	
300	330	336	316	323	306	304	343	
316	339	304	315	340	320	343	326	
322	315	310	318	348	332	334	301	
324	338	340	301	332	302	345	312	
346	316	329	311	336	347	326	310	
316	304	336	326	328	313	324	320	
312	332	336	327	330	302	320	329	
341	307	349	332	303	309	305	326	
358	381	391	383	398	364	389	395	
390	367	373	396	378	356	363	362	
363	368	384	383	375	366	376	390	
386	399	358	369	366	382	385	380	
353	352	375	365	366	397	376	355	
360	354	353	378	370	394	368	379	
397	380	365	392	399	358	361	359	
377	366	355	354	369	350	361	376	
366	362	352	383	397	396	384	361	
372	376	350	357	399	384	391	366	
352	396	394	358	397	386	388	368	
359	376	377	351	363	368	372	379	
366	355	385	368	350	390	395	375	
371	394	353	388	359	384	362	390	
396	388	365	353	399	383	385	394	
372	389	367	369	374	383	398	392	
382	368	386	359	380	366	356	390	
398	358	371	366	394	354	353	370	
358	367	350	366	393	396	387	386	
383	375	385	359	350	386	366	378	
374	353	376	393	391	372	390	375	
399	373	375	386	359	366	377	352	
397	365	388	356	380	350	354	366	
372	387	379	396	384	355	389	390	
381	354	371	372	352	368	362	380	
370	389	392	399	398	391	396	356	
386	370	354	360	358	382	372	375	
362	378	369	381	358	352	366	354	
370	363	360	358	350	376	359	377	
354	389	373	351	359	393	371	396	
386	372	373	367	375	393	396	385	
396	360	366	369	390	370	356	363	
362	397	393	367	369	381	390	378	
364	381	397	398	375	360	385	356	
389	359	351	383	366	391	382	353	
386	354	390	377	379	367	374	380	
370	359	384	375	366	368	373	390	
391	379	359	385	357	353	369	388	
362	366	365	379	389	391	369	354	
374	352	398	387	368	351	385	375	
353	372	383	364	395	357	363	369	
366	361	379	356	364	392	362	350	
362	399	386	365	382	368	396	361	
365	386	398	353	388	397	358	390	
360	371	378	354	358	379	357	383	
354	355	399	386	390	368	356	370	
381	361	355	364	397	371	370	385	
394	353	350	387	372	389	375	362	
390	361	399	369	383	382	389	362	
372	358	364	366	350	382	379	370	
420	408	430	409	441	436	401	437	
425	445	408	431	446	432	403	413	
412	411	424	414	432	435	431	445	
444	419	435	402	409	438	408	449	
431	423	412	417	421	403	422	447	
438	400	445	416	441	433	406	404	
426	410	437	445	411	417	441	431	
431	414	419	407	410	408	433	446	
435	411	406	412	427	432	405	410	
403	424	412	445	423	448	425	430	
443	426	438	430	411	413	410	420	
422	427	428	443	448	420	410	408	
448	435	449	412	437	444	428	426	
422	448	425	438	441	437	429	435	
411	439	443	441	405	447	413	444	
400	449	416	437	428	408	443	417	
436	426	433	432	421	442	412	410	
417	409	407	427	412	403	401	438	
449	415	401	433	424	403	447	443	
413	439	424	417	447	423	425	403	
435	410	430	446	438	420	405	406	
412	440	436	424	432	418	427	431	
423	412	407	425	403	434	415	427	
415	449	433	400	432	426	413	428	
421	408	435	442	415	445	425	430	
405	434	432	423	418	429	444	447	
445	426	420	425	428	421	407	438	
403	427	437	400	421	434	431	424	
421	432	447	434	431	415	408	443	
408	448	421	429	430	442	427	410	
442	407	417	445	420	432	447	426	
414	432	407	404	426	412	441	449	
410	449	413	421	418	437	415	429	
406	430	429	419	407	408	411	424	
428	408	404	448	440	424	425	437	
431	438	418	409	425	430	441	419	
449	441	421	402	404	435	427	448	
405	410	422	434	449	433	446	432	
409	427	413	402	424	410	406	443	
420	405	444	412	403	417	413	434	
407	446	433	449	426	438	414	406	
444	427	436	403	400	417	428	424	
438	410	449	415	409	447	407	418	
416	442	408	401	433	402	426	448	
444	425	439	443	400	428	403	445	
440	430	431	446	427	402	406	419	
435	406	418	436	407	429	437	409	
430	438	423	408	445	400	405	413	
436	442	429	445	410	414	427	431	
415	426	428	409	437	400	404	425	
478	470	464	462	469	466	496	455	
479	457	464	452	468	491	487	470	
497	453	495	478	455	491	481	456	
477	453	454	457	459	489	499	461	
476	492	499	475	472	459	474	469	
493	495	458	486	465	470	481	477	
452	465	473	498	453	479	458	481	
498	458	481	490	468	471	491	485	
481	475	498	467	465	499	469	487	
463	485	483	455	457	462	451	496	
493	458	461	487	473	478	481	495	
478	481	452	462	477	499	472	471	
480	482	466	467	490	479	460	489	
495	478	472	479	458	474	477	461	
478	470	492	472	458	480	497	476	
462	458	490	457	496	481	461	491	
456	475	450	461	499	473	485	497	
489	464	465	461	450	495	488	498	
463	485	489	498	461	452	472	497	
456	469	491	479	481	489	482	490	
479	494	462	467	457	473	492	456	
477	486	476	456	462	459	483	479	
481	456	498	492	467	487	462	457	
473	451	482	478	483	468	462	496	
491	460	494	486	476	495	487	465	
495	493	497	463	451	470	462	481	
475	470	481	458	454	467	465	456	
455	487	482	499	466	491	480	453	
471	455	498	472	489	470	464	488	
493	485	498	476	480	488	483	465	
492	498	468	455	451	493	456	467	
453	454	465	480	450	458	460	478	
498	458	483	474	456	473	460	450	
457	458	456	492	474	483	491	478	
490	465	492	474	497	453	462	480	
457	462	483	476	490	454	497	460	
478	491	498	454	479	496	497	481	
471	460	476	492	488	453	456	479	
490	468	496	495	472	493	454	475	
489	476	485	499	492	452	466	451	
462	488	456	473	480	482	472	450	
477	483	451	480	472	460	489	469	
499	456	464	494	459	490	492	470	
472	451	475	455	497	466	454	461	
470	477	469	466	488	481	480	487	
458	457	498	473	493	467	471	491	
463	482	460	459	453	486	485	472	
472	494	463	484	486	474	492	452	
487	490	499	451	461	485	450	452	
490	450	472	483	477	497	491	486	
350	458	380	
157	37	159	
280	78	13	
24	72	332	
74	499	141	
59	492	396	
474	365	238	
496	302	312	
273	369	129	
215	18	398	
266	62	55	
271	19	255	
68	114	398	
202	41	193	
166	248	33	
139	469	315	
153	414	207	
482	147	273	
419	420	492	
220	443	13	
479	235	308	
124	88	467	
486	372	58	
136	430	240	
256	497	332	
228	454	404	
398	485	131	
73	76	274	
245	465	319	
345	2	168	
9	484	288	
403	324	474	
381	39	152	
248	456	255	
214	443	303	
438	243	264	
439	217	249	
181	424	29	
69	67	293	
69	161	321	
55	170	71	
3	307	421	
321	450	340	
296	491	154	
267	88	231	
241	68	70	
64	387	474	
400	394	53	
23	22	279	
102	154	2	
454	47	239	
68	190	78	
211	66	306	
159	356	73	
13	178	359	
244	375	466	
257	373	441	
11	390	67	
107	62	448	
301	302	194	
112	199	217	
163	257	476	
392	499	147	
109	124	160	
184	214	130	
214	480	353	
241	138	481	
95	181	474	
151	442	68	
71	177	23	
217	369	110	
426	360	25	
82	440	0	
101	127	29	
300	487	438	
84	336	345	
441	448	22	
123	294	289	
195	78	411	
352	74	90	
410	119	101	
104	375	470	
59	85	353	
53	475	493	
358	455	176	
245	165	77	
415	400	185	
427	263	25	
475	358	290	
390	301	408	
475	367	43	
53	321	290	
252	326	34	
106	303	311	
286	473	221	
188	58	327	
43	292	489	
99	230	187	
441	446	9	
152	234	373	
383	276	466	
17	241	428	
103	270	176	
470	202	164	
268	313	249	
53	263	458	
495	197	386	
447	485	463	
147	234	413	
250	431	113	
243	29	199	
163	268	469	
192	181	21	
374	335	217	
281	476	305	
112	490	56	
251	111	90	
356	229	6	
475	444	63	
372	290	365	
25	10	83	
217	148	372	
175	319	426	
300	481	433	
368	75	153	
227	110	250	
396	193	166	
109	311	419	
309	203	16	
240	309	272	
248	345	399	
393	267	258	
215	3	126	
390	110	166	
401	294	486	
289	76	292	
34	222	298	
318	342	99	
448	271	202	
191	346	436	
48	419	109	
235	351	266	
216	427	136	
307	219	8	
281	69	42	
492	488	331	
365	82	137	
55	479	182	
493	112	74	
157	141	174	
473	168	352	
297	11	199	
189	414	434	
244	446	424	
470	457	315	
43	49	256	
475	177	390	
9	33	138	
385	130	475	
486	376	141	
486	149	286	
177	62	269	
277	419	174	
273	242	17	
301	496	192	
469	484	375	
480	106	488	
431	437	279	
27	249	241	
35	200	444	
35	459	123	
282	193	321	
398	301	408	
401	79	251	
271	372	55	
324	198	426	
455	262	424	
185	156	22	
489	269	63	
352	11	427	
108	406	410	
68	416	451	
27	278	374	
168	38	94	
113	238	244	
24	288	402	
353	496	464	
29	55	319	
86	290	8	
491	392	39	
84	365	153	
416	161	125	
485	453	50	
485	376	132	
333	220	162	
378	179	139	
459	213	60	
175	392	373	
351	13	122	
98	418	337	
381	7	228	176	
431	119	299	300	
179	153	146	227	
220	101	453	455	
279	95	465	147	
340	205	28	345	
217	339	416	122	
438	335	482	72	
224	467	259	141	
266	339	25	29	
242	109	239	477	
233	356	104	45	
38	222	372	110	
103	247	399	267	
273	4	431	258	
211	318	131	472	
19	185	499	60	
14	407	269	263	
204	104	69	130	
240	308	287	16	
238	123	263	332	
453	142	371	272	
406	473	432	349	
473	381	85	97	
174	136	107	276	
415	207	74	434	
362	27	31	67	
275	420	149	214	
286	116	53	296	
287	423	27	369	
477	109	62	23	
447	39	318	78	
61	408	122	224	
331	399	374	317	
211	338	214	479	
51	155	82	225	
52	367	147	395	
45	179	82	496	
394	200	369	50	
75	232	321	455	
166	119	334	301	
105	110	431	445	
359	123	277	417	
28	102	378	474	
441	277	321	327	
30	444	481	248	
449	386	137	256	
109	414	103	2	
367	344	361	84	
499	386	299	372	
111	349	29	242	
185	365	315	384	
366	142	169	272	
319	86	40	334	
319	406	491	166	
350	478	452	275	
151	19	164	106	
328	444	479	349	
45	486	56	336	
22	136	157	0	
57	1	166	380	
15	257	228	425	
268	391	350	358	
249	236	286	417	
43	425	354	89	
203	119	171	95	
325	42	304	98	
194	387	336	422	
325	242	91	133	
353	363	469	354	
493	204	42	156	
354	155	153	469	
48	280	459	417	
16	105	499	257	
30	164	475	77	
2	112	279	433	
89	64	433	413	
474	443	156	62	
424	57	120	185	
129	45	450	283	
422	350	364	26	
12	261	179	326	
127	287	211	346	
278	299	9	295	
401	30	187	211	
260	187	202	109	
52	454	490	381	
292	12	10	362	
232	407	280	455	
441	70	190	27	
233	434	430	209	
362	410	200	131	
96	204	427	341	
422	278	199	381	
45	350	308	228	
336	108	9	210	
259	275	89	55	
4	318	300	223	
496	248	141	453	
197	362	441	30	
133	134	361	429	
25	138	326	324	
495	95	379	69	
261	309	466	226	
21	102	106	375	
390	111	243	406	
308	404	147	479	
395	385	50	186	
164	130	105	377	
463	121	124	265	
217	23	397	475	
422	392	396	200	
324	457	389	401	
205	168	234	326	
33	228	3	333	
44	402	243	122	
52	134	365	185	
230	66	292	359	
126	386	142	352	
497	21	128	294	
445	206	233	169	
5	80	336	100	
187	237	276	265	
152	423	368	290	
447	467	444	228	
488	494	34	464	
353	493	179	480	
217	269	322	224	
134	285	455	317	
42	75	92	147	
470	358	330	266	
432	142	156	455	
355	312	423	4	
59	191	495	213	
137	443	288	261	
23	340	476	174	
255	377	215	19	
300	278	192	124	
237	206	136	262	
407	153	435	154	
416	61	2	262	
270	12	223	471	
212	235	154	156	
9	194	172	102	
491	120	118	143	
490	397	298	499	
124	195	443	472	
132	102	343	272	
314	332	46	371	
298	125	357	186	
450	485	345	408	
41	410	171	107	
408	347	318	426	
259	212	484	448	
80	286	353	487	
288	478	352	242	
48	232	357	35	
175	404	383	224	
212	332	292	411	
481	175	200	371	
63	151	423	475	
218	72	388	225	
199	290	258	277	
92	283	76	199	
141	265	477	385	
86	53	286	89	
184	486	467	374	
188	135	396	151	
491	287	236	441	
34	257	348	132	
201	210	0	382	
137	241	138	155	
166	307	338	325	
269	174	428	28	
60	331	394	295	
55	303	281	11	
270	468	225	483	
184	323	181	427	
210	19	300	455	
170	200	332	411	
291	168	32	400	
437	361	488	469	
320	160	205	46	
378	407	62	191	
11	213	410	142	
178	329	199	52	
293	81	58	464	
148	45	88	149	
114	355	299	397	
68	448	63	265	
237	235	388	210	
320	412	305	473	
177	46	317	285	
350	331	415	22	
75	454	457	255	
126	236	49	193	
408	215	238	82	
192	170	492	83	
50	413	111	170	
173	87	467	85	
453	226	465	108	280	
108	120	7	334	169	
136	185	443	133	355	
47	105	280	203	123	
96	394	147	200	387	
472	247	196	135	312	
237	494	412	425	85	
478	44	480	120	382	
453	161	118	431	361	
316	343	126	138	364	
301	433	140	370	194	
119	350	199	435	373	
274	179	495	353	69	
125	237	150	133	176	
360	286	326	385	270	
1	41	127	80	339	
315	463	192	435	330	
413	89	165	278	314	
432	213	493	281	97	
110	106	316	264	446	
316	303	479	300	62	
405	233	14	371	26	
401	244	433	495	116	
30	228	495	137	446	
15	491	289	269	415	
476	271	494	172	456	
342	32	91	279	490	
223	362	224	16	431	
32	242	455	228	175	
158	130	260	281	304	
245	327	444	90	401	
108	433	278	298	145	
86	50	205	298	107	
3	412	28	60	72	
264	103	123	290	323	
262	399	460	279	374	
263	253	264	400	280	
456	45	374	432	198	
374	403	192	376	295	
220	498	147	406	140	
5	78	33	480	431	
380	265	67	161	335	
384	142	392	435	163	
313	390	322	323	437	
76	255	266	62	233	
469	232	128	234	2	
94	420	156	215	199	
453	140	7	407	118	
371	116	325	172	170	
91	137	170	361	231	
401	321	458	217	471	
354	315	351	132	460	
328	373	461	285	365	
36	109	309	387	82	
458	132	340	275	396	
85	217	357	317	473	
166	162	109	28	344	
438	414	54	479	454	
165	15	229	395	347	
140	83	16	150	364	
120	8	75	185	242	
403	357	475	425	330	
323	297	217	206	300	
293	207	274	329	275	
17	274	286	342	45	
45	159	175	350	192	
153	219	305	324	300	
266	195	326	418	99	
469	133	428	302	167	
488	412	6	359	330	
179	326	319	34	246	
485	168	465	452	88	
5	9	496	79	258	
276	88	285	113	163	
354	88	443	105	125	
461	496	202	55	138	
247	148	262	8	104	
249	247	383	344	167	
403	402	316	277	264	
484	359	103	85	277	
13	303	429	79	192	
394	156	319	308	148	
147	466	29	391	102	
481	475	111	443	163	
395	260	416	412	442	
71	32	308	404	12	
58	237	299	443	422	
499	135	77	33	310	
386	471	297	15	251	
306	338	58	396	245	
430	58	238	361	20	
220	199	33	35	6	
159	130	26	493	231	
33	383	171	457	319	
278	135	347	191	207	
363	81	401	331	194	
374	467	244	291	21	
454	62	480	250	158	
289	372	121	255	270	
164	403	385	33	467	
248	318	41	94	109	
220	336	207	187	307	
394	88	90	360	127	
435	14	482	36	192	
219	213	1	296	386	
280	124	9	381	440	
41	477	493	314	473	
255	312	429	67	418	
487	329	8	355	224	
330	110	230	86	272	
196	255	348	234	272	
427	62	335	273	439	
167	4	497	331	458	
376	84	470	153	397	
134	345	232	198	234	
224	350	8	300	144	
124	466	268	27	451	
400	314	399	9	231	
229	0	96	1	242	
205	288	351	170	465	
184	427	209	291	116	
284	437	391	205	372	
3	288	100	10	483	
41	312	266	349	476	
412	57	313	82	135	
158	384	40	362	443	
290	203	499	87	249	
44	312	100	332	128	
339	394	376	345	268	
407	221	309	60	12	
416	202	453	256	198	
217	135	475	400	36	
198	50	359	225	412	
61	471	432	340	57	
224	246	82	276	186	
380	434	315	37	412	
5	265	251	146	198	
283	144	109	440	253	
145	9	228	210	392	
463	132	436	21	497	
357	138	43	371	126	
24	378	206	156	443	
434	401	129	300	462	
179	76	244	109	469	
224	304	388	21	345	
131	207	259	53	255	
245	428	100	392	34	
127	444	481	147	16	
96	412	92	447	168	
148	222	97	364	447	
350	59	241	437	45	
290	205	426	43	21	
455	487	126	494	243	
252	24	128	411	443	
23	298	29	198	401	
345	465	42	106	107	
249	266	38	77	214	
301	188	485	236	457	
181	457	20	331	436	
207	16	476	155	89	
200	420	89	482	131	
4	188	303	48	177	
174	472	350	175	98	
0	88	256	75	445	
184	38	380	283	459	
116	57	61	370	354	
32	241	323	89	120	
329	169	342	77	92	
315	368	292	310	230	
471	147	332	11	463	
448	181	296	394	223	
485	76	268	105	197	
348	14	355	470	48	
146	341	267	291	200	
31	193	152	314	325	
294	67	271	194	238	
464	44	302	439	487	
147	395	155	433	288	
84	452	346	8	70	
437	421	49	178	79	
184	328	37	216	469	
246	205	111	191	106	
485	21	325	277	95	
313	305	469	348	451	
120	256	403	483	472	
2	326	145	269	434	
168	369	396	402	223	
77	398	7	146	31	
323	124	456	121	316	
217	382	489	429	459	
18	156	106	221	138	
168	412	197	402	326	
246	421	198	422	237	
402	367	228	276	177	
12	484	248	67	82	
472	67	345	340	238	
13	27	334	149	0	
493	398	409	144	238	
494	317	491	120	268	
176	133	130	212	38	
