49	8	26	7	15	40	
21	39	22	6	42	23	
38	16	22	48	17	18	
13	23	28	49	37	15	
7	4	2	44	20	11	
49	37	0	21	33	39	
9	33	24	12	37	20	
31	5	25	21	28	14	
40	3	45	29	20	18	
6	43	33	8	49	32	
14	48	1	22	45	37	
19	22	34	25	30	4	
21	44	19	13	30	37	
30	14	12	23	3	43	
29	18	41	49	16	17	
14	31	39	20	36	46	
29	18	41	5	14	40	
24	33	9	3	21	39	
28	3	21	24	36	37	
34	7	14	2	9	13	
20	47	3	11	24	29	
15	17	33	42	6	14	
49	44	48	17	31	5	
19	38	4	40	49	25	
34	18	7	43	0	20	
42	9	19	23	27	24	
10	43	14	23	15	16	
15	17	33	5	18	26	
7	3	25	24	15	37	
12	26	13	42	17	28	
40	1	23	15	35	2	
7	39	38	30	16	34	
12	1	3	11	32	48	
14	32	26	43	23	20	
34	46	45	26	18	19	
8	29	3	24	9	48	
30	25	49	32	6	46	
10	25	12	27	48	26	
32	38	4	45	42	37	
28	19	4	42	1	13	
48	24	5	26	30	35	
18	28	30	1	29	34	
30	7	48	9	37	21	
7	46	34	17	12	25	
28	35	45	44	15	46	
32	20	34	41	19	45	
21	46	22	7	8	40	
18	36	24	14	20	25	
5	33	25	40	18	29	
7	36	31	2	15	32	
63	57	66	78	71	55	
84	71	52	83	69	82	
83	60	74	99	67	55	
64	77	74	84	54	96	
89	72	87	97	79	50	
68	94	62	91	63	87	
72	64	94	93	79	86	
51	61	91	58	72	53	
62	92	88	54	89	99	
59	52	73	97	89	61	
86	81	60	74	50	78	
92	73	77	82	56	83	
71	54	72	89	62	65	
96	67	75	86	87	52	
66	84	77	64	61	90	
57	58	66	77	83	65	
96	92	77	68	89	65	
97	78	94	50	75	55	
67	91	83	99	89	56	
62	95	75	63	96	81	
53	90	99	57	61	56	
61	74	70	79	71	62	
59	71	95	63	88	68	
96	64	59	89	85	53	
93	97	65	92	79	89	
54	79	67	85	86	60	
99	54	64	79	67	75	
85	52	95	72	89	76	
69	63	59	79	90	57	
55	85	68	93	99	78	
82	90	68	76	58	77	
87	61	75	55	76	90	
94	54	61	85	60	75	
63	68	75	81	79	73	
80	96	92	57	53	88	
60	88	66	71	68	98	
66	98	61	91	99	55	
80	89	68	61	62	53	
83	51	57	71	93	80	
58	83	71	57	62	92	
58	93	66	67	92	78	
85	75	76	82	67	99	
63	67	71	89	65	83	
89	87	79	91	52	67	
89	74	76	90	98	70	
61	58	69	77	96	65	
53	64	61	76	94	62	
75	97	80	88	72	81	
77	66	61	72	50	95	
99	51	89	92	86	72	
107	138	108	110	103	118	
111	148	131	136	102	138	
112	132	144	125	129	116	
136	129	104	135	107	114	
140	127	143	141	116	114	
124	126	149	127	101	146	
113	124	104	138	105	128	
144	125	101	102	127	147	
100	144	135	116	126	117	
144	106	105	129	123	126	
119	126	123	135	107	120	
147	135	104	125	129	108	
115	127	141	132	125	135	
103	115	134	140	116	141	
149	136	133	121	139	137	
140	113	135	131	103	111	
140	147	103	112	109	130	
112	114	103	133	122	128	
134	104	128	107	140	132	
121	148	143	147	104	109	
139	105	131	149	116	110	
145	134	101	123	104	130	
146	130	112	145	126	147	
103	106	119	147	108	121	
124	129	111	125	136	139	
117	120	122	106	147	111	
133	112	107	101	140	145	
145	129	146	105	107	116	
129	102	123	148	143	142	
124	146	132	113	110	104	
102	131	145	140	146	126	
112	121	118	134	113	107	
109	127	104	141	107	100	
143	131	112	126	113	141	
142	121	108	115	141	122	
111	131	110	104	145	130	
105	122	115	132	149	120	
117	119	107	116	131	104	
137	143	145	117	110	148	
120	122	131	101	117	103	
136	142	100	122	147	133	
132	106	127	114	124	140	
147	134	124	117	131	148	
103	112	118	130	114	149	
107	127	126	148	122	115	
144	121	100	139	104	134	
128	109	134	146	136	141	
129	144	143	130	128	100	
118	145	144	136	128	137	
143	116	148	149	141	100	
168	190	151	197	165	185	
163	186	164	169	179	157	
179	166	176	154	160	157	
151	180	162	157	171	188	
179	165	187	168	153	169	
176	161	174	180	150	163	
184	151	190	165	194	182	
185	160	155	159	197	163	
160	170	157	176	169	183	
179	155	188	190	197	164	
156	187	179	189	186	155	
181	180	182	184	150	183	
162	199	181	168	190	179	
195	176	193	172	191	190	
196	195	157	177	170	174	
170	164	163	183	173	176	
163	181	156	197	194	161	
166	183	152	176	151	189	
175	186	179	156	163	171	
194	155	185	150	164	196	
167	174	162	166	157	176	
187	154	152	171	184	162	
194	199	189	166	196	169	
151	184	192	176	163	171	
189	156	192	187	180	167	
161	180	176	178	197	158	
164	167	171	196	192	189	
183	169	186	175	162	195	
173	161	171	179	189	192	
166	151	168	158	169	170	
170	161	160	173	163	167	
161	166	159	193	155	170	
160	165	178	190	168	150	
166	187	159	175	198	174	
184	194	196	158	163	179	
157	178	194	191	189	183	
198	156	190	157	185	195	
151	152	173	168	162	170	
163	188	198	184	190	181	
189	175	157	184	172	171	
170	190	167	186	198	178	
168	172	158	195	194	170	
183	167	178	184	163	159	
172	198	190	163	175	174	
160	173	183	194	171	197	
196	163	185	156	189	164	
184	155	152	192	150	190	
177	196	150	160	193	170	
175	178	167	179	168	187	
180	174	152	188	159	186	
205	231	211	215	247	232	
206	244	218	248	213	221	
230	237	242	200	236	243	
216	241	201	240	239	218	
242	218	210	215	214	219	
240	211	225	200	227	237	
249	234	246	241	233	231	
207	201	249	235	232	243	
201	240	244	241	234	237	
205	221	209	238	211	247	
239	212	209	235	230	206	
224	248	209	229	220	240	
218	219	246	214	208	200	
244	249	245	206	214	243	
228	241	231	211	209	233	
220	201	215	223	210	218	
209	229	217	227	243	225	
204	236	205	217	202	235	
226	229	239	245	248	236	
211	204	249	213	220	200	
205	236	223	238	207	235	
206	231	202	205	226	247	
246	213	221	219	202	231	
203	219	236	216	235	210	
227	214	202	238	228	222	
213	221	249	242	241	209	
203	225	220	235	200	221	
239	233	200	217	206	241	
220	246	237	215	224	238	
205	228	219	249	236	201	
224	214	218	201	245	211	
201	245	247	213	231	248	
215	241	208	244	212	228	
223	242	246	243	211	238	
204	212	210	246	206	208	
208	234	205	200	242	216	
212	241	221	229	208	248	
241	210	230	224	211	223	
206	214	242	224	246	222	
220	235	245	225	246	224	
236	220	247	218	241	217	
203	202	208	226	222	215	
209	238	227	216	243	217	
233	239	213	201	236	208	
237	202	246	241	231	226	
207	229	236	200	218	230	
233	245	236	210	205	207	
217	243	225	240	245	221	
224	211	225	209	243	245	
208	213	246	219	217	214	
280	274	291	261	260	251	
276	254	264	284	295	286	
282	258	276	279	274	292	
252	285	253	274	292	297	
286	298	292	258	254	279	
299	258	270	257	286	254	
273	277	265	279	287	276	
277	297	298	292	269	294	
284	254	273	290	295	265	
273	275	260	286	279	299	
286	264	265	274	257	294	
277	254	294	286	256	265	
254	261	296	299	257	260	
295	263	267	277	278	251	
298	274	268	289	256	272	
294	258	252	264	296	257	
285	261	294	251	262	286	
285	262	286	295	259	270	
259	251	260	252	264	287	
287	251	286	254	256	290	
289	296	294	259	293	262	
266	283	287	276	265	267	
252	267	256	297	279	273	
273	277	275	265	259	295	
252	282	284	293	285	283	
287	291	274	294	285	277	
260	259	262	255	299	254	
276	258	272	268	266	289	
271	293	250	258	251	290	
268	283	298	279	286	272	
258	296	269	263	283	250	
284	251	254	253	274	268	
284	257	255	254	290	283	
284	292	287	261	260	265	
297	292	263	278	299	281	
289	258	281	295	252	261	
253	266	297	283	252	260	
286	268	255	279	284	296	
276	250	269	275	282	290	
281	287	271	262	259	280	
259	273	295	277	283	267	
273	268	286	294	263	284	
287	263	297	296	279	290	
283	265	285	253	261	286	
275	290	299	284	279	281	
260	273	263	272	255	261	
258	283	267	273	254	294	
292	250	291	253	273	287	
266	284	281	288	287	255	
257	298	250	273	297	255	
349	335	309	317	305	323	
325	316	303	340	329	304	
300	314	348	305	310	325	
341	333	309	327	337	346	
320	342	332	328	336	308	
346	320	304	342	326	333	
317	306	320	343	338	323	
310	320	337	303	330	347	
345	304	342	311	303	349	
332	315	345	338	321	326	
333	345	311	300	320	329	
325	336	331	339	319	307	
327	308	349	305	341	345	
323	331	308	339	324	312	
302	321	330	340	329	318	
329	317	340	305	313	331	
304	335	314	321	332	308	
344	324	321	307	333	316	
322	344	301	326	330	306	
303	330	328	305	325	306	
346	341	300	343	316	335	
315	338	305	348	346	324	
311	316	323	336	342	343	
326	325	324	344	312	345	
309	336	300	347	331	311	
326	329	344	321	331	347	
342	325	330	329	345	332	
321	303	335	315	313	323	
326	311	313	328	348	332	
301	340	345	332	335	331	
341	329	342	307	328	330	
348	303	306	329	342	334	
329	318	347	319	302	304	
311	318	336	305	331	322	
310	329	318	313	333	315	
315	314	337	318	304	340	
314	343	309	325	336	320	
319	332	304	337	316	346	
317	340	312	342	329	343	
325	320	346	340	307	312	
340	342	308	320	345	335	
346	349	333	309	347	319	
349	324	306	301	340	329	
324	315	337	302	330	335	
338	334	315	346	312	318	
302	300	304	347	333	317	
344	329	345	337	300	308	
316	313	302	336	346	330	
309	303	320	301	316	307	
307	303	324	329	330	314	
390	396	374	355	370	392	
365	384	385	394	366	353	
353	366	357	351	373	381	
370	361	374	364	398	355	
385	357	389	376	352	392	
357	373	378	385	396	365	
374	372	357	354	385	359	
377	387	398	380	379	373	
368	354	360	350	388	377	
375	399	389	374	386	363	
351	391	381	353	375	366	
374	399	398	385	386	350	
363	399	360	392	351	355	
366	362	388	390	351	360	
397	353	371	350	360	370	
376	378	387	358	371	397	
363	381	364	357	388	354	
350	358	362	382	375	378	
351	360	388	383	372	365	
398	350	360	389	363	395	
385	371	388	383	386	359	
363	359	361	350	396	367	
357	376	381	362	352	355	
351	378	367	368	377	383	
379	353	385	354	358	381	
397	351	360	364	398	371	
377	384	364	356	374	399	
361	399	387	395	370	369	
383	359	355	351	382	392	
391	350	351	365	388	358	
369	376	357	385	373	368	
391	398	358	379	364	360	
380	351	390	379	363	388	
397	378	386	395	361	383	
369	355	385	359	358	383	
387	394	389	397	358	390	
371	393	381	359	380	375	
390	371	397	362	370	355	
381	356	379	364	368	393	
371	358	367	365	384	357	
351	367	379	394	387	371	
398	363	374	390	384	391	
391	366	372	386	364	375	
363	378	381	358	361	385	
391	375	393	353	359	358	
396	399	369	360	373	361	
358	373	364	379	384	385	
355	372	381	364	388	384	
365	353	382	366	358	360	
395	378	399	369	351	353	
435	423	442	416	410	414	
407	435	418	423	438	404	
425	429	428	423	424	438	
442	448	441	409	413	429	
424	416	437	436	447	402	
411	439	412	418	403	409	
438	436	407	405	443	427	
419	407	446	445	404	422	
436	406	428	421	415	417	
430	424	427	437	445	422	
422	424	433	415	401	446	
442	414	416	437	426	431	
445	408	435	437	448	428	
414	448	427	430	403	439	
404	422	403	408	416	436	
429	446	407	432	418	414	
413	402	440	447	425	439	
442	422	409	444	438	427	
439	447	407	412	405	417	
426	416	424	441	401	404	
401	410	437	419	442	443	
426	449	437	408	406	417	
435	419	427	438	430	441	
427	414	443	402	435	442	
405	442	426	404	424	449	
417	447	430	419	429	409	
410	415	412	417	438	407	
416	412	430	439	408	444	
445	441	438	409	432	429	
442	403	413	427	433	424	
428	447	402	410	409	408	
422	400	416	439	414	436	
440	421	411	446	434	406	
430	409	413	400	432	422	
407	422	410	434	423	412	
444	425	439	449	443	438	
405	439	426	441	449	430	
425	401	442	412	429	418	
419	439	403	424	446	408	
415	410	425	437	409	448	
432	437	448	440	427	404	
401	408	449	448	428	413	
425	419	432	442	406	431	
433	449	420	436	434	429	
412	413	423	440	400	438	
405	406	446	416	440	425	
448	428	408	416	400	426	
412	405	404	420	441	424	
413	416	406	432	435	404	
404	426	440	437	423	441	
493	465	470	455	479	472	
493	483	461	492	452	454	
482	464	452	454	497	465	
455	489	472	485	496	456	
488	475	494	497	474	498	
471	465	474	475	498	473	
482	481	461	471	484	495	
467	482	470	492	465	493	
496	492	471	487	485	476	
491	450	480	460	470	495	
483	497	475	480	468	453	
480	456	468	455	477	458	
465	462	490	458	466	499	
493	495	462	476	492	488	
452	475	491	461	487	497	
477	476	489	493	465	490	
458	479	456	481	497	492	
488	486	465	461	452	498	
488	460	462	452	481	458	
468	474	452	458	469	485	
476	496	498	474	462	457	
483	494	463	455	453	489	
496	470	471	469	490	486	
457	479	483	463	491	486	
480	453	458	464	455	465	
492	486	484	475	456	466	
458	461	453	489	486	468	
495	487	453	498	466	491	
473	467	487	497	450	451	
497	460	455	463	461	478	
485	461	495	477	465	464	
458	483	475	466	461	468	
475	483	493	465	454	488	
481	465	488	451	475	496	
458	489	482	499	477	474	
467	496	482	476	478	469	
458	492	481	490	461	463	
450	476	485	453	465	491	
498	481	456	450	479	485	
474	471	499	457	481	485	
462	489	491	493	461	488	
464	453	492	495	455	454	
473	492	491	467	471	450	
474	478	468	456	485	451	
466	484	465	474	471	452	
454	476	457	490	484	480	
493	482	456	494	459	475	
493	488	462	469	459	473	
484	473	489	485	460	455	
474	479	461	452	485	490	
16	26	35	48	0	20	42	
13	44	15	24	30	40	22	
17	45	11	10	42	2	35	
39	10	17	20	47	5	29	
6	2	20	24	11	40	18	
9	35	42	45	48	13	10	
29	16	19	30	45	48	31	
35	47	9	31	45	5	49	
13	21	35	16	34	12	2	
37	46	34	11	26	10	48	
7	42	33	34	47	43	46	
23	30	48	5	18	32	43	
2	43	29	14	31	1	24	
30	43	28	36	16	19	3	
45	1	18	23	11	33	5	
40	31	42	7	37	9	46	
14	22	25	40	30	27	37	
37	44	15	18	7	26	5	
46	37	19	15	14	34	30	
4	9	6	25	26	14	45	
34	29	48	2	35	31	19	
8	23	17	0	12	21	14	
14	30	42	31	20	37	44	
34	8	29	36	7	15	37	
18	0	36	31	49	17	15	
10	17	2	20	16	38	37	
29	36	5	14	15	17	38	
7	32	30	15	22	23	1	
25	39	6	43	5	26	1	
41	15	38	16	36	2	9	
2	42	12	20	4	26	21	
42	32	28	26	1	37	48	
21	27	13	49	48	14	25	
6	29	35	19	38	48	33	
36	12	32	40	4	8	49	
21	40	26	33	28	41	20	
13	42	48	22	32	0	2	
11	27	1	47	48	34	26	
30	42	43	18	2	20	47	
20	0	36	38	6	10	9	
27	42	32	38	13	24	21	
11	2	16	7	32	10	5	
47	25	46	19	45	23	36	
33	1	17	47	3	4	19	
23	12	4	3	17	33	45	
29	11	13	43	37	7	9	
22	37	1	36	13	8	34	
40	30	11	48	17	33	24	
22	6	44	29	16	39	18	
0	16	8	23	48	37	18	
77	82	60	52	58	54	90	
51	63	90	84	87	93	73	
71	58	92	69	65	93	70	
71	67	65	86	96	59	84	
52	51	85	71	67	62	96	
98	70	99	77	93	89	88	
98	64	91	62	63	58	51	
87	80	81	82	52	74	57	
76	72	70	62	55	73	66	
92	59	89	94	87	66	68	
80	78	85	55	65	71	88	
80	86	89	79	85	92	82	
94	51	83	91	84	76	89	
61	59	51	84	72	54	70	
97	67	90	84	79	89	54	
50	51	69	52	99	66	61	
86	84	93	90	88	59	66	
86	95	93	56	83	55	62	
58	71	73	99	59	94	52	
80	91	51	71	75	94	55	
66	64	86	71	99	81	75	
82	73	69	78	64	88	93	
86	82	74	61	79	87	60	
57	87	84	61	69	95	76	
60	73	82	93	62	58	63	
86	94	87	60	89	71	55	
66	76	65	56	74	81	96	
94	54	60	83	74	99	84	
51	66	73	71	67	90	62	
78	80	61	90	86	75	67	
61	88	72	69	75	67	55	
65	68	94	95	67	80	75	
90	79	95	69	70	65	62	
69	97	90	52	98	76	66	
81	79	82	97	63	68	86	
63	92	83	56	88	54	93	
65	71	67	73	51	74	66	
66	70	80	71	69	87	79	
84	77	53	68	97	92	78	
96	69	50	70	95	51	52	
68	99	95	87	89	93	80	
60	89	94	54	80	86	73	
61	72	55	70	74	51	65	
57	98	95	65	53	67	97	
78	73	51	70	88	61	69	
70	93	98	60	80	51	71	
54	79	68	71	95	80	66	
63	88	59	89	95	61	73	
97	71	94	74	67	77	73	
74	56	78	79	82	68	57	
131	134	124	148	104	121	140	
140	144	109	139	141	142	112	
145	143	116	144	139	133	114	
129	110	121	119	147	114	107	
120	122	134	137	124	117	104	
129	132	107	114	101	100	139	
148	140	143	134	146	131	120	
115	149	114	135	107	110	113	
124	137	146	140	107	135	117	
109	115	136	117	106	130	128	
149	105	129	137	111	145	120	
147	119	121	124	103	143	125	
149	121	142	135	141	117	127	
147	144	119	142	100	133	139	
145	108	133	141	110	148	118	
126	125	100	115	141	114	106	
148	127	143	102	116	135	145	
116	137	132	131	104	124	101	
123	105	137	124	146	134	145	
119	124	121	137	133	101	145	
113	121	135	134	105	112	146	
107	101	127	143	112	118	147	
116	129	121	140	114	143	137	
142	127	119	102	144	141	124	
104	108	138	109	112	135	103	
140	105	111	129	101	142	110	
129	147	113	131	106	135	110	
133	138	127	137	125	102	108	
127	126	135	110	143	128	132	
142	143	107	141	113	132	120	
119	120	123	108	140	114	116	
142	109	130	134	105	146	118	
116	137	117	109	131	128	147	
148	130	132	147	131	112	121	
137	147	125	127	106	133	138	
116	109	126	131	124	139	136	
100	111	116	121	118	127	112	
131	115	135	137	142	132	128	
129	142	109	106	119	104	146	
108	144	113	123	137	148	142	
114	111	102	146	107	139	145	
136	112	149	123	124	139	135	
123	109	112	142	120	136	141	
109	104	117	119	132	149	128	
113	124	111	107	139	141	142	
148	144	114	131	123	111	133	
127	106	123	122	140	104	145	
142	104	148	134	100	115	146	
126	105	116	149	118	147	114	
122	118	123	106	100	109	138	
151	185	174	160	186	173	165	
163	188	176	185	180	191	199	
189	187	198	171	177	190	178	
186	160	181	163	188	172	175	
169	158	194	186	151	177	188	
175	156	180	183	157	194	172	
163	175	157	174	152	195	198	
167	176	154	187	185	170	152	
181	179	164	168	155	152	151	
185	151	154	186	188	175	177	
161	152	166	179	165	199	198	
172	157	185	198	199	193	156	
172	190	175	198	164	189	183	
159	187	179	176	169	155	194	
186	171	182	176	162	191	156	
188	173	150	175	153	189	197	
185	156	186	158	180	172	187	
167	168	182	158	181	152	153	
192	171	165	184	177	168	172	
173	175	170	188	159	185	183	
165	195	192	155	153	173	157	
195	192	188	196	174	165	197	
166	194	170	192	160	171	168	
155	191	174	158	186	179	195	
178	153	164	177	195	171	166	
166	153	158	174	162	155	168	
177	188	155	176	185	181	156	
181	162	172	185	198	171	161	
189	188	173	196	151	178	161	
170	174	172	195	194	156	169	
188	177	163	162	168	164	167	
155	187	178	199	183	182	162	
162	152	194	171	178	151	153	
188	157	150	163	162	192	152	
170	198	172	156	185	197	199	
175	169	189	165	187	184	181	
153	166	185	196	168	159	182	
198	153	172	177	192	150	188	
176	194	154	163	165	179	156	
195	185	175	173	183	170	156	
190	182	187	174	152	196	199	
186	153	156	167	165	192	150	
157	184	175	194	162	155	156	
168	153	171	193	192	185	182	
197	186	155	189	180	166	162	
193	166	163	159	194	195	153	
151	172	197	195	179	175	176	
188	198	175	173	165	161	168	
170	150	178	166	165	160	156	
153	171	161	173	188	198	181	
230	227	217	238	226	218	248	
235	234	238	228	201	214	240	
236	205	218	203	237	235	206	
204	214	202	225	242	237	203	
212	226	205	248	216	230	210	
214	223	240	242	202	236	239	
243	225	217	213	224	237	202	
235	238	239	206	218	201	216	
213	241	224	208	243	242	215	
231	240	200	208	241	244	217	
216	215	227	220	239	222	241	
239	224	217	219	249	225	205	
244	230	201	219	247	226	205	
243	244	231	233	211	218	249	
242	228	232	238	233	237	225	
240	212	217	238	237	203	249	
225	213	249	218	239	234	220	
229	233	231	242	237	236	203	
213	224	217	238	235	236	201	
230	228	244	219	227	216	213	
235	208	218	213	240	244	204	
217	216	208	201	239	238	203	
201	225	233	232	202	230	234	
248	227	217	215	238	202	249	
218	206	215	209	232	224	225	
228	203	241	240	246	242	218	
211	248	221	203	244	241	224	
210	202	201	227	245	226	211	
206	248	210	236	240	224	247	
241	239	203	237	224	220	232	
246	208	236	237	200	219	213	
243	218	232	235	222	203	225	
230	227	225	235	209	236	238	
225	206	205	226	232	219	238	
202	248	236	246	231	211	203	
205	234	232	216	219	233	229	
239	202	206	221	212	248	236	
244	233	216	205	234	211	213	
201	214	247	238	213	243	235	
234	203	208	230	207	241	239	
214	213	221	248	236	228	205	
238	219	245	235	201	214	248	
245	240	216	224	247	208	223	
229	222	219	232	210	243	228	
229	204	230	207	228	226	232	
206	216	238	242	211	241	228	
221	203	249	245	242	212	215	
206	242	216	235	234	205	231	
227	245	241	205	206	248	237	
231	246	240	248	206	230	203	
252	269	296	284	297	258	274	
267	292	278	259	284	261	281	
270	282	274	276	257	267	277	
272	278	292	285	251	255	254	
270	293	253	282	284	279	275	
297	279	262	290	283	296	270	
255	276	254	291	288	260	266	
295	280	254	276	290	285	278	
261	260	293	262	251	256	288	
289	271	283	258	297	287	252	
279	268	286	258	269	291	284	
276	279	274	287	290	250	252	
251	298	281	272	292	296	284	
272	251	282	262	268	281	266	
254	263	264	251	269	272	253	
290	267	278	250	252	275	266	
257	260	253	269	251	270	292	
295	281	277	298	263	286	261	
267	297	258	282	253	294	251	
254	282	297	279	266	274	276	
284	273	275	286	252	292	269	
258	257	287	269	289	263	294	
295	293	261	285	292	291	254	
259	265	270	260	299	290	298	
274	286	258	263	260	272	259	
270	287	295	256	259	272	258	
290	250	270	277	264	278	282	
286	298	253	262	270	282	273	
280	250	275	286	274	253	287	
294	274	283	251	286	299	292	
297	296	283	263	279	252	299	
279	274	257	296	297	275	272	
276	275	298	263	296	286	297	
287	298	276	263	262	285	294	
255	271	252	257	294	265	297	
269	258	292	275	252	282	280	
279	272	292	259	253	282	252	
269	262	298	282	265	254	258	
262	268	296	265	263	258	256	
265	287	262	284	293	252	255	
296	256	275	251	266	272	282	
263	276	295	254	266	280	289	
298	274	265	254	297	267	262	
276	269	253	260	262	283	266	
291	260	257	263	270	277	283	
281	296	282	276	289	290	257	
260	257	290	295	252	287	274	
258	278	299	289	277	255	250	
293	285	286	265	298	276	271	
284	293	298	283	274	272	273	
309	323	342	338	335	337	331	
303	312	347	343	338	330	313	
335	311	328	305	347	326	332	
329	348	325	302	342	345	303	
324	327	332	329	334	326	342	
333	311	300	325	338	318	330	
315	317	335	331	311	345	349	
303	335	306	344	316	342	312	
310	313	349	336	314	300	324	
302	347	340	330	319	345	320	
308	342	312	334	347	311	303	
327	339	310	320	305	330	346	
322	334	342	300	327	315	324	
311	330	309	307	345	303	305	
306	332	324	336	333	349	314	
314	303	348	323	313	307	328	
340	307	302	321	344	300	309	
321	322	338	313	340	337	330	
346	329	345	311	348	325	315	
333	347	337	323	326	327	330	
333	323	328	309	315	310	321	
323	340	334	300	335	305	303	
324	335	306	349	320	342	300	
315	326	346	305	328	341	336	
341	307	318	333	301	304	317	
301	323	326	327	309	307	300	
319	320	311	300	348	345	301	
304	326	302	348	301	344	334	
307	327	314	329	349	326	347	
345	321	307	347	323	333	301	
319	344	324	316	325	337	343	
343	335	344	342	326	304	310	
311	309	339	324	302	315	331	
348	345	328	312	337	313	334	
304	310	311	330	329	337	303	
341	333	325	342	311	322	348	
328	302	321	344	347	325	312	
337	342	333	336	339	330	344	
338	341	311	306	316	347	317	
345	315	336	335	309	340	303	
319	320	318	303	336	329	317	
331	313	315	349	304	301	337	
347	348	303	322	302	332	324	
301	341	337	348	310	326	338	
338	307	347	317	313	335	325	
339	327	335	330	342	303	328	
302	314	312	343	304	303	317	
302	344	341	317	301	332	306	
315	301	340	326	334	332	343	
307	310	341	349	328	309	327	
393	363	376	380	382	355	390	
356	373	398	397	376	357	371	
395	380	368	370	385	356	366	
376	380	369	383	353	384	385	
359	367	350	378	377	392	368	
362	394	351	380	367	353	382	
390	379	397	387	383	358	363	
390	369	354	358	385	362	387	
393	389	380	353	356	398	357	
399	375	372	376	385	390	392	
382	357	395	369	378	398	375	
351	376	355	356	358	378	353	
370	364	395	394	386	384	353	
382	398	386	366	396	364	380	
382	362	396	350	367	368	372	
365	391	371	359	381	355	396	
357	391	364	374	383	359	377	
377	395	384	353	359	371	389	
396	358	398	366	385	355	373	
368	375	393	394	369	358	353	
355	372	371	350	378	377	363	
355	391	353	385	380	358	396	
361	393	370	371	380	352	394	
378	391	360	362	375	399	364	
374	366	385	365	353	380	351	
375	378	383	386	389	361	360	
388	357	381	356	373	385	393	
376	381	361	394	389	380	359	
392	380	362	386	365	399	351	
355	366	360	371	370	381	382	
350	390	360	367	375	373	351	
396	367	393	354	357	356	372	
392	393	382	377	372	394	362	
388	350	381	358	379	360	364	
393	381	382	390	371	378	383	
385	399	374	365	370	363	352	
374	384	357	378	367	361	392	
379	356	384	365	378	359	387	
391	355	357	383	366	356	394	
386	368	357	354	365	358	373	
357	352	360	353	376	359	388	
387	385	380	360	356	355	398	
373	374	366	389	371	382	377	
375	353	377	359	371	363	368	
358	356	387	357	381	393	355	
366	361	385	388	355	372	357	
352	382	397	388	386	358	380	
358	350	373	352	367	359	374	
381	398	353	384	371	366	387	
384	368	361	386	377	353	358	
418	410	446	428	435	423	407	
415	408	431	442	446	424	417	
431	441	405	401	428	443	416	
441	433	435	411	421	434	403	
423	439	445	446	448	444	420	
434	431	400	428	421	402	423	
407	422	424	442	408	425	413	
400	415	440	409	429	426	435	
403	424	410	408	440	412	409	
402	429	446	430	409	407	440	
400	406	445	423	407	427	443	
417	425	410	426	409	411	448	
412	439	416	430	404	413	406	
436	438	424	401	411	428	435	
433	410	425	417	423	421	401	
445	448	428	414	449	423	413	
440	423	420	412	419	413	436	
429	438	437	424	417	405	412	
443	404	403	432	423	438	441	
424	440	418	409	448	425	445	
412	416	438	435	415	422	421	
433	447	443	444	426	427	425	
436	438	409	433	445	422	446	
447	446	449	443	414	406	412	
413	416	438	410	401	446	424	
402	410	428	448	404	413	449	
400	448	409	441	415	439	407	
446	444	421	428	424	404	426	
444	427	416	419	418	436	434	
409	432	406	426	424	416	445	
429	408	415	404	425	401	435	
400	448	421	429	407	438	430	
449	438	434	427	433	412	441	
418	446	441	449	403	417	419	
446	435	447	401	402	430	436	
409	412	424	447	431	405	419	
427	431	401	418	435	429	419	
417	425	449	414	424	445	429	
400	433	437	430	412	427	448	
433	425	408	448	405	403	406	
413	428	439	433	435	408	429	
421	433	417	411	431	407	406	
421	441	406	442	436	445	404	
428	432	439	411	426	436	448	
449	445	433	431	400	434	428	
404	408	438	414	426	444	423	
427	444	443	412	435	429	405	
437	446	434	430	417	406	402	
440	447	425	408	442	417	422	
427	436	406	410	407	409	401	
476	488	457	452	467	460	483	
492	462	470	481	496	491	465	
487	498	475	465	495	450	453	
462	471	484	491	457	475	470	
456	453	481	498	476	474	487	
473	474	494	490	469	451	497	
479	462	468	489	490	469	466	
492	497	455	461	499	459	486	
470	478	481	457	458	497	482	
458	482	453	469	460	462	468	
460	481	476	461	463	496	472	
476	465	464	481	471	456	488	
484	498	455	471	460	459	462	
493	467	454	485	495	461	476	
462	456	467	481	490	455	473	
452	499	464	451	466	465	473	
472	464	498	473	475	458	463	
478	472	499	469	477	490	485	
482	484	493	467	488	473	479	
467	456	470	469	487	453	452	
488	496	495	481	478	458	467	
455	491	497	467	453	464	457	
464	476	489	451	474	498	454	
452	464	471	493	455	462	456	
455	475	471	469	490	458	483	
456	488	474	478	453	463	479	
452	486	499	489	458	464	470	
463	482	474	457	453	460	484	
460	458	476	453	466	493	459	
451	484	492	465	497	456	498	
499	497	458	453	487	461	466	
496	488	476	492	465	457	464	
480	478	453	499	472	482	492	
464	472	454	477	490	486	451	
460	462	451	450	452	485	466	
461	487	460	463	453	472	456	
474	487	475	458	461	453	493	
466	479	463	499	470	452	473	
483	468	456	497	461	462	495	
469	494	477	498	451	463	493	
486	458	496	483	475	451	490	
477	470	464	461	474	462	487	
470	481	479	450	455	464	454	
472	491	473	469	455	489	499	
483	490	464	493	492	496	455	
488	470	452	496	459	493	491	
467	485	498	450	495	493	477	
476	486	460	474	471	477	472	
457	471	461	484	459	497	496	
471	476	457	489	488	452	469	
49	8	43	36	7	34	5	4	
9	23	5	19	11	34	8	45	
1	31	48	30	22	27	42	10	
48	41	49	6	21	8	29	9	
45	38	12	41	14	6	20	29	
42	9	33	22	49	5	1	37	
29	12	30	15	6	26	31	40	
9	6	18	32	41	43	4	26	
16	37	33	47	27	3	15	26	
44	42	47	5	26	29	30	10	
30	13	12	6	32	15	11	40	
19	2	10	7	48	8	35	9	
19	28	45	1	22	3	34	17	
1	32	3	40	2	49	11	0	
25	2	49	27	20	29	21	37	
49	38	33	26	2	7	34	19	
46	4	5	36	18	27	28	31	
45	16	10	36	19	43	38	41	
3	20	46	4	31	2	23	14	
47	42	16	39	30	35	44	32	
1	43	22	41	21	24	13	27	
13	35	31	46	1	34	2	49	
5	40	14	26	39	32	12	45	
22	6	40	17	29	13	32	27	
31	24	14	43	32	4	35	2	
40	31	4	39	6	23	18	11	
16	30	25	18	1	5	20	11	
16	4	27	41	22	23	44	19	
5	1	32	2	39	36	7	18	
9	11	23	46	15	48	39	16	
18	22	14	31	9	46	29	19	
32	49	31	4	43	30	40	7	
46	47	15	38	45	7	2	21	
48	4	17	29	21	20	31	15	
10	5	47	39	15	37	46	33	
2	15	48	39	27	4	47	40	
40	39	21	1	25	13	49	28	
2	39	43	13	35	42	23	34	
13	28	31	29	45	20	23	11	
3	45	49	15	10	39	22	31	
16	40	4	28	31	27	12	5	
6	40	49	36	30	1	25	10	
42	37	35	46	30	31	29	19	
43	18	15	26	33	40	44	29	
19	48	41	17	38	35	45	8	
41	14	25	47	11	4	48	49	
43	14	42	12	34	36	37	26	
25	45	33	15	13	6	31	47	
18	4	19	0	33	14	40	23	
10	2	38	39	32	41	27	8	
53	93	80	94	91	82	83	87	
56	83	54	72	65	95	61	84	
51	75	52	59	58	64	62	79	
52	97	58	66	82	89	80	91	
84	99	68	61	82	91	52	53	
71	59	88	98	83	96	61	92	
61	88	92	56	85	93	76	77	
75	60	80	89	79	92	72	62	
65	78	53	68	98	50	95	96	
64	98	79	78	97	83	50	96	
59	70	84	99	87	67	83	62	
84	60	79	96	88	75	86	64	
74	62	89	65	85	96	88	67	
82	57	53	89	74	63	97	95	
62	76	59	84	67	91	83	81	
77	56	72	82	90	98	84	85	
98	97	95	76	78	62	70	67	
77	68	86	57	62	94	71	69	
95	59	50	53	51	56	88	76	
78	65	80	99	66	67	59	69	
86	91	80	61	84	77	76	89	
59	98	99	93	90	78	71	91	
92	64	75	97	72	54	70	91	
72	64	87	65	92	59	86	89	
89	76	73	91	85	90	78	97	
76	73	93	54	77	90	58	59	
99	92	52	98	55	65	91	73	
60	51	79	53	97	70	72	94	
52	50	63	69	99	64	72	80	
72	86	59	87	92	61	69	57	
99	74	97	62	65	59	73	75	
74	67	56	63	73	52	68	53	
65	70	78	62	57	56	93	82	
86	65	53	75	55	84	73	99	
81	72	66	90	88	95	73	77	
65	83	54	82	69	79	58	92	
73	95	94	79	56	91	89	71	
74	93	94	98	87	64	57	80	
58	57	76	81	87	86	88	90	
99	76	72	96	80	61	69	63	
92	83	50	89	86	55	94	90	
58	57	96	69	50	67	95	84	
96	62	99	52	64	88	51	72	
91	51	85	62	96	74	77	59	
70	99	94	55	85	73	52	75	
96	56	61	88	55	52	85	65	
53	60	52	56	50	82	99	97	
97	66	86	59	50	98	53	70	
99	58	89	69	90	77	80	91	
91	92	75	76	95	84	69	97	
129	147	134	109	142	124	121	103	
104	144	140	110	139	114	101	124	
148	131	120	136	124	139	115	105	
138	117	123	124	111	114	147	132	
149	145	131	135	116	127	139	121	
106	137	127	115	129	105	128	112	
131	124	137	149	146	145	127	119	
130	117	135	100	148	137	122	111	
122	126	119	142	121	137	129	103	
109	103	149	123	122	144	120	105	
121	129	120	122	131	147	128	107	
140	138	142	148	108	103	114	144	
145	115	127	120	109	108	148	107	
101	146	119	117	134	125	102	103	
110	145	130	148	140	142	111	117	
103	132	109	143	104	144	137	133	
102	117	142	109	147	107	138	111	
149	101	104	124	120	138	133	118	
136	128	105	118	109	139	145	123	
127	119	147	104	114	103	121	122	
123	103	118	111	127	142	110	125	
130	144	149	104	120	138	105	126	
112	103	117	108	119	141	102	132	
103	140	149	129	136	148	143	114	
135	147	146	108	121	120	140	142	
111	140	131	134	146	118	115	123	
142	101	103	106	136	149	109	138	
129	119	123	118	117	111	138	148	
107	125	137	118	113	112	143	126	
137	103	141	110	142	101	108	117	
116	117	148	122	132	113	107	123	
135	119	128	136	102	132	121	103	
145	129	136	115	143	108	124	109	
138	117	131	110	139	141	102	100	
146	118	108	112	100	123	139	116	
130	125	134	103	143	141	127	145	
117	142	110	133	104	135	139	141	
111	123	126	147	143	102	127	104	
121	148	104	136	144	103	133	105	
140	144	120	130	106	111	141	102	
149	145	144	113	146	139	108	124	
100	109	122	141	125	110	138	145	
142	140	144	102	100	134	136	132	
138	107	102	141	125	115	143	117	
125	145	131	119	149	103	113	124	
122	106	146	121	141	103	128	105	
118	126	122	130	149	147	102	137	
106	111	103	143	100	145	108	123	
142	146	118	114	133	127	143	122	
145	141	109	142	138	129	135	133	
191	189	192	153	199	175	176	181	
186	152	193	164	170	184	177	167	
189	166	196	156	163	165	170	153	
186	170	197	157	155	172	176	151	
177	158	193	188	175	198	168	152	
197	191	174	153	175	199	194	196	
152	183	199	178	168	157	190	188	
155	186	167	172	197	174	178	187	
189	157	197	187	161	192	188	162	
176	168	175	182	193	194	170	185	
190	184	163	191	181	166	193	197	
185	194	190	158	182	174	154	197	
189	186	154	180	151	164	190	155	
162	180	192	161	173	155	157	168	
161	172	176	180	191	150	183	153	
151	155	173	188	159	180	168	185	
189	163	194	158	184	198	199	167	
166	157	154	183	175	150	173	194	
175	163	187	160	199	191	159	183	
181	189	197	167	192	186	188	179	
182	180	197	194	188	178	165	199	
177	150	180	184	162	165	198	174	
167	169	154	153	161	159	199	164	
183	168	194	162	173	167	155	164	
197	169	188	194	161	177	164	154	
177	162	154	173	161	160	181	195	
184	164	154	194	165	169	198	175	
152	173	177	182	198	161	151	199	
178	165	162	171	158	161	187	182	
192	169	161	189	196	177	159	185	
162	169	197	188	198	191	174	199	
188	152	180	198	157	197	183	199	
156	166	174	181	151	161	193	184	
190	179	173	163	162	164	151	176	
185	192	167	150	191	163	170	156	
165	151	179	181	171	166	156	195	
165	189	160	157	192	180	177	167	
153	168	178	156	165	188	150	189	
153	150	187	192	197	199	181	152	
181	199	173	171	197	175	180	156	
187	184	168	162	169	196	177	158	
173	195	151	174	166	193	177	159	
198	162	199	195	191	153	165	161	
179	168	155	199	174	152	177	170	
180	194	186	195	174	158	160	159	
178	171	183	182	175	157	153	179	
168	192	186	195	188	159	162	187	
163	168	198	162	174	171	155	165	
169	197	190	193	173	167	180	151	
169	182	158	152	167	190	189	155	
200	242	225	224	211	239	230	219	
210	213	236	232	231	245	216	241	
232	233	213	201	217	215	234	224	
220	215	230	226	235	201	210	223	
243	205	218	207	245	214	229	232	
203	226	206	236	244	208	223	230	
230	238	235	201	234	211	213	243	
216	205	214	247	222	242	231	200	
242	222	236	212	231	234	206	237	
238	220	205	235	214	222	216	206	
237	205	214	223	228	227	247	209	
232	247	204	225	228	211	231	249	
248	242	202	212	235	204	246	206	
237	231	222	217	215	203	235	209	
243	239	219	210	232	209	242	248	
217	241	200	210	238	236	245	224	
212	245	227	215	216	244	202	210	
213	234	204	201	239	215	224	214	
232	244	237	248	233	234	214	241	
229	244	248	241	220	200	232	205	
221	248	242	244	203	212	205	230	
238	204	216	208	224	235	247	213	
224	207	201	202	213	210	233	232	
248	206	201	247	235	239	217	238	
241	226	203	237	232	233	221	216	
210	209	249	205	232	238	245	229	
242	201	218	228	203	244	202	236	
219	201	248	207	212	227	226	233	
246	239	241	226	217	222	235	215	
229	235	200	203	228	208	232	246	
214	247	239	241	207	249	248	228	
202	240	242	212	223	218	210	204	
217	214	239	237	212	205	233	230	
224	205	245	219	225	247	217	212	
242	203	247	225	243	230	236	206	
213	203	239	216	222	240	202	208	
210	232	231	206	222	213	215	205	
220	213	221	230	225	212	210	217	
238	237	200	213	211	206	219	212	
243	239	201	230	245	231	207	206	
244	207	217	219	232	202	214	231	
223	239	205	232	200	220	206	203	
205	239	230	200	202	243	236	233	
245	203	232	235	217	221	222	236	
241	233	218	243	227	246	208	245	
207	235	224	241	201	243	244	218	
215	228	225	213	246	231	211	232	
237	218	209	207	240	248	233	204	
246	206	230	243	201	236	244	228	
206	217	211	221	239	212	209	203	
295	283	284	276	297	293	288	286	
287	295	282	289	278	251	274	283	
289	293	274	251	294	281	264	286	
295	282	283	286	267	278	266	265	
283	250	266	263	274	289	284	273	
297	267	278	265	272	291	264	254	
299	280	275	286	258	267	298	294	
281	265	267	278	280	296	263	275	
286	255	294	275	268	292	269	282	
258	251	255	278	296	276	254	289	
257	298	282	281	268	288	269	276	
280	260	252	298	272	253	269	270	
254	264	262	293	296	287	258	297	
285	294	264	270	290	297	288	272	
271	270	284	277	287	264	257	294	
293	254	255	288	282	275	258	250	
264	255	256	284	274	254	296	278	
286	294	268	274	273	275	280	298	
298	285	297	296	280	252	282	271	
256	250	282	290	271	258	288	251	
264	254	276	273	267	295	272	258	
282	254	270	257	283	260	291	280	
282	279	288	263	265	295	259	271	
260	279	257	256	264	278	261	291	
299	252	260	268	254	290	284	288	
282	264	273	260	287	268	265	276	
280	276	264	268	261	288	281	290	
295	259	261	270	291	281	296	252	
293	271	251	264	299	282	295	289	
276	282	292	265	283	286	294	267	
280	299	290	257	292	275	288	277	
286	280	261	278	262	296	257	282	
285	273	295	284	252	251	294	271	
273	297	264	271	274	252	269	255	
292	256	266	258	298	295	260	287	
259	254	257	262	269	295	292	250	
262	252	268	264	269	270	256	275	
261	291	297	270	284	267	275	279	
252	297	281	278	268	291	295	292	
280	274	260	284	298	270	250	271	
268	294	263	259	262	269	281	266	
263	260	293	273	297	280	252	270	
279	284	283	266	255	295	291	296	
250	252	280	258	263	274	284	290	
257	267	265	284	262	296	273	299	
250	275	283	284	260	280	276	286	
276	292	279	255	280	275	283	254	
297	286	287	277	283	264	262	291	
286	254	255	264	288	276	281	273	
260	256	269	272	298	290	257	250	
307	310	318	340	311	335	332	323	
328	322	308	343	330	315	348	311	
343	322	333	315	307	308	316	309	
344	329	308	309	303	348	310	331	
306	317	345	339	326	322	341	305	
307	320	324	345	302	312	329	348	
328	315	345	322	337	317	325	310	
337	300	324	301	305	340	348	304	
328	320	315	344	307	331	318	324	
338	304	344	309	336	324	332	313	
310	344	311	317	319	324	338	323	
332	320	335	322	336	304	339	334	
314	316	320	341	347	306	322	326	
316	311	305	313	324	348	344	334	
326	307	321	302	317	333	347	311	
348	319	301	325	305	337	317	313	
333	323	330	319	334	344	346	340	
308	333	303	323	324	318	314	328	
328	311	326	306	325	337	314	330	
348	313	306	319	314	324	347	311	
337	324	300	313	338	305	336	326	
312	340	328	307	337	322	306	333	
328	330	312	338	309	306	314	329	
349	315	341	346	340	313	347	337	
331	305	300	340	313	334	317	337	
320	306	325	330	321	311	310	328	
313	349	340	335	308	315	310	322	
340	312	325	309	315	303	305	345	
341	327	317	302	305	349	320	303	
346	345	315	333	311	312	337	305	
306	311	329	337	314	332	310	322	
327	328	311	347	321	337	341	343	
328	320	343	301	322	325	342	321	
331	308	314	340	324	341	306	346	
341	334	342	307	305	346	345	320	
320	335	309	341	324	339	328	326	
314	303	307	310	340	333	312	321	
321	329	339	320	336	346	301	313	
348	316	320	341	331	346	314	304	
312	337	349	323	344	307	303	314	
340	319	343	332	321	333	323	338	
341	330	313	335	309	337	323	326	
338	323	333	348	328	319	305	320	
345	342	336	312	306	346	329	308	
347	309	307	334	340	335	327	319	
328	302	339	344	301	318	340	347	
322	345	324	331	303	342	319	301	
300	320	310	349	306	330	316	348	
316	332	333	318	319	340	305	323	
313	339	321	344	303	323	322	340	
378	362	356	377	373	363	399	383	
373	372	389	354	384	386	383	392	
352	362	378	350	359	365	382	372	
358	388	393	364	357	398	396	375	
372	352	350	387	351	373	384	369	
398	394	367	366	372	395	353	374	
362	365	350	393	390	391	372	383	
391	389	384	353	385	394	390	376	
356	359	352	372	397	378	351	377	
382	371	385	370	394	383	357	350	
397	382	375	367	363	356	384	379	
357	360	396	398	364	362	384	378	
388	362	389	387	378	359	372	383	
381	366	356	359	376	364	351	370	
385	376	390	386	357	397	364	368	
350	389	399	357	378	387	380	397	
395	399	377	374	353	369	389	368	
351	389	352	387	353	380	386	399	
366	375	350	380	389	374	355	358	
396	391	359	356	351	373	377	370	
373	350	377	393	382	372	353	375	
365	358	353	383	359	376	389	350	
374	353	360	388	373	383	364	369	
383	354	365	367	397	351	355	368	
377	399	396	368	395	397	357	366	
356	397	352	355	374	350	370	351	
364	356	379	368	371	355	382	351	
393	388	385	362	372	356	363	355	
360	383	365	389	381	397	385	398	
397	373	394	377	388	382	365	375	
382	383	366	390	373	367	368	357	
361	356	388	387	368	373	355	378	
376	364	351	371	357	360	370	366	
399	356	385	371	390	392	362	376	
360	363	378	370	399	379	398	385	
370	362	384	399	377	382	358	357	
373	370	387	350	371	377	392	374	
378	380	350	381	359	371	393	384	
388	381	356	353	364	375	366	385	
364	378	382	384	387	365	396	352	
353	391	396	363	350	377	394	356	
391	365	399	385	395	381	374	357	
367	392	352	355	398	388	382	358	
355	366	383	353	389	365	395	354	
388	374	360	352	367	378	391	384	
363	357	390	360	353	384	355	352	
372	376	398	350	395	396	384	397	
376	364	351	373	398	369	394	390	
394	397	367	365	382	370	373	386	
383	391	398	387	388	385	384	354	
401	419	417	428	436	443	411	405	
418	414	435	423	449	422	439	428	
428	410	444	424	417	411	433	403	
442	446	443	401	404	422	411	408	
425	415	433	406	443	401	410	439	
428	442	444	440	432	436	421	422	
449	418	410	446	437	404	436	419	
430	434	408	424	421	409	420	449	
420	424	402	419	427	434	415	406	
404	410	429	427	436	434	422	413	
426	430	403	445	413	410	439	422	
440	409	423	427	405	432	412	414	
428	421	435	436	426	401	405	437	
421	447	420	449	401	445	425	428	
446	401	439	434	418	402	437	431	
416	440	415	403	433	437	400	436	
409	422	427	417	432	401	412	400	
414	418	402	443	401	421	449	426	
400	423	416	436	404	444	403	420	
411	438	433	413	423	432	437	412	
433	423	419	415	429	432	412	440	
409	413	440	412	420	423	443	404	
428	443	441	407	414	418	437	405	
412	449	447	442	410	417	437	402	
449	408	418	425	428	404	445	441	
413	436	405	414	442	415	434	408	
408	425	448	421	446	416	414	422	
423	415	407	438	426	414	446	410	
424	433	443	400	431	417	448	403	
441	410	442	429	431	413	400	420	
442	416	446	440	433	412	408	436	
446	415	437	409	401	428	435	431	
411	424	408	428	431	443	425	401	
418	408	402	410	446	417	427	424	
446	409	442	406	440	444	441	435	
433	425	431	401	422	444	405	400	
428	402	430	419	413	426	429	417	
410	430	417	433	408	449	400	407	
425	434	412	446	415	406	421	424	
421	440	405	419	417	449	441	412	
436	449	419	443	445	425	413	405	
431	413	412	439	401	402	411	422	
445	410	430	438	447	449	431	428	
415	410	413	433	436	421	437	443	
415	435	428	429	411	401	447	430	
439	447	427	431	421	403	446	411	
426	406	438	448	420	413	430	422	
435	431	437	433	412	444	409	446	
405	431	420	400	424	404	433	448	
409	438	423	400	445	449	424	444	
482	496	498	485	479	468	461	458	
481	475	489	453	494	462	451	496	
484	465	466	499	489	456	477	452	
497	455	462	479	466	488	460	458	
473	485	469	475	474	465	492	452	
451	455	474	486	458	450	452	477	
477	459	463	466	484	479	472	465	
454	464	497	470	485	495	490	456	
468	454	463	492	477	481	480	473	
499	464	480	450	485	496	474	481	
496	466	458	481	450	468	469	470	
480	488	471	498	496	493	491	485	
486	493	499	483	475	459	466	472	
474	491	473	455	460	454	472	479	
467	495	490	475	497	486	478	469	
466	477	482	480	463	454	474	488	
499	490	455	471	459	476	492	475	
481	474	475	485	482	461	458	494	
461	469	458	466	494	489	452	457	
469	451	470	454	482	473	455	466	
458	467	477	459	494	457	455	472	
495	467	476	462	493	464	496	463	
472	460	465	484	481	461	488	482	
469	488	456	479	478	471	467	492	
488	480	465	464	461	499	453	485	
494	474	473	456	464	466	469	485	
479	496	486	491	480	455	474	457	
460	454	450	456	483	497	485	468	
469	459	475	496	498	456	465	462	
476	477	481	455	485	492	488	450	
458	450	487	495	467	451	469	481	
473	466	480	499	459	482	458	497	
499	458	461	466	477	480	455	483	
469	480	471	470	489	498	486	461	
469	467	461	459	498	491	476	480	
452	472	496	467	466	475	488	458	
455	452	499	490	480	465	456	459	
465	475	464	473	491	497	472	490	
499	474	493	491	476	481	463	457	
490	491	453	473	472	461	482	492	
462	459	456	470	466	490	493	492	
463	474	488	472	495	460	465	482	
489	477	495	474	496	485	461	484	
451	474	450	479	464	490	481	461	
493	496	470	456	467	451	486	495	
455	471	488	479	483	490	496	478	
472	498	451	477	475	458	489	456	
493	497	488	499	496	465	467	489	
485	468	471	459	467	458	463	478	
455	450	497	469	496	471	484	473	
