48	38	32	11	1	20	
18	5	31	23	8	7	
39	7	11	43	9	28	
41	24	2	34	8	21	
46	49	23	4	22	29	
25	16	10	8	24	4	
16	32	5	26	9	39	
20	35	5	7	1	10	
6	34	38	20	45	0	
22	32	23	47	17	27	
29	21	37	1	17	34	
0	47	8	23	24	38	
35	43	33	25	11	44	
3	46	9	21	28	7	
22	9	14	48	34	0	
14	41	44	31	30	37	
31	33	36	29	21	16	
35	20	19	31	25	45	
24	36	9	0	33	45	
22	49	17	11	46	39	
21	48	18	17	32	41	
48	1	0	4	2	27	
45	35	17	9	37	48	
44	34	18	33	26	19	
2	41	0	36	40	33	
9	49	17	42	44	22	
15	19	18	25	28	39	
20	19	32	37	47	45	
42	29	39	2	8	17	
5	30	21	37	6	43	
41	10	31	15	19	8	
35	26	40	11	24	9	
41	44	7	13	22	10	
4	9	29	7	12	27	
15	36	8	47	1	28	
46	28	21	11	5	22	
47	21	40	49	22	28	
38	15	42	37	49	26	
21	34	30	0	6	10	
20	2	15	34	45	7	
10	38	46	19	12	15	
21	42	0	15	46	23	
5	14	38	26	28	32	
6	4	38	35	1	22	
17	15	43	3	14	8	
24	25	21	34	18	27	
10	28	20	39	47	49	
47	34	46	13	28	29	
18	48	7	15	24	3	
48	36	31	32	8	41	
77	60	88	79	65	57	
65	79	92	61	69	89	
74	66	82	94	76	98	
83	65	87	69	78	51	
50	97	70	74	54	67	
67	71	97	53	61	78	
66	81	70	52	79	95	
73	80	90	50	64	57	
85	77	73	94	74	66	
95	94	63	69	58	74	
88	58	91	90	59	57	
94	72	99	74	52	87	
97	83	91	69	72	58	
98	57	87	56	85	75	
69	70	78	86	71	74	
65	94	51	70	50	88	
89	94	97	72	62	58	
63	68	58	75	67	93	
63	82	61	99	77	53	
83	52	84	74	67	50	
73	60	93	84	82	79	
56	96	63	76	72	65	
54	97	73	99	66	86	
65	80	79	89	94	74	
74	57	72	61	71	98	
98	70	65	59	56	74	
76	95	71	91	87	78	
50	56	99	63	52	82	
96	68	81	59	76	55	
93	99	63	76	57	53	
90	98	83	55	82	53	
62	59	90	75	82	87	
84	94	51	90	56	61	
54	61	85	55	62	51	
77	64	81	98	54	83	
81	65	82	74	97	59	
56	73	68	83	87	58	
64	59	52	83	98	78	
80	97	72	81	50	94	
57	52	79	73	59	91	
78	64	53	70	79	94	
78	80	79	57	60	63	
61	87	97	88	60	76	
53	66	59	86	61	55	
55	83	96	50	97	72	
80	83	84	51	99	63	
96	60	77	78	84	94	
79	78	92	66	93	70	
76	64	91	97	98	96	
97	93	62	74	51	68	
132	148	122	106	115	126	
117	114	110	129	115	137	
141	149	129	140	107	121	
101	121	113	147	106	134	
127	119	121	103	149	136	
138	115	105	114	108	137	
118	108	148	110	106	109	
145	105	108	143	116	122	
134	148	142	104	124	130	
118	148	122	101	127	126	
121	135	140	104	148	147	
148	122	102	113	134	114	
149	138	106	136	126	123	
118	139	115	141	105	121	
116	120	131	115	124	141	
114	146	133	131	149	136	
133	147	141	113	114	111	
104	109	140	112	125	122	
114	112	122	100	137	132	
101	148	132	115	145	114	
116	143	149	103	106	113	
106	113	124	118	110	109	
132	101	118	117	140	134	
134	117	107	108	138	115	
126	116	131	104	102	147	
144	123	121	126	141	128	
122	113	120	148	143	135	
130	121	127	116	133	147	
133	147	125	115	123	135	
126	147	148	132	105	102	
117	104	130	105	142	139	
144	106	131	130	104	138	
133	128	101	126	143	139	
120	135	132	142	111	134	
146	136	141	110	107	134	
118	140	120	122	129	106	
149	122	102	125	120	126	
110	143	146	101	122	141	
127	132	140	110	107	113	
133	141	113	142	135	139	
128	119	145	105	141	134	
111	133	105	101	142	120	
144	126	142	140	124	101	
104	127	135	103	137	102	
138	128	100	117	147	133	
132	101	128	111	121	134	
130	144	122	145	147	143	
123	128	110	140	145	147	
109	143	110	123	146	104	
134	133	100	131	137	142	
177	183	182	170	178	152	
172	169	168	181	182	198	
174	180	178	154	182	199	
178	179	181	173	172	199	
170	188	152	181	185	158	
191	171	195	161	154	187	
189	191	187	170	175	188	
173	166	156	189	165	154	
163	151	196	167	173	159	
186	174	192	198	173	154	
153	178	174	154	159	167	
173	161	160	165	170	195	
179	166	182	156	169	159	
185	176	183	168	167	188	
198	185	155	196	181	195	
191	199	151	167	182	187	
161	187	199	168	179	167	
152	164	192	197	170	159	
192	151	197	174	184	162	
154	155	158	163	170	172	
177	172	173	174	155	168	
186	159	171	151	164	158	
192	186	168	166	178	185	
173	157	168	188	159	161	
172	177	175	153	191	167	
151	196	162	169	163	150	
197	170	165	152	193	153	
196	160	184	181	172	173	
152	196	169	187	172	163	
191	164	150	165	171	161	
152	187	167	198	163	188	
172	152	199	166	190	163	
165	194	185	160	170	183	
162	164	158	179	196	174	
191	189	186	157	170	165	
161	190	180	181	192	176	
160	172	182	179	164	185	
175	181	189	159	169	154	
196	173	163	171	187	170	
169	199	192	152	164	162	
187	168	169	172	176	185	
179	171	177	169	195	151	
199	161	185	183	177	186	
191	166	152	165	175	193	
174	184	196	195	169	183	
195	154	174	172	164	165	
190	169	184	193	172	156	
186	152	160	183	158	180	
180	175	164	183	150	189	
169	197	192	167	162	199	
200	219	206	204	210	211	
204	231	205	229	238	224	
225	218	210	245	206	238	
207	234	222	244	237	232	
214	204	228	220	211	244	
242	224	227	229	221	222	
205	232	225	208	224	214	
248	240	214	210	211	207	
247	200	205	219	210	225	
204	206	234	236	205	208	
210	241	203	222	249	248	
203	209	238	239	246	202	
205	229	223	230	213	249	
216	221	225	210	220	200	
224	214	244	207	211	239	
206	231	238	203	232	214	
228	221	208	202	233	242	
214	227	231	216	215	202	
219	203	213	247	242	243	
226	240	249	238	248	228	
200	226	248	230	228	221	
220	248	225	206	236	241	
243	228	207	247	241	221	
208	242	249	212	207	200	
241	225	245	220	200	247	
229	237	233	241	242	225	
228	222	215	201	240	213	
224	215	216	229	241	223	
200	245	229	241	206	210	
215	248	247	243	205	228	
207	213	229	217	235	232	
214	241	243	239	216	209	
214	212	226	227	249	204	
204	210	233	226	224	236	
246	239	214	226	242	204	
244	209	232	228	213	235	
215	249	208	211	242	248	
225	224	203	207	237	213	
204	249	240	216	236	220	
200	244	206	236	246	228	
214	230	202	242	238	247	
219	214	202	220	248	206	
228	209	249	211	214	219	
223	214	237	210	203	228	
212	243	246	219	222	214	
205	246	211	234	217	201	
212	240	220	206	227	224	
245	233	232	247	216	242	
206	213	211	229	220	239	
216	219	221	205	230	226	
286	281	290	262	279	266	
292	261	282	268	299	284	
262	288	281	258	285	272	
265	268	299	283	255	264	
289	288	267	290	268	276	
297	265	289	293	260	251	
298	271	252	283	293	267	
280	286	256	279	278	294	
298	297	289	266	270	252	
258	268	296	254	293	267	
288	272	252	269	298	280	
259	268	262	278	290	280	
292	285	291	267	281	270	
295	270	258	262	256	289	
298	291	262	285	289	274	
256	284	285	268	279	257	
284	260	288	254	272	269	
281	287	264	266	267	261	
290	286	291	266	274	289	
268	260	287	283	256	252	
257	291	282	271	269	258	
298	277	294	259	253	270	
268	253	284	250	267	270	
298	267	280	261	288	282	
279	287	268	264	294	295	
267	279	252	274	251	263	
268	278	281	261	288	260	
266	283	265	291	272	263	
292	264	278	282	280	273	
278	281	285	283	289	276	
291	282	265	258	286	274	
275	264	260	256	294	255	
272	289	269	273	271	294	
294	293	267	270	280	274	
276	264	267	282	284	251	
280	299	270	273	272	285	
282	273	265	279	289	277	
255	276	266	280	282	285	
266	250	258	293	256	295	
298	261	266	257	252	299	
266	274	297	280	250	257	
290	298	296	277	281	280	
253	260	295	275	296	299	
298	259	283	266	262	273	
297	252	294	270	288	296	
263	272	299	281	292	270	
262	294	296	290	271	260	
252	251	271	268	266	261	
268	288	292	277	263	286	
287	268	251	258	298	285	
309	335	347	302	332	343	
333	318	343	309	304	315	
346	330	311	334	329	325	
324	346	334	314	340	331	
315	338	316	322	333	332	
310	311	322	329	330	321	
337	326	345	343	340	303	
320	302	311	321	331	309	
308	332	304	318	328	343	
331	341	301	343	322	332	
344	345	341	334	336	314	
328	306	333	337	325	340	
310	319	336	345	318	329	
327	320	313	345	332	314	
319	310	342	343	321	340	
333	327	345	310	300	331	
312	314	338	328	325	334	
331	325	341	320	347	348	
301	319	322	307	313	312	
300	305	346	338	301	342	
308	341	317	343	345	340	
329	340	306	334	300	319	
315	342	319	327	300	347	
323	342	314	349	315	302	
338	339	307	302	340	332	
306	330	329	312	338	319	
305	332	318	303	304	314	
311	335	314	305	303	343	
315	336	333	327	346	322	
306	314	317	336	337	330	
326	338	324	306	311	330	
307	343	300	310	318	326	
339	348	314	304	311	349	
313	318	306	336	348	305	
319	340	343	335	344	308	
313	340	335	345	339	348	
340	320	311	304	334	345	
327	310	311	333	305	338	
342	321	338	323	345	346	
346	347	328	341	311	348	
327	320	335	349	348	303	
319	338	321	326	313	304	
346	301	333	342	336	309	
343	335	349	325	311	332	
307	319	320	342	321	301	
326	312	343	334	328	315	
337	323	306	335	315	321	
346	305	334	343	332	339	
304	324	314	300	345	334	
327	340	313	309	338	317	
372	384	386	378	366	357	
371	383	363	376	375	393	
362	353	359	392	383	380	
396	353	377	362	372	370	
381	374	350	370	371	395	
351	359	365	382	385	395	
397	374	359	370	385	351	
383	395	380	384	397	359	
399	358	393	382	398	390	
363	355	387	372	362	361	
392	350	368	366	371	399	
385	365	362	364	384	374	
383	354	358	374	377	376	
377	383	353	375	390	371	
369	363	395	383	393	382	
373	396	388	378	372	367	
357	375	367	369	392	366	
389	390	380	372	383	384	
394	393	370	350	388	360	
360	391	375	376	387	399	
377	368	396	351	388	395	
397	366	392	360	383	356	
363	382	392	397	378	369	
378	370	390	388	382	372	
351	356	364	372	382	377	
382	396	395	392	351	378	
371	387	355	370	381	388	
363	390	358	385	398	361	
373	381	376	356	368	352	
370	375	380	368	394	392	
389	353	374	359	360	379	
350	361	358	369	367	370	
377	381	359	389	386	380	
359	380	381	378	393	397	
384	382	364	373	361	381	
353	386	380	355	374	365	
369	390	394	391	357	396	
371	377	380	378	388	394	
375	361	383	369	373	391	
365	359	355	369	394	372	
388	373	380	397	396	360	
380	391	372	359	398	384	
378	360	362	358	354	396	
358	365	393	353	383	351	
370	360	362	367	363	398	
364	397	381	367	390	377	
392	367	376	356	352	388	
379	352	371	361	372	396	
399	394	362	396	371	378	
398	380	367	376	364	383	
425	444	430	447	428	436	
430	410	401	434	400	436	
401	426	433	413	429	427	
411	435	415	433	423	434	
438	402	439	449	444	446	
438	400	421	430	420	425	
448	403	408	415	412	414	
417	439	423	420	430	402	
428	432	421	424	423	412	
413	426	422	446	428	437	
412	413	442	402	405	441	
431	417	423	402	408	429	
400	416	423	444	413	427	
418	429	401	431	441	410	
416	406	446	402	432	443	
448	442	419	406	409	412	
435	430	433	416	414	447	
412	439	426	416	435	449	
445	423	408	439	404	403	
400	445	412	433	429	414	
448	434	409	415	421	449	
415	421	431	440	411	439	
424	418	421	408	403	405	
442	446	420	418	429	403	
446	442	430	440	420	443	
412	400	419	427	407	430	
406	447	430	440	403	433	
403	447	446	419	410	417	
433	401	418	402	405	436	
448	446	436	447	416	427	
422	434	446	444	402	420	
434	417	439	413	410	441	
419	434	421	409	444	414	
418	430	433	422	423	449	
401	407	439	436	414	428	
421	417	403	406	402	435	
447	446	438	420	417	439	
437	442	440	426	441	430	
433	401	417	412	440	434	
445	403	408	427	429	402	
436	401	405	443	448	439	
447	410	441	443	407	433	
423	448	406	404	425	409	
443	419	420	429	407	441	
445	410	419	416	418	437	
401	417	430	416	407	411	
403	446	401	412	441	410	
406	431	422	400	434	435	
426	407	428	444	402	413	
439	427	430	440	424	412	
481	492	470	456	498	457	
451	465	478	454	476	453	
479	466	468	453	463	450	
450	485	498	456	463	490	
487	477	460	468	467	470	
488	477	452	454	491	462	
463	476	496	455	482	478	
450	470	494	472	477	490	
457	473	498	459	475	499	
462	474	476	469	486	454	
468	484	452	485	476	494	
466	461	450	491	499	469	
470	461	467	494	486	479	
460	462	493	494	450	485	
452	451	489	496	492	459	
455	490	496	454	485	467	
491	467	483	478	474	468	
492	476	485	471	453	464	
450	497	459	499	475	456	
493	491	469	476	472	499	
466	489	485	450	468	482	
491	466	487	468	480	476	
456	471	466	486	483	468	
461	499	481	462	466	487	
469	456	497	486	478	487	
464	463	485	481	487	479	
482	496	481	457	454	450	
454	490	464	467	471	457	
481	492	466	489	475	454	
458	450	465	484	477	490	
453	469	489	490	456	458	
463	495	496	485	467	492	
493	495	450	472	454	463	
465	490	453	472	482	461	
491	452	454	463	467	470	
484	478	495	494	470	452	
463	490	496	498	458	481	
469	487	495	455	479	489	
480	471	496	462	481	470	
487	493	496	474	492	452	
463	496	486	464	483	479	
493	475	497	486	471	489	
457	460	478	462	473	450	
485	491	498	480	482	460	
476	472	455	485	478	486	
499	480	472	482	464	479	
488	495	482	478	468	491	
450	468	472	461	499	453	
457	460	453	454	456	483	
462	455	480	456	489	483	
42	21	30	19	38	39	34	
8	36	45	6	4	29	46	
37	21	43	44	7	28	27	
30	24	19	49	48	5	34	
12	25	38	32	14	43	27	
6	17	49	41	22	18	21	
32	21	6	15	8	9	39	
28	30	8	18	43	20	34	
20	11	30	10	29	44	3	
49	45	7	31	15	12	2	
5	33	16	48	41	49	47	
16	4	48	27	39	22	34	
39	7	37	26	5	8	0	
46	1	5	44	26	38	6	
23	4	32	45	25	19	27	
39	1	26	49	38	5	21	
37	49	12	44	47	25	40	
25	2	19	18	12	6	27	
46	36	37	10	2	20	11	
1	29	5	7	44	2	3	
49	16	43	40	10	28	23	
30	13	12	21	20	42	23	
42	47	23	16	0	39	17	
8	26	45	2	21	6	34	
39	31	28	2	35	6	19	
11	4	36	5	14	40	13	
49	26	31	0	6	46	1	
40	33	26	13	17	28	10	
0	28	5	44	4	36	20	
1	39	25	3	47	21	37	
18	13	35	17	32	14	38	
39	15	21	22	13	1	44	
48	44	30	29	47	20	40	
19	40	20	25	6	31	2	
15	32	13	22	40	41	0	
46	26	39	36	3	13	12	
20	26	45	16	32	41	38	
3	38	39	31	35	43	7	
14	7	12	46	17	10	44	
33	47	30	2	38	13	11	
40	5	20	11	6	45	15	
30	37	7	29	43	49	35	
27	28	22	5	26	18	1	
0	35	16	17	30	36	28	
21	49	28	44	7	38	33	
8	2	16	49	4	36	43	
29	45	7	44	46	3	19	
22	27	40	17	46	12	21	
38	1	9	22	11	4	35	
4	38	29	36	47	6	44	
79	63	77	54	67	82	52	
87	68	79	82	71	59	89	
62	70	76	51	52	73	88	
80	93	50	77	69	78	92	
64	51	68	53	54	89	80	
69	60	97	80	93	95	65	
69	95	67	82	77	84	71	
90	87	63	96	79	97	92	
50	66	57	56	51	59	93	
51	88	54	92	81	56	70	
69	89	86	50	65	92	96	
76	54	89	88	85	60	83	
77	85	70	67	53	88	97	
67	58	72	83	85	96	56	
88	96	86	92	50	85	77	
60	52	54	74	53	98	72	
67	93	87	73	61	52	76	
96	75	86	70	72	65	77	
78	63	67	82	89	53	93	
98	89	74	71	96	66	53	
51	84	72	75	91	96	69	
70	63	81	99	88	77	53	
55	90	91	93	75	71	56	
63	77	70	55	56	64	95	
68	73	99	63	77	97	56	
79	51	61	91	69	96	84	
91	86	54	99	68	51	57	
59	52	63	99	58	91	88	
58	96	70	75	93	88	86	
51	66	70	71	77	81	62	
61	85	69	72	54	92	71	
82	87	80	76	56	54	88	
70	92	68	98	61	97	91	
73	75	91	65	66	50	94	
85	82	89	54	91	76	61	
85	54	65	97	50	73	91	
94	85	78	76	55	61	50	
71	60	50	98	55	65	70	
89	71	99	85	81	61	78	
65	86	67	77	75	92	88	
56	59	74	96	65	54	69	
91	76	59	56	90	74	52	
96	98	73	90	55	71	50	
87	76	78	53	65	90	63	
70	50	68	51	53	59	89	
61	64	70	66	59	78	68	
79	61	91	90	54	99	74	
79	92	94	60	83	59	82	
93	61	58	86	50	63	85	
55	89	94	70	81	86	96	
145	126	109	121	106	110	116	
101	118	113	116	115	127	135	
122	114	123	129	133	100	112	
140	141	106	122	116	137	114	
143	132	112	133	140	115	135	
126	103	127	146	108	121	102	
108	114	121	120	113	142	138	
125	148	110	116	107	112	131	
102	128	146	125	103	104	134	
140	143	127	122	125	124	136	
108	100	131	137	129	121	106	
145	103	146	136	102	100	132	
113	132	127	122	128	125	123	
136	142	125	116	148	143	131	
118	128	131	103	123	101	112	
100	124	149	112	130	129	107	
101	135	147	144	111	149	141	
143	130	137	102	110	112	121	
142	139	123	107	135	118	141	
113	106	149	101	135	107	119	
136	148	147	108	146	121	101	
132	104	127	112	133	147	130	
133	138	130	117	141	144	125	
138	120	108	140	123	118	141	
145	126	110	108	143	122	113	
128	145	115	125	127	116	103	
100	107	112	129	127	136	104	
108	144	107	133	100	125	122	
145	130	132	106	116	143	124	
129	139	114	140	122	102	128	
109	122	126	111	104	123	115	
133	109	117	134	125	119	104	
130	123	120	132	149	100	133	
100	101	106	147	141	131	132	
127	112	129	109	141	140	120	
109	110	103	147	101	115	113	
123	144	145	119	133	117	143	
130	113	137	148	132	123	109	
117	121	116	130	109	146	119	
122	146	149	131	102	103	112	
133	145	124	143	109	144	113	
135	116	124	144	146	118	142	
118	112	109	101	136	132	105	
112	118	142	146	108	116	134	
125	122	140	108	113	121	101	
131	121	133	128	119	123	149	
109	117	108	103	139	120	138	
125	149	134	126	147	138	142	
147	128	102	115	141	133	149	
137	125	140	104	135	122	101	
157	180	190	164	159	165	172	
156	164	199	191	194	174	184	
181	167	191	197	171	165	180	
158	174	193	183	156	159	191	
158	153	188	190	192	163	174	
167	166	153	192	173	188	180	
186	168	182	161	176	177	165	
156	197	185	166	154	189	181	
185	196	171	184	153	170	198	
190	152	171	174	157	184	151	
158	164	185	192	171	194	181	
177	150	196	151	152	156	171	
196	159	177	158	180	182	189	
162	177	176	166	164	181	182	
190	192	176	166	157	165	194	
178	188	163	187	185	160	167	
199	196	182	194	177	153	150	
185	154	196	161	174	176	159	
157	188	179	199	152	191	190	
181	186	199	171	157	167	176	
182	184	159	153	169	193	176	
166	196	164	171	191	162	158	
176	181	177	173	170	172	166	
159	164	196	198	188	151	179	
174	198	191	180	192	190	158	
197	161	185	155	186	151	175	
158	156	186	168	177	170	171	
179	167	176	191	156	151	180	
194	192	156	160	191	165	161	
154	173	155	164	178	182	190	
155	154	192	195	184	171	167	
155	150	178	197	199	165	187	
184	181	197	186	151	195	173	
156	159	173	178	161	184	192	
193	152	195	157	197	171	189	
160	165	189	188	163	195	192	
184	189	181	163	194	164	157	
152	190	177	174	165	194	163	
159	193	189	172	188	183	186	
172	192	150	195	194	186	166	
170	154	179	173	162	165	159	
164	158	176	162	193	152	192	
190	174	179	186	171	178	191	
181	180	172	167	189	175	179	
181	185	178	151	161	163	153	
182	177	180	185	165	192	171	
195	187	160	151	154	178	167	
152	168	171	151	167	156	181	
184	163	153	166	174	157	199	
187	163	175	164	154	180	189	
204	230	203	200	237	243	232	
228	237	201	226	218	231	232	
226	248	232	203	230	239	218	
229	226	247	213	241	214	222	
218	207	211	239	202	227	244	
236	232	203	248	216	210	229	
220	209	244	226	236	248	232	
214	242	205	237	213	249	230	
204	247	207	212	238	202	240	
217	209	249	203	241	246	245	
240	219	248	226	228	203	244	
229	236	234	241	205	243	240	
240	223	228	217	215	226	246	
203	232	245	224	235	248	246	
222	219	213	220	208	202	218	
205	239	249	204	227	216	202	
213	243	240	219	210	249	242	
205	217	247	245	200	203	220	
204	213	215	202	227	217	232	
227	201	208	220	215	222	247	
246	217	236	243	205	227	240	
219	200	243	205	210	206	204	
235	222	208	241	238	229	220	
217	210	221	209	238	222	243	
206	219	220	247	226	234	208	
232	243	207	206	201	242	226	
249	201	225	230	226	234	247	
216	228	248	208	236	210	240	
223	215	249	217	248	246	201	
208	237	247	228	249	217	211	
218	214	226	225	221	201	209	
248	210	223	215	229	245	244	
244	205	233	218	200	247	237	
223	235	237	244	200	239	214	
240	228	211	216	239	232	238	
214	219	236	246	239	231	204	
248	202	245	214	204	208	222	
215	244	217	232	204	216	214	
235	237	238	232	210	229	245	
223	205	236	208	235	233	202	
210	233	206	215	222	232	205	
218	240	220	213	223	210	206	
222	227	221	244	234	211	248	
225	212	222	230	216	218	239	
245	211	239	222	242	205	247	
206	210	228	248	243	208	231	
223	233	230	221	243	211	214	
244	227	241	230	207	200	231	
218	201	204	238	214	205	230	
239	231	235	232	226	206	215	
256	263	278	264	265	258	259	
262	265	297	263	294	264	268	
253	276	298	277	256	275	267	
288	281	277	291	292	270	280	
270	261	282	289	259	258	296	
274	299	281	269	286	252	250	
290	295	268	293	277	275	261	
268	251	258	289	284	256	288	
261	262	255	282	267	278	274	
292	264	270	285	281	253	282	
295	264	272	265	269	296	290	
289	257	285	291	281	271	254	
281	290	263	293	264	253	251	
275	266	264	263	287	279	294	
289	274	284	291	297	285	277	
255	272	281	262	266	257	285	
259	264	258	274	295	263	284	
289	270	288	261	299	285	280	
272	276	286	282	257	253	258	
255	295	288	271	291	251	260	
279	286	269	267	255	290	296	
284	299	251	275	281	266	295	
279	259	250	292	270	278	285	
279	283	293	253	277	267	286	
283	262	260	278	271	297	270	
264	257	263	280	253	296	287	
281	285	296	289	293	276	265	
266	283	262	280	269	276	278	
285	281	279	252	295	250	288	
260	284	268	293	257	290	266	
279	280	277	266	268	264	284	
250	260	253	285	254	278	279	
296	290	282	257	256	270	280	
271	264	260	291	251	257	268	
258	276	292	278	257	272	283	
296	293	257	254	279	277	270	
295	276	290	287	251	284	279	
281	263	282	270	294	259	291	
255	264	288	290	281	272	269	
257	287	272	299	256	285	259	
270	265	271	277	294	269	267	
299	278	270	282	287	258	291	
265	268	255	292	295	280	282	
269	280	296	252	251	274	298	
284	257	270	271	251	276	267	
294	292	277	257	281	274	261	
256	259	291	284	274	261	283	
273	254	281	255	266	275	293	
287	267	295	263	298	294	269	
253	275	258	273	279	297	288	
342	300	335	306	302	325	346	
344	345	320	311	313	310	304	
321	307	348	320	313	304	309	
315	333	303	335	346	349	345	
307	315	339	332	319	340	316	
348	310	321	316	307	349	311	
330	301	344	314	310	346	312	
304	314	326	327	337	325	335	
306	320	304	323	324	301	322	
328	303	325	349	335	302	319	
319	316	322	348	325	334	310	
320	309	348	335	305	339	316	
343	301	304	316	320	341	328	
318	333	343	316	307	322	317	
300	336	304	345	326	344	349	
333	327	316	317	319	300	302	
336	346	330	337	315	321	344	
309	323	325	340	317	322	348	
305	317	310	347	341	337	329	
338	313	346	347	321	322	335	
343	349	313	320	307	323	331	
344	339	332	349	334	329	327	
318	333	337	308	311	328	343	
309	306	342	348	313	346	331	
342	329	313	321	319	335	315	
329	320	335	300	331	347	349	
305	340	321	343	304	320	318	
336	314	310	304	337	316	344	
344	343	319	321	306	308	313	
304	310	324	308	302	342	326	
343	321	303	346	338	312	320	
323	308	313	321	345	322	340	
304	307	309	332	330	322	340	
304	347	344	323	321	337	335	
332	322	319	302	311	349	305	
318	344	347	320	342	343	308	
319	320	318	349	348	309	307	
344	335	321	333	319	310	347	
327	345	326	330	333	319	300	
318	327	301	335	321	314	309	
336	334	321	315	341	307	338	
345	344	335	315	346	324	314	
348	326	341	342	338	320	329	
328	339	343	321	311	306	310	
316	318	343	346	347	314	312	
320	308	344	327	318	345	325	
305	349	333	338	341	323	327	
331	310	324	312	303	306	346	
306	322	324	336	329	309	346	
307	345	315	328	343	346	320	
366	360	358	382	398	361	379	
376	353	370	373	378	363	360	
398	388	385	368	357	391	384	
379	368	393	382	374	398	355	
398	360	393	352	365	371	355	
395	352	354	376	392	374	370	
394	360	372	387	375	358	383	
354	353	397	357	352	384	373	
377	393	383	376	387	358	363	
389	373	382	387	377	385	390	
368	394	382	367	375	386	399	
371	376	389	392	394	383	368	
373	365	392	355	394	374	370	
362	350	351	398	391	380	381	
353	360	379	367	362	364	387	
388	384	354	370	389	355	399	
371	385	393	350	394	354	398	
394	363	390	396	350	357	374	
373	389	390	376	380	363	370	
350	385	369	366	361	355	384	
361	358	397	374	353	394	377	
371	383	382	368	376	387	381	
365	364	369	390	381	351	368	
352	376	350	395	367	377	388	
363	382	378	398	368	385	384	
352	378	366	394	392	389	399	
381	397	360	373	395	359	389	
359	364	385	356	363	366	372	
350	386	378	377	361	356	357	
357	393	376	370	353	355	386	
396	372	384	395	363	359	357	
386	397	389	381	362	387	366	
351	365	354	356	370	398	390	
350	370	397	380	352	373	384	
370	356	386	382	388	390	360	
397	380	379	359	356	368	354	
376	398	354	359	357	368	362	
382	396	359	392	373	399	397	
357	398	377	397	356	371	367	
370	363	373	353	386	388	350	
385	388	389	381	386	396	379	
393	398	390	378	389	384	370	
357	380	391	393	397	387	384	
351	355	392	360	393	382	376	
361	395	368	391	398	371	359	
369	375	360	389	356	398	376	
379	398	384	360	364	382	358	
359	369	350	382	358	374	368	
384	361	352	370	362	394	390	
354	398	393	394	363	372	359	
423	407	412	444	428	403	419	
415	422	406	410	401	402	404	
447	436	410	443	445	428	407	
405	443	441	404	416	414	425	
419	400	404	408	421	425	409	
414	435	437	402	401	441	439	
415	414	419	404	444	433	438	
404	426	416	407	449	432	402	
404	406	435	432	417	415	421	
418	422	421	426	425	428	409	
442	402	444	412	405	425	419	
408	443	427	423	414	441	445	
434	440	446	417	447	448	402	
412	416	422	410	407	413	419	
435	448	438	422	428	404	426	
410	414	430	418	407	431	411	
427	401	415	400	430	434	436	
433	419	436	441	408	430	405	
418	426	440	419	424	442	434	
401	424	425	410	441	406	421	
442	428	410	409	416	438	418	
400	427	408	416	444	448	446	
446	419	406	424	410	414	443	
426	429	411	432	401	409	442	
424	437	401	405	426	415	446	
442	424	409	410	449	426	403	
416	441	421	411	447	446	428	
422	421	430	411	435	442	423	
448	425	405	400	403	439	440	
441	425	414	407	420	419	413	
415	413	440	432	419	445	438	
445	422	418	441	426	437	440	
408	429	400	432	447	435	423	
445	434	426	420	437	408	413	
423	425	443	414	406	426	440	
445	423	425	406	432	446	437	
413	448	409	419	443	429	411	
406	421	446	416	441	437	420	
412	416	430	442	436	443	424	
448	446	421	430	426	407	406	
409	435	448	422	444	405	401	
418	423	438	417	426	429	427	
425	405	416	430	438	400	406	
404	419	444	447	440	424	410	
402	431	416	425	440	418	438	
419	432	447	420	423	438	405	
403	428	414	408	423	441	434	
409	436	438	447	401	420	410	
420	430	405	425	427	428	449	
415	432	449	438	418	408	400	
492	473	487	478	491	459	452	
492	456	454	487	464	480	478	
497	479	482	454	460	498	465	
482	484	488	492	469	466	496	
490	479	478	486	450	498	499	
470	476	466	488	471	461	473	
454	473	493	458	464	481	476	
467	461	457	491	483	484	481	
493	476	486	473	457	488	464	
464	478	498	480	477	460	466	
483	471	458	497	453	476	492	
490	465	476	495	488	451	460	
452	470	455	478	458	459	467	
491	498	474	452	456	486	454	
463	461	476	457	453	473	459	
450	478	463	482	487	495	477	
450	472	456	455	492	496	470	
478	488	464	453	489	461	492	
494	468	463	459	471	462	486	
469	450	492	480	495	461	490	
467	459	476	482	469	472	483	
470	454	481	498	484	463	467	
472	462	466	471	468	450	487	
480	478	469	450	459	484	474	
495	489	490	492	493	481	466	
490	484	486	450	464	466	477	
487	463	480	471	450	484	496	
491	498	466	468	475	461	474	
456	469	467	465	493	489	459	
464	466	451	485	482	492	483	
470	487	481	476	460	489	498	
474	452	463	453	472	494	451	
478	490	450	473	470	477	496	
463	461	485	454	484	470	491	
456	467	477	457	494	474	455	
479	465	463	471	472	457	492	
468	478	474	450	471	493	496	
468	491	498	450	460	465	476	
464	498	495	485	492	480	483	
459	471	496	472	452	470	474	
460	450	466	498	479	457	480	
461	499	485	480	481	492	478	
463	489	479	484	457	478	472	
492	454	499	491	484	482	477	
452	491	451	499	483	469	462	
464	491	496	461	465	471	456	
451	457	464	495	473	467	496	
481	469	471	475	468	494	495	
460	470	492	476	493	486	499	
466	470	480	454	459	473	482	
48	22	23	40	44	14	42	18	
37	46	29	14	39	5	13	18	
18	5	30	1	29	8	32	21	
31	42	18	1	38	3	21	32	
37	4	12	27	41	26	31	7	
44	11	12	9	32	1	43	4	
15	38	28	10	12	21	35	0	
37	45	38	16	42	44	49	7	
45	36	23	35	9	37	28	7	
1	7	24	49	6	17	43	26	
7	20	4	9	34	44	25	43	
48	28	17	44	11	10	1	4	
12	25	49	14	9	4	30	3	
0	42	10	33	16	1	23	22	
30	7	6	28	3	37	33	40	
22	9	27	6	24	40	0	45	
12	42	46	44	43	10	28	18	
41	0	34	31	5	37	27	8	
5	6	15	0	46	25	23	41	
22	29	37	8	20	4	5	16	
25	46	14	37	21	44	4	10	
42	37	48	20	34	45	5	17	
44	45	26	3	9	12	2	17	
43	49	29	30	39	19	47	45	
40	19	45	12	42	43	28	37	
45	38	30	47	11	49	42	7	
0	16	18	30	6	25	46	35	
6	34	13	31	36	26	1	4	
39	18	38	4	12	25	34	2	
5	44	46	14	9	18	22	1	
24	47	39	37	12	15	9	1	
45	15	18	10	33	40	35	38	
33	11	19	8	34	31	36	42	
7	29	44	21	41	5	24	3	
26	46	28	43	27	31	36	35	
1	30	23	42	37	5	27	46	
48	46	25	21	2	9	40	32	
5	4	45	14	8	49	37	23	
23	29	31	13	6	36	19	21	
39	26	32	2	29	22	49	44	
13	1	21	29	2	28	5	35	
45	3	37	27	4	30	17	13	
5	20	38	39	3	0	41	22	
49	38	31	43	8	14	23	20	
5	29	19	1	15	4	33	6	
12	11	39	38	34	37	13	29	
31	33	34	0	41	17	13	16	
43	47	40	0	44	41	8	30	
23	7	20	16	21	10	8	17	
21	11	4	3	26	48	49	38	
68	63	73	85	76	58	95	74	
65	83	87	72	63	84	82	94	
93	83	78	66	58	76	52	57	
58	99	96	80	90	50	62	59	
95	68	98	73	50	51	60	55	
55	87	68	89	83	88	81	75	
93	71	76	66	67	56	55	58	
88	86	97	84	66	87	94	89	
98	68	78	69	62	60	86	58	
57	51	70	84	63	74	99	73	
75	94	86	69	72	51	61	66	
62	61	59	71	91	60	66	52	
98	63	54	96	64	67	75	56	
83	61	71	94	67	53	87	96	
50	98	79	52	62	82	89	60	
88	78	97	61	94	56	73	68	
91	67	94	84	89	65	50	75	
85	63	50	52	89	81	86	53	
79	77	75	74	59	83	96	76	
72	87	92	90	82	60	69	61	
75	70	95	64	81	68	51	72	
81	84	73	97	64	74	75	96	
95	94	56	76	55	97	74	72	
97	86	64	66	53	96	74	93	
89	87	99	88	61	95	94	71	
93	80	62	88	96	71	90	54	
93	53	77	91	64	65	80	63	
93	50	73	83	89	57	68	75	
86	79	85	94	51	98	82	61	
77	89	71	98	70	79	74	75	
61	55	89	75	63	58	67	98	
77	64	99	96	59	80	78	55	
60	99	61	52	88	69	51	70	
96	67	71	60	57	50	87	80	
63	75	81	95	69	67	82	61	
89	59	93	95	55	72	51	80	
99	66	52	97	71	51	92	56	
91	93	85	55	62	66	94	75	
85	79	75	97	62	52	95	57	
68	96	77	92	97	64	65	78	
63	77	97	81	58	79	82	93	
51	79	64	62	83	96	91	95	
84	97	52	70	56	73	69	95	
57	84	65	53	64	67	50	62	
65	55	56	90	76	80	85	64	
51	85	96	79	75	87	69	81	
62	63	60	79	67	74	80	56	
65	85	79	98	71	95	91	59	
70	72	59	97	84	64	58	98	
65	53	99	69	79	66	51	55	
133	119	107	126	134	115	101	104	
103	114	115	140	134	111	101	123	
108	104	117	143	146	128	123	100	
110	149	136	107	134	135	106	114	
136	130	116	104	121	105	107	117	
135	128	149	131	117	126	134	119	
149	117	131	132	111	112	136	138	
142	115	120	111	119	149	131	113	
112	136	100	106	149	120	130	132	
126	144	107	135	108	118	120	142	
133	128	149	130	126	108	140	110	
125	117	131	145	128	148	138	122	
111	127	109	120	113	118	138	112	
123	120	127	122	138	107	133	101	
101	102	119	126	129	140	128	125	
124	135	148	107	110	128	115	103	
140	125	117	100	103	111	143	134	
147	136	119	139	106	109	114	134	
109	129	110	118	149	138	125	127	
112	140	110	125	135	116	128	142	
145	106	108	117	107	142	135	128	
126	123	147	121	104	102	114	122	
149	133	147	112	110	106	145	130	
117	130	101	112	132	142	137	105	
134	119	106	129	145	136	146	131	
128	136	105	137	149	103	127	132	
107	129	120	133	128	123	122	115	
107	102	133	103	139	135	132	123	
107	121	112	122	135	108	103	113	
116	144	133	128	100	108	109	112	
116	101	113	102	145	123	132	129	
103	108	119	149	109	104	138	121	
140	100	133	127	106	141	120	125	
146	134	127	144	137	128	140	104	
106	112	123	110	101	127	107	131	
115	103	126	138	143	119	145	136	
137	119	118	142	147	130	100	124	
121	112	144	135	148	103	128	122	
136	116	145	130	109	135	103	143	
132	127	134	120	121	112	147	130	
136	129	103	140	107	139	113	112	
131	119	107	108	138	102	120	140	
149	112	102	138	125	130	117	141	
129	117	140	119	120	111	121	105	
139	103	144	112	146	121	137	115	
146	128	114	139	108	149	130	113	
127	149	115	123	113	101	116	146	
119	137	110	108	107	121	127	132	
103	115	118	109	105	134	124	138	
116	121	130	141	145	123	125	133	
186	184	176	159	188	161	196	192	
177	192	158	185	182	175	168	190	
178	189	186	167	177	160	175	193	
172	173	185	196	171	179	188	183	
179	199	172	177	181	160	182	197	
173	153	187	161	195	164	188	154	
195	175	173	192	158	185	154	180	
160	179	169	183	184	167	158	186	
195	164	197	198	150	172	166	171	
151	189	194	150	156	179	178	153	
156	151	161	197	198	173	183	160	
158	168	154	185	157	156	184	173	
166	182	167	178	156	192	176	164	
177	174	194	183	150	191	166	153	
185	153	192	163	198	189	193	165	
181	154	151	188	190	179	155	197	
156	192	168	154	169	176	187	179	
185	177	167	186	163	190	150	188	
154	161	160	179	164	162	168	191	
157	184	199	173	189	168	176	174	
160	163	175	162	161	195	178	166	
177	196	159	192	153	161	187	169	
167	174	169	179	166	155	161	159	
174	191	177	175	183	170	167	155	
180	184	168	191	162	192	164	172	
156	189	152	158	150	186	199	196	
182	197	185	165	188	151	168	160	
153	190	170	171	161	197	156	199	
195	166	157	156	178	159	199	174	
189	197	193	174	173	192	157	159	
175	154	167	162	168	170	155	180	
198	150	154	175	192	187	176	193	
192	199	172	162	165	184	196	156	
195	159	181	178	157	150	168	176	
159	151	199	167	183	191	193	175	
178	167	159	169	161	190	188	152	
195	153	173	189	180	159	167	176	
177	163	182	178	157	198	167	173	
183	166	159	190	156	151	180	187	
198	173	154	161	177	178	168	181	
189	167	175	168	150	173	154	172	
153	163	198	174	161	160	187	156	
162	199	197	191	169	176	188	186	
169	198	164	170	188	176	156	193	
186	174	199	181	192	172	154	183	
180	160	190	171	164	186	156	182	
187	186	181	194	150	178	197	154	
162	165	183	167	160	179	181	164	
195	162	193	170	192	198	165	161	
153	195	176	166	193	165	178	168	
204	205	217	220	213	216	221	214	
236	244	218	221	217	219	202	220	
200	223	234	231	214	233	220	247	
247	230	240	227	213	244	236	218	
225	208	247	229	244	248	206	228	
244	213	209	232	218	242	240	225	
244	207	236	211	205	228	216	221	
204	223	243	200	218	227	216	232	
203	234	222	241	211	213	216	204	
226	224	206	243	203	216	214	207	
204	223	238	242	213	243	230	217	
206	243	237	212	245	233	232	244	
245	214	220	240	227	230	213	234	
242	220	232	226	231	203	215	230	
214	246	218	219	228	221	232	212	
211	229	248	246	245	232	216	206	
207	248	231	240	236	205	201	212	
222	221	227	210	233	232	205	236	
201	225	205	230	236	206	245	213	
218	200	219	227	225	204	239	208	
236	224	220	239	247	227	231	228	
230	249	221	215	201	248	227	226	
220	208	215	205	225	232	214	204	
223	248	209	241	247	227	228	221	
238	214	237	247	223	202	232	211	
236	212	227	211	200	209	243	207	
223	243	215	218	249	245	219	229	
246	230	232	202	220	205	235	249	
243	204	206	246	203	247	238	245	
247	201	245	210	217	242	236	206	
216	238	206	202	208	233	228	200	
220	234	230	221	208	233	241	204	
235	207	225	223	224	205	212	249	
217	242	212	205	216	248	240	207	
220	230	240	245	210	215	223	232	
237	228	221	200	216	232	236	211	
224	220	221	225	249	231	215	205	
208	246	243	217	239	240	224	236	
236	214	224	204	233	240	247	235	
212	235	246	219	224	228	226	240	
200	218	240	212	202	248	207	246	
206	228	200	248	227	202	218	224	
219	222	220	246	231	243	218	211	
244	245	229	231	242	241	220	234	
212	223	218	226	231	248	245	206	
202	214	243	246	237	223	221	244	
243	218	215	249	231	246	235	200	
239	243	244	200	217	236	205	214	
221	201	217	234	238	210	211	236	
211	226	210	230	233	205	228	213	
262	293	279	252	281	288	282	256	
275	271	297	260	283	277	298	269	
266	261	259	299	269	256	283	258	
285	290	286	253	266	265	254	277	
274	261	255	280	265	260	296	287	
271	285	286	252	263	268	280	253	
290	260	288	268	285	293	295	296	
281	275	292	286	255	297	267	299	
290	276	274	277	266	273	279	287	
289	298	280	277	256	292	296	273	
298	270	273	262	268	281	297	278	
286	297	265	276	274	277	296	271	
258	254	280	259	297	257	290	252	
258	286	299	268	276	256	295	280	
278	264	281	258	268	261	280	285	
277	299	274	279	264	276	254	291	
281	273	263	285	254	280	261	269	
267	250	277	292	278	287	291	284	
261	296	250	255	267	283	259	256	
296	264	277	254	261	272	290	279	
275	291	255	296	274	299	253	269	
256	299	285	266	275	298	267	292	
297	253	260	279	293	292	259	299	
287	279	264	269	262	283	280	295	
296	274	257	278	258	273	276	298	
283	257	254	266	279	268	275	281	
260	277	269	275	287	286	288	258	
252	295	254	266	283	287	271	277	
270	286	297	288	261	255	271	289	
289	253	285	257	292	290	296	275	
269	284	257	255	268	283	262	256	
290	259	279	285	293	280	275	265	
275	251	278	252	263	280	295	274	
293	294	251	286	287	285	252	283	
254	252	294	279	298	268	284	296	
291	278	275	294	290	269	257	255	
268	292	286	282	256	295	283	275	
282	256	261	285	253	258	264	288	
267	296	259	295	260	285	290	274	
292	273	253	296	294	279	289	263	
287	296	260	284	266	275	251	253	
287	282	254	273	296	265	269	253	
289	278	262	283	285	294	263	286	
274	266	258	265	291	252	280	254	
268	293	255	261	294	288	266	284	
296	282	280	253	250	259	286	292	
293	280	262	261	295	277	290	265	
266	265	275	279	282	263	273	258	
292	290	269	297	267	275	252	279	
276	273	255	272	261	262	289	282	
342	317	347	332	334	349	301	309	
314	338	322	311	337	323	321	320	
346	312	332	331	310	342	335	343	
344	329	339	332	309	349	331	308	
324	343	316	337	347	307	335	305	
330	333	349	318	309	338	340	312	
301	331	304	322	332	321	343	346	
347	303	332	310	304	320	341	340	
339	349	332	311	300	333	302	329	
319	331	308	342	337	309	306	314	
325	319	327	307	333	335	318	300	
306	341	301	343	340	318	324	336	
324	301	333	342	348	315	329	313	
316	333	340	327	305	332	339	304	
301	302	342	348	309	332	338	327	
336	335	311	313	332	333	309	334	
306	330	329	304	310	319	337	349	
324	331	349	309	314	310	326	317	
349	306	319	313	343	333	347	325	
323	308	311	305	336	330	325	334	
334	307	310	341	332	331	330	327	
308	329	322	339	317	316	336	347	
322	307	345	333	304	330	305	335	
329	319	321	344	320	347	301	348	
305	304	319	346	325	330	318	336	
329	327	323	333	307	330	339	324	
326	312	318	323	327	317	309	306	
306	344	319	303	339	305	302	337	
330	312	315	338	331	307	309	326	
315	326	344	339	318	314	308	342	
327	308	332	334	347	328	343	301	
348	302	332	331	300	301	306	334	
347	327	302	310	305	339	345	333	
331	336	327	303	325	334	339	333	
347	328	325	344	307	321	322	333	
343	311	302	318	305	335	314	349	
303	349	315	304	325	326	302	301	
311	307	334	345	336	323	331	317	
318	344	338	333	304	349	301	339	
342	340	300	334	309	336	335	316	
301	311	327	330	318	316	325	341	
347	317	332	342	316	301	348	336	
318	339	331	308	317	335	302	332	
323	336	321	314	303	308	309	327	
300	347	340	343	336	303	326	333	
345	327	310	316	317	338	333	301	
331	308	344	301	300	312	340	323	
326	305	348	343	303	311	332	337	
321	315	336	322	335	313	343	307	
324	345	339	334	327	330	314	309	
384	360	350	399	389	357	380	355	
388	399	392	371	396	395	364	351	
350	365	396	360	395	383	371	378	
364	359	395	361	396	386	387	392	
363	366	369	351	356	371	352	373	
374	379	363	385	366	392	373	356	
395	362	350	375	394	356	389	357	
378	392	386	396	356	373	368	385	
389	354	359	384	368	381	398	380	
397	383	353	371	354	372	384	376	
352	378	364	391	365	383	381	394	
392	354	362	394	357	398	365	352	
358	381	396	350	397	371	357	385	
353	394	354	384	357	358	382	392	
398	376	359	360	384	391	371	363	
368	366	357	383	370	358	371	390	
355	383	385	360	361	373	350	384	
364	371	385	399	373	351	372	390	
385	379	350	396	372	377	374	378	
373	375	378	398	372	399	377	390	
384	390	394	363	360	351	378	367	
387	356	364	390	374	367	396	394	
366	352	362	389	357	395	396	377	
397	368	358	366	357	374	392	378	
355	357	356	392	393	391	367	369	
355	395	380	378	391	390	356	352	
369	389	359	361	392	372	350	366	
365	363	350	369	355	378	370	356	
358	398	351	380	352	364	391	384	
356	397	377	352	382	375	392	396	
364	351	385	355	368	353	389	386	
386	377	354	350	372	358	389	360	
374	360	389	385	361	362	365	370	
366	350	373	384	360	397	392	378	
372	354	389	371	374	382	394	365	
377	359	370	387	354	376	398	388	
384	368	350	378	374	355	366	395	
388	394	371	358	383	362	366	393	
397	382	379	368	398	361	352	358	
387	396	393	371	381	355	359	388	
356	359	352	350	364	372	378	382	
370	387	373	360	381	379	376	378	
350	375	380	377	367	369	388	382	
360	362	374	381	392	366	370	364	
388	382	376	395	399	378	370	367	
399	385	350	379	364	391	392	393	
367	378	364	371	388	387	362	353	
392	369	358	371	380	368	359	386	
389	387	353	375	373	382	368	362	
399	383	355	375	396	367	357	370	
400	432	406	417	437	422	416	419	
432	401	410	413	436	419	437	447	
407	441	402	425	417	403	419	429	
438	411	408	420	445	425	440	427	
445	429	425	421	430	428	407	434	
421	448	414	429	447	438	419	445	
443	427	420	409	412	439	404	447	
404	447	400	425	421	405	449	423	
439	443	421	407	437	414	417	400	
445	428	403	409	442	443	449	400	
427	445	421	437	413	406	425	424	
416	419	429	414	437	421	405	423	
433	439	435	427	412	405	421	417	
438	426	432	404	408	422	418	405	
412	434	402	424	423	425	408	409	
401	402	437	404	415	428	444	435	
401	420	442	409	412	426	421	444	
403	409	443	405	447	446	437	416	
407	409	433	432	449	447	443	413	
446	422	439	437	421	434	411	449	
448	418	424	411	435	434	442	441	
423	449	441	425	433	415	438	427	
421	434	446	432	443	430	425	423	
400	431	403	413	407	426	442	404	
431	407	424	423	419	416	414	449	
400	444	436	428	402	420	448	419	
431	405	409	439	447	412	438	426	
400	410	427	426	440	421	414	445	
423	431	414	417	448	443	439	442	
440	433	430	442	434	406	407	427	
429	403	444	400	436	410	442	430	
435	437	443	420	404	446	436	431	
406	432	442	418	440	401	421	445	
410	431	433	435	413	406	422	405	
448	410	437	426	435	413	443	403	
448	434	424	430	429	402	442	438	
431	439	438	427	432	410	406	430	
442	441	421	406	420	403	418	405	
448	441	447	426	408	429	416	418	
412	426	415	428	441	408	449	447	
420	437	418	419	431	440	428	422	
436	433	425	421	417	449	404	440	
419	401	422	447	445	415	436	429	
436	408	428	438	449	434	429	421	
406	408	440	400	407	429	435	434	
433	400	420	421	408	447	425	439	
410	449	425	416	417	414	401	444	
447	411	440	415	414	413	446	417	
428	419	423	449	418	403	402	437	
434	402	433	415	431	404	441	419	
451	468	472	492	491	450	483	460	
492	497	470	491	455	499	489	496	
453	496	490	492	450	480	469	454	
499	495	461	497	492	477	481	471	
486	481	467	489	463	461	466	488	
469	459	471	452	477	497	483	464	
473	451	453	454	476	491	478	484	
470	458	453	494	497	464	460	492	
498	477	489	494	454	459	479	458	
472	496	492	471	486	482	484	490	
461	452	493	497	479	471	476	480	
450	460	454	475	478	471	492	456	
459	491	486	483	470	452	462	487	
490	484	470	462	491	474	487	498	
457	493	474	481	476	468	479	480	
460	452	483	499	478	494	459	471	
460	489	486	463	481	466	490	498	
470	494	480	490	459	484	486	474	
461	491	469	481	480	465	478	459	
471	483	450	456	469	452	475	494	
497	476	452	468	487	478	474	470	
457	451	482	488	483	461	456	497	
494	481	473	468	495	461	452	496	
498	483	488	455	463	459	462	484	
453	482	499	492	481	485	473	489	
472	484	474	475	455	460	476	493	
473	468	485	464	458	483	465	459	
499	490	467	478	485	477	454	489	
455	488	497	470	476	457	456	489	
463	459	468	470	473	467	458	475	
458	489	463	490	496	454	452	455	
458	467	486	494	492	489	463	461	
463	496	470	452	473	464	481	450	
484	469	498	476	465	496	457	486	
477	483	462	451	494	464	463	455	
479	471	457	475	474	462	463	470	
465	493	460	455	453	485	461	487	
458	479	455	490	466	492	456	486	
474	480	451	460	496	479	481	488	
455	498	483	474	499	466	482	450	
485	450	487	478	483	496	477	461	
499	474	498	490	452	477	462	465	
474	455	456	483	482	497	467	477	
465	461	488	498	486	455	469	497	
472	455	463	469	485	476	458	489	
488	478	492	493	461	496	467	483	
480	496	451	472	471	492	497	473	
492	462	478	455	457	475	482	487	
472	474	473	463	496	484	490	487	
495	483	456	482	465	491	481	476	
98	351	120	
344	356	229	
191	272	211	
87	444	154	
226	372	391	
54	429	58	
464	313	369	
274	280	440	
185	162	198	
445	321	120	
362	487	383	
2	80	276	
291	383	485	
344	95	255	
477	180	308	
229	151	146	
403	170	408	
87	257	238	
383	302	411	
92	210	255	
329	485	247	
194	146	269	
412	49	142	
441	432	361	
436	129	341	
254	29	208	
20	242	340	
236	62	427	
110	102	62	
377	406	191	
391	124	175	
212	367	144	
461	489	408	
114	65	11	
80	459	337	
396	284	267	
45	476	407	
44	493	31	
0	301	45	
248	32	380	
276	169	481	
378	113	182	
70	455	163	
8	382	498	
487	141	404	
373	182	448	
162	190	375	
116	404	124	
291	488	153	
481	134	91	
123	327	441	
107	32	35	
161	143	471	
325	71	171	
474	82	372	
80	438	39	
493	488	17	
331	496	469	
96	223	204	
323	332	30	
236	461	120	
329	285	61	
353	361	336	
362	198	314	
465	397	359	
470	59	165	
165	81	206	
178	331	402	
90	69	395	
356	227	382	
322	195	468	
270	479	79	
253	46	306	
494	295	91	
356	369	14	
306	46	221	
340	193	125	
158	35	377	
160	212	477	
18	424	231	
44	289	232	
302	42	175	
124	265	127	
448	370	292	
410	154	452	
372	205	423	
467	74	208	
89	107	216	
233	247	418	
298	373	407	
280	188	93	
180	297	5	
294	470	372	
323	174	230	
442	474	238	
335	390	337	
140	170	72	
197	461	71	
83	152	155	
80	294	90	
66	394	382	
245	153	267	
197	297	493	
129	191	89	
335	214	465	
143	411	9	
233	93	199	
423	264	413	
214	463	194	
237	132	74	
124	418	169	
203	199	30	
97	38	103	
221	228	246	
156	463	297	
36	390	293	
69	3	219	
315	247	441	
113	447	381	
22	2	461	
142	68	385	
444	303	54	
409	241	238	
245	160	226	
214	477	365	
238	266	351	
336	194	494	
463	494	385	
486	36	236	
306	420	116	
187	422	451	
265	445	22	
211	64	380	
139	34	343	
127	272	417	
442	435	344	
450	307	262	
376	335	422	
385	340	288	
243	298	403	
243	392	427	
57	191	491	
338	39	205	
200	331	426	
212	253	484	
19	39	78	
424	307	371	
340	11	29	
447	169	100	
483	214	119	
200	112	217	
243	18	322	
289	38	250	
153	44	410	
429	315	345	
213	464	373	
188	36	27	
12	148	344	
431	320	138	
172	16	314	
33	302	91	
496	284	274	
123	378	297	
109	185	271	
48	272	415	
231	318	280	
287	193	86	
321	449	220	
443	213	285	
207	116	88	
108	450	285	
318	188	405	
420	365	217	
80	469	276	
44	431	363	
160	353	367	
411	237	310	
311	259	346	
1	105	97	
86	15	455	
498	119	57	
32	170	313	
224	257	69	
488	96	427	
474	58	5	
110	319	412	
122	340	170	
316	390	428	
212	335	116	
264	62	341	
147	88	82	
167	269	324	
67	441	16	
85	408	82	
125	52	30	
61	396	331	
1	188	137	
497	92	382	
224	143	252	
161	356	23	
437	279	21	23	
308	118	447	457	
305	418	360	139	
224	490	201	387	
388	195	276	2	
49	155	427	186	
101	5	134	296	
468	13	402	182	
153	422	446	72	
342	137	260	76	
345	173	389	192	
130	402	277	231	
268	234	493	198	
367	87	253	148	
454	313	125	477	
126	455	217	194	
473	81	69	9	
10	389	407	246	
223	379	204	420	
33	216	394	404	
495	48	215	111	
1	441	172	237	
229	154	477	371	
6	222	405	279	
361	140	171	279	
202	404	99	425	
25	117	198	417	
98	225	258	337	
284	83	122	492	
216	441	4	484	
139	115	158	34	
111	419	89	268	
318	28	253	108	
28	243	168	332	
234	473	120	17	
191	355	481	28	
483	55	218	279	
244	312	208	196	
138	219	136	487	
335	168	157	14	
489	411	207	320	
207	134	201	5	
186	2	309	135	
208	107	71	494	
22	20	178	341	
424	441	299	70	
149	209	64	347	
400	465	498	260	
63	288	468	56	
64	375	189	84	
382	358	143	454	
380	0	198	238	
448	277	149	390	
374	424	43	119	
153	444	492	236	
102	155	356	316	
108	471	180	320	
343	321	330	345	
291	58	433	362	
403	100	22	55	
449	18	459	162	
34	441	252	202	
449	447	111	210	
299	151	160	457	
323	492	413	297	
194	356	384	459	
61	47	171	80	
205	36	305	28	
195	498	270	359	
21	410	4	301	
126	436	175	254	
302	454	371	412	
143	17	292	454	
426	164	195	380	
66	295	369	112	
476	499	454	452	
13	30	469	83	
448	98	20	424	
233	400	328	42	
93	138	351	443	
239	407	410	474	
249	380	45	161	
472	317	97	326	
257	405	375	46	
258	144	445	105	
379	444	469	473	
265	111	318	325	
130	416	361	262	
86	256	404	73	
201	266	176	262	
53	157	12	229	
356	70	135	187	
448	371	103	375	
223	369	26	149	
236	91	196	194	
157	491	20	301	
414	197	156	83	
47	491	127	435	
241	266	350	259	
240	266	111	177	
369	287	260	19	
240	332	27	470	
239	266	367	440	
255	252	487	117	
325	32	421	425	
261	326	95	470	
330	426	52	452	
237	337	342	309	
375	25	369	381	
497	462	233	315	
14	498	31	260	
427	380	85	334	
166	375	182	218	
386	488	328	379	
259	243	8	391	
498	139	181	327	
158	431	55	423	
14	91	293	131	
126	344	394	130	
438	182	416	2	
350	459	99	179	
478	452	131	311	
396	427	481	87	
1	431	411	373	
144	370	192	417	
364	35	102	380	
346	305	280	192	
223	301	284	122	
406	340	374	150	
313	410	469	386	
463	381	486	371	
385	51	374	125	
272	73	112	207	
254	107	316	77	
420	261	205	56	
28	363	0	147	
117	288	328	372	
276	156	11	429	
311	462	101	179	
108	47	451	11	
445	281	270	236	
56	455	21	256	
75	277	335	370	
180	497	320	124	
99	405	296	267	
322	244	205	83	
433	248	401	78	
362	447	95	320	
481	49	413	209	
99	104	47	114	
337	370	180	289	
289	153	148	436	
308	474	339	61	
296	244	163	46	
357	350	263	197	
465	3	69	245	
221	422	18	273	
99	337	438	495	
435	216	351	472	
465	318	457	469	
293	103	28	465	
370	468	358	95	
317	34	69	447	
111	409	193	267	
310	484	286	88	
63	6	429	122	
354	193	31	311	
14	245	82	56	
53	143	16	260	
161	202	492	359	
330	182	496	180	
494	476	425	222	
123	184	243	99	
284	453	363	143	
314	379	6	14	
279	371	164	293	
236	77	85	216	
14	442	294	17	
296	251	369	162	
421	437	272	360	
111	236	16	19	
357	4	47	164	
0	226	117	23	
33	256	484	371	
447	348	267	453	
179	360	118	460	
51	415	220	472	
308	381	164	379	
9	342	446	337	
266	467	373	105	
435	63	162	459	
350	26	212	105	
28	75	429	354	
13	234	291	108	
477	475	38	372	
127	84	421	92	
147	253	355	434	
129	456	185	342	
493	291	274	143	
72	296	32	240	
485	270	382	331	297	
419	494	207	321	244	
165	453	430	358	5	
248	312	360	231	244	
371	254	97	424	440	
132	196	253	174	315	
333	14	402	119	259	
490	262	157	193	117	
270	227	265	117	429	
493	444	229	320	118	
434	286	221	380	232	
57	271	130	383	306	
82	180	90	477	24	
271	319	272	15	124	
243	265	304	472	39	
397	61	31	89	169	
126	117	322	215	209	
251	400	494	431	216	
92	486	387	67	149	
108	305	146	372	180	
418	87	85	428	397	
114	43	244	439	461	
299	10	411	223	428	
159	381	488	241	127	
93	95	200	134	375	
128	54	164	341	398	
115	410	481	484	44	
112	371	309	89	300	
92	293	60	399	274	
9	399	139	371	229	
456	341	385	93	443	
140	123	196	361	23	
123	79	479	487	450	
220	426	428	455	218	
480	123	455	86	200	
66	303	440	331	117	
318	254	413	428	75	
344	438	32	30	419	
365	152	246	473	130	
243	448	207	235	38	
342	186	455	240	418	
463	444	172	481	33	
455	45	55	86	486	
284	289	249	150	43	
24	481	452	109	497	
342	498	372	270	249	
224	283	181	4	94	
339	208	220	252	281	
29	272	491	276	307	
133	76	457	234	435	
300	456	428	464	203	
399	43	276	97	190	
243	90	8	330	468	
218	234	415	104	364	
209	51	22	484	134	
342	160	104	194	336	
122	408	392	346	419	
125	395	478	460	110	
331	87	398	447	309	
342	206	411	37	437	
473	187	88	6	284	
58	353	469	332	397	
405	497	430	327	480	
356	316	243	151	335	
388	402	221	471	462	
1	129	62	99	9	
157	411	92	479	496	
68	76	48	484	11	
4	275	497	403	475	
181	74	248	482	257	
253	25	177	276	477	
416	372	320	172	202	
288	314	154	252	55	
112	400	382	33	207	
130	289	154	160	256	
45	204	425	192	428	
16	121	50	23	493	
135	289	317	344	293	
238	160	493	121	488	
25	275	56	111	443	
278	401	391	91	390	
343	345	428	41	112	
231	244	382	369	263	
9	23	456	61	295	
377	257	4	179	190	
275	73	239	47	209	
18	215	48	499	208	
152	91	317	176	134	
316	227	415	244	245	
441	66	106	151	302	
103	149	66	7	363	
430	192	156	13	444	
332	68	266	111	179	
265	246	349	109	305	
295	156	240	18	388	
450	30	289	115	42	
416	124	214	303	251	
102	237	105	177	443	
246	344	236	132	280	
476	362	43	24	193	
320	344	465	241	398	
289	424	286	237	19	
450	374	220	154	148	
19	82	78	498	55	
359	42	434	378	147	
4	242	243	49	459	
173	54	315	103	265	
143	435	258	452	307	
476	341	264	270	281	
306	353	354	197	249	
379	352	425	72	158	
190	95	306	40	76	
164	102	293	239	285	
88	310	71	157	148	
303	162	369	179	488	
491	485	476	367	46	
221	271	171	309	442	
253	116	219	207	252	
345	80	275	10	63	
385	119	142	396	481	
399	473	423	300	369	
487	170	329	493	220	
301	104	267	86	162	
55	122	261	178	188	
64	417	16	52	245	
188	90	437	401	160	
383	431	209	394	157	
465	130	23	305	327	
85	106	329	398	266	
287	293	226	483	199	
260	301	70	310	13	
442	193	158	429	305	
220	285	425	142	386	
164	166	456	438	364	
495	34	11	277	212	
124	156	141	421	84	
427	363	312	139	52	
56	291	319	249	432	
112	348	152	125	236	
322	394	13	116	492	
394	434	11	63	64	
170	225	131	138	95	
488	105	489	193	357	
390	228	195	312	155	
64	113	265	156	15	
169	26	415	275	30	
202	213	257	173	107	
382	266	60	217	373	
215	112	237	456	124	
120	19	332	267	240	
312	273	403	320	453	
265	460	360	143	184	
361	199	171	446	48	
68	197	335	316	384	
365	335	43	479	458	
121	136	12	220	491	
64	62	393	28	335	
95	492	116	14	274	
487	363	18	30	135	
400	241	471	439	37	
120	165	50	146	71	
175	484	33	428	179	
332	172	139	469	304	
287	173	89	343	436	
271	365	429	497	153	
362	438	439	314	487	
62	472	224	4	435	
72	390	426	472	489	
191	44	444	313	111	
497	172	337	218	34	
391	459	84	118	246	
356	323	332	427	135	
111	180	139	353	75	
245	463	297	450	108	
476	274	219	197	479	
41	391	338	211	146	
401	44	69	392	279	
301	373	42	445	408	
265	72	257	222	187	
305	133	231	246	194	
201	143	42	443	458	
476	370	405	149	477	
412	55	43	312	188	
376	187	495	277	428	
313	154	214	60	457	
185	174	382	444	200	
108	320	216	136	213	
28	156	26	406	274	
86	238	426	424	443	
405	454	299	385	157	
370	459	189	247	408	
148	159	472	80	354	
41	281	316	79	210	
322	310	191	455	44	
482	360	437	499	283	
60	221	338	365	237	
401	478	446	389	206	
229	12	112	276	383	
310	350	355	492	361	
437	240	364	10	303	
