6	8	12	18	23	1	
1	20	35	22	46	6	
2	31	38	3	23	19	
11	3	17	44	31	40	
37	19	6	47	15	25	
13	8	15	23	42	3	
3	14	34	32	0	15	
31	46	30	18	32	17	
29	30	19	48	21	26	
18	46	8	48	6	30	
24	3	48	0	37	26	
40	2	24	31	20	5	
4	8	7	3	11	38	
8	40	21	17	0	41	
46	45	6	34	33	17	
3	41	2	8	23	42	
3	19	44	6	34	7	
40	8	18	31	23	15	
18	37	41	0	22	16	
22	45	13	27	11	16	
1	39	21	27	14	5	
2	15	40	19	39	29	
31	5	30	22	21	15	
20	44	24	49	8	1	
11	33	30	19	43	16	
5	23	9	0	49	12	
24	0	46	33	49	21	
16	32	44	46	6	24	
23	14	32	0	47	3	
15	10	31	14	20	21	
42	17	11	19	39	8	
9	18	42	19	44	23	
5	27	30	40	25	43	
39	0	13	18	36	24	
34	21	19	44	0	1	
24	8	3	38	1	19	
10	18	11	35	19	45	
47	38	12	31	35	17	
42	2	6	26	32	35	
33	45	41	6	38	47	
19	36	4	1	13	31	
44	43	17	27	28	12	
47	2	12	37	7	48	
31	43	9	19	6	49	
49	14	24	32	38	11	
13	15	26	21	35	27	
34	1	26	24	33	46	
5	21	11	47	29	26	
0	16	18	6	44	46	
30	31	4	34	36	14	
73	75	59	53	95	56	
81	56	77	78	86	82	
96	61	72	85	66	64	
78	86	91	99	82	96	
96	50	99	69	81	93	
68	64	97	76	52	87	
74	57	62	77	54	93	
66	82	62	88	60	74	
81	70	99	72	59	66	
79	89	76	51	67	82	
71	75	54	72	97	63	
64	84	71	70	80	94	
72	59	51	78	53	73	
69	76	80	89	60	88	
66	60	52	53	84	85	
82	62	59	72	97	55	
63	83	52	72	87	61	
71	91	60	92	57	69	
87	61	78	70	51	97	
84	77	75	93	76	54	
97	73	67	86	88	83	
92	82	91	84	63	89	
66	92	80	95	94	93	
98	84	93	88	96	60	
61	58	88	95	50	90	
89	60	73	78	96	77	
60	97	66	87	76	57	
98	52	96	77	78	86	
60	76	74	81	93	65	
71	76	53	56	66	97	
82	51	98	74	59	70	
64	62	82	76	77	97	
96	88	90	99	64	68	
72	50	56	65	55	51	
86	96	62	67	52	60	
61	74	99	92	60	62	
50	77	78	72	76	99	
77	79	89	94	93	90	
88	54	71	99	56	90	
99	87	59	51	96	68	
92	63	82	61	55	77	
99	90	59	55	74	56	
69	88	57	52	63	66	
68	62	84	80	54	93	
69	66	68	80	82	88	
80	82	92	98	71	52	
55	50	60	78	76	73	
58	83	65	76	99	84	
67	50	63	58	82	86	
76	52	51	81	71	73	
118	126	129	123	138	111	
132	129	100	113	102	148	
143	113	131	140	101	132	
137	104	100	134	119	118	
111	146	134	147	105	143	
104	121	100	109	126	145	
114	146	147	131	137	148	
114	146	106	140	123	110	
143	149	126	120	113	122	
117	124	147	133	109	126	
140	128	100	141	107	102	
138	111	108	110	109	144	
100	139	110	117	124	131	
138	149	109	118	148	120	
120	121	113	102	149	115	
108	115	111	114	120	133	
135	148	107	128	127	140	
148	113	130	143	140	104	
149	112	125	148	128	116	
110	116	134	127	148	135	
120	101	131	139	107	111	
105	121	110	113	138	148	
102	117	143	130	136	111	
119	140	134	117	114	127	
116	105	111	103	148	137	
126	116	107	114	112	146	
147	129	123	132	100	107	
145	127	130	112	101	102	
103	119	125	135	126	130	
130	112	126	125	127	149	
146	106	131	103	144	109	
127	115	107	146	120	145	
145	142	107	116	110	119	
148	120	127	102	141	111	
111	149	113	120	146	135	
128	136	140	101	135	106	
124	114	142	135	113	100	
141	130	143	139	126	125	
116	145	108	135	115	142	
139	111	140	146	131	123	
108	125	136	140	129	119	
132	135	103	106	148	126	
120	102	128	111	103	126	
137	128	138	111	103	122	
145	141	108	137	124	133	
102	131	138	146	123	141	
141	125	127	145	100	115	
115	122	130	108	102	106	
117	130	133	111	121	126	
149	108	114	143	128	129	
185	191	173	196	182	184	
158	176	186	163	182	175	
168	186	180	178	166	155	
167	155	187	199	193	195	
157	189	163	158	162	181	
179	158	163	156	184	182	
156	152	199	179	181	195	
166	154	167	194	158	189	
157	179	159	195	160	167	
171	176	188	156	174	186	
191	155	176	188	153	164	
157	165	164	199	176	190	
184	154	189	195	176	183	
158	192	195	173	199	179	
174	163	177	157	173	190	
184	179	163	194	175	180	
164	177	175	184	156	172	
151	152	158	164	160	168	
168	190	187	164	198	169	
198	159	169	154	184	178	
171	198	167	162	176	187	
168	182	172	153	177	169	
187	168	192	183	165	184	
181	153	194	160	170	176	
193	162	157	194	158	152	
154	189	186	156	199	152	
177	179	165	187	164	195	
162	163	192	174	155	194	
184	180	175	157	154	191	
157	164	158	177	182	174	
160	187	150	159	184	174	
165	182	151	166	196	177	
185	194	177	179	172	188	
154	177	158	189	175	192	
194	199	192	175	152	173	
174	181	184	157	173	186	
171	183	177	159	170	197	
191	161	196	192	184	162	
168	157	160	175	188	181	
199	186	155	191	177	189	
172	168	173	197	150	180	
193	184	181	195	151	153	
162	166	185	151	159	172	
186	178	167	198	168	175	
170	168	178	199	167	154	
184	185	189	156	159	151	
172	164	173	196	161	188	
161	195	169	190	152	178	
176	174	193	195	178	165	
167	174	192	171	162	182	
226	227	229	249	212	247	
217	231	232	227	236	206	
235	231	213	220	246	247	
218	208	209	223	247	222	
234	230	225	211	248	243	
214	232	233	230	205	220	
201	239	222	232	214	203	
227	248	235	242	234	206	
205	234	243	233	200	219	
244	246	208	223	241	207	
203	230	218	225	219	234	
240	221	205	230	231	214	
212	239	231	237	244	240	
232	241	227	218	247	245	
206	230	203	200	226	207	
204	201	241	237	240	236	
204	239	205	203	242	221	
221	228	222	208	210	231	
231	208	205	214	217	221	
231	221	208	244	237	232	
205	248	209	220	229	235	
237	235	204	202	248	203	
227	233	243	236	203	206	
228	209	223	247	232	244	
203	225	210	244	226	243	
248	216	239	215	220	231	
223	207	217	225	215	228	
224	200	228	211	237	234	
235	200	231	239	204	238	
236	232	200	214	204	248	
218	235	245	209	226	221	
212	204	236	244	239	203	
246	233	226	203	206	241	
211	220	224	246	206	215	
232	202	215	216	211	243	
243	249	244	227	248	226	
201	249	207	237	242	234	
207	230	201	213	203	219	
230	248	246	209	229	231	
233	232	228	204	206	205	
241	240	242	249	228	200	
201	207	245	243	246	222	
204	244	213	207	240	201	
214	232	202	238	225	230	
232	210	205	220	237	202	
226	218	228	234	211	242	
219	205	247	222	249	242	
206	232	219	207	244	226	
233	231	226	202	213	209	
233	217	248	225	230	206	
292	265	290	276	258	289	
275	260	279	263	269	261	
299	291	250	274	288	297	
265	274	250	299	266	256	
279	287	258	270	259	280	
291	253	286	273	283	285	
251	281	298	278	286	259	
271	293	274	258	250	275	
255	254	272	291	264	273	
253	291	294	274	270	281	
253	257	284	266	289	286	
278	280	264	294	275	290	
252	261	286	277	265	297	
259	287	260	298	253	274	
299	255	270	279	252	297	
284	252	251	288	255	280	
263	279	260	251	270	281	
293	294	257	261	298	297	
287	299	262	274	266	277	
256	250	268	270	293	299	
258	277	266	270	286	259	
266	264	256	269	278	258	
258	279	285	265	267	269	
296	294	266	268	291	285	
292	299	286	252	280	277	
259	290	260	271	295	273	
277	275	264	250	271	288	
255	268	299	293	295	282	
271	274	277	258	265	252	
253	255	278	296	289	294	
267	259	298	269	268	276	
257	283	263	258	275	281	
263	271	288	298	274	282	
262	274	250	272	298	260	
255	264	274	296	299	275	
289	282	250	279	286	290	
264	275	271	272	276	294	
286	289	273	274	268	291	
281	251	282	254	272	262	
261	252	271	278	260	285	
272	263	271	280	288	251	
272	267	253	297	274	273	
281	282	266	280	290	276	
265	279	276	255	263	268	
278	283	285	298	290	264	
296	260	280	256	286	251	
296	276	288	278	281	273	
255	271	292	299	268	293	
271	285	273	270	256	287	
296	293	275	267	281	295	
304	318	316	325	319	335	
312	325	313	338	300	324	
335	349	309	336	325	302	
331	314	313	346	300	317	
326	320	322	331	328	312	
310	314	324	327	300	306	
325	310	314	335	316	333	
301	305	326	330	344	314	
303	318	336	348	324	307	
340	331	335	332	304	306	
336	333	342	330	313	338	
328	336	335	326	317	330	
329	347	323	345	313	333	
319	307	322	335	316	301	
304	339	327	336	324	347	
320	330	332	306	338	329	
308	300	319	342	337	336	
332	323	312	334	337	306	
314	312	304	345	320	328	
334	320	311	312	306	303	
313	328	304	345	325	341	
312	345	320	334	347	342	
317	319	335	315	307	302	
317	324	331	334	337	318	
314	312	345	323	335	347	
333	349	346	301	314	331	
320	338	321	334	301	347	
334	313	322	349	312	338	
349	336	306	340	332	321	
315	332	324	349	304	346	
325	301	324	333	320	342	
304	322	336	340	320	311	
303	323	307	347	324	326	
308	331	334	342	337	312	
334	325	312	302	337	315	
313	338	305	318	309	346	
333	327	313	300	309	338	
317	315	324	314	309	319	
331	306	301	300	328	327	
301	348	322	326	334	340	
341	346	339	328	321	344	
329	306	312	338	313	301	
300	314	340	342	337	345	
313	310	303	343	319	340	
341	345	303	324	327	323	
319	347	306	310	316	345	
312	343	335	319	306	309	
309	319	310	303	335	305	
337	331	306	320	315	312	
342	339	334	331	300	346	
378	394	367	372	360	356	
395	390	388	360	398	362	
397	392	390	366	385	365	
396	394	358	355	369	391	
353	396	380	398	362	392	
361	378	367	362	397	392	
391	362	367	371	357	356	
353	388	399	392	357	387	
396	357	374	350	379	353	
373	372	386	366	384	356	
363	365	351	369	378	361	
373	392	376	380	390	362	
365	395	368	360	366	370	
395	361	393	389	357	394	
377	386	372	394	378	361	
363	373	355	393	368	375	
374	364	384	355	366	377	
381	372	363	378	367	377	
353	384	368	372	370	351	
379	393	358	385	370	384	
386	397	374	372	359	378	
386	369	383	398	376	354	
357	395	362	351	386	352	
373	386	378	360	367	387	
378	362	356	375	364	399	
389	353	367	397	354	399	
394	377	350	387	352	383	
365	377	394	385	370	398	
385	388	352	391	376	361	
390	372	375	354	398	352	
380	398	375	372	357	356	
359	399	351	373	366	388	
397	361	353	355	374	368	
383	363	376	351	397	389	
375	380	378	365	377	362	
356	385	366	381	380	357	
372	359	383	395	388	393	
367	356	353	354	393	395	
377	357	392	370	373	382	
359	392	371	399	387	370	
385	350	384	393	390	391	
385	361	350	378	368	355	
387	363	376	359	370	394	
354	393	372	376	351	373	
389	381	383	392	385	357	
398	388	397	370	382	387	
376	370	368	379	387	357	
374	389	395	399	367	360	
357	396	353	373	355	359	
374	383	382	373	358	392	
406	421	447	423	400	426	
404	425	440	408	428	411	
433	416	437	419	439	441	
423	440	413	442	427	420	
422	426	438	440	427	413	
414	443	441	403	425	404	
417	435	436	418	410	416	
402	448	437	449	422	428	
418	419	401	416	403	427	
441	405	403	400	415	426	
415	434	433	400	410	441	
429	417	445	438	435	409	
424	441	400	439	433	420	
437	429	408	402	410	418	
439	447	416	407	426	420	
437	418	447	424	448	400	
404	412	414	436	432	441	
416	400	428	443	402	444	
442	422	434	443	408	405	
413	436	414	433	442	437	
446	415	400	440	443	424	
400	420	401	430	435	436	
447	433	416	411	449	417	
411	402	405	418	448	432	
414	416	441	449	405	413	
405	434	445	403	423	424	
421	442	441	435	410	424	
421	422	405	439	408	445	
444	449	420	416	414	430	
447	408	448	430	435	444	
446	401	441	430	419	431	
409	413	430	439	429	422	
426	432	409	430	419	424	
411	424	432	441	429	403	
449	445	428	448	427	440	
408	427	439	416	400	428	
401	442	418	425	408	426	
441	423	420	404	417	443	
414	402	432	442	417	421	
407	428	431	427	426	437	
421	414	408	426	438	448	
425	447	445	420	413	400	
443	422	416	437	442	405	
425	426	432	448	447	411	
434	409	418	420	441	422	
408	416	417	441	405	409	
442	447	408	406	419	437	
422	446	404	434	407	421	
422	449	442	415	436	426	
416	402	434	411	442	427	
457	455	462	453	472	470	
477	471	469	459	480	484	
496	473	470	452	463	464	
452	480	493	489	482	467	
470	483	494	480	466	473	
466	475	485	486	456	482	
498	450	470	479	495	461	
460	471	453	465	483	499	
460	473	463	453	454	450	
472	470	474	496	482	492	
499	486	453	463	493	481	
457	461	482	488	499	474	
488	460	461	473	484	486	
478	489	454	488	490	477	
483	462	454	499	494	498	
496	467	489	461	484	459	
469	477	481	465	478	495	
489	487	480	483	472	491	
476	453	487	498	484	463	
466	495	492	451	464	473	
489	462	488	484	490	467	
491	492	450	465	486	484	
497	474	468	450	482	452	
492	460	451	457	466	463	
458	480	454	460	469	474	
458	481	475	476	467	484	
461	470	480	475	467	498	
475	450	468	462	456	490	
456	483	473	452	479	453	
455	496	477	481	459	452	
472	496	466	485	473	495	
484	479	488	475	489	492	
450	464	491	494	496	460	
451	456	461	483	495	459	
456	468	465	482	473	495	
455	463	462	461	456	482	
458	450	457	466	499	454	
476	454	492	487	472	462	
479	481	492	494	456	475	
480	484	467	491	474	469	
451	466	453	474	469	463	
469	474	484	487	498	464	
499	488	460	457	463	494	
487	453	499	472	451	493	
452	461	462	478	457	464	
493	474	479	458	495	480	
453	463	452	479	459	471	
455	475	485	494	491	453	
490	495	480	468	496	492	
471	467	461	492	479	497	
17	44	33	47	27	11	10	
33	11	25	34	15	28	46	
43	2	25	5	34	0	1	
12	26	23	4	37	22	7	
43	44	47	49	15	24	45	
42	4	48	38	45	30	29	
35	12	13	48	38	6	46	
36	24	37	49	46	47	45	
43	41	15	6	44	0	12	
20	2	38	36	44	31	37	
37	17	3	24	12	23	8	
29	36	38	6	49	2	46	
10	33	38	45	23	49	5	
32	41	42	28	40	49	16	
49	4	46	37	31	40	48	
18	46	20	1	39	27	32	
12	0	47	48	8	23	40	
15	33	40	30	35	17	34	
21	3	24	28	39	14	29	
48	41	28	39	31	24	30	
40	31	47	4	46	6	3	
5	17	31	6	10	23	11	
6	48	31	3	4	39	1	
47	14	37	31	19	1	22	
32	31	44	29	39	35	19	
16	21	43	15	20	11	48	
28	23	11	1	27	44	32	
42	2	14	35	25	32	0	
14	24	41	19	32	11	25	
33	24	42	12	8	16	22	
47	28	23	20	7	36	44	
16	10	13	9	20	18	30	
14	46	3	11	1	8	34	
10	40	46	3	42	14	39	
31	20	29	7	43	15	32	
25	10	9	43	20	30	27	
17	2	20	27	48	23	15	
24	14	43	13	42	2	16	
26	37	15	25	38	19	41	
17	43	27	6	19	12	31	
7	3	5	12	17	41	48	
43	7	42	31	26	17	28	
2	35	42	32	17	20	28	
37	49	34	32	7	9	38	
43	36	32	38	41	47	12	
30	40	20	47	44	5	8	
45	11	3	10	21	15	35	
42	22	1	44	0	9	18	
6	22	34	38	4	20	31	
0	41	47	43	42	30	36	
60	54	74	57	94	77	92	
83	56	72	70	82	68	61	
93	70	66	84	57	53	87	
88	53	76	75	85	91	59	
68	85	91	57	72	82	67	
75	77	66	55	87	96	58	
63	87	56	77	86	82	50	
99	66	79	80	54	73	98	
51	66	63	53	78	91	75	
90	68	81	71	70	78	86	
84	79	52	93	80	67	66	
60	71	78	80	65	96	99	
77	59	76	83	99	73	68	
58	93	97	61	86	92	71	
73	98	62	74	69	93	58	
82	70	64	62	72	92	76	
78	51	99	73	77	87	71	
68	70	56	80	61	54	72	
71	89	73	95	92	55	90	
81	85	56	90	59	62	97	
72	96	75	86	56	92	83	
66	72	95	93	78	56	97	
82	75	50	86	94	93	58	
57	65	86	56	82	72	59	
88	86	50	78	61	99	51	
59	95	99	74	68	79	77	
78	61	95	71	80	56	89	
71	74	95	51	97	61	52	
61	87	83	68	97	50	67	
66	82	56	95	62	67	86	
72	90	79	62	84	74	50	
70	58	56	80	55	96	82	
66	95	84	63	61	96	55	
90	70	53	92	65	67	51	
93	74	75	98	90	50	71	
63	95	64	71	50	91	60	
74	92	63	55	53	93	72	
61	85	93	86	62	71	96	
67	99	88	60	50	66	69	
99	82	78	58	59	89	96	
50	76	74	54	70	52	75	
80	75	65	64	93	82	87	
71	87	54	91	70	94	63	
54	92	78	63	61	55	56	
70	61	71	90	65	80	60	
62	95	84	59	77	50	74	
78	87	58	98	62	89	60	
67	80	62	60	65	53	97	
59	67	88	65	90	51	61	
53	60	75	80	64	57	56	
143	113	111	125	148	147	117	
134	143	146	129	106	141	140	
126	142	129	149	146	127	148	
132	144	103	120	149	125	128	
135	120	147	140	129	142	133	
127	133	149	144	129	117	123	
105	115	111	124	148	121	142	
121	145	126	119	118	120	115	
121	110	136	134	138	116	103	
144	106	111	108	133	118	103	
134	127	111	129	122	118	106	
148	130	103	136	143	120	108	
133	101	103	113	122	117	107	
115	109	148	112	110	137	145	
109	117	116	142	119	144	148	
109	119	125	149	107	141	138	
148	120	145	101	102	100	130	
134	148	123	106	147	114	112	
136	117	120	144	143	110	102	
103	113	112	123	141	127	122	
137	147	119	145	123	103	122	
128	108	132	148	109	136	138	
126	119	125	144	127	110	117	
145	125	136	116	112	121	149	
124	129	142	144	141	113	133	
103	114	115	108	120	128	129	
122	124	138	141	126	136	112	
109	108	137	144	132	112	141	
136	129	116	122	120	142	137	
148	127	122	135	112	100	130	
123	114	112	126	144	100	130	
136	104	131	118	141	142	138	
123	112	108	125	103	143	100	
118	133	139	102	117	108	119	
140	125	130	111	142	106	126	
137	140	113	121	122	111	108	
132	126	141	130	102	129	115	
117	123	118	138	148	114	109	
128	104	119	146	125	117	111	
121	113	107	116	115	122	114	
100	135	140	133	118	111	132	
147	144	130	135	134	107	138	
110	143	140	116	128	127	114	
119	139	121	147	133	127	105	
106	111	122	116	142	125	105	
114	143	135	125	107	146	105	
108	125	111	113	129	115	107	
119	123	142	122	105	104	139	
108	105	129	128	101	122	112	
112	110	105	132	111	124	143	
180	170	165	193	190	167	163	
191	199	165	193	183	196	159	
182	164	175	168	173	176	180	
176	188	151	199	154	157	195	
167	194	186	165	195	156	196	
168	197	195	161	174	158	165	
185	168	180	184	156	177	155	
155	165	192	160	150	191	184	
159	192	155	197	184	188	183	
166	179	193	174	187	197	191	
199	170	151	177	196	164	172	
162	158	195	179	163	152	197	
165	156	189	183	185	154	196	
186	152	166	178	159	161	198	
181	190	195	198	185	189	180	
193	178	156	190	183	157	162	
174	185	176	195	165	161	193	
155	163	181	188	153	170	162	
187	158	176	156	198	163	169	
157	187	154	178	152	181	180	
150	169	174	164	184	160	168	
198	183	166	162	185	192	175	
175	173	183	197	190	184	171	
193	165	164	174	184	183	169	
155	160	190	195	158	165	152	
174	183	194	169	170	175	161	
165	199	157	185	159	178	152	
173	151	183	185	188	199	190	
154	168	171	186	155	172	191	
177	167	165	151	155	164	160	
172	186	191	174	180	154	188	
186	184	156	172	162	190	195	
179	170	172	159	192	178	154	
180	182	172	183	195	159	194	
183	172	152	153	190	155	195	
181	192	196	162	159	180	186	
163	171	193	194	185	154	165	
178	150	172	191	153	182	159	
160	183	182	176	188	166	170	
166	167	180	164	159	163	174	
165	181	175	157	159	152	185	
175	167	179	162	176	187	184	
196	195	185	172	193	153	181	
194	191	178	197	159	187	153	
183	157	158	177	153	175	152	
166	171	161	175	150	197	196	
189	177	186	187	153	168	174	
177	187	154	178	184	151	190	
176	175	158	164	180	199	160	
157	163	174	156	188	190	172	
225	244	248	203	239	227	223	
248	227	218	228	247	239	210	
216	239	201	210	212	222	218	
240	231	238	232	222	200	202	
234	209	224	248	231	228	247	
242	219	244	229	227	202	230	
237	218	243	221	242	239	208	
211	219	205	217	230	222	215	
205	241	239	230	216	206	248	
234	203	210	230	219	215	228	
207	243	228	237	249	214	231	
239	224	204	247	202	237	233	
241	223	227	215	249	210	214	
226	218	224	212	238	225	205	
226	209	215	248	218	206	223	
241	207	216	246	238	217	232	
221	226	229	203	200	231	223	
228	232	231	202	213	244	225	
240	249	224	241	208	227	243	
247	249	200	210	222	214	230	
216	222	207	208	206	214	242	
238	228	210	220	213	232	229	
212	240	249	236	241	247	238	
236	228	237	200	218	203	238	
221	228	249	220	238	212	224	
232	214	200	211	219	241	215	
214	226	246	222	211	233	220	
212	236	248	231	230	208	229	
208	211	207	226	219	244	206	
228	206	203	214	217	201	205	
220	202	225	242	244	235	210	
241	236	228	215	244	209	219	
216	243	227	206	201	248	221	
201	216	211	222	210	225	208	
205	218	206	219	222	230	248	
222	245	241	217	207	205	235	
248	213	217	233	200	249	235	
213	228	226	248	212	206	244	
239	219	216	241	207	212	235	
236	240	224	223	208	243	219	
227	241	222	219	200	223	220	
232	206	240	249	202	228	205	
237	223	240	204	224	221	222	
244	240	239	237	243	201	230	
204	226	241	242	200	210	236	
203	217	246	201	222	239	226	
210	213	212	229	243	208	230	
249	231	242	228	240	204	233	
217	228	238	207	231	243	224	
204	227	210	230	233	246	207	
296	261	287	286	288	260	270	
254	266	288	293	264	272	278	
275	292	267	266	276	271	281	
260	287	299	273	258	256	296	
284	260	251	285	267	298	293	
276	250	277	257	299	272	253	
279	254	263	250	274	269	295	
255	295	253	261	272	285	251	
258	297	254	262	290	287	259	
254	264	287	253	260	258	284	
275	252	280	281	298	251	257	
288	273	287	277	276	256	264	
257	260	292	261	284	274	252	
295	276	272	288	287	256	293	
279	288	283	253	282	280	291	
295	257	267	251	263	289	253	
264	287	257	283	293	270	254	
275	273	251	257	266	296	295	
255	285	299	262	283	253	261	
282	252	292	250	266	270	275	
274	257	299	251	261	258	263	
279	294	272	286	254	265	275	
284	268	289	265	266	297	264	
280	274	275	265	269	270	268	
288	270	256	272	268	282	284	
254	265	299	264	256	279	297	
251	278	258	269	299	295	273	
295	263	269	296	277	279	294	
267	258	261	275	272	256	299	
258	274	294	260	264	261	256	
293	254	288	278	253	272	277	
294	254	264	265	282	284	297	
290	262	281	277	285	289	298	
297	299	265	274	281	280	256	
297	292	254	288	282	289	296	
277	257	274	285	278	262	263	
277	276	268	259	267	289	295	
274	252	253	264	257	289	260	
288	294	296	282	268	284	256	
269	266	290	268	285	294	275	
254	290	292	256	299	271	272	
286	299	255	268	267	258	259	
274	250	252	292	262	288	281	
292	254	274	297	272	289	278	
267	273	286	253	271	261	259	
286	262	281	283	272	290	297	
259	276	290	267	284	258	282	
294	260	291	261	262	254	282	
265	275	263	259	297	278	299	
278	294	292	267	263	286	283	
309	331	306	340	323	343	339	
335	332	347	307	300	325	323	
339	301	310	316	323	349	329	
314	332	313	329	340	303	345	
306	341	342	320	345	330	347	
319	342	343	323	303	324	328	
342	343	345	301	338	305	340	
325	345	340	300	347	329	315	
318	325	348	343	328	310	323	
337	335	319	316	328	339	320	
322	348	331	329	341	308	323	
340	324	343	305	349	302	342	
349	344	301	333	346	336	307	
344	328	321	315	320	337	309	
310	346	302	333	335	331	312	
319	328	331	305	309	339	340	
315	337	326	305	320	329	300	
327	338	308	329	310	311	309	
329	319	341	322	328	338	344	
301	320	347	315	321	334	303	
322	328	329	335	320	318	325	
330	326	339	329	324	346	333	
347	336	322	307	341	325	311	
310	321	305	349	313	316	343	
347	318	339	300	303	332	311	
325	318	315	307	326	348	319	
334	321	327	332	328	312	305	
323	315	321	332	311	300	306	
348	347	327	303	304	340	311	
344	311	310	321	306	326	302	
316	340	333	325	329	308	342	
341	328	338	333	332	314	311	
335	325	314	328	321	306	330	
329	328	302	300	312	342	323	
304	329	308	324	320	328	311	
313	309	308	348	333	346	336	
349	327	322	306	320	303	301	
314	347	341	317	319	321	307	
342	325	307	309	304	310	345	
313	345	331	333	330	328	329	
344	340	349	327	309	307	328	
321	347	307	303	325	337	301	
304	345	327	316	302	325	319	
345	332	319	301	310	321	314	
310	337	314	349	317	323	340	
321	347	315	306	318	309	313	
343	309	333	337	322	318	307	
332	320	308	311	304	346	313	
324	327	300	346	329	317	321	
305	315	334	310	330	341	326	
370	399	374	355	396	392	352	
373	356	385	351	360	350	394	
392	378	394	387	370	363	350	
369	368	372	370	384	350	364	
354	398	360	394	376	368	390	
384	376	350	365	393	380	379	
362	367	352	363	361	392	396	
381	368	382	352	392	373	383	
379	367	395	384	388	383	392	
364	378	371	382	396	379	386	
378	386	384	394	350	395	352	
399	376	360	355	357	368	378	
385	383	378	356	354	361	377	
364	387	366	386	393	357	358	
383	390	368	380	387	386	371	
363	358	356	396	388	364	386	
362	350	385	358	390	377	382	
375	388	352	354	364	385	365	
355	354	350	384	358	364	376	
367	350	393	385	354	396	378	
389	373	396	379	390	365	387	
381	358	364	382	385	363	390	
385	352	399	365	372	350	397	
357	360	380	352	394	375	385	
363	389	380	387	392	370	383	
356	369	372	384	371	388	392	
389	398	357	368	393	370	366	
363	379	398	390	384	350	389	
391	350	393	381	351	382	394	
397	362	365	369	363	383	366	
357	384	365	389	361	353	386	
359	357	362	376	369	360	354	
376	386	394	352	367	380	383	
351	368	390	359	387	395	385	
351	361	399	375	355	381	382	
375	372	353	385	354	398	364	
383	395	372	378	398	380	355	
385	372	351	357	381	355	395	
353	368	363	356	375	372	392	
352	375	361	378	387	398	362	
361	370	397	358	363	391	372	
351	398	369	385	350	387	393	
398	392	364	354	384	369	383	
362	395	374	364	370	355	376	
373	393	366	360	372	371	380	
387	356	395	391	362	384	392	
382	366	397	369	385	350	351	
353	350	388	357	358	391	356	
374	369	379	363	362	388	359	
393	355	380	397	384	360	381	
429	418	428	401	410	407	448	
442	434	441	421	437	446	436	
405	430	432	447	420	427	431	
413	438	403	407	411	425	444	
440	417	414	419	426	422	446	
446	425	426	411	442	416	428	
412	430	446	447	440	401	417	
429	409	443	423	413	421	412	
407	437	417	432	412	415	411	
430	414	401	422	415	420	446	
441	400	438	402	408	412	413	
413	401	424	402	416	439	448	
406	419	436	409	424	447	427	
434	420	415	412	405	409	404	
411	418	426	433	442	428	449	
445	406	428	425	421	420	444	
419	408	425	406	422	441	417	
439	423	421	432	430	429	403	
449	401	445	419	420	408	427	
435	446	430	402	431	416	425	
407	403	404	442	429	421	447	
430	403	412	449	410	424	425	
440	417	448	411	406	443	444	
445	417	405	402	406	409	421	
419	400	432	445	404	434	439	
411	434	416	433	409	422	447	
402	419	410	400	436	431	417	
427	449	411	406	415	416	430	
411	425	449	439	400	446	421	
443	420	423	400	442	431	405	
442	431	445	416	404	421	423	
413	407	440	449	423	405	445	
430	419	445	441	411	424	402	
403	414	436	411	431	407	413	
429	440	438	412	448	443	421	
428	443	405	408	407	422	413	
420	447	406	419	409	449	444	
405	419	435	417	408	434	432	
436	422	445	435	404	409	443	
447	410	404	402	448	425	420	
412	419	432	429	406	426	431	
406	437	414	443	429	402	409	
443	400	434	418	417	439	420	
418	410	426	441	406	432	424	
416	432	441	407	417	438	412	
424	438	447	445	441	412	431	
449	431	410	439	421	428	407	
419	415	441	432	410	445	401	
424	443	410	436	437	400	403	
423	415	405	406	427	414	402	
485	498	473	492	457	486	459	
459	469	457	468	485	455	490	
476	471	455	462	457	466	491	
488	451	490	499	491	485	453	
477	487	490	491	488	453	459	
477	491	453	486	488	478	498	
480	456	496	484	453	487	486	
474	450	458	468	463	454	467	
482	479	451	491	486	475	455	
494	491	481	496	475	463	476	
489	495	471	465	499	478	453	
470	492	482	479	478	466	454	
483	484	488	455	482	477	465	
450	483	460	479	455	456	452	
485	481	493	468	475	480	498	
458	459	499	474	496	453	468	
478	482	494	455	458	498	479	
477	482	494	452	476	455	459	
462	476	467	496	491	450	485	
470	476	472	484	466	473	475	
451	463	462	491	454	481	458	
450	498	460	475	452	479	499	
496	473	494	479	497	489	491	
463	457	494	452	450	461	480	
471	456	489	477	462	493	460	
484	475	471	457	493	473	454	
470	463	457	496	497	452	454	
487	470	451	481	454	461	471	
468	498	458	497	486	471	456	
455	465	450	484	472	478	461	
499	480	463	474	466	476	477	
488	462	477	483	453	469	472	
452	460	497	486	467	458	466	
482	485	466	465	460	487	495	
491	462	478	488	467	454	471	
492	458	466	494	474	464	457	
494	452	470	478	459	498	477	
479	490	457	493	478	460	476	
466	474	493	458	491	495	464	
481	451	467	478	476	479	464	
456	494	471	460	457	451	498	
479	451	458	452	471	499	478	
453	482	484	461	455	464	491	
491	484	482	458	456	451	469	
484	477	497	475	485	463	493	
471	498	456	481	489	467	466	
453	487	469	491	451	475	489	
488	477	479	487	465	483	453	
480	461	460	478	499	484	451	
476	473	463	452	466	450	496	
6	15	14	39	10	31	47	30	
43	14	22	5	44	3	45	41	
35	27	47	18	5	34	37	14	
29	11	46	17	39	8	10	14	
37	2	26	4	9	21	43	45	
40	2	10	5	43	46	6	14	
1	9	28	10	5	14	35	6	
39	45	6	42	28	26	41	24	
35	23	40	14	17	0	38	29	
42	16	34	38	30	7	11	32	
16	14	38	25	39	35	12	34	
9	16	12	21	34	10	11	47	
29	22	37	20	41	45	49	21	
38	27	31	15	1	14	34	46	
36	5	33	48	35	21	17	39	
13	49	44	48	7	9	30	17	
25	16	49	30	37	32	24	29	
4	34	28	25	49	18	17	46	
4	24	29	28	27	31	15	9	
5	15	43	22	3	36	45	32	
29	49	31	13	35	19	28	24	
30	26	39	19	49	36	47	16	
2	12	8	13	10	18	27	39	
1	14	49	42	17	18	16	31	
29	8	7	14	15	43	25	11	
46	26	32	20	19	5	25	23	
1	4	16	5	14	2	20	15	
10	2	20	15	44	37	43	30	
42	31	28	35	7	24	14	6	
3	44	39	8	15	35	47	48	
37	9	31	8	30	17	42	33	
24	37	31	26	45	15	33	6	
25	27	30	26	35	21	38	7	
0	11	4	41	23	15	2	47	
48	39	46	4	35	14	41	45	
26	18	1	43	11	33	3	5	
47	8	19	34	28	2	14	31	
4	15	14	47	1	37	49	12	
0	34	29	7	25	19	24	14	
15	39	5	38	6	16	9	29	
37	27	24	39	5	8	36	45	
17	27	12	38	23	35	30	4	
49	13	11	33	27	46	5	16	
2	36	25	15	43	35	27	33	
23	18	47	22	32	41	2	9	
49	42	41	15	10	3	32	33	
41	24	12	37	2	20	34	21	
17	41	15	32	27	36	23	16	
42	7	40	15	13	29	38	28	
8	46	3	14	40	31	33	0	
92	80	88	95	84	53	72	64	
87	64	60	94	56	74	93	70	
92	72	79	89	98	52	62	97	
65	82	96	86	79	91	93	71	
51	55	76	85	83	96	88	87	
96	58	77	66	80	72	59	69	
88	73	67	69	92	79	80	58	
97	69	74	93	58	73	99	63	
62	98	95	89	68	56	63	53	
58	85	54	97	94	61	75	50	
81	55	84	92	64	79	91	83	
65	76	58	63	81	66	78	59	
89	75	60	83	55	93	52	64	
83	69	81	58	70	77	72	60	
61	96	53	99	62	74	91	76	
54	51	70	59	87	69	67	76	
81	56	99	74	63	82	60	87	
50	86	85	90	55	94	87	91	
79	58	56	74	99	72	83	60	
98	70	89	60	80	81	75	73	
78	61	96	53	50	94	56	90	
90	77	75	66	88	52	78	51	
67	76	83	98	58	85	71	80	
51	64	72	90	67	50	87	78	
78	93	67	72	95	81	70	75	
83	59	78	89	98	50	69	88	
58	77	54	91	51	62	65	76	
65	59	91	83	93	89	58	56	
90	82	80	86	69	66	72	81	
79	50	69	94	74	58	87	85	
69	92	61	91	60	86	51	98	
51	61	52	86	81	67	72	68	
96	97	81	68	64	82	54	76	
62	92	53	59	86	93	67	50	
50	79	62	95	72	88	65	74	
91	59	84	88	78	52	92	89	
62	76	99	87	57	63	54	53	
86	54	52	63	59	61	78	70	
81	84	79	90	71	93	74	68	
79	68	89	84	76	69	63	91	
51	53	68	99	69	89	61	73	
95	82	80	65	51	61	64	92	
69	60	65	52	62	64	94	71	
57	51	52	95	63	75	78	65	
64	71	63	86	76	74	65	87	
67	84	65	70	68	61	76	83	
81	58	96	63	53	69	86	79	
55	90	74	60	59	69	58	72	
81	65	82	60	56	88	84	53	
58	73	95	83	70	75	69	54	
100	119	109	106	112	145	135	121	
137	140	116	142	121	148	118	138	
140	147	120	131	105	143	146	124	
128	138	103	129	122	123	124	116	
149	105	120	139	133	104	110	103	
120	140	102	142	126	137	139	103	
142	105	122	147	132	110	116	107	
119	103	110	108	109	140	120	130	
114	131	132	125	121	127	148	140	
111	131	100	125	103	126	104	117	
143	128	103	123	110	114	133	147	
108	145	123	137	135	147	115	119	
149	136	146	119	130	124	138	112	
139	125	114	123	133	147	136	145	
113	147	128	136	143	148	149	137	
114	123	129	130	101	116	119	133	
120	126	103	123	134	108	149	127	
118	145	120	106	133	126	115	141	
103	135	137	141	116	130	106	142	
113	145	105	123	148	131	103	140	
110	143	123	108	129	135	119	126	
136	130	131	123	108	111	121	144	
115	117	139	130	126	141	110	143	
144	100	131	107	115	123	108	114	
116	107	134	146	115	137	114	133	
136	149	103	145	100	109	133	123	
108	147	102	113	116	145	111	118	
121	128	130	124	140	118	149	133	
149	126	121	136	104	113	145	111	
102	116	107	103	111	137	112	114	
124	137	115	128	119	141	101	100	
112	138	136	106	111	121	142	135	
132	128	123	103	121	124	134	105	
145	126	107	133	136	135	111	118	
131	118	111	144	134	137	143	126	
134	132	121	111	140	118	104	136	
123	111	128	120	139	146	136	108	
121	117	148	137	134	100	135	132	
142	149	110	109	105	139	145	125	
126	104	133	129	148	117	130	146	
132	139	108	130	133	149	102	118	
110	105	128	113	120	145	129	140	
100	149	123	112	126	115	145	132	
148	114	140	120	127	125	137	126	
113	108	101	131	124	121	138	111	
117	114	100	139	106	149	108	107	
120	135	122	105	121	110	106	108	
122	149	125	123	145	108	121	119	
109	116	106	137	129	149	143	107	
145	129	114	107	133	132	123	146	
152	197	180	150	199	169	176	179	
190	164	160	192	187	197	178	181	
172	179	180	165	157	193	159	187	
186	160	193	181	161	188	190	156	
178	165	174	153	152	190	167	196	
178	170	163	162	194	189	176	191	
158	151	172	179	183	189	152	199	
197	186	174	165	196	156	153	192	
187	183	174	153	167	194	152	195	
192	164	163	199	184	190	197	162	
188	171	194	159	158	165	174	162	
172	175	189	164	160	155	152	193	
159	184	177	163	156	183	169	191	
189	185	198	162	184	173	161	175	
158	190	195	192	169	173	198	152	
155	164	187	183	181	161	172	152	
158	161	186	183	160	173	157	168	
171	191	158	155	172	175	195	189	
180	174	162	159	178	175	190	186	
169	195	158	190	175	173	168	163	
169	165	166	173	178	184	159	198	
194	150	164	180	159	189	197	190	
151	181	171	180	197	155	156	195	
176	165	191	194	150	174	189	177	
170	151	155	156	161	191	195	183	
188	163	199	192	190	153	189	167	
190	154	180	191	179	170	183	174	
179	152	167	192	163	181	154	159	
159	197	154	195	173	196	160	165	
150	173	174	168	177	161	176	152	
160	151	152	180	153	187	161	159	
151	150	156	154	170	166	189	191	
159	163	193	171	167	183	152	160	
197	157	192	187	198	193	181	154	
180	176	165	184	198	189	158	169	
171	198	170	167	175	151	163	166	
151	186	183	193	192	157	171	188	
195	152	183	160	153	182	197	170	
151	165	186	158	170	172	160	198	
190	180	169	196	177	153	162	176	
173	151	152	165	169	183	168	174	
181	158	180	190	155	151	175	154	
152	183	184	169	178	175	182	155	
199	158	191	179	168	178	169	156	
192	190	175	182	170	171	187	165	
186	188	182	151	161	158	190	154	
192	180	160	152	168	191	165	164	
159	192	169	184	171	154	163	162	
188	182	153	168	157	172	197	184	
166	164	198	172	151	190	152	165	
248	211	246	213	236	227	242	216	
210	211	244	245	227	233	248	206	
223	216	201	235	207	232	222	221	
231	202	204	203	236	229	230	201	
239	235	211	215	212	220	238	232	
249	212	220	201	243	231	211	213	
208	211	212	203	223	233	222	239	
210	237	238	222	201	218	212	248	
219	204	229	205	235	215	231	221	
230	226	214	246	222	239	210	219	
224	202	222	220	243	217	247	237	
222	219	225	215	237	231	223	208	
225	249	202	238	210	203	206	218	
245	238	227	205	243	225	209	214	
220	230	211	224	215	219	237	225	
206	215	217	240	208	226	243	231	
231	248	221	241	232	209	206	224	
217	229	246	248	236	211	247	241	
230	205	224	208	240	206	232	233	
249	233	206	203	213	230	215	229	
204	239	249	230	209	213	228	236	
240	207	202	226	218	212	245	237	
227	215	236	209	207	232	235	212	
222	248	207	245	242	232	227	241	
223	233	231	238	200	209	244	202	
216	237	210	207	205	226	223	213	
209	200	207	244	203	225	208	212	
204	216	205	237	211	228	217	207	
229	201	226	205	217	208	204	240	
238	201	244	214	202	221	218	203	
209	203	236	243	233	234	212	240	
214	230	215	242	229	244	237	239	
232	206	201	229	226	220	207	200	
211	242	219	226	232	202	228	231	
244	213	204	218	208	224	238	242	
200	223	218	236	245	215	201	220	
248	208	201	244	218	243	219	227	
235	241	234	205	201	245	249	231	
232	228	221	206	210	216	208	204	
228	202	247	234	241	244	221	237	
229	225	235	217	201	243	209	233	
222	248	221	227	220	234	207	230	
213	230	210	209	237	219	243	203	
213	202	222	200	245	205	228	223	
245	200	220	222	237	246	235	227	
242	237	200	227	229	236	212	206	
230	207	239	243	232	244	213	241	
236	249	207	243	242	230	241	240	
236	249	228	242	248	227	237	225	
201	220	202	213	222	208	239	231	
251	261	252	289	258	291	262	259	
295	265	271	285	283	264	280	255	
258	266	280	253	267	289	291	263	
259	261	275	262	292	299	268	286	
285	293	271	270	273	267	263	298	
274	282	289	259	255	257	262	272	
295	299	272	253	288	251	252	255	
271	262	295	265	290	273	268	276	
253	255	294	273	299	272	281	266	
250	286	299	251	283	253	291	254	
280	252	288	286	251	296	263	292	
256	285	293	287	297	261	279	272	
264	257	283	267	286	297	272	251	
287	259	278	272	297	281	268	264	
257	266	261	298	279	255	250	259	
283	250	277	273	270	297	287	290	
280	267	287	296	290	291	292	278	
294	270	260	291	297	277	259	285	
280	287	277	258	252	281	295	262	
287	259	270	289	292	298	255	271	
297	279	272	295	292	263	266	296	
297	299	260	254	283	295	286	277	
252	270	264	299	268	274	273	278	
262	269	268	273	299	265	295	287	
294	285	275	297	252	296	276	287	
255	294	293	287	265	250	270	284	
277	269	274	280	283	291	264	281	
252	265	291	287	254	284	260	264	
252	285	260	288	263	269	258	283	
295	250	289	257	292	251	293	252	
269	260	262	290	256	277	254	273	
268	293	263	294	291	271	296	261	
279	255	287	280	299	259	274	253	
285	299	273	292	268	255	276	293	
295	294	271	285	279	296	291	259	
282	283	250	293	256	262	287	275	
271	257	281	270	272	298	262	282	
259	269	266	281	299	258	261	277	
281	263	255	262	286	252	294	250	
259	284	258	282	266	291	273	251	
296	290	268	282	264	286	259	278	
251	292	268	290	267	260	276	270	
258	269	291	257	251	261	254	283	
267	285	269	270	274	296	262	291	
276	258	273	295	299	261	257	265	
293	295	252	298	254	282	276	296	
278	256	291	271	251	284	268	297	
259	277	270	257	297	254	271	292	
288	264	291	280	265	260	261	268	
283	273	257	276	253	288	258	295	
319	330	347	306	303	323	329	321	
322	310	325	337	305	309	315	326	
312	342	303	341	317	337	327	336	
316	340	332	331	309	302	328	325	
338	349	302	326	329	304	316	332	
341	338	336	315	303	317	301	309	
312	302	349	330	325	333	321	301	
336	315	345	335	325	303	306	348	
319	306	339	324	314	316	333	312	
334	341	330	320	322	343	310	302	
311	335	330	317	329	307	345	303	
317	308	327	343	328	322	348	335	
334	300	329	319	332	328	305	335	
322	318	329	327	330	347	342	308	
303	342	300	341	323	349	338	326	
337	309	336	326	330	303	311	332	
333	325	317	330	329	346	313	314	
308	313	344	336	319	318	339	331	
331	349	307	342	323	330	335	327	
332	303	328	319	337	346	334	311	
322	327	312	315	333	349	330	336	
340	329	336	334	300	316	315	326	
339	342	343	327	312	338	306	310	
330	344	307	311	312	301	332	349	
303	346	322	347	304	314	340	330	
322	341	329	336	340	321	345	332	
301	349	308	318	320	300	347	327	
311	337	347	315	326	300	305	349	
330	306	344	331	324	312	325	341	
311	313	344	308	316	328	300	346	
302	301	337	330	305	331	324	313	
308	342	313	336	348	335	310	331	
328	318	315	343	307	333	321	331	
307	321	317	344	349	333	319	312	
322	301	349	308	305	331	344	302	
349	311	323	347	341	305	312	348	
337	315	330	349	310	307	348	316	
342	311	320	330	306	349	323	312	
349	319	331	332	316	307	312	336	
344	341	321	322	315	332	336	303	
315	342	303	333	330	329	341	313	
341	322	303	311	336	333	314	301	
320	322	333	338	309	304	311	323	
303	324	322	300	348	320	302	340	
321	300	303	301	304	324	322	342	
319	343	310	346	322	328	345	316	
302	347	344	338	333	305	337	327	
326	300	337	311	310	316	319	302	
334	320	327	333	307	309	347	302	
307	323	322	332	325	340	329	341	
394	373	355	357	354	395	364	379	
372	357	370	378	396	374	382	368	
396	387	374	357	394	371	361	384	
372	359	392	353	382	387	373	394	
380	387	388	372	389	382	399	369	
375	360	381	351	370	391	399	359	
372	366	354	352	399	386	385	383	
376	354	363	377	384	357	355	396	
362	393	366	367	376	399	382	383	
367	398	357	378	379	350	396	359	
392	355	371	389	384	365	367	376	
372	364	377	395	359	354	358	361	
364	387	388	363	381	376	355	392	
354	397	352	374	360	380	357	353	
376	372	381	396	371	373	351	395	
352	356	380	363	361	372	385	350	
378	363	356	377	379	391	362	388	
352	379	375	397	380	399	396	355	
387	397	376	386	391	383	380	360	
385	393	391	364	365	373	384	383	
359	386	350	357	378	363	356	370	
354	396	365	364	389	363	366	361	
375	389	399	383	353	382	394	386	
395	377	363	380	359	355	394	357	
365	369	368	374	394	359	384	379	
376	381	389	353	386	398	354	387	
375	369	372	381	389	366	399	382	
353	388	390	367	378	357	392	387	
372	376	385	358	383	379	388	395	
393	395	379	378	360	366	355	382	
383	357	389	394	390	366	379	398	
374	397	386	367	388	369	353	362	
361	395	397	387	364	371	379	353	
359	386	399	373	389	387	372	375	
361	395	374	388	390	386	351	399	
387	380	382	365	350	370	353	389	
383	356	351	381	373	379	395	399	
356	367	397	393	384	378	373	368	
368	392	369	374	357	360	355	362	
375	385	379	384	357	353	396	374	
352	356	386	362	376	364	385	369	
392	360	393	377	356	391	398	394	
371	390	397	373	365	364	395	382	
360	382	397	396	376	370	356	387	
371	396	353	367	374	376	393	399	
377	374	383	372	392	375	368	393	
354	387	352	383	394	379	397	393	
357	367	378	397	368	394	389	393	
374	350	399	380	390	363	364	382	
386	375	367	354	391	365	370	350	
441	432	433	420	425	408	427	440	
404	448	418	442	421	413	400	411	
405	412	430	437	404	418	447	401	
420	429	417	444	440	404	439	421	
435	422	413	423	425	407	406	440	
427	439	436	421	420	442	402	434	
436	433	445	407	440	429	446	421	
425	415	446	400	432	433	421	443	
413	402	403	439	405	423	449	435	
434	404	411	408	426	425	400	416	
419	434	403	422	400	424	443	404	
405	417	408	425	441	409	427	447	
421	415	403	422	406	414	401	440	
419	415	441	413	447	416	407	449	
446	418	417	449	445	404	441	425	
417	448	403	404	431	410	437	416	
414	412	445	421	423	406	429	420	
448	434	422	441	412	411	443	430	
434	418	448	416	444	422	420	447	
435	433	439	405	446	425	400	442	
409	413	416	446	404	400	418	428	
402	433	419	410	430	435	445	406	
414	426	429	447	425	438	415	448	
431	401	403	419	427	434	445	402	
415	402	419	445	443	418	438	446	
410	435	447	427	443	432	438	439	
402	435	417	412	433	432	428	448	
441	420	406	405	401	421	411	408	
414	404	409	440	443	424	401	436	
402	429	436	413	422	433	428	440	
439	425	447	428	406	440	414	423	
411	405	419	423	425	406	413	418	
446	407	409	416	400	427	443	419	
423	407	403	429	405	448	418	438	
444	415	420	429	437	432	443	433	
442	435	419	421	428	417	449	415	
438	441	420	447	446	412	433	416	
422	437	409	410	429	421	416	406	
404	443	427	428	446	403	437	424	
425	434	404	427	439	446	416	437	
431	447	439	404	407	405	424	444	
400	411	408	417	437	426	419	424	
419	443	408	415	439	421	410	445	
410	404	421	444	436	416	412	407	
403	406	442	405	420	408	439	411	
410	443	445	421	446	434	431	419	
436	411	419	446	435	422	437	423	
438	444	425	428	403	419	420	401	
411	402	441	432	427	445	408	420	
410	441	440	436	408	435	416	424	
491	498	469	472	453	452	478	457	
495	456	473	485	457	498	474	452	
477	458	463	487	482	464	494	472	
488	465	464	489	460	462	466	481	
477	468	481	458	465	478	454	487	
477	485	482	454	496	491	493	463	
493	485	460	499	495	454	481	472	
472	490	485	451	473	450	465	491	
486	479	497	468	484	463	469	494	
456	464	457	489	466	452	498	459	
496	472	493	474	454	483	495	464	
455	456	474	485	466	495	454	487	
457	487	498	469	494	462	493	499	
450	478	467	469	483	471	472	488	
478	460	464	471	484	465	462	493	
483	472	485	498	491	486	492	473	
495	460	475	489	488	496	463	474	
456	465	488	458	471	476	459	479	
475	476	454	464	457	472	467	459	
464	474	458	484	465	488	455	456	
486	474	456	462	491	482	464	481	
471	474	450	477	481	472	478	458	
494	459	477	481	488	490	462	451	
452	498	474	468	456	481	463	497	
452	476	458	482	487	484	497	499	
490	478	457	456	453	469	483	482	
455	460	466	476	493	478	461	486	
454	471	468	465	484	451	460	482	
471	467	462	461	482	487	480	493	
491	496	492	479	476	453	470	497	
490	462	482	471	492	460	489	463	
492	461	462	470	495	493	474	458	
454	460	477	453	458	484	464	457	
467	499	488	460	494	497	456	487	
487	499	490	481	472	455	460	489	
453	473	450	454	467	479	497	478	
463	488	496	470	476	482	458	497	
459	452	489	483	475	478	450	463	
465	498	470	464	492	472	462	476	
493	461	452	464	460	489	477	483	
479	497	491	469	477	494	462	487	
464	470	462	469	485	456	495	484	
466	481	461	460	469	458	455	495	
471	450	455	499	472	487	461	454	
474	469	460	452	497	498	463	462	
488	463	480	486	462	456	484	458	
462	451	468	494	461	490	484	493	
494	460	450	462	490	470	496	485	
473	495	462	455	470	482	453	480	
490	452	484	491	499	464	485	466	
395	262	35	
370	207	296	
246	452	335	
363	216	202	
213	74	387	
121	492	362	
421	231	245	
425	409	58	
357	94	290	
147	176	294	
358	278	63	
369	82	242	
74	220	147	
476	66	364	
59	469	369	
194	374	182	
428	121	195	
419	300	90	
178	328	144	
438	452	84	
437	496	407	
331	186	311	
403	97	185	
376	212	333	
39	362	495	
133	308	77	
25	186	368	
61	208	218	
225	274	373	
265	436	461	
237	288	317	
284	216	219	
84	307	79	
147	481	370	
405	376	63	
206	322	274	
405	194	286	
202	203	431	
296	399	386	
104	3	92	
52	264	171	
224	291	292	
30	130	351	
267	462	299	
109	327	429	
242	297	34	
318	366	405	
402	441	139	
410	442	187	
399	257	378	
49	366	257	409	
151	282	5	465	
54	470	247	289	
16	392	14	207	
292	174	346	302	
221	199	341	154	
32	468	459	361	
129	428	183	226	
221	68	467	138	
330	483	205	126	
136	9	391	47	
114	172	459	368	
177	203	199	70	
481	425	313	430	
459	204	133	64	
116	122	381	184	
250	224	462	360	
300	0	106	466	
359	28	156	53	
292	237	442	71	
408	441	489	244	
241	494	81	34	
473	382	232	235	
184	298	468	397	
429	261	312	151	
356	234	415	259	
430	148	156	112	
53	22	113	310	
169	374	167	107	
327	319	281	213	
473	279	462	192	
451	413	269	40	
137	310	118	114	
369	266	411	86	
180	155	470	311	
304	46	286	171	
235	67	260	447	
207	84	355	446	
325	51	166	172	
172	230	70	306	
487	386	61	319	
179	488	352	375	
167	276	391	62	
180	411	163	201	
148	93	176	202	
112	175	433	354	
172	53	49	118	
30	165	353	77	
494	264	328	299	
395	128	242	159	
283	193	467	138	48	
256	174	236	469	121	
163	320	169	465	86	
276	360	169	327	326	
262	309	436	286	57	
335	42	21	228	233	
156	8	301	104	486	
105	482	130	302	153	
402	380	11	138	190	
423	446	292	390	256	
134	55	310	187	435	
136	205	424	20	356	
304	466	163	426	356	
61	126	373	261	177	
221	380	64	197	297	
174	417	371	229	390	
124	380	360	288	498	
167	192	438	278	212	
493	372	399	56	378	
395	177	188	462	305	
30	467	438	29	380	
412	78	275	392	154	
9	384	386	452	129	
444	496	469	452	386	
424	250	147	383	146	
115	417	67	288	75	
460	210	389	166	336	
192	105	486	378	273	
41	317	230	377	272	
213	471	87	452	316	
232	188	435	439	358	
410	398	319	153	122	
369	67	99	450	153	
39	246	236	349	170	
59	115	251	136	132	
242	203	90	129	403	
118	477	179	341	226	
227	96	210	2	339	
378	416	33	44	332	
163	205	367	85	136	
453	102	400	316	99	
473	166	171	345	153	
391	406	133	184	386	
467	484	260	393	447	
154	429	46	57	411	
219	317	10	259	129	
9	459	220	305	11	
151	386	431	266	265	
89	12	473	250	471	
421	417	465	270	469	
