2	15	42	7	33	3	
37	39	10	17	3	38	
26	36	10	12	34	27	
37	9	2	13	0	33	
26	44	24	38	14	39	
26	22	45	10	15	7	
41	46	10	21	30	44	
23	4	26	44	14	47	
11	45	8	39	25	0	
25	10	1	32	0	27	
43	19	36	42	39	22	
29	0	11	1	26	31	
27	30	48	2	9	38	
20	24	39	31	37	44	
49	39	36	19	29	38	
47	1	38	8	14	2	
46	30	36	5	8	11	
35	43	40	21	46	9	
7	48	35	43	16	34	
2	31	8	44	3	40	
40	25	33	37	13	1	
47	48	30	34	22	33	
13	34	22	2	9	7	
46	17	38	45	15	49	
43	36	31	17	48	11	
21	39	38	31	17	28	
21	35	12	0	44	8	
25	28	34	14	13	29	
4	14	37	47	44	46	
46	29	10	21	41	20	
21	6	7	19	33	35	
38	31	48	7	8	25	
1	11	36	16	12	2	
47	7	17	34	6	23	
2	1	30	22	15	28	
7	39	33	37	49	36	
28	32	34	8	5	35	
18	38	26	34	47	10	
32	23	0	41	1	2	
10	48	9	31	1	22	
47	21	7	19	25	16	
9	32	44	41	0	8	
49	27	23	11	44	30	
23	44	20	4	1	8	
44	49	28	27	48	9	
32	25	41	12	37	34	
44	14	7	41	46	28	
0	30	38	7	31	36	
35	27	12	28	21	41	
38	1	8	30	49	11	
81	79	53	74	90	80	
65	60	79	61	58	99	
62	59	93	68	60	90	
81	66	76	84	61	67	
76	94	83	99	66	88	
59	98	91	97	77	56	
52	82	90	64	80	77	
55	61	74	94	54	93	
98	93	95	76	97	66	
65	87	82	86	76	70	
87	84	62	56	65	68	
77	88	91	83	52	65	
56	51	64	99	54	98	
53	94	72	73	97	75	
65	64	52	63	54	67	
96	79	52	93	82	85	
85	62	93	68	70	69	
91	94	92	52	64	77	
77	99	73	80	58	54	
93	70	80	69	64	65	
74	88	50	96	59	82	
60	70	52	98	62	92	
99	54	96	60	75	92	
79	61	72	57	96	62	
68	87	86	75	63	67	
50	85	53	60	90	63	
92	90	84	99	67	51	
75	95	90	66	53	91	
64	75	91	80	93	76	
77	89	50	54	91	82	
83	65	57	91	70	67	
80	97	92	95	62	59	
93	65	91	75	81	54	
95	66	99	69	85	84	
72	51	54	91	71	79	
58	95	68	88	94	83	
76	94	55	99	73	96	
78	65	98	84	97	86	
80	66	68	97	76	95	
92	83	94	90	66	64	
77	94	80	66	55	64	
55	61	81	95	71	87	
89	72	85	92	86	75	
57	77	92	66	96	54	
56	75	69	79	80	57	
82	86	92	54	98	77	
79	52	70	65	96	72	
74	85	82	60	72	66	
74	69	64	62	86	68	
51	54	71	68	79	95	
147	111	132	123	109	103	
133	119	128	112	139	110	
110	135	103	102	148	134	
134	129	127	146	145	101	
140	102	101	129	149	131	
116	145	146	149	138	128	
133	124	123	145	122	146	
138	139	104	137	124	117	
128	126	115	142	112	145	
147	129	103	141	144	100	
132	111	110	118	130	103	
118	132	116	117	143	131	
124	121	138	145	110	122	
112	143	142	115	145	114	
113	149	103	133	142	118	
139	124	146	148	118	110	
103	137	111	100	136	109	
117	109	110	149	116	101	
136	109	103	108	144	143	
111	130	104	148	124	137	
120	107	106	136	100	112	
125	109	141	148	104	149	
145	131	123	116	144	135	
105	147	146	103	119	120	
129	141	127	112	137	149	
115	102	118	141	101	134	
123	106	147	127	131	120	
130	135	149	147	141	120	
101	100	112	143	133	102	
118	141	136	129	149	110	
130	133	134	121	103	129	
105	111	139	142	113	104	
106	104	111	116	122	139	
119	141	139	129	102	106	
110	119	104	121	129	147	
149	118	109	136	148	123	
136	138	107	104	133	108	
112	115	122	139	127	135	
134	147	125	124	139	145	
148	102	112	141	116	149	
109	147	135	142	140	104	
119	139	134	144	122	117	
107	130	137	142	133	103	
118	136	122	108	116	121	
109	129	140	107	144	118	
140	104	137	124	125	141	
131	145	135	123	115	106	
102	131	146	144	139	113	
101	105	113	100	107	135	
104	139	135	107	141	149	
193	158	197	175	187	155	
161	155	193	173	163	182	
198	169	158	156	194	179	
160	198	162	176	166	161	
160	181	185	153	162	165	
163	154	191	153	187	193	
185	172	190	189	180	197	
172	168	183	154	166	195	
186	191	187	164	189	190	
155	167	157	152	166	191	
157	190	160	175	183	184	
161	174	170	164	198	172	
184	151	199	186	196	164	
169	151	173	182	179	186	
174	153	191	164	196	150	
153	189	188	160	194	199	
165	172	191	164	161	177	
154	152	187	167	161	179	
184	174	150	157	199	198	
195	191	187	182	168	174	
179	160	170	155	173	194	
154	195	172	163	175	179	
196	197	153	199	158	180	
194	158	151	198	175	152	
167	176	151	193	153	169	
173	175	168	178	190	152	
166	170	190	191	173	165	
174	190	181	179	165	194	
155	190	179	180	162	168	
154	186	151	168	174	193	
189	199	192	162	151	154	
185	159	153	188	176	160	
182	189	191	156	192	188	
195	153	187	170	177	196	
182	153	156	161	181	168	
195	157	182	153	156	189	
162	179	182	174	183	194	
155	196	194	163	182	191	
191	195	165	160	168	186	
185	168	183	191	175	171	
168	180	152	160	193	175	
177	163	155	197	168	174	
180	177	154	162	160	179	
164	197	160	168	153	157	
172	195	162	171	160	169	
194	167	185	195	196	187	
184	193	155	174	169	177	
195	191	187	168	176	173	
150	185	182	161	195	157	
176	177	193	178	174	154	
245	222	203	201	218	204	
244	210	235	219	214	236	
249	239	236	240	233	208	
249	228	213	207	210	242	
240	220	218	208	211	227	
211	207	206	215	228	201	
204	209	205	231	200	238	
233	228	204	234	220	214	
210	232	239	220	200	202	
228	241	218	248	225	227	
218	248	239	236	217	238	
230	217	213	243	240	205	
202	218	242	220	228	206	
244	207	200	235	201	217	
222	248	236	226	231	225	
217	204	202	240	234	248	
248	230	201	241	211	225	
214	216	237	219	230	231	
208	236	244	238	230	201	
249	229	208	207	206	233	
237	233	243	218	228	221	
220	218	228	227	249	224	
239	213	205	225	233	215	
232	228	236	207	237	249	
247	212	222	216	201	220	
203	232	249	206	236	235	
236	212	235	208	229	224	
213	206	225	243	217	228	
239	222	232	230	249	204	
221	244	205	242	240	200	
202	245	241	230	203	209	
230	212	224	214	243	204	
239	237	207	243	204	211	
240	241	210	205	209	215	
237	233	246	207	221	219	
246	223	229	218	207	219	
234	212	248	243	237	242	
218	232	220	200	242	248	
209	215	201	222	219	244	
208	234	220	238	242	207	
207	221	229	223	219	236	
239	202	243	240	213	236	
232	240	207	219	249	201	
248	208	236	229	242	200	
238	239	245	213	231	248	
203	236	232	221	226	249	
237	235	238	215	239	236	
232	228	207	235	240	223	
211	212	213	244	232	214	
231	219	212	200	218	206	
251	277	259	297	256	255	
253	272	257	270	289	276	
274	261	297	295	285	265	
289	290	252	282	276	268	
262	292	254	265	272	283	
250	260	255	263	288	253	
279	260	297	291	272	259	
292	253	262	269	255	281	
272	266	293	297	291	264	
281	256	258	292	269	282	
254	299	271	283	267	281	
294	291	283	290	284	281	
253	295	290	292	286	276	
273	294	257	282	251	272	
255	267	284	270	293	261	
297	291	295	264	273	254	
267	254	292	251	273	265	
272	270	260	277	276	283	
265	285	293	279	253	263	
288	259	280	279	298	269	
280	261	279	259	295	291	
265	275	291	284	271	260	
297	264	277	267	295	257	
265	252	254	259	278	267	
263	250	267	283	287	292	
293	287	295	259	290	292	
285	268	271	251	265	252	
250	273	254	268	257	269	
279	260	276	253	283	271	
278	298	263	255	287	285	
282	290	262	272	256	250	
260	288	261	272	299	256	
285	270	281	260	262	252	
274	253	250	286	282	293	
276	286	256	267	259	266	
297	275	280	257	260	278	
277	289	294	269	288	261	
275	294	262	273	280	276	
298	294	267	255	288	260	
283	260	294	293	277	256	
255	297	275	273	278	282	
290	259	265	283	268	269	
278	267	285	263	264	283	
257	274	293	252	258	291	
258	292	294	286	278	298	
272	290	267	261	252	292	
276	278	272	250	251	258	
291	254	292	265	264	297	
265	292	258	277	276	279	
269	290	262	295	264	287	
324	302	310	349	341	305	
312	337	311	349	323	341	
320	322	310	340	305	343	
317	326	349	320	319	330	
312	330	343	314	309	301	
314	303	306	305	328	339	
343	301	324	333	302	314	
304	321	334	331	326	324	
315	319	348	345	332	346	
334	336	305	331	322	306	
330	341	347	316	325	318	
346	314	326	315	302	311	
313	321	322	330	302	324	
312	346	310	332	342	341	
330	300	303	309	323	321	
305	330	315	307	331	328	
336	345	326	316	310	349	
314	322	326	342	313	312	
349	309	321	300	346	330	
311	341	328	318	309	343	
317	323	326	321	329	335	
303	300	337	325	324	332	
307	313	330	346	300	340	
314	309	340	343	325	317	
342	336	302	316	329	346	
337	334	318	314	340	330	
313	328	340	331	311	330	
305	344	323	324	329	348	
321	344	312	347	305	333	
310	306	343	349	308	301	
327	300	342	310	332	326	
327	303	325	304	345	338	
328	318	309	330	301	342	
325	310	319	335	344	326	
313	349	312	311	321	314	
316	321	314	342	318	341	
340	312	338	328	329	331	
302	307	338	342	348	330	
323	326	330	315	337	328	
331	334	327	314	344	305	
344	340	300	306	329	309	
302	310	335	323	308	300	
344	337	305	309	301	315	
304	314	313	333	331	309	
346	349	322	340	345	338	
313	348	334	305	338	300	
313	338	324	321	308	311	
349	331	344	324	335	327	
320	337	306	332	348	331	
320	304	314	308	348	335	
397	392	355	358	369	374	
365	392	375	369	367	398	
378	353	357	389	358	397	
393	367	356	388	361	362	
354	357	373	361	352	388	
388	390	396	395	368	384	
369	356	376	374	379	353	
356	385	357	354	397	359	
363	369	380	350	386	398	
378	388	387	357	361	376	
392	352	390	374	363	361	
356	384	379	363	365	375	
395	382	381	363	361	365	
380	377	367	350	356	385	
355	376	369	396	379	363	
350	362	365	361	376	351	
358	363	370	367	378	395	
382	398	397	377	353	357	
372	352	396	354	380	356	
357	365	388	375	369	384	
376	360	380	378	353	383	
377	385	351	379	355	363	
393	385	350	397	353	368	
372	368	353	394	354	390	
367	399	374	357	356	383	
380	396	379	353	356	372	
387	357	362	390	359	368	
384	397	399	368	396	398	
387	390	383	399	378	358	
389	395	353	386	385	383	
368	359	386	350	390	398	
351	377	370	380	365	372	
353	351	370	371	369	374	
398	374	355	378	362	367	
395	376	385	361	360	371	
362	375	399	352	385	383	
374	369	366	367	381	397	
368	395	364	360	377	371	
372	359	378	369	377	376	
374	390	389	366	398	356	
382	351	392	389	355	395	
395	364	396	366	391	356	
368	394	377	362	357	393	
355	393	358	382	395	385	
379	357	372	371	387	350	
399	395	376	359	374	366	
377	352	364	367	395	353	
368	376	386	374	366	371	
385	368	367	355	389	358	
364	391	374	380	378	356	
449	424	427	411	402	410	
419	446	436	417	415	438	
428	419	445	442	435	431	
407	418	414	435	400	449	
424	421	440	403	433	416	
409	423	436	425	412	447	
429	402	435	434	403	427	
401	442	435	416	448	437	
410	448	404	409	434	408	
444	410	438	441	428	411	
416	435	439	445	440	421	
445	414	416	443	444	424	
443	427	444	424	438	415	
415	439	401	419	448	416	
402	418	446	408	431	438	
426	417	437	439	415	433	
444	425	418	435	405	416	
423	438	409	447	404	432	
441	421	402	428	415	401	
401	413	407	438	415	410	
416	448	407	419	424	433	
407	446	422	416	401	444	
410	444	402	423	430	409	
407	447	433	423	402	412	
425	414	436	400	441	448	
448	434	411	443	444	421	
433	418	416	425	415	431	
442	409	430	425	400	408	
404	435	439	424	442	436	
414	418	422	407	416	401	
436	401	432	428	426	434	
418	434	400	443	432	402	
407	414	418	445	422	400	
433	442	443	431	435	409	
405	406	434	449	415	430	
422	412	427	410	417	421	
411	434	437	419	429	416	
441	421	448	439	429	438	
408	438	445	411	421	407	
418	428	432	424	414	430	
431	402	423	448	422	421	
435	422	428	420	401	405	
412	443	439	414	442	406	
444	414	428	417	418	445	
438	443	428	435	440	411	
413	433	441	420	443	416	
436	401	433	411	413	430	
442	433	427	402	429	420	
409	403	431	423	440	405	
422	424	428	438	434	413	
467	472	483	492	462	493	
459	478	479	474	476	465	
499	488	486	491	473	462	
466	486	457	489	469	454	
454	497	481	452	493	465	
482	491	493	464	462	474	
478	468	480	459	493	457	
463	457	478	494	461	480	
485	489	496	452	484	465	
479	486	450	489	490	477	
471	472	489	454	468	459	
489	456	463	477	457	459	
463	489	483	455	480	486	
466	470	499	481	457	476	
498	499	473	458	477	457	
461	478	459	486	473	482	
453	462	451	463	457	469	
478	479	459	472	465	488	
467	463	451	497	488	474	
468	486	453	491	498	476	
454	465	482	471	498	470	
466	490	479	465	451	495	
479	480	459	467	466	468	
455	496	479	486	484	476	
495	491	453	489	485	457	
494	473	495	496	461	481	
471	477	476	461	498	475	
457	460	466	464	479	461	
465	484	487	466	476	491	
455	453	493	482	483	492	
494	454	479	481	470	463	
494	467	478	491	483	488	
475	492	457	481	471	484	
454	493	481	464	496	478	
499	476	464	472	494	480	
490	492	454	495	463	479	
482	473	464	470	453	488	
452	484	462	476	468	490	
486	450	493	465	461	475	
473	496	467	468	493	465	
488	455	481	466	468	462	
452	476	462	478	494	493	
478	486	487	483	463	459	
483	486	472	467	481	453	
461	476	490	484	463	472	
459	474	495	451	484	467	
460	451	486	459	494	496	
458	475	462	492	472	485	
468	473	477	464	485	469	
454	457	477	492	450	455	
15	33	24	35	1	0	9	
28	38	24	3	18	25	30	
25	11	0	6	45	13	27	
33	16	38	46	18	42	25	
39	46	1	42	49	21	40	
14	26	3	5	39	41	37	
40	16	37	42	17	45	47	
16	5	2	27	46	36	14	
14	49	48	5	7	28	47	
11	36	7	49	10	33	20	
11	3	12	29	7	38	40	
14	25	38	39	29	15	9	
9	37	11	20	17	10	5	
32	5	1	33	7	27	11	
34	33	8	36	40	37	29	
9	19	43	42	38	15	36	
40	23	13	45	42	41	10	
9	28	18	26	6	35	8	
33	29	47	22	25	13	11	
35	45	3	0	13	47	23	
29	13	31	2	0	48	45	
23	34	43	4	19	10	49	
16	45	18	2	19	24	4	
38	22	35	16	12	23	43	
19	22	34	36	33	21	40	
13	48	44	42	23	41	7	
9	42	6	3	25	15	49	
1	27	14	4	23	40	44	
46	2	0	30	14	3	40	
47	45	42	37	38	32	23	
30	43	25	14	47	23	20	
46	7	6	39	21	44	26	
4	45	48	18	22	38	26	
4	5	30	28	23	46	8	
18	30	45	28	2	8	4	
39	36	9	11	49	31	32	
14	15	41	0	26	40	5	
22	7	37	25	19	18	35	
41	18	24	19	4	14	31	
17	2	25	8	0	37	45	
27	22	12	28	16	2	34	
23	18	31	4	47	37	34	
22	40	0	37	43	48	34	
19	11	38	24	48	14	12	
22	18	46	8	10	47	23	
21	22	41	3	25	27	16	
21	1	11	46	19	34	29	
11	30	2	0	9	41	8	
31	43	6	37	18	44	11	
42	11	17	26	29	5	10	
55	66	83	92	52	99	53	
76	55	83	63	58	67	53	
62	84	59	66	77	88	86	
77	90	63	89	70	60	88	
74	64	51	54	85	55	90	
95	51	93	81	68	55	74	
50	54	71	97	51	85	63	
90	67	88	96	60	99	82	
84	82	83	74	77	72	78	
81	82	88	98	87	53	90	
66	53	99	74	69	71	81	
69	56	86	90	97	77	64	
75	68	77	74	95	89	84	
67	65	97	83	82	73	94	
58	74	94	50	66	96	91	
86	74	52	59	57	92	55	
73	61	69	53	90	98	78	
60	97	55	58	65	96	69	
71	75	85	68	92	80	87	
78	95	59	94	99	92	89	
58	89	55	77	70	66	64	
98	54	51	88	59	83	94	
97	58	50	85	82	83	65	
95	76	89	85	98	93	62	
86	99	93	81	90	68	87	
99	87	61	52	98	63	83	
81	66	63	80	52	86	59	
51	69	61	73	65	57	64	
52	60	99	98	58	94	80	
94	58	79	72	83	51	85	
55	53	54	99	60	82	98	
82	91	52	70	95	94	58	
90	91	57	53	87	80	76	
53	69	95	80	60	90	70	
80	78	54	89	64	74	50	
62	54	74	92	78	93	76	
94	63	55	78	58	93	82	
81	56	86	75	61	67	85	
56	98	64	87	58	72	88	
73	95	77	54	85	68	83	
73	80	72	64	67	68	76	
63	85	71	73	54	79	97	
57	65	66	71	62	64	61	
51	76	63	61	85	83	94	
80	82	79	98	57	90	94	
50	81	90	70	85	53	52	
55	53	82	63	85	57	79	
55	59	62	79	92	82	61	
81	83	53	71	59	87	99	
80	57	62	73	93	95	68	
131	111	148	134	144	139	130	
137	124	114	105	116	102	126	
128	140	119	127	149	141	123	
100	131	137	109	128	139	118	
133	130	129	101	134	103	147	
124	121	125	106	126	146	112	
149	126	128	131	106	118	117	
137	124	107	112	108	135	116	
142	121	129	118	101	110	100	
102	112	124	123	108	131	128	
141	116	111	117	104	100	114	
147	131	130	141	126	112	113	
137	116	120	118	126	101	148	
102	132	147	138	101	105	116	
102	137	149	105	119	127	143	
107	144	102	146	138	106	142	
120	101	135	130	121	145	144	
123	129	145	109	142	135	118	
109	107	149	142	143	133	148	
108	106	149	131	125	129	111	
137	120	100	123	122	103	141	
105	127	142	110	112	100	130	
132	126	125	130	135	128	101	
140	114	127	132	117	110	106	
111	128	129	138	116	123	145	
122	134	148	141	146	123	130	
127	118	141	122	147	104	149	
130	119	136	117	147	137	103	
101	135	142	104	124	140	102	
131	128	109	134	137	125	114	
112	127	105	121	148	100	126	
148	125	106	120	114	116	101	
141	124	105	125	129	127	121	
110	101	125	148	134	107	138	
101	106	115	123	147	102	128	
106	147	120	128	108	131	141	
112	134	100	146	119	101	111	
144	124	100	123	130	132	128	
141	143	114	101	135	121	118	
100	142	121	127	123	137	130	
105	140	122	127	133	102	142	
115	100	142	125	144	139	149	
140	125	122	136	138	120	126	
141	130	118	116	127	124	144	
130	147	145	140	141	144	138	
147	102	129	113	111	131	116	
145	130	137	108	100	105	116	
140	121	132	141	137	108	113	
121	133	138	118	122	125	120	
121	101	119	106	123	137	128	
190	158	162	198	196	151	176	
187	159	178	188	179	186	194	
182	173	196	197	160	158	165	
184	158	155	166	193	190	194	
193	169	162	159	186	183	161	
153	181	156	180	175	189	152	
188	161	151	155	168	166	153	
170	163	189	181	185	157	159	
162	181	196	180	171	199	198	
188	160	198	187	158	193	170	
173	157	156	153	184	169	167	
160	179	190	154	158	153	192	
156	174	165	176	171	155	189	
177	170	162	191	174	179	181	
164	156	184	170	161	193	151	
156	191	173	169	160	151	164	
175	181	189	185	156	197	158	
163	186	191	157	151	184	198	
169	191	174	160	177	198	189	
153	160	172	190	181	173	189	
162	180	158	169	160	153	178	
196	152	178	173	155	158	185	
154	195	152	177	183	179	165	
177	185	164	172	169	199	160	
157	193	162	150	167	156	182	
168	195	196	183	162	185	184	
152	181	158	197	177	173	166	
165	198	184	160	194	169	162	
152	198	176	180	179	177	174	
163	190	161	193	158	157	175	
185	198	181	172	162	160	196	
176	158	161	156	185	167	159	
166	153	175	165	198	176	185	
155	193	163	152	169	175	192	
190	193	182	163	191	167	188	
153	199	193	188	156	159	178	
159	172	163	180	177	181	157	
172	198	194	188	166	162	187	
155	183	185	165	187	164	192	
187	194	169	160	192	183	166	
198	175	162	156	164	153	196	
185	162	168	171	167	161	181	
184	189	156	194	188	164	158	
169	199	166	197	191	181	170	
176	181	159	184	172	160	154	
151	169	168	198	165	154	191	
152	197	161	176	167	178	155	
155	157	175	188	160	163	183	
166	163	184	199	188	178	177	
193	198	154	152	169	179	173	
222	201	219	235	217	223	248	
230	218	247	231	228	248	239	
247	245	238	212	209	223	228	
208	218	213	225	233	236	249	
238	242	236	228	243	212	204	
210	239	238	247	227	220	226	
227	216	239	218	208	215	205	
243	237	248	213	219	241	247	
220	222	245	239	215	200	232	
245	249	200	229	240	214	248	
229	238	244	206	247	223	202	
212	225	229	247	226	249	217	
233	217	218	242	206	231	205	
246	209	243	247	210	218	233	
225	226	222	224	241	200	231	
221	228	211	217	233	203	235	
208	200	225	224	220	234	228	
235	207	239	225	222	241	233	
213	224	248	225	201	206	237	
214	249	208	240	220	225	229	
215	202	205	227	209	240	201	
226	210	238	247	202	245	233	
210	240	243	228	234	227	226	
215	222	248	216	247	206	239	
224	217	239	242	248	231	246	
219	232	212	225	249	201	236	
200	235	247	219	236	206	213	
220	243	219	211	201	210	234	
212	219	216	203	209	227	241	
221	247	237	227	229	219	230	
240	225	234	212	208	231	237	
240	213	229	218	201	246	217	
202	220	210	205	208	247	234	
210	246	236	239	233	235	208	
212	235	225	247	230	244	200	
246	238	240	215	228	220	247	
212	244	235	240	203	234	226	
204	200	239	225	215	249	209	
247	241	245	211	224	246	221	
242	204	245	224	249	246	220	
216	227	243	242	228	212	205	
223	218	241	212	219	236	205	
220	235	221	228	217	206	234	
244	219	204	246	224	225	221	
243	223	205	217	206	218	232	
202	215	235	214	217	234	213	
243	206	244	213	214	248	217	
204	245	212	211	225	239	237	
240	233	243	238	228	225	223	
218	202	240	205	242	237	241	
291	286	278	256	279	283	288	
290	259	274	267	293	281	263	
250	290	285	279	269	258	268	
296	264	270	257	284	285	265	
266	285	271	296	282	257	279	
279	281	284	283	264	277	254	
269	251	259	291	277	298	255	
252	260	259	268	251	266	292	
265	295	280	253	273	250	283	
273	252	256	258	290	264	250	
265	260	278	263	299	256	282	
266	262	278	279	250	253	288	
280	272	291	297	250	259	298	
264	276	258	280	294	291	261	
262	268	250	259	299	270	274	
254	262	272	279	296	285	274	
284	264	285	256	286	270	272	
277	256	262	274	286	275	291	
257	280	261	281	258	269	275	
289	290	285	291	278	260	275	
289	257	255	275	291	272	288	
267	291	259	279	269	251	274	
280	289	255	267	262	261	257	
268	254	297	296	270	264	283	
274	282	289	271	298	250	296	
297	293	298	257	268	258	275	
285	258	274	287	278	298	261	
286	290	297	292	281	276	265	
254	274	266	287	262	284	269	
269	295	276	293	258	253	296	
250	259	267	290	254	273	287	
262	290	268	297	294	254	267	
293	280	282	292	254	275	265	
298	276	275	282	286	295	270	
263	282	286	291	275	287	277	
270	264	267	273	287	274	295	
272	298	278	270	267	271	264	
291	294	254	250	284	252	275	
285	269	265	270	271	273	257	
250	299	257	251	285	274	277	
286	261	279	274	260	257	290	
289	295	278	252	280	283	263	
283	254	293	255	272	282	294	
293	290	285	291	289	280	295	
298	258	289	265	251	253	267	
275	259	291	251	269	284	298	
276	272	297	289	273	285	277	
258	297	267	275	265	250	270	
264	278	251	272	291	282	280	
284	278	290	298	277	254	260	
329	318	342	320	304	347	328	
335	322	325	344	324	314	339	
303	308	339	329	302	315	341	
313	335	345	331	326	333	338	
307	325	323	334	315	346	339	
310	305	324	340	311	322	315	
301	326	344	312	328	303	320	
339	336	324	300	346	320	317	
301	349	317	339	303	334	316	
309	333	319	303	325	316	349	
345	300	326	304	349	346	306	
340	309	301	318	326	329	320	
330	333	314	347	317	305	323	
346	306	311	343	316	328	327	
327	322	332	301	321	307	312	
325	320	344	334	327	330	337	
335	323	322	311	300	349	330	
305	349	312	339	343	345	318	
341	328	334	306	323	327	308	
347	316	307	305	309	348	323	
347	306	321	314	307	316	308	
347	308	329	333	326	310	311	
305	348	342	311	327	331	334	
327	323	320	346	333	328	324	
341	335	324	320	345	338	316	
335	312	318	338	344	325	313	
304	311	327	308	315	326	323	
304	320	349	306	343	310	345	
335	343	319	313	302	315	329	
342	338	348	341	325	334	317	
317	308	335	302	303	319	337	
342	312	343	320	313	347	309	
345	346	332	302	303	309	331	
305	328	310	338	335	346	330	
303	331	313	311	342	306	345	
333	325	332	337	316	345	348	
325	304	329	322	309	314	316	
334	310	325	336	322	338	305	
302	341	343	324	349	337	345	
332	336	348	302	309	328	316	
336	328	306	326	314	332	339	
308	337	336	305	304	347	332	
341	302	337	349	319	338	327	
334	341	324	339	301	305	310	
346	331	336	321	349	317	302	
325	328	343	317	331	321	310	
313	323	304	334	345	307	326	
317	331	342	329	302	348	312	
313	318	322	317	327	305	349	
336	312	303	316	327	322	324	
377	389	366	351	392	370	361	
384	355	370	374	385	393	371	
366	384	380	376	353	354	361	
371	399	370	392	375	355	365	
369	368	392	355	390	358	388	
391	398	377	353	371	386	381	
378	371	388	396	381	395	393	
381	392	390	354	375	399	374	
362	378	364	361	390	379	377	
365	399	397	374	395	367	364	
358	370	389	373	371	353	377	
354	352	371	395	357	366	372	
386	389	353	396	361	398	364	
399	371	379	358	387	386	369	
358	350	379	362	391	360	393	
372	387	366	353	356	354	394	
396	373	380	399	375	374	362	
377	378	355	359	373	364	365	
388	376	363	361	366	390	356	
374	354	381	384	353	367	370	
369	371	388	382	350	353	370	
358	399	353	355	354	380	379	
364	374	395	379	373	370	355	
359	392	362	381	364	399	378	
399	352	374	388	394	396	395	
368	367	365	355	390	394	396	
382	353	387	370	389	364	352	
358	395	357	378	372	391	359	
373	357	366	391	350	394	353	
359	393	397	372	381	351	356	
379	385	359	392	361	375	369	
379	350	386	389	394	365	390	
383	362	360	372	366	379	365	
362	350	370	386	365	393	368	
379	381	368	372	394	357	358	
394	371	388	368	360	390	352	
381	368	358	364	372	390	378	
394	387	380	350	381	388	371	
352	380	387	356	385	368	351	
385	380	362	396	369	365	358	
357	371	380	379	389	399	394	
361	398	369	368	355	386	363	
398	389	381	387	359	399	356	
385	354	398	356	379	351	375	
386	365	374	388	378	353	376	
391	350	360	378	369	363	385	
388	386	397	379	385	373	395	
350	376	381	378	366	374	361	
375	370	366	369	368	392	386	
397	373	378	363	393	381	360	
414	440	426	446	444	438	420	
430	412	424	438	408	431	445	
421	402	423	413	443	438	409	
433	406	439	446	432	414	447	
449	410	401	442	409	411	436	
421	418	425	411	420	446	448	
407	449	419	445	420	401	428	
426	445	419	420	449	424	428	
435	431	418	433	403	401	409	
439	441	438	403	419	447	413	
421	423	439	444	400	408	404	
425	411	438	440	437	430	405	
433	447	424	442	435	422	412	
424	412	406	443	430	429	413	
415	439	442	418	435	410	426	
414	413	412	417	408	426	443	
429	426	413	447	420	404	408	
423	418	443	442	445	429	411	
448	420	406	409	449	423	415	
418	440	437	421	410	419	443	
423	418	427	440	429	400	430	
418	405	413	434	448	417	409	
418	401	425	441	446	445	439	
434	425	423	416	412	401	437	
424	433	445	418	447	413	426	
446	437	401	402	430	414	443	
430	408	438	433	422	439	421	
428	439	412	432	415	402	425	
443	447	441	421	438	419	432	
446	409	428	433	439	423	432	
409	402	448	415	404	424	416	
432	408	449	429	442	402	438	
414	429	448	439	423	406	438	
443	410	436	449	438	435	430	
430	449	429	410	414	415	409	
433	422	416	408	423	411	445	
439	409	408	434	420	423	447	
438	410	409	427	440	442	444	
417	427	446	429	411	418	442	
442	411	423	413	424	409	447	
433	432	404	402	449	410	445	
429	443	417	421	406	439	408	
448	402	409	436	404	427	432	
436	408	415	417	424	402	445	
406	427	431	437	447	430	443	
417	439	447	432	413	404	402	
430	412	445	441	436	446	405	
434	427	401	412	413	408	435	
440	448	402	417	438	432	418	
421	410	404	440	409	416	415	
469	484	456	497	475	453	474	
478	473	452	492	471	488	451	
455	494	462	489	453	477	483	
485	469	468	472	455	471	450	
485	497	452	470	462	478	472	
487	498	476	471	490	466	477	
493	474	466	454	472	457	485	
451	497	491	455	469	464	453	
454	495	481	488	465	483	486	
471	464	475	478	496	470	477	
493	469	488	476	496	491	482	
467	499	482	469	460	474	468	
483	459	467	498	485	465	454	
478	485	479	491	473	486	475	
482	459	463	497	488	499	450	
456	479	454	459	452	491	480	
477	473	458	494	491	484	469	
469	492	455	450	473	452	463	
497	482	479	478	492	452	459	
488	475	489	472	458	473	485	
469	454	494	463	484	491	452	
471	450	459	466	492	470	460	
483	491	465	489	464	452	484	
483	451	464	484	459	465	467	
485	471	491	483	452	463	478	
487	474	450	483	476	481	478	
475	470	492	485	460	498	452	
493	477	471	459	496	456	462	
497	457	458	465	459	493	464	
489	481	488	456	458	462	496	
480	452	495	493	496	467	461	
463	493	490	468	491	484	482	
484	494	466	451	470	486	463	
470	497	486	491	479	492	483	
493	452	489	484	451	473	456	
477	462	471	478	451	495	456	
458	455	468	485	492	472	470	
458	487	464	497	474	456	480	
453	485	488	468	477	494	471	
467	462	455	499	482	480	469	
472	466	465	457	489	478	491	
464	472	498	451	461	471	457	
468	498	484	479	453	486	487	
473	495	477	454	472	496	452	
497	455	463	481	483	475	488	
483	452	459	454	461	477	456	
494	454	485	455	486	489	481	
491	494	479	465	489	475	498	
467	465	495	499	497	468	451	
457	462	497	485	455	454	466	
13	5	15	20	39	16	2	42	
6	31	42	17	45	3	26	22	
32	1	8	21	27	18	4	19	
15	20	25	6	35	48	28	38	
28	20	27	22	4	24	32	40	
12	34	30	28	24	21	0	10	
12	22	13	40	19	34	0	5	
5	16	30	40	49	8	29	1	
32	24	28	27	13	45	8	6	
31	47	19	26	34	27	33	38	
43	34	28	10	39	19	11	36	
31	18	3	17	22	35	5	6	
36	17	44	9	16	39	49	47	
8	16	3	22	19	42	46	6	
37	32	38	4	7	10	27	14	
15	28	12	33	40	47	6	7	
18	32	49	41	25	28	7	29	
47	24	34	18	45	19	26	21	
2	48	23	36	46	33	49	1	
42	38	26	49	44	0	3	48	
20	11	48	42	47	33	23	5	
34	40	28	39	11	43	0	5	
4	34	7	48	12	39	6	26	
49	10	16	1	46	35	33	28	
19	2	8	1	10	39	31	24	
49	3	15	47	45	33	20	21	
29	8	28	41	17	7	31	21	
28	9	44	39	24	42	3	10	
13	36	11	48	5	15	23	31	
34	5	23	47	7	36	46	16	
11	33	27	48	45	38	46	42	
46	5	28	44	25	21	11	20	
45	43	11	8	34	28	6	15	
16	33	26	13	47	10	34	12	
6	19	37	29	28	8	39	34	
31	38	34	22	40	42	3	5	
21	29	16	0	31	45	40	12	
7	39	43	15	12	10	23	34	
46	36	15	17	47	21	26	7	
27	37	26	8	48	22	47	39	
0	23	11	39	19	49	4	17	
0	25	30	33	7	21	14	6	
13	14	19	18	45	9	0	33	
42	8	3	21	35	41	28	40	
17	42	10	34	48	21	13	37	
26	39	1	28	47	19	27	36	
12	33	42	43	39	9	16	5	
29	37	10	39	40	20	4	21	
14	5	42	13	2	1	48	4	
38	42	44	14	9	37	24	13	
99	63	67	96	75	78	79	71	
62	58	52	78	74	92	97	82	
51	92	88	78	72	50	52	74	
56	69	97	66	76	57	89	72	
80	73	56	86	75	61	55	94	
89	92	57	67	76	54	74	77	
88	87	65	50	61	64	81	78	
82	72	53	68	95	97	66	70	
91	74	63	80	67	65	51	81	
50	90	60	96	63	64	87	56	
56	58	78	67	57	80	68	69	
83	69	66	59	72	75	74	65	
74	78	87	63	72	51	73	61	
57	84	95	52	87	70	68	51	
69	98	99	94	72	63	64	58	
50	89	83	97	96	58	67	68	
70	96	74	93	80	63	86	92	
85	71	74	83	82	64	81	67	
82	86	66	55	92	83	62	50	
84	87	66	78	86	97	94	52	
65	68	57	83	72	78	58	52	
71	78	81	84	76	56	68	99	
57	74	95	78	79	83	58	82	
82	93	63	96	92	98	67	56	
67	66	96	88	64	98	63	58	
75	60	67	63	86	56	89	85	
59	63	55	78	79	80	54	81	
95	62	85	93	74	87	58	73	
92	86	66	63	72	78	76	61	
59	51	54	66	98	50	91	79	
60	98	54	62	90	87	97	61	
71	75	81	51	61	72	56	59	
78	64	71	80	86	83	97	69	
58	99	92	98	82	89	65	62	
87	84	68	54	97	52	90	93	
68	80	72	94	67	86	65	52	
98	94	90	61	86	68	63	60	
56	58	68	52	85	88	83	66	
66	90	54	80	69	79	73	98	
82	61	75	52	70	50	90	68	
58	77	54	68	73	87	76	67	
71	50	89	66	86	58	78	92	
70	51	63	55	77	92	60	82	
75	84	74	59	91	95	57	55	
80	71	75	97	57	68	53	93	
63	84	58	56	82	98	72	89	
67	63	57	84	51	88	95	62	
95	54	63	58	71	67	73	52	
50	71	99	84	97	94	85	52	
91	61	85	70	96	76	53	66	
114	129	123	125	116	108	118	113	
122	102	113	135	119	116	120	140	
132	136	103	131	114	149	116	143	
137	121	132	144	126	146	108	117	
123	120	124	105	133	102	106	122	
133	106	116	100	119	139	130	128	
118	122	103	108	148	110	130	146	
109	110	111	120	144	119	131	102	
128	148	125	111	142	149	115	127	
127	148	107	140	126	112	143	133	
110	144	147	132	134	116	126	108	
114	140	128	103	110	130	136	120	
139	142	112	118	102	127	149	126	
134	105	101	121	137	100	148	118	
114	133	107	143	116	112	131	149	
128	107	116	123	112	129	135	126	
121	124	107	109	122	129	119	123	
104	118	103	108	123	135	137	133	
127	148	149	131	132	138	100	125	
103	144	128	106	107	115	123	126	
121	138	146	112	142	106	134	119	
107	106	122	139	120	112	129	135	
107	137	124	143	105	139	128	104	
108	129	104	136	138	144	131	146	
147	109	112	132	144	128	125	117	
145	135	100	123	141	136	107	113	
141	104	110	126	146	121	112	124	
148	110	123	136	122	139	116	146	
145	147	148	114	136	113	129	101	
125	132	136	106	124	143	102	101	
128	110	135	147	141	111	146	114	
132	119	124	117	123	101	131	148	
120	114	147	127	141	129	130	104	
106	146	135	137	101	115	108	129	
105	134	130	147	111	106	109	114	
139	121	131	119	117	142	136	147	
103	138	128	109	133	119	134	136	
136	101	132	140	130	133	119	147	
147	144	127	105	120	126	123	107	
143	128	125	131	110	100	137	139	
130	138	109	139	100	107	146	124	
133	118	139	102	126	148	129	137	
143	105	104	123	129	118	127	117	
108	122	133	139	103	105	135	127	
117	118	112	103	129	133	146	136	
138	105	109	121	141	125	135	139	
145	108	102	110	134	125	148	129	
124	125	117	144	133	148	137	108	
142	139	145	112	108	109	133	123	
119	121	130	132	129	120	131	136	
180	199	169	178	172	193	161	164	
187	167	191	198	177	154	179	181	
162	187	151	152	161	195	177	157	
171	196	155	179	157	172	166	173	
170	150	187	157	166	156	172	174	
192	158	194	153	187	151	193	171	
165	156	177	166	187	175	154	164	
180	161	164	166	190	198	197	195	
189	163	194	174	196	192	193	165	
152	155	178	169	174	192	179	159	
177	153	157	158	194	197	169	189	
151	188	196	174	158	164	189	166	
150	197	163	178	174	173	167	164	
194	181	187	185	193	163	192	177	
193	186	174	196	183	180	157	177	
198	193	159	189	184	188	192	177	
169	167	158	182	153	171	174	190	
192	162	199	179	169	189	181	168	
162	180	195	192	169	177	185	193	
187	173	155	185	157	162	188	197	
169	160	197	173	195	159	177	188	
159	164	195	187	154	152	170	196	
162	197	189	160	173	151	167	158	
176	193	196	168	152	166	188	183	
174	197	171	195	175	172	164	166	
179	193	173	189	190	192	170	169	
199	197	155	191	186	175	151	167	
159	178	153	156	161	173	175	195	
168	165	176	179	191	189	163	194	
152	196	151	172	163	182	155	198	
163	161	169	195	197	196	152	165	
157	196	180	195	159	163	191	194	
177	152	156	163	183	186	175	192	
185	177	165	184	194	173	169	183	
176	197	159	168	172	164	163	170	
176	188	199	185	153	196	198	165	
166	195	169	190	185	170	198	181	
174	163	185	155	159	177	195	161	
164	165	196	186	189	157	190	168	
153	182	179	189	154	194	181	197	
192	163	161	195	183	153	181	177	
152	168	155	166	172	157	190	153	
164	196	187	177	191	170	176	159	
174	196	175	188	186	171	167	163	
184	176	185	183	159	158	181	179	
175	186	174	156	167	191	166	182	
162	192	154	199	190	170	179	187	
153	182	161	185	160	195	173	199	
176	186	198	184	185	188	165	164	
199	152	188	182	158	172	181	176	
245	200	225	213	209	222	214	226	
214	233	226	239	246	223	218	211	
210	234	200	236	249	242	216	209	
215	249	225	221	248	241	201	208	
206	210	220	224	211	231	228	243	
244	242	207	217	231	212	235	234	
248	240	238	237	244	209	235	224	
204	219	203	230	210	248	249	225	
207	225	209	234	240	204	238	244	
212	225	238	221	236	224	240	245	
218	226	248	203	200	223	241	204	
245	227	242	219	222	232	247	248	
235	224	200	225	234	206	229	233	
218	215	238	228	205	209	208	202	
205	233	244	208	235	211	222	224	
230	222	229	203	217	202	235	216	
241	235	214	213	226	203	210	240	
244	201	214	205	222	234	203	243	
218	235	221	229	231	246	236	208	
200	227	205	213	233	237	228	249	
208	236	206	223	209	210	220	205	
200	229	236	247	214	219	225	240	
247	248	242	244	228	210	216	230	
222	203	214	201	230	241	240	202	
246	247	210	219	242	214	209	230	
227	223	203	207	240	245	214	228	
246	218	223	219	208	237	207	209	
212	228	231	213	218	206	223	230	
219	243	224	206	234	212	218	222	
238	235	240	227	241	229	208	204	
225	203	237	206	202	222	231	232	
234	246	225	237	226	230	247	219	
233	246	209	223	207	218	240	247	
236	210	247	226	203	248	223	202	
222	208	224	238	201	231	228	233	
238	247	211	240	208	218	226	200	
244	227	209	230	215	228	204	226	
243	240	223	239	227	246	211	218	
245	247	216	240	208	248	227	231	
224	207	204	233	249	215	221	242	
243	236	231	218	225	238	245	209	
248	213	200	227	245	232	207	237	
247	238	235	229	224	223	221	215	
227	215	205	241	207	202	233	237	
236	228	209	213	207	215	237	243	
240	202	212	237	200	232	223	233	
202	224	218	209	232	228	223	230	
204	221	222	228	232	214	215	242	
232	228	249	215	235	243	202	234	
212	206	238	223	221	237	215	217	
259	279	283	261	252	290	270	294	
258	283	251	274	260	286	263	276	
287	256	277	264	278	284	271	279	
253	256	266	299	281	291	297	290	
262	260	271	265	297	299	276	251	
274	294	265	262	268	278	272	283	
270	260	265	269	259	282	297	267	
252	284	253	265	270	293	275	264	
250	274	252	266	270	284	259	298	
286	273	295	293	253	276	272	283	
286	271	278	281	257	272	264	279	
297	289	270	258	275	264	282	260	
268	299	254	258	257	288	280	255	
295	255	277	296	299	281	285	298	
266	295	271	259	260	250	251	254	
282	284	288	294	279	263	285	274	
295	280	281	296	275	273	278	255	
257	273	269	266	293	272	267	279	
287	297	253	282	266	258	284	251	
254	273	261	296	276	282	292	297	
263	272	284	279	256	288	292	299	
250	291	290	284	268	269	282	273	
287	263	261	262	278	275	257	281	
298	258	262	250	268	278	270	293	
287	286	297	282	262	272	294	277	
255	289	285	260	272	264	270	279	
266	270	267	250	275	291	272	255	
288	251	285	258	264	252	276	279	
263	268	296	273	295	281	253	282	
299	277	280	285	292	250	265	252	
293	276	270	288	298	294	291	279	
270	297	261	265	252	291	256	280	
254	290	250	297	284	276	273	288	
296	260	255	254	278	289	268	298	
264	286	283	296	293	288	295	275	
270	257	253	261	263	291	276	294	
278	284	251	258	268	280	261	272	
275	252	260	250	268	253	269	285	
284	277	272	259	286	298	291	274	
276	298	285	295	257	275	262	277	
295	267	287	263	274	296	275	277	
283	254	282	262	252	287	294	251	
282	273	264	259	285	299	253	261	
293	297	273	272	271	259	269	268	
256	274	262	265	254	257	276	266	
260	277	297	252	296	280	292	259	
263	251	293	270	282	283	286	254	
259	282	292	261	262	286	265	253	
273	269	297	298	253	278	250	274	
251	289	259	282	274	296	272	262	
330	314	348	300	336	310	346	343	
314	329	307	312	332	305	319	326	
343	302	324	303	318	345	328	315	
306	333	342	301	334	323	328	304	
343	328	321	315	310	305	346	330	
314	300	327	333	315	329	341	345	
343	314	304	344	305	302	347	323	
313	322	329	334	324	345	303	325	
347	345	315	314	301	326	313	328	
342	301	302	300	312	347	345	343	
327	333	344	347	309	349	328	342	
337	324	335	339	303	316	330	345	
346	347	349	306	313	344	339	303	
347	344	348	326	314	346	303	315	
326	328	314	309	339	348	332	307	
312	310	346	347	325	336	349	306	
347	335	342	300	333	334	317	332	
322	308	319	314	309	306	348	331	
345	311	349	323	338	328	347	306	
326	328	304	330	331	322	325	306	
348	315	346	303	325	333	308	319	
320	313	332	312	331	303	321	345	
306	319	336	304	323	332	315	305	
315	312	310	324	313	321	333	341	
334	320	325	335	303	337	306	333	
345	330	305	312	322	332	340	349	
337	332	328	316	331	336	342	324	
335	340	330	310	341	315	336	318	
308	339	321	300	340	314	303	328	
306	338	321	313	318	348	346	308	
311	349	339	318	331	307	300	330	
305	347	302	349	309	335	320	330	
332	336	344	338	337	308	330	314	
308	340	337	343	319	341	332	321	
333	300	328	301	334	325	304	335	
331	334	320	322	342	306	336	339	
346	328	314	344	342	323	349	310	
321	320	323	302	328	315	339	316	
304	305	342	339	311	321	308	326	
347	314	342	339	331	326	328	325	
313	315	341	323	301	312	345	343	
330	310	307	326	325	340	302	336	
338	307	321	315	343	344	325	313	
331	310	332	340	323	333	303	328	
325	314	315	320	337	341	317	308	
326	333	339	311	349	341	343	327	
343	341	340	302	339	314	332	304	
347	302	304	344	323	328	337	332	
325	302	347	319	303	344	327	331	
329	303	306	331	339	302	316	347	
359	370	391	386	394	356	355	381	
385	374	358	390	354	392	364	398	
351	364	363	392	379	368	375	378	
380	391	377	354	378	392	364	387	
367	397	391	352	375	359	351	379	
380	366	370	364	363	372	386	352	
375	379	350	397	378	357	392	389	
370	382	369	371	393	358	359	388	
385	394	382	354	364	391	372	374	
386	358	395	381	377	397	366	399	
359	355	384	378	358	389	390	370	
369	378	371	391	368	384	397	364	
386	360	375	396	367	374	383	352	
362	356	353	385	392	359	363	364	
370	390	361	352	381	384	399	379	
383	391	398	382	361	392	367	390	
395	353	351	364	399	375	355	359	
389	353	393	354	398	364	366	368	
375	363	358	355	382	393	357	384	
390	374	365	363	361	380	368	372	
353	362	354	383	399	390	386	377	
352	382	390	357	377	355	365	396	
375	367	394	366	395	379	387	351	
388	392	374	356	380	365	393	384	
363	373	393	362	357	395	350	366	
361	393	364	384	367	386	372	358	
366	375	350	380	353	386	398	351	
369	352	390	363	379	362	383	385	
359	362	387	371	358	396	382	374	
370	362	360	386	390	394	393	374	
374	368	356	377	392	365	359	357	
368	370	385	354	381	390	394	356	
350	383	358	387	392	353	357	398	
353	350	372	399	376	393	387	367	
369	397	350	362	383	368	388	396	
389	365	385	355	384	372	369	394	
394	399	360	353	366	390	361	379	
383	378	396	374	356	384	351	381	
372	396	353	355	386	357	369	366	
373	363	355	385	378	358	375	394	
369	390	370	383	387	352	380	398	
373	398	368	391	389	366	390	395	
369	375	393	376	391	363	387	380	
383	364	370	385	368	367	378	351	
359	362	356	387	381	364	372	375	
356	350	387	366	374	388	375	371	
394	355	350	386	380	362	359	384	
368	358	354	370	378	365	362	384	
383	374	392	359	373	397	358	363	
381	361	392	395	363	365	387	368	
444	442	420	415	437	445	410	432	
426	403	400	402	440	447	428	444	
401	437	440	433	417	442	444	400	
443	428	411	435	413	444	439	400	
431	417	430	416	443	448	415	427	
439	428	403	444	436	424	443	420	
439	407	425	446	441	435	421	432	
410	433	440	435	407	446	443	401	
404	419	444	416	432	431	429	407	
444	431	412	428	445	418	414	420	
413	407	449	412	421	414	448	424	
437	401	439	441	443	405	413	436	
406	422	447	417	408	441	423	412	
418	446	422	436	426	437	405	428	
445	409	421	443	418	413	437	405	
435	400	448	444	404	447	423	418	
432	440	401	402	445	430	403	429	
411	431	401	409	406	437	402	432	
434	420	448	405	414	425	419	406	
412	447	425	434	436	427	419	426	
431	424	449	443	413	432	446	444	
407	433	412	421	423	427	432	437	
402	408	446	414	413	416	425	440	
427	410	412	403	428	433	430	404	
432	448	435	425	426	422	442	411	
440	427	409	400	402	446	416	434	
441	445	432	443	422	433	427	428	
443	422	427	412	423	436	434	409	
417	438	408	432	440	427	405	431	
404	442	424	448	407	413	445	415	
408	418	407	445	429	420	432	447	
434	447	411	431	429	441	419	424	
449	406	404	414	448	421	411	401	
407	444	405	448	401	439	435	437	
448	445	403	436	412	437	439	422	
400	427	402	445	447	432	441	430	
432	426	417	404	437	401	444	403	
404	433	415	408	443	419	412	417	
410	407	425	437	442	403	409	427	
444	431	443	441	411	419	430	416	
425	401	448	424	407	444	446	432	
427	411	421	410	449	425	426	414	
418	429	443	426	447	401	446	437	
428	416	433	422	405	409	432	442	
415	406	425	418	405	443	416	407	
448	410	409	438	431	421	412	425	
420	443	422	400	409	417	405	437	
443	417	434	404	429	444	410	440	
428	436	435	417	401	404	429	440	
449	418	408	434	431	429	426	419	
492	479	481	478	495	476	456	499	
492	471	450	477	474	498	496	480	
489	485	462	496	454	450	451	461	
492	498	494	493	465	473	485	479	
484	495	493	465	487	464	491	456	
462	486	488	485	494	477	456	467	
473	453	495	457	486	485	459	461	
469	474	493	478	476	480	455	457	
475	451	454	470	471	484	492	453	
491	450	454	496	476	469	498	487	
458	483	498	475	485	482	464	490	
466	499	453	464	497	494	460	465	
497	482	493	499	455	485	462	453	
486	450	470	489	479	451	463	454	
494	470	480	450	495	471	466	482	
481	497	498	467	456	473	460	462	
451	457	476	496	468	497	452	477	
451	471	492	466	476	464	495	454	
493	459	463	462	497	478	466	457	
459	460	470	494	498	469	497	453	
453	491	451	495	488	460	481	476	
452	497	465	464	473	491	469	494	
496	465	485	477	471	486	487	478	
498	470	478	484	495	479	452	474	
456	458	471	487	459	481	457	477	
495	472	481	475	450	461	458	490	
483	459	469	466	487	497	468	485	
496	469	472	494	453	459	490	460	
467	468	451	479	462	470	498	494	
476	482	452	488	480	464	455	492	
490	453	477	486	460	452	456	466	
484	489	492	454	453	455	458	478	
453	498	470	481	492	497	463	457	
472	491	451	481	489	490	455	470	
489	467	468	477	460	474	463	457	
482	474	485	455	498	461	450	487	
473	462	490	465	474	477	451	450	
464	461	484	499	495	455	474	486	
477	468	457	486	469	493	473	487	
486	460	474	477	495	458	493	452	
471	465	470	454	461	497	498	475	
475	453	457	495	484	464	491	470	
466	476	478	490	468	477	469	497	
456	460	467	465	463	490	464	451	
452	455	484	468	489	491	473	472	
499	498	451	464	475	455	467	463	
461	483	484	468	474	493	476	454	
498	492	459	465	464	470	460	466	
468	460	456	452	486	466	489	463	
456	499	475	470	473	468	458	457	
269	310	495	
370	152	328	
467	188	259	
107	244	398	
176	198	443	
33	19	145	
475	456	394	
322	222	369	
81	216	493	
14	372	225	
6	313	57	
321	430	348	
171	37	115	
161	153	286	
197	27	122	
272	169	410	
330	415	87	
90	81	424	
335	436	491	
420	203	116	
415	94	308	
240	30	97	
129	121	467	
243	10	370	
52	341	461	
63	29	361	
104	140	45	
336	300	488	
44	155	499	
456	495	441	
300	399	208	
426	218	390	
410	372	13	
277	404	173	
493	461	384	
332	414	67	
29	371	373	
76	446	79	
314	494	83	
39	89	145	
331	377	314	
456	234	43	
107	273	474	
313	104	417	
472	493	353	
318	226	426	
240	283	468	
118	332	352	
449	3	242	
240	463	433	
33	419	60	
195	135	453	
209	145	10	
68	423	384	
201	298	14	
416	314	300	
183	101	483	
445	180	278	
314	362	328	
274	125	236	
8	479	0	
96	432	354	
240	66	57	
96	359	273	
478	342	455	
56	266	88	
212	397	370	
26	297	205	
399	277	365	
15	81	30	
233	439	302	
41	150	461	
17	220	283	
30	485	205	
365	351	163	
354	427	418	
5	127	294	
192	251	59	
192	393	13	
357	480	379	
52	44	78	
92	126	247	
145	357	192	
48	30	485	
110	497	254	
410	385	145	
411	242	135	
28	424	395	
161	490	163	
480	490	290	
11	269	177	
203	123	86	
417	422	187	
67	162	400	
176	67	396	
332	272	94	
416	286	38	
302	168	469	
281	336	42	
123	24	44	
335	157	171	
493	127	394	
341	277	216	
203	355	388	
336	106	318	
221	212	31	
204	235	462	
241	195	261	
443	316	460	
265	280	356	
314	193	311	
381	98	476	
244	105	466	
367	344	434	
469	272	312	
471	202	48	
103	7	427	
272	483	294	
437	152	73	
62	290	214	
422	287	61	
397	144	327	
339	415	363	
458	356	336	
413	427	423	
345	433	288	
467	151	216	
89	191	353	
497	382	319	
455	36	262	
428	152	121	
348	176	21	
112	41	280	
461	246	85	
330	336	159	
132	157	493	
424	8	0	
146	399	498	
488	139	111	
320	233	487	
117	128	79	
426	34	193	
231	471	403	
494	278	111	
275	383	382	
426	197	77	
487	209	108	
402	8	5	
442	477	412	
249	440	412	
22	251	95	
334	65	52	
86	345	244	
100	316	146	
418	334	388	
147	306	303	
285	133	411	
81	463	486	
303	81	54	
281	364	239	
163	149	56	
150	36	240	
459	399	315	
122	366	439	
190	151	435	
90	339	54	
234	232	9	
229	263	317	
139	480	358	
326	499	26	
432	306	26	
171	132	498	
84	268	94	
94	12	396	
136	365	155	
132	364	371	
230	345	228	
317	2	372	
182	240	25	
137	244	366	
93	91	234	
117	289	154	
59	162	343	
381	494	172	
69	284	353	
334	224	235	
436	375	409	
155	427	153	
394	241	179	
256	320	178	
387	305	146	
260	447	461	
174	257	25	
212	214	80	
482	468	432	
149	265	359	
154	2	238	
203	135	261	
180	232	408	
60	362	461	
333	280	134	23	
319	161	144	14	
444	55	135	93	
95	268	445	309	
232	408	183	399	
32	73	424	143	
260	105	145	277	
246	329	320	374	
439	150	480	149	
359	468	478	83	
177	133	444	489	
151	257	409	376	
285	371	426	183	
254	144	432	4	
264	235	13	4	
361	305	136	358	
198	131	44	350	
450	471	246	28	
32	219	336	275	
436	395	164	70	
366	39	283	256	
267	70	80	32	
289	340	206	308	
459	111	422	235	
482	301	48	328	
22	90	495	459	
310	90	373	384	
462	8	493	358	
48	407	499	390	
149	260	233	252	
192	468	438	338	
172	375	312	269	
455	282	96	86	
73	91	203	322	
485	462	306	498	
432	425	170	280	
383	35	123	288	
410	70	329	256	
101	152	207	474	
112	405	74	189	
109	373	110	415	
365	154	88	465	
286	136	249	209	
36	300	213	268	
30	133	72	40	
81	437	16	223	
137	484	393	388	
8	337	166	405	
306	192	95	300	
299	110	124	353	
24	64	244	171	
479	336	3	394	
53	376	259	432	
271	73	111	373	
327	47	246	312	
275	38	97	247	
109	428	280	269	
370	72	309	244	
156	380	365	127	
419	101	254	73	
38	215	207	77	
288	449	430	92	
396	33	157	401	
144	92	101	5	
284	168	207	156	
363	18	68	66	
288	132	87	19	
96	242	382	137	
139	193	341	455	
69	349	228	257	
226	288	272	446	
302	169	396	244	
27	82	391	194	
271	311	8	484	
351	88	69	49	
255	260	249	305	
240	263	269	365	
133	271	92	245	
93	59	485	114	
288	205	293	163	
396	107	369	428	
130	220	83	64	
298	409	339	421	
325	308	246	173	
285	234	109	281	
9	274	17	287	
114	132	379	209	
130	407	81	366	
337	98	101	321	
147	275	396	122	
470	489	360	237	
150	173	187	321	
68	240	107	84	
38	108	358	289	
59	109	315	456	
106	261	391	183	
432	279	327	102	
127	333	262	91	
319	298	49	142	
47	438	302	117	
118	199	473	458	
486	496	325	75	
111	84	260	155	
370	292	410	248	
290	140	14	331	
412	320	410	98	
156	104	119	153	
75	177	304	214	
19	338	420	118	
409	79	50	170	
283	177	248	72	
480	191	99	279	
110	342	140	237	
495	349	307	203	
155	334	115	17	
202	75	398	207	
249	113	251	245	
300	305	461	81	
3	419	295	68	
224	80	79	419	
355	166	107	292	
297	419	0	127	
438	198	105	219	
305	258	455	267	
233	213	485	313	
374	249	369	474	
259	459	226	419	
397	161	236	495	
317	253	403	22	
217	393	459	56	
120	298	305	462	
422	333	343	471	
299	382	180	393	
444	94	144	140	
29	467	369	149	
195	31	314	79	
272	426	174	110	
382	29	334	206	
294	151	34	217	
381	115	46	123	
393	24	49	111	
315	465	158	205	
141	143	314	265	
355	170	171	218	
478	253	30	468	
295	137	416	104	
2	88	47	26	
312	197	403	267	
392	182	69	442	
37	484	429	231	
20	58	16	178	
142	109	17	231	
222	323	238	433	
282	89	284	256	
476	189	371	259	
187	409	230	38	
386	21	90	101	
196	468	127	178	
128	453	482	90	
105	192	499	430	
278	146	246	23	
150	331	256	238	
391	183	420	6	
138	366	354	146	
470	38	398	27	
81	207	406	302	
112	102	377	395	
190	495	138	212	
345	369	312	4	
407	264	482	244	
46	368	361	64	
190	26	328	426	
87	371	289	15	
311	265	11	302	
298	38	102	386	
236	98	76	213	
152	451	246	120	
242	96	275	454	
485	275	138	325	
22	457	363	65	
66	440	134	219	
427	83	242	399	
252	323	43	180	
165	237	162	215	
344	24	475	38	
322	257	261	142	
248	116	368	182	
490	329	90	125	
223	474	86	341	
65	463	239	322	
109	317	142	151	
107	217	113	188	
488	347	67	468	
147	356	111	257	
298	327	319	373	
27	331	162	103	
121	237	191	300	
378	286	225	382	
67	144	377	52	
259	230	343	206	
117	224	41	330	210	
97	238	309	193	288	
495	195	170	414	309	
296	167	26	367	321	
424	294	269	38	173	
341	195	138	215	324	
243	256	236	164	148	
135	11	261	449	131	
428	439	235	135	491	
139	288	199	89	361	
121	264	498	180	263	
406	50	208	290	281	
499	474	384	55	170	
52	428	228	189	215	
46	90	35	356	244	
81	58	239	428	494	
310	45	31	257	38	
311	179	259	411	117	
275	259	424	401	19	
196	495	269	73	235	
407	446	410	3	32	
377	442	355	30	68	
273	232	125	288	495	
87	219	177	196	251	
260	93	360	10	307	
99	129	264	302	344	
489	354	450	127	73	
95	255	215	417	17	
467	453	232	287	485	
86	394	232	390	134	
468	257	30	99	127	
485	238	365	320	203	
184	40	308	318	400	
126	412	3	27	96	
398	205	308	173	346	
339	282	256	81	463	
264	157	155	308	40	
47	149	7	164	155	
434	58	414	296	415	
423	41	252	95	136	
285	344	236	414	404	
214	25	1	187	183	
79	361	493	405	96	
335	331	154	233	419	
192	303	449	337	390	
284	235	257	321	116	
160	114	13	446	443	
138	279	380	241	396	
109	451	422	122	402	
440	31	44	102	476	
127	384	0	82	437	
483	470	120	235	480	
182	473	290	16	266	
102	205	430	225	495	
456	337	142	415	238	
388	440	247	351	402	
141	1	126	67	12	
381	473	163	135	41	
11	386	373	131	256	
412	87	449	377	442	
417	238	126	164	90	
195	74	133	185	106	
346	357	292	341	144	
380	273	121	428	191	
181	331	373	437	464	
241	97	328	192	482	
90	469	85	137	328	
72	23	366	28	460	
206	427	142	101	322	
322	89	73	361	134	
309	389	108	23	296	
108	325	267	235	366	
379	232	240	87	403	
140	265	423	11	66	
474	298	336	267	307	
130	430	168	125	293	
360	14	6	7	154	
495	405	15	75	358	
335	239	477	397	496	
271	366	119	144	70	
175	122	421	156	408	
339	206	453	354	130	
76	102	446	146	205	
113	87	197	19	157	
2	94	96	76	419	
176	464	255	44	228	
213	408	309	314	61	
92	183	26	305	400	
319	268	415	246	98	
350	105	169	270	343	
174	173	60	444	128	
75	93	458	462	355	
369	259	367	255	426	
31	140	8	217	376	
149	91	51	182	119	
301	271	165	402	399	
178	393	186	396	416	
85	217	87	202	381	
419	389	57	351	118	
176	242	51	497	478	
358	173	261	119	268	
36	42	493	218	371	
153	310	296	195	147	
464	145	267	349	310	
128	426	174	25	269	
151	314	76	258	364	
225	105	492	241	264	
85	422	280	52	372	
394	403	440	151	273	
156	163	335	428	113	
128	277	485	28	198	
370	280	351	278	358	
209	91	369	466	313	
492	26	158	260	228	
349	165	112	410	199	
381	390	278	327	2	
233	249	237	132	17	
421	440	72	315	44	
215	121	109	167	385	
325	358	429	67	399	
357	417	168	90	407	
305	449	486	233	319	
80	101	88	268	311	
360	413	28	181	78	
181	65	294	377	447	
400	421	268	425	244	
257	213	192	499	16	
400	470	298	2	218	
277	205	385	234	155	
192	384	449	474	307	
429	102	277	468	472	
292	90	21	351	353	
371	355	450	47	267	
25	229	411	347	7	
359	108	498	242	250	
320	33	99	118	98	
275	50	328	192	64	
278	79	111	25	201	
455	445	118	243	264	
354	131	444	112	401	
377	203	74	129	196	
313	349	366	371	33	
168	116	119	203	175	
137	190	302	76	294	
239	267	251	92	135	
438	466	134	343	125	
366	350	469	434	65	
220	191	164	33	375	
283	84	339	236	232	
124	191	46	73	221	
339	257	273	133	210	
493	280	170	462	166	
133	75	71	0	294	
411	445	66	468	23	
31	357	76	24	96	
194	34	31	317	434	
241	3	129	269	79	
72	71	297	263	220	
226	6	394	126	417	
21	392	457	418	32	
395	309	408	72	428	
459	401	184	431	355	
269	231	402	333	306	
408	212	358	243	214	
385	363	263	86	271	
128	339	125	68	330	
465	234	382	476	464	
490	330	350	454	180	
438	152	191	366	115	
438	125	106	285	107	
119	492	169	361	399	
412	191	476	383	276	
188	199	165	263	472	
478	133	242	89	293	
137	256	168	100	167	
121	349	406	17	33	
387	472	267	244	331	
204	286	373	276	79	
71	51	219	243	448	
52	394	137	426	53	
364	106	299	119	388	
137	160	168	251	264	
148	341	139	267	74	
40	23	207	94	145	
172	333	440	4	195	
412	232	394	393	308	
343	458	32	364	483	
18	388	112	425	325	
167	28	253	405	178	
36	338	317	45	193	
193	414	358	378	484	
374	303	358	408	299	
226	67	124	160	17	
172	219	373	252	478	
83	238	107	8	295	
6	476	132	12	475	
442	351	98	45	372	
467	334	8	497	267	
87	100	348	391	57	
451	436	319	216	2	
