36	38	0	21	28	17	
20	8	26	24	48	44	
31	21	39	36	30	27	
33	45	0	19	32	6	
44	33	34	47	13	43	
8	25	24	40	48	12	
0	15	31	23	7	3	
27	42	28	25	37	29	
34	24	49	39	6	18	
46	32	16	30	48	26	
3	0	29	6	35	30	
1	11	12	5	45	44	
17	0	21	2	42	46	
28	21	46	48	6	22	
26	15	47	1	10	4	
42	32	6	4	22	15	
0	19	15	40	9	44	
43	33	44	48	32	17	
34	42	10	44	26	8	
8	38	48	20	34	28	
35	15	25	48	6	43	
48	19	47	32	39	1	
16	49	33	23	34	44	
35	23	25	33	29	47	
21	12	5	19	13	49	
8	44	17	21	33	39	
25	32	42	39	3	48	
6	24	18	47	5	7	
45	18	4	21	10	5	
23	14	27	3	22	31	
13	29	33	10	6	43	
4	35	40	8	34	2	
23	13	17	24	25	26	
42	19	35	5	37	8	
24	12	14	33	35	39	
3	46	24	12	0	49	
16	20	40	13	21	49	
37	10	42	39	30	20	
7	49	0	8	5	34	
24	3	34	25	12	27	
5	34	1	11	27	31	
43	48	3	32	29	17	
19	44	3	43	45	34	
0	2	17	43	7	45	
45	25	47	12	27	35	
39	21	15	35	1	46	
5	7	24	28	42	2	
46	15	16	19	12	47	
37	23	35	9	20	12	
34	28	11	37	13	9	
81	52	75	56	99	51	
91	75	81	50	92	51	
80	67	92	69	63	71	
58	78	72	89	90	57	
53	50	77	88	85	51	
60	76	68	53	57	64	
87	53	92	91	52	54	
83	73	65	96	91	77	
72	88	82	55	75	63	
57	78	63	85	81	96	
71	86	61	53	82	74	
93	87	98	86	75	80	
58	69	60	76	56	51	
77	81	60	92	82	85	
61	75	82	92	90	89	
99	85	81	63	98	52	
79	51	82	56	80	91	
78	86	65	60	73	67	
69	57	70	93	96	92	
87	55	99	61	94	89	
83	95	63	86	53	93	
99	63	79	86	75	85	
83	73	70	86	69	74	
56	90	88	99	50	61	
84	64	67	62	66	51	
93	61	95	89	55	83	
93	99	81	72	58	96	
91	65	52	79	53	62	
74	50	88	55	93	91	
77	80	52	63	68	84	
86	61	84	81	63	71	
89	94	93	72	60	57	
96	87	69	91	55	99	
69	70	94	54	79	58	
96	74	76	88	50	86	
55	59	86	94	88	60	
93	84	77	85	76	59	
75	59	83	55	86	80	
95	60	51	61	96	81	
96	80	91	67	55	74	
91	81	80	70	74	73	
69	95	74	92	98	63	
50	88	54	84	58	52	
65	81	66	61	73	77	
99	69	57	76	58	77	
94	59	51	93	83	53	
73	53	50	89	80	60	
51	77	83	84	88	76	
95	70	91	57	75	54	
79	93	54	98	86	84	
110	116	107	127	121	129	
123	113	103	114	111	109	
117	144	104	131	112	109	
100	149	138	104	101	105	
124	120	102	142	143	141	
115	103	124	106	119	125	
148	101	134	107	102	100	
129	128	136	138	101	116	
100	135	134	132	131	136	
110	134	139	118	141	100	
147	101	131	136	123	109	
108	121	113	129	109	101	
125	127	141	126	145	130	
148	140	124	145	120	139	
135	120	143	112	117	132	
112	122	149	137	141	143	
128	102	121	110	140	136	
126	139	129	143	140	146	
100	124	121	114	125	149	
114	108	146	106	140	147	
122	120	108	102	100	135	
134	113	142	123	144	121	
122	145	134	103	120	148	
135	101	129	120	113	104	
133	134	120	139	132	138	
136	137	104	115	149	112	
137	105	107	143	128	112	
148	115	140	126	108	122	
131	108	107	106	114	123	
149	143	133	123	129	137	
147	122	116	104	108	134	
143	136	106	146	107	105	
141	111	134	133	145	131	
112	146	121	137	131	116	
109	113	111	100	147	121	
103	108	136	142	133	119	
106	129	102	104	116	101	
108	106	133	145	126	134	
138	102	141	124	104	136	
120	127	128	107	124	106	
126	143	112	141	133	149	
108	109	112	115	124	134	
125	149	114	104	124	122	
128	141	149	119	110	123	
134	147	109	148	145	116	
111	110	141	139	126	116	
111	100	145	117	129	136	
119	123	145	126	144	105	
134	132	136	139	127	108	
142	147	130	120	118	139	
153	180	175	196	160	198	
166	185	186	152	156	153	
172	159	192	186	177	158	
170	184	198	176	172	168	
197	156	199	184	175	162	
166	154	170	193	173	175	
197	166	159	150	181	161	
154	189	169	178	192	164	
194	193	179	151	177	169	
155	192	168	177	173	157	
186	190	185	166	177	168	
184	163	172	185	196	159	
157	153	176	199	161	159	
164	192	151	199	173	166	
167	184	197	176	178	180	
188	197	184	152	180	186	
155	153	162	186	184	166	
176	197	181	158	185	152	
159	175	173	153	155	182	
155	163	158	156	193	189	
158	198	178	168	195	161	
154	178	164	172	196	167	
170	153	161	163	185	195	
159	186	199	198	160	163	
151	157	196	150	188	184	
173	191	187	152	158	183	
165	150	160	164	169	161	
171	165	191	173	196	153	
152	188	192	159	184	169	
155	176	184	191	167	172	
195	193	160	150	187	156	
160	152	150	190	179	172	
175	160	155	151	199	150	
194	166	167	187	182	161	
178	162	172	156	167	189	
157	179	155	167	166	180	
155	186	194	165	170	183	
155	167	186	151	164	165	
193	160	178	185	153	187	
169	170	152	179	167	150	
194	180	169	156	158	176	
186	183	195	192	177	180	
175	177	186	199	154	161	
161	164	189	165	185	150	
170	197	169	160	186	187	
172	155	190	178	192	159	
198	196	161	168	162	187	
197	182	154	173	184	194	
187	171	178	163	182	184	
150	156	197	159	173	185	
240	249	210	241	247	212	
248	249	243	211	241	218	
237	229	234	202	217	244	
225	224	217	240	237	213	
234	220	211	219	236	247	
214	217	205	213	230	234	
207	206	224	202	223	238	
214	220	230	200	233	217	
216	200	214	232	246	226	
235	222	246	201	224	217	
248	223	210	209	207	219	
245	229	243	215	242	228	
228	231	242	234	230	225	
210	237	230	205	225	232	
216	237	240	208	222	232	
228	235	233	218	201	214	
201	241	224	243	215	222	
229	206	248	245	210	228	
227	226	201	218	200	230	
222	207	220	208	238	224	
220	229	228	227	247	232	
239	240	217	213	243	211	
245	209	238	226	230	213	
244	223	238	241	246	225	
237	207	215	209	202	230	
232	234	248	209	211	204	
243	237	231	230	209	210	
220	249	232	246	206	234	
233	213	217	244	236	246	
216	213	206	239	202	232	
236	240	228	243	229	238	
231	205	230	229	247	220	
244	233	229	207	211	241	
244	212	233	202	232	236	
227	204	217	208	220	206	
218	240	200	211	222	210	
202	214	240	233	228	231	
225	242	226	215	249	239	
247	220	230	225	237	245	
239	225	217	231	214	249	
208	244	202	203	234	237	
204	217	226	225	209	242	
235	241	211	205	217	206	
214	244	232	217	225	241	
207	221	243	209	238	228	
233	216	212	225	227	222	
221	219	242	213	215	241	
239	227	231	238	210	230	
203	242	200	209	210	205	
207	249	204	234	205	228	
273	265	276	299	269	267	
296	262	299	287	276	286	
267	255	279	289	273	256	
273	261	269	265	283	279	
295	289	258	281	296	285	
289	297	256	291	274	268	
252	286	278	254	294	287	
258	294	257	293	286	254	
265	269	255	252	259	262	
254	262	281	276	280	292	
268	287	295	265	256	291	
269	267	262	265	270	259	
285	267	282	263	268	260	
286	292	288	268	296	261	
277	256	259	299	261	275	
278	294	282	251	273	285	
287	260	257	294	297	261	
260	290	268	282	283	286	
298	277	288	285	290	273	
251	269	259	278	250	262	
291	260	295	285	294	297	
280	283	272	291	295	297	
295	265	291	285	260	255	
278	265	296	288	262	270	
260	299	270	258	266	287	
274	282	270	297	268	279	
274	259	254	252	266	253	
278	295	271	253	291	257	
291	272	267	271	279	282	
276	275	288	262	253	273	
297	285	288	277	252	280	
258	275	284	290	264	272	
269	263	275	276	272	279	
264	268	261	292	270	253	
277	296	253	292	256	289	
287	264	256	280	275	296	
269	295	286	284	271	261	
269	285	283	280	264	253	
258	289	285	274	294	295	
296	262	275	270	265	260	
294	262	268	263	270	267	
285	256	277	294	267	283	
254	267	275	284	291	278	
252	262	285	256	278	295	
273	283	251	261	266	268	
293	272	253	259	294	283	
286	254	299	284	252	261	
293	289	284	252	272	291	
250	281	253	298	275	277	
267	271	289	298	277	273	
315	345	300	312	303	326	
339	312	334	341	303	311	
319	321	326	329	337	341	
306	336	302	309	340	303	
317	332	336	323	314	311	
346	309	335	320	324	345	
319	337	328	302	346	332	
314	338	321	304	349	335	
317	338	344	312	301	349	
301	314	313	339	345	330	
326	337	325	349	347	322	
336	345	348	347	335	325	
307	325	337	326	334	347	
330	302	342	344	326	339	
310	308	333	331	322	316	
326	304	335	311	340	307	
301	331	338	330	335	307	
321	304	305	327	344	347	
328	324	307	322	329	308	
346	337	327	303	325	312	
325	322	327	300	323	321	
311	333	345	329	322	334	
305	331	323	324	341	312	
318	346	347	316	322	317	
310	313	339	325	323	349	
323	304	307	330	303	333	
325	300	347	314	336	320	
344	323	329	346	348	335	
305	311	331	346	349	327	
308	311	328	333	325	323	
302	327	304	329	325	300	
341	311	342	316	323	306	
341	342	331	349	311	333	
324	332	346	314	317	318	
306	343	329	302	320	311	
310	312	320	324	327	311	
346	340	347	349	317	341	
341	303	345	305	342	319	
316	300	324	344	338	343	
341	340	320	338	305	343	
345	344	314	338	323	313	
345	333	348	307	324	349	
321	344	341	319	330	302	
346	334	337	314	347	349	
328	321	306	344	318	324	
331	307	312	305	349	315	
305	300	335	315	307	334	
301	343	342	308	317	326	
317	331	343	333	307	329	
310	319	306	331	309	317	
365	397	379	383	393	381	
370	384	351	365	358	383	
375	382	372	350	399	361	
391	355	394	388	399	390	
391	379	365	394	357	380	
391	372	370	361	384	373	
379	385	357	353	397	355	
380	368	386	373	353	396	
384	397	358	385	368	360	
392	359	388	366	384	382	
356	357	372	367	374	371	
384	387	397	375	365	399	
362	392	359	356	373	396	
382	360	361	399	381	374	
381	376	352	385	351	369	
397	385	354	376	395	391	
363	351	383	370	384	366	
394	350	369	365	382	378	
362	392	371	356	361	358	
378	364	395	390	370	387	
351	398	378	389	368	382	
354	367	387	397	385	379	
396	381	362	374	391	377	
392	374	391	398	372	389	
392	362	390	363	358	354	
358	381	397	373	385	379	
359	353	370	373	389	393	
350	367	351	396	371	352	
397	387	364	380	399	373	
350	361	360	394	393	367	
351	350	359	371	391	384	
367	361	357	383	354	393	
370	379	377	374	385	362	
351	371	377	372	356	365	
377	368	396	359	370	383	
398	353	355	358	374	393	
363	397	360	387	377	355	
358	387	364	393	370	397	
359	384	368	373	371	386	
372	378	368	392	353	362	
381	365	379	398	389	370	
376	385	388	381	396	356	
354	364	373	392	393	363	
368	355	388	365	350	384	
373	385	383	386	377	367	
359	390	375	396	356	360	
381	387	363	355	394	364	
392	396	364	363	375	353	
395	362	396	383	370	353	
373	380	391	399	384	372	
416	419	424	431	400	445	
419	406	413	439	435	445	
428	447	418	449	413	430	
428	436	431	423	444	419	
419	421	447	443	428	423	
443	437	405	449	447	422	
445	444	413	405	401	430	
403	435	443	440	436	425	
406	428	434	420	433	432	
411	430	404	424	403	408	
427	436	421	403	428	409	
409	417	429	410	435	420	
403	434	426	447	419	431	
435	438	437	421	443	445	
415	419	400	409	448	434	
401	420	406	432	447	414	
408	441	449	410	425	438	
442	446	419	404	401	435	
419	433	421	443	406	440	
410	411	438	428	436	431	
401	426	400	413	436	419	
419	405	438	437	406	447	
422	428	416	434	440	441	
430	426	447	441	420	443	
433	407	417	412	400	447	
418	438	447	422	414	408	
444	442	437	411	419	448	
437	421	418	447	449	426	
412	448	447	430	416	435	
409	439	413	403	427	400	
436	445	440	426	419	408	
449	413	435	404	403	407	
423	419	442	440	443	435	
430	406	400	409	414	428	
428	412	443	418	404	406	
445	405	435	415	404	411	
422	417	404	405	431	434	
416	414	415	422	439	438	
407	411	442	408	424	413	
411	412	444	437	434	404	
421	402	407	448	447	406	
417	447	438	405	408	431	
406	405	414	437	410	427	
416	412	427	408	405	432	
403	442	436	418	446	424	
434	414	421	419	437	409	
440	419	449	433	432	409	
423	425	401	404	420	426	
426	428	438	400	412	436	
402	434	424	415	444	447	
477	488	487	455	467	478	
450	492	484	480	456	486	
486	468	484	498	487	467	
469	476	485	489	475	487	
494	476	497	486	478	463	
498	468	496	453	456	499	
491	475	486	467	493	453	
473	450	487	490	452	498	
481	467	456	472	454	494	
499	456	461	454	487	474	
497	453	471	499	451	461	
461	459	451	463	456	469	
493	458	463	496	454	484	
470	469	458	452	485	459	
495	462	457	472	499	468	
451	464	467	496	477	489	
485	452	457	475	487	462	
460	493	455	453	461	485	
493	453	494	463	476	474	
467	490	469	461	487	481	
465	454	453	451	467	496	
476	495	485	473	488	453	
477	490	493	482	485	479	
477	465	473	480	470	468	
478	476	463	462	453	479	
456	491	499	488	464	498	
484	481	456	475	498	455	
482	467	476	488	471	462	
458	496	485	471	450	473	
475	459	493	480	476	472	
483	471	472	495	464	455	
493	487	474	476	450	489	
460	473	493	457	466	487	
468	483	475	479	487	478	
476	475	466	482	456	478	
471	473	479	459	484	463	
452	475	462	470	464	466	
476	477	455	490	497	487	
460	451	454	497	466	458	
458	489	470	480	451	496	
482	479	493	456	455	475	
478	498	482	459	465	450	
497	496	463	458	475	457	
454	486	494	459	458	461	
480	453	450	470	463	469	
462	493	459	479	457	498	
475	482	487	467	496	462	
488	460	499	457	496	487	
498	463	455	470	460	494	
462	479	466	461	492	488	
17	25	3	19	8	18	10	
4	37	33	26	24	34	3	
47	11	6	42	39	18	14	
38	16	13	41	6	21	22	
32	19	1	38	6	5	41	
20	43	49	3	30	15	48	
11	36	1	31	16	29	28	
36	49	6	40	8	42	11	
49	20	1	29	39	14	33	
33	32	27	40	23	36	7	
7	31	41	22	49	19	14	
18	2	27	42	16	36	13	
20	43	15	11	31	32	35	
24	42	34	16	6	45	8	
4	36	42	7	32	30	49	
1	8	6	42	28	12	38	
8	15	0	18	17	25	43	
41	12	7	36	33	28	1	
45	43	18	6	28	19	0	
13	6	30	9	10	17	36	
38	6	8	27	3	13	28	
29	5	24	16	14	38	44	
11	48	37	1	31	4	13	
41	28	40	32	1	31	21	
28	6	37	42	17	32	48	
41	5	26	11	43	13	14	
23	18	37	22	30	32	41	
6	40	28	0	45	10	35	
32	28	25	20	3	43	42	
32	4	25	23	41	35	43	
16	32	6	5	43	7	35	
1	6	20	17	7	45	14	
38	4	47	41	16	32	46	
4	23	40	47	27	36	44	
1	38	35	49	11	26	44	
16	38	33	2	1	40	8	
31	7	24	45	4	30	44	
33	12	41	6	25	15	16	
48	12	29	27	3	16	21	
28	24	9	42	1	7	3	
29	2	22	34	11	7	33	
19	25	31	26	13	32	29	
17	13	10	21	23	27	45	
37	30	28	44	22	9	29	
21	4	11	31	17	39	43	
39	48	45	18	16	49	21	
20	25	46	34	9	41	3	
28	33	0	10	34	36	8	
38	27	16	31	15	37	12	
36	47	40	41	16	34	19	
55	82	67	91	51	63	81	
62	53	90	75	88	86	61	
90	59	84	56	83	97	87	
54	81	53	84	83	58	80	
69	81	66	97	62	55	91	
69	55	54	72	56	98	50	
92	68	79	69	97	87	88	
99	75	73	51	78	81	98	
64	63	86	60	93	72	70	
86	53	67	91	63	79	74	
58	84	51	68	74	66	72	
81	72	77	80	83	78	94	
62	69	82	58	68	85	55	
68	88	54	52	55	61	98	
65	63	69	70	60	73	76	
60	54	64	56	72	76	89	
80	72	58	90	74	87	78	
50	52	75	81	58	57	90	
95	54	88	97	53	75	50	
84	73	50	97	96	52	79	
72	88	54	93	84	61	74	
92	68	80	57	62	84	61	
52	90	74	95	65	66	58	
72	53	73	50	60	56	87	
89	72	79	71	94	97	53	
62	69	68	89	84	91	95	
88	50	99	87	79	98	58	
69	83	62	58	50	95	91	
67	64	93	83	50	95	76	
63	69	68	80	85	57	89	
74	78	73	71	51	79	64	
52	82	93	79	72	77	88	
59	55	97	91	92	73	68	
59	74	91	51	72	61	90	
75	64	66	68	53	94	54	
73	92	85	58	82	86	95	
59	69	78	58	51	92	76	
90	66	59	80	99	71	67	
85	53	71	97	99	94	89	
97	56	59	77	83	52	54	
59	88	85	81	75	74	56	
90	59	51	97	99	85	70	
68	90	92	62	57	82	87	
68	86	88	51	82	95	76	
94	88	58	78	52	81	84	
73	50	88	71	76	80	96	
63	75	80	55	65	91	74	
58	92	64	90	89	66	68	
72	81	89	62	66	65	64	
57	78	59	92	91	68	77	
142	114	145	113	102	138	137	
106	103	102	117	136	116	120	
106	145	113	129	114	110	117	
140	138	102	135	144	149	125	
113	128	137	106	133	144	118	
137	147	109	101	112	130	110	
143	144	146	127	114	110	113	
139	119	125	142	118	131	132	
133	111	135	128	119	115	116	
123	125	107	103	105	148	138	
103	138	125	101	129	122	128	
113	107	141	136	145	132	139	
121	126	100	106	108	111	115	
110	149	138	104	114	122	126	
139	146	108	141	144	136	147	
140	100	129	143	123	145	135	
128	140	115	131	149	107	112	
107	140	138	104	130	112	127	
145	119	141	137	134	108	112	
116	118	138	132	123	112	103	
143	141	111	134	110	124	133	
130	121	119	101	148	141	105	
131	112	105	147	128	108	124	
104	135	144	100	103	143	138	
101	114	113	112	128	141	149	
145	105	115	103	140	147	129	
112	137	144	124	136	140	147	
140	110	114	115	149	136	131	
127	138	114	101	134	125	117	
112	109	130	131	133	100	113	
132	134	122	126	120	127	145	
113	118	119	122	101	103	125	
145	120	133	113	112	138	122	
109	116	112	147	114	149	133	
146	140	144	147	107	112	132	
107	136	113	143	105	119	100	
123	116	136	125	117	101	141	
112	134	149	145	140	119	104	
116	127	104	130	140	128	102	
100	119	129	112	106	133	109	
136	133	109	135	117	119	110	
144	136	115	114	118	141	147	
139	135	102	115	103	117	143	
116	133	123	129	119	117	100	
113	110	129	132	144	142	128	
135	121	105	146	133	139	116	
114	124	113	147	148	146	142	
144	147	121	104	111	102	105	
112	140	132	113	114	101	116	
135	130	134	112	144	146	118	
184	192	185	187	155	180	183	
196	180	190	150	155	187	195	
185	199	157	193	184	163	156	
181	161	196	193	167	173	178	
165	160	154	185	193	198	152	
164	193	170	176	175	168	157	
164	196	195	158	191	170	189	
154	186	155	185	158	179	188	
185	195	156	168	163	171	158	
190	154	167	183	185	177	163	
195	158	157	169	152	182	168	
165	183	155	192	161	187	175	
176	162	157	175	196	182	177	
187	158	181	194	193	190	154	
154	163	169	158	166	178	191	
196	182	152	174	180	157	162	
194	186	192	183	178	165	166	
167	156	163	169	159	162	196	
187	186	171	191	190	197	192	
166	182	189	181	180	164	186	
163	184	175	171	194	181	156	
190	194	170	175	176	155	184	
198	177	165	157	167	179	172	
168	177	186	197	173	188	159	
153	178	183	159	160	151	190	
185	166	199	155	187	151	198	
195	199	186	180	193	165	150	
178	160	177	166	169	162	181	
150	164	159	192	193	182	157	
177	163	174	160	186	176	151	
195	163	177	152	169	175	171	
156	196	199	166	155	197	159	
172	187	174	180	183	199	159	
159	170	184	195	153	189	172	
166	150	167	199	195	182	180	
195	192	172	151	159	173	152	
156	179	157	194	186	189	155	
173	197	184	196	151	177	153	
180	172	197	167	168	155	169	
178	185	167	150	170	180	172	
170	164	196	188	174	162	180	
187	198	162	153	161	195	151	
188	195	156	199	165	197	152	
198	190	178	160	172	183	158	
167	155	156	168	199	194	175	
193	157	165	177	180	150	197	
162	199	161	159	185	181	197	
180	164	178	166	159	184	181	
169	171	163	184	194	190	161	
153	187	199	152	156	197	180	
215	214	226	207	210	249	244	
223	245	213	218	210	222	229	
227	237	206	211	226	201	215	
249	205	248	237	224	230	204	
239	238	236	229	210	244	222	
246	205	217	244	206	229	232	
225	243	216	203	239	242	247	
202	209	211	243	208	213	205	
207	217	209	239	241	243	220	
221	206	238	201	217	218	233	
228	231	248	240	245	226	221	
248	211	247	228	237	214	249	
213	218	214	209	243	207	200	
226	238	244	243	200	205	215	
236	233	204	211	210	241	237	
231	213	216	228	202	235	249	
245	215	205	225	204	234	231	
246	238	206	237	224	222	232	
210	229	208	232	205	203	207	
230	225	241	222	233	236	247	
210	239	243	234	222	221	231	
207	246	204	227	223	233	201	
238	234	212	203	235	217	215	
225	248	245	230	218	240	220	
200	201	227	205	232	242	218	
226	232	207	210	204	222	213	
222	234	202	248	205	240	226	
206	205	208	248	230	225	247	
246	231	232	244	247	239	215	
237	217	205	210	236	200	201	
240	237	203	248	216	231	227	
244	248	210	209	205	214	220	
232	234	208	227	204	230	215	
221	228	203	227	207	231	235	
241	219	204	248	214	205	200	
234	229	219	200	235	225	241	
227	244	233	200	204	207	209	
211	239	212	244	209	233	240	
217	233	222	239	232	212	244	
220	245	235	207	229	238	214	
224	248	219	204	221	215	238	
238	246	225	239	215	204	200	
228	233	203	211	207	214	220	
230	208	201	214	224	206	200	
220	241	239	229	221	209	224	
248	200	223	247	228	217	225	
242	219	222	218	213	207	216	
215	241	244	220	230	249	226	
214	209	215	205	245	249	229	
205	247	221	202	243	240	239	
292	273	262	251	289	280	284	
253	269	256	275	266	267	295	
252	272	256	289	298	260	285	
264	263	259	284	265	253	276	
285	271	250	256	255	299	263	
272	290	254	292	283	271	265	
282	264	265	289	298	268	280	
287	262	253	275	251	268	260	
252	253	257	286	262	287	291	
277	255	298	285	268	262	284	
286	275	255	269	265	291	272	
294	282	259	264	258	250	283	
263	290	281	261	291	274	251	
282	257	279	270	254	261	287	
264	287	267	288	295	263	273	
282	291	271	293	274	252	295	
254	269	259	263	257	283	298	
273	270	283	296	294	295	275	
297	293	285	279	282	298	258	
293	268	275	270	263	278	295	
271	285	257	287	297	261	269	
289	274	291	292	251	293	256	
264	297	262	288	267	275	250	
296	269	299	285	275	276	289	
268	260	264	271	294	295	280	
260	297	263	281	251	271	272	
296	292	261	277	291	281	254	
272	254	273	276	263	274	284	
250	258	290	278	270	266	299	
285	281	286	267	292	266	276	
289	250	285	282	256	258	267	
286	287	291	288	255	271	285	
297	271	285	256	273	268	263	
275	285	257	269	252	262	289	
254	283	289	287	265	280	257	
256	282	288	294	270	264	266	
294	286	280	267	284	272	258	
295	276	296	263	255	267	294	
272	285	276	290	292	273	269	
262	298	284	259	251	277	256	
252	268	250	279	266	270	271	
256	296	251	292	270	281	294	
267	299	262	273	280	276	275	
258	293	273	295	256	267	275	
270	272	297	264	291	260	294	
263	296	289	262	286	293	274	
251	262	252	257	288	271	267	
278	263	257	293	254	285	284	
257	269	297	252	265	279	281	
290	252	250	288	293	253	265	
347	335	337	300	329	338	348	
314	340	321	343	349	313	342	
302	338	346	348	327	335	329	
301	327	322	343	341	339	330	
321	329	304	314	300	323	306	
333	312	311	339	310	317	332	
342	317	338	330	349	303	304	
306	332	342	347	337	317	307	
301	329	344	316	342	348	302	
320	326	323	304	347	311	330	
331	349	328	302	307	322	329	
306	316	338	349	320	309	325	
337	325	321	314	324	329	316	
313	327	319	317	303	326	338	
349	308	327	332	314	316	335	
312	337	308	347	331	305	341	
304	310	339	321	331	314	334	
301	338	334	332	315	319	308	
300	341	324	328	318	309	322	
316	324	320	343	340	307	313	
300	344	333	329	301	321	308	
317	324	341	327	348	308	325	
315	344	339	340	329	347	333	
336	328	327	304	347	346	326	
302	303	312	301	315	321	332	
327	333	303	323	321	306	319	
301	335	329	316	312	300	348	
332	311	347	325	314	324	333	
339	332	308	307	345	306	314	
317	307	304	336	331	305	302	
323	312	338	311	316	340	337	
348	333	305	303	340	313	330	
337	349	313	312	345	320	342	
300	324	301	313	343	321	307	
301	322	317	313	308	306	304	
333	344	308	328	334	337	322	
343	329	325	346	318	334	302	
326	329	341	317	325	349	338	
310	324	335	337	348	323	322	
349	334	323	319	306	311	307	
315	302	310	318	338	340	313	
343	338	323	344	310	341	326	
307	341	317	312	315	308	302	
317	332	310	330	346	349	328	
315	326	333	311	307	342	341	
317	339	311	323	341	348	303	
337	305	322	311	316	324	312	
311	317	337	331	326	340	335	
334	320	329	346	335	325	332	
310	349	303	337	331	313	307	
387	395	392	369	393	354	376	
369	381	383	376	396	386	392	
354	384	383	362	397	395	351	
378	386	383	369	387	390	395	
387	381	362	370	366	373	368	
390	350	383	380	375	397	365	
350	371	392	358	396	387	366	
367	371	398	397	392	373	399	
380	350	384	376	352	379	397	
390	364	391	386	395	359	381	
354	384	359	388	351	358	366	
354	395	380	371	352	350	353	
397	375	395	364	350	362	367	
399	398	388	396	364	361	367	
386	366	376	374	351	352	372	
369	352	380	396	384	350	382	
397	369	395	390	356	383	396	
378	371	367	396	379	360	351	
381	363	366	379	364	386	369	
369	392	361	350	358	396	391	
359	395	364	388	377	352	368	
379	357	392	382	378	398	353	
360	356	399	394	380	375	372	
378	362	360	375	389	372	388	
357	362	351	353	374	380	394	
384	394	381	377	395	373	386	
359	381	385	351	357	394	355	
382	372	385	353	352	398	359	
382	375	372	398	376	383	391	
367	387	373	374	351	361	353	
368	377	372	375	373	364	358	
370	383	391	374	396	394	382	
370	361	373	377	357	397	368	
395	368	358	381	388	366	351	
358	399	373	387	378	375	389	
359	360	365	364	355	361	356	
361	377	350	397	364	369	398	
389	399	386	355	364	394	378	
364	358	354	356	386	367	368	
367	372	390	370	368	382	354	
387	366	361	373	390	396	382	
375	388	377	361	370	384	379	
394	357	398	379	382	389	369	
364	391	369	368	396	376	371	
391	361	375	388	387	396	352	
390	398	380	361	362	352	377	
381	367	358	393	397	390	364	
366	350	394	363	359	397	379	
380	391	371	397	350	396	392	
385	386	380	373	367	365	379	
417	434	420	400	437	448	422	
447	438	432	443	448	403	408	
446	431	406	443	422	429	401	
445	413	439	430	441	433	424	
405	437	406	408	431	422	430	
421	448	417	411	445	424	408	
417	427	406	405	419	422	404	
420	442	447	426	418	404	403	
421	434	441	440	448	413	411	
446	437	445	409	402	426	415	
449	401	429	433	442	440	407	
428	441	402	410	445	422	403	
432	448	409	421	441	429	439	
428	422	429	404	403	414	433	
419	408	446	422	448	418	427	
431	444	409	432	441	416	415	
426	447	403	411	436	404	439	
417	424	410	411	441	436	403	
418	447	433	410	417	420	432	
430	400	403	417	414	426	429	
424	429	440	411	401	431	405	
446	410	404	443	434	439	408	
422	413	405	415	409	420	425	
435	415	408	400	429	419	443	
410	417	400	402	422	438	448	
408	432	445	400	447	402	434	
426	440	435	429	446	423	409	
430	400	407	448	445	423	411	
421	433	408	444	427	413	445	
438	431	445	413	447	418	403	
449	438	440	408	418	428	434	
409	406	429	402	422	405	434	
440	412	433	444	416	445	400	
427	445	449	425	443	418	404	
443	428	406	405	421	401	430	
402	410	448	412	420	430	403	
434	425	416	408	402	400	442	
419	424	444	425	440	406	433	
441	413	425	420	442	446	432	
445	422	446	444	407	432	427	
426	412	401	422	430	446	405	
449	445	411	402	405	435	415	
443	429	404	421	422	402	400	
412	421	422	405	404	435	437	
409	431	429	417	411	416	412	
400	441	428	437	423	426	417	
427	401	423	445	438	412	414	
404	441	421	438	430	407	408	
402	426	403	404	414	427	431	
417	416	400	415	434	440	437	
462	486	497	470	483	450	498	
468	451	456	472	454	481	469	
481	468	493	475	478	465	486	
492	493	466	461	494	456	464	
488	456	466	485	474	467	454	
451	495	498	461	470	482	481	
462	452	480	457	483	499	496	
483	451	472	488	460	461	479	
450	463	497	465	486	459	480	
473	464	497	485	468	474	481	
456	453	462	496	459	461	476	
493	474	479	487	471	496	491	
464	460	476	486	497	493	451	
464	454	485	463	465	451	496	
488	483	453	496	461	457	450	
479	459	499	460	461	496	486	
467	484	451	489	466	497	487	
454	457	491	459	468	461	478	
476	474	470	499	457	460	451	
453	486	481	487	455	459	492	
488	499	467	477	473	457	485	
493	450	461	476	499	458	489	
483	476	489	488	466	470	478	
497	461	477	481	457	483	485	
474	499	462	496	483	456	494	
474	466	457	453	465	497	463	
479	475	494	499	456	471	478	
469	466	472	465	471	496	457	
492	475	470	482	469	478	472	
451	476	489	471	490	493	495	
453	484	493	452	467	471	496	
460	481	457	473	493	495	455	
499	471	458	492	483	459	489	
479	452	458	455	475	469	471	
485	451	483	452	470	477	473	
481	458	457	466	470	492	450	
499	492	472	471	473	456	480	
496	470	480	459	452	497	481	
477	479	498	473	484	450	465	
486	463	478	470	491	458	474	
463	460	458	495	487	457	451	
455	464	474	459	477	462	470	
462	452	454	487	480	461	458	
478	481	460	464	462	459	493	
457	487	483	464	461	489	474	
458	465	483	491	479	481	453	
468	480	456	463	450	452	481	
457	459	471	467	483	491	485	
458	495	481	482	451	461	491	
460	499	484	489	487	492	496	
11	14	28	37	36	43	34	17	
35	31	1	40	37	29	19	33	
30	40	25	34	38	47	8	35	
16	27	10	25	49	40	13	17	
43	38	42	3	26	18	41	15	
44	10	1	34	46	4	49	2	
11	29	48	39	12	8	49	41	
19	9	23	27	17	7	35	11	
12	10	9	18	23	46	3	36	
2	49	46	44	37	34	8	28	
10	1	33	23	11	24	35	13	
25	5	27	47	48	44	43	8	
23	37	24	14	19	7	4	47	
4	2	24	36	34	28	42	47	
18	30	38	42	22	4	16	33	
25	7	26	4	42	17	11	12	
20	48	7	37	5	21	2	29	
43	0	23	24	41	15	25	18	
7	4	13	3	0	17	11	19	
14	22	46	3	19	44	38	7	
16	49	18	8	15	5	30	47	
24	6	35	21	39	4	23	1	
20	30	12	3	48	35	42	13	
20	9	49	27	46	26	24	45	
4	26	33	22	12	19	34	47	
20	7	29	18	45	47	40	11	
8	16	17	15	46	19	43	35	
30	44	36	23	42	14	19	18	
16	38	39	5	25	47	37	22	
13	37	23	3	43	39	42	14	
8	14	49	19	20	16	11	23	
3	39	9	47	10	30	43	24	
11	2	29	14	41	1	46	32	
48	23	12	44	10	41	49	36	
3	37	1	20	22	18	44	38	
30	38	6	40	11	22	26	3	
25	0	44	45	31	24	21	16	
42	40	26	21	37	9	12	28	
16	32	14	8	6	42	46	45	
17	15	33	18	22	0	28	4	
3	10	6	30	37	32	14	39	
25	33	10	19	48	4	6	47	
22	49	26	25	11	5	12	47	
35	6	28	41	33	44	42	30	
34	25	29	9	14	30	17	7	
17	29	6	24	2	13	47	20	
1	42	37	46	6	49	33	39	
23	27	40	19	20	41	1	32	
30	37	49	16	21	24	42	23	
30	19	46	33	49	17	31	16	
79	92	70	57	95	52	60	64	
98	88	71	95	70	89	90	99	
96	70	93	90	72	95	84	59	
93	92	69	51	62	99	55	66	
58	74	75	90	81	80	89	83	
57	52	61	70	82	76	63	92	
89	86	57	70	98	55	76	74	
64	54	66	67	96	56	65	90	
82	93	87	55	58	95	52	51	
91	82	77	81	83	56	80	76	
82	97	74	65	66	98	59	76	
91	82	54	99	61	83	90	89	
59	74	83	86	90	62	97	53	
53	59	75	78	85	95	89	80	
59	96	65	64	60	62	72	84	
97	71	70	58	66	76	83	64	
88	61	52	83	90	75	58	74	
96	74	63	78	89	85	68	53	
85	94	81	90	60	67	69	76	
99	84	64	94	92	66	93	88	
76	71	96	94	87	50	67	68	
60	61	82	63	94	85	70	88	
57	93	59	94	84	56	75	71	
55	86	76	71	59	79	74	93	
69	99	94	86	75	96	98	73	
88	57	89	69	53	97	87	76	
61	57	94	95	76	70	86	50	
85	73	77	90	88	66	89	91	
95	61	56	70	94	58	76	51	
53	96	97	93	66	76	87	55	
71	56	94	87	76	99	79	68	
82	88	51	72	81	95	54	65	
89	76	85	57	58	93	87	77	
56	68	88	70	63	93	58	53	
64	65	57	94	53	59	95	97	
56	87	54	62	83	74	94	58	
62	93	63	59	70	55	51	50	
54	85	55	75	73	53	92	89	
98	60	73	78	50	62	84	52	
54	90	75	72	98	60	96	52	
81	89	88	80	78	50	65	61	
51	53	76	77	84	80	93	87	
71	76	66	68	83	84	81	72	
63	80	60	75	88	83	50	52	
76	84	90	64	77	95	57	59	
69	85	96	67	87	51	54	77	
57	95	78	83	74	61	65	90	
50	73	58	63	59	97	61	55	
62	69	55	84	64	77	83	60	
82	78	72	79	74	80	56	65	
132	129	125	134	123	119	104	142	
126	114	138	141	125	134	117	111	
128	140	146	149	120	126	136	109	
101	102	146	111	120	147	114	116	
121	124	146	127	100	131	136	138	
127	125	131	135	117	100	123	143	
115	120	126	142	129	111	137	117	
131	140	103	113	145	120	136	144	
127	111	130	128	135	118	120	115	
116	106	118	127	119	145	105	109	
107	138	119	114	113	111	133	129	
144	103	125	109	139	134	100	132	
144	136	122	120	145	146	128	123	
142	118	115	104	116	144	119	102	
117	140	133	120	110	136	137	146	
114	115	143	122	139	135	108	119	
103	121	111	105	102	126	144	108	
117	126	113	140	107	133	142	102	
100	113	117	121	134	108	145	130	
124	139	135	111	140	121	112	125	
104	110	123	130	109	118	107	117	
138	101	111	149	130	112	146	134	
147	140	141	121	114	109	135	144	
101	147	115	108	142	128	125	102	
103	109	129	138	141	147	114	123	
127	107	118	140	139	110	120	141	
128	118	123	101	129	134	125	143	
130	144	105	140	135	137	128	134	
135	126	139	148	131	105	133	123	
109	134	101	146	115	107	135	113	
108	104	110	146	107	135	123	124	
116	108	138	111	102	103	128	100	
109	131	120	111	105	101	126	141	
135	144	136	109	101	128	104	149	
104	105	147	126	113	120	127	115	
136	113	147	123	112	108	126	125	
120	128	137	105	107	149	135	106	
112	139	142	146	125	109	147	110	
130	135	132	121	112	100	129	133	
148	116	140	120	136	106	122	102	
115	141	138	143	142	125	135	131	
137	122	112	102	105	115	126	107	
105	123	104	130	137	133	102	136	
109	140	147	120	144	126	142	106	
101	113	130	139	108	114	142	146	
105	117	132	109	147	128	140	108	
145	105	125	123	148	108	149	133	
121	108	145	148	104	129	123	110	
133	110	144	103	134	120	148	106	
127	116	123	130	112	125	134	101	
156	173	178	171	174	153	196	186	
166	199	163	181	167	153	186	159	
167	164	184	174	186	152	160	172	
174	182	169	194	171	159	199	165	
192	187	198	182	163	167	168	160	
180	161	189	172	158	166	152	163	
180	175	190	179	150	187	163	164	
177	162	197	191	156	167	159	194	
164	180	159	150	191	194	151	156	
178	175	176	190	174	196	165	199	
156	175	159	153	174	187	157	179	
194	168	166	176	198	173	195	162	
160	189	180	170	173	163	199	156	
196	172	176	179	164	188	191	157	
154	159	161	190	162	172	193	171	
189	158	190	168	160	150	187	167	
170	177	156	199	180	173	194	185	
171	165	182	187	151	177	159	178	
154	189	167	151	153	193	199	156	
175	197	193	157	195	191	154	185	
178	151	180	196	167	163	181	153	
164	171	169	150	158	153	178	155	
164	188	169	150	184	173	152	186	
166	163	195	176	198	177	161	164	
198	150	172	176	153	170	197	160	
150	186	176	182	183	171	184	170	
182	165	197	162	164	158	161	171	
180	160	199	194	159	174	175	189	
178	179	195	194	156	158	151	159	
189	154	175	167	176	186	185	191	
199	159	183	177	167	156	171	170	
195	166	184	169	179	175	159	198	
189	154	157	194	156	180	198	161	
171	156	164	179	152	163	157	183	
191	178	161	156	160	166	174	177	
168	179	187	199	184	156	172	195	
198	164	195	194	153	173	175	196	
191	188	155	166	151	161	181	163	
164	176	170	184	163	180	165	177	
155	178	174	194	190	160	154	184	
163	184	177	183	155	198	169	192	
160	172	162	158	154	196	195	163	
165	152	177	150	192	164	163	161	
193	156	178	188	173	197	164	165	
168	161	166	172	151	170	191	163	
162	197	150	169	192	178	194	173	
158	185	186	163	159	179	189	172	
169	187	193	183	179	161	162	151	
164	184	195	189	197	150	162	177	
195	185	186	177	175	160	165	154	
232	221	228	211	239	212	220	235	
217	239	208	214	230	240	215	247	
226	247	200	231	211	249	241	238	
217	241	207	216	212	239	232	202	
211	237	249	231	242	213	217	200	
201	241	233	248	217	232	246	244	
219	242	220	241	226	234	229	232	
211	214	218	244	200	236	203	238	
240	246	208	248	209	228	224	221	
231	203	249	244	220	230	236	212	
209	248	201	234	208	247	233	222	
220	205	212	246	237	243	228	226	
227	211	232	230	234	249	243	228	
249	210	237	212	239	240	233	222	
233	226	217	235	245	208	241	220	
231	200	239	207	236	209	223	203	
245	235	244	211	223	217	234	219	
247	216	225	206	229	246	228	243	
212	224	248	211	230	245	246	225	
218	221	216	200	248	229	227	211	
222	246	228	240	239	210	202	220	
214	211	248	209	219	218	223	233	
216	213	204	222	203	212	245	224	
232	213	224	206	240	218	204	219	
243	203	235	240	207	218	233	239	
213	248	211	228	246	222	244	218	
222	230	247	214	237	226	208	223	
235	216	238	242	228	217	214	248	
229	216	224	236	239	231	248	215	
212	209	230	206	231	200	203	249	
209	206	214	242	211	212	240	247	
216	211	237	241	247	232	214	217	
205	221	201	214	219	202	220	216	
236	213	225	212	244	206	234	226	
227	245	244	223	230	237	222	213	
242	219	216	209	204	236	222	234	
205	242	237	239	212	211	240	216	
215	245	241	249	221	222	213	243	
240	249	211	203	210	231	225	201	
221	212	202	241	229	249	222	240	
249	214	239	226	234	245	243	228	
241	214	201	237	220	240	247	207	
248	241	232	211	221	242	249	215	
225	213	233	224	207	219	242	231	
213	201	225	235	230	222	210	232	
203	210	239	207	247	209	208	224	
222	204	220	218	216	246	248	235	
220	241	245	244	208	215	238	201	
223	203	202	229	228	201	214	206	
215	249	202	225	209	248	242	204	
288	294	272	293	280	279	298	266	
275	287	267	252	269	251	294	285	
295	285	257	258	266	286	296	299	
274	280	264	250	282	265	275	269	
274	295	258	265	296	291	261	294	
271	263	250	296	270	279	272	253	
298	260	265	283	292	286	259	268	
275	261	265	259	255	291	252	263	
252	258	291	261	270	281	272	275	
276	280	294	275	283	286	257	266	
258	290	292	284	297	255	261	274	
255	297	266	292	277	293	256	280	
299	254	280	274	298	257	293	270	
274	284	252	254	285	280	295	299	
284	270	256	274	299	283	264	262	
254	283	298	270	285	252	294	289	
295	281	253	264	268	258	255	266	
288	273	256	271	250	295	254	262	
255	293	291	298	279	251	299	280	
266	286	298	282	270	259	252	253	
281	263	287	282	288	295	261	277	
257	266	256	276	254	291	278	270	
273	280	275	267	297	256	288	290	
264	292	279	274	293	285	272	294	
253	280	297	274	299	286	294	251	
278	258	295	276	286	288	267	266	
297	298	289	295	266	257	254	271	
263	272	255	254	269	294	260	298	
251	292	264	279	260	298	282	287	
261	296	272	268	260	290	252	269	
296	299	289	258	274	298	276	253	
285	281	271	261	272	288	263	257	
286	297	270	293	257	259	273	264	
281	271	258	291	289	294	263	269	
295	263	289	285	270	269	297	277	
276	272	280	261	295	291	254	298	
266	254	292	297	256	287	253	268	
280	267	272	261	262	291	250	266	
282	279	297	280	274	286	264	293	
273	293	275	274	265	288	260	261	
266	292	268	272	293	259	261	250	
298	255	261	290	286	251	266	267	
293	261	266	287	270	283	289	298	
269	260	293	272	291	279	290	278	
285	255	256	259	288	289	290	253	
287	289	252	296	275	273	266	256	
268	267	278	255	259	279	262	251	
274	286	257	260	265	282	298	283	
287	258	259	265	292	253	276	284	
268	254	251	261	290	269	259	264	
334	317	300	347	302	327	308	322	
319	327	307	339	346	311	317	325	
349	301	348	319	320	338	325	312	
311	302	320	327	339	301	323	304	
349	312	317	332	303	348	329	341	
347	307	349	341	346	338	340	306	
331	327	330	329	306	308	335	342	
345	318	314	304	346	328	325	336	
329	301	332	327	333	320	349	302	
339	307	337	322	315	343	321	329	
307	336	332	301	346	313	330	341	
347	337	305	330	327	328	300	310	
306	327	328	323	309	334	338	307	
322	343	311	303	324	334	301	302	
314	339	319	310	332	313	346	315	
346	330	317	315	322	332	342	326	
334	330	329	339	327	348	324	326	
336	323	318	335	312	316	317	337	
347	312	324	339	325	320	343	303	
306	337	336	307	348	347	335	333	
316	334	324	349	301	317	312	331	
334	307	341	348	317	301	303	325	
328	339	310	304	338	305	308	343	
303	332	342	344	319	327	315	304	
328	319	330	318	335	323	307	327	
333	331	340	338	328	324	327	334	
320	308	331	318	336	345	321	313	
333	326	340	302	334	324	337	301	
305	337	332	333	342	311	316	344	
314	317	303	309	324	343	337	315	
347	344	309	320	303	334	324	330	
344	345	331	329	305	300	334	312	
339	302	342	317	312	301	311	338	
337	339	345	303	310	330	318	300	
324	321	323	326	306	303	318	305	
320	341	337	324	305	302	328	333	
329	347	331	304	333	330	315	300	
302	335	307	340	344	343	345	323	
325	305	317	326	311	329	348	323	
329	349	300	336	339	304	309	302	
315	327	345	336	310	334	303	331	
348	346	327	303	342	330	308	307	
334	316	319	326	339	315	345	329	
323	326	337	318	344	308	305	334	
320	331	336	339	300	334	332	333	
336	345	312	333	308	314	311	309	
300	327	345	339	321	306	318	338	
342	302	301	334	315	319	313	345	
322	327	332	345	308	304	301	311	
323	317	327	321	302	348	339	307	
395	373	354	371	397	394	365	391	
386	397	371	379	384	378	392	381	
357	369	391	386	371	373	374	382	
399	381	367	368	354	384	372	394	
361	378	350	351	363	377	356	353	
367	390	397	354	364	385	382	375	
379	389	365	368	377	352	378	370	
360	367	363	387	385	377	351	355	
389	360	393	370	367	361	363	384	
384	378	360	396	379	381	395	399	
375	390	377	356	366	357	395	384	
393	397	394	364	355	376	357	374	
399	391	396	363	369	386	393	360	
384	378	383	387	369	379	357	355	
373	398	374	397	383	370	388	385	
357	367	352	389	361	359	351	380	
376	382	368	351	367	353	362	385	
378	377	387	359	350	368	353	388	
379	397	380	384	377	353	355	373	
351	356	350	387	366	389	398	390	
381	370	368	389	371	383	386	388	
385	351	391	394	352	363	367	358	
358	383	353	385	391	359	392	370	
356	359	396	368	360	391	385	394	
358	384	375	371	390	354	369	380	
398	399	378	379	365	368	352	354	
382	367	399	352	372	398	387	355	
377	362	356	361	391	375	381	376	
369	357	398	374	391	366	376	353	
367	365	370	363	361	376	388	387	
389	377	396	382	390	393	399	360	
357	388	395	385	360	393	377	375	
386	352	385	391	378	388	362	381	
389	364	350	394	381	376	393	375	
358	383	375	372	390	354	367	378	
382	374	392	386	396	353	391	387	
387	364	395	389	375	363	358	373	
384	368	352	366	382	377	373	385	
357	399	391	396	397	372	354	389	
399	397	357	372	390	398	391	392	
382	388	386	378	356	371	369	392	
381	357	358	365	390	352	373	354	
390	359	368	387	382	396	363	391	
359	351	374	354	392	375	365	395	
393	353	361	358	364	359	380	352	
388	390	368	384	372	397	355	356	
396	352	395	373	378	387	363	365	
352	397	360	396	363	368	371	377	
359	392	352	386	355	391	373	365	
383	396	364	395	350	398	358	362	
417	405	439	406	448	444	418	426	
442	422	432	445	420	417	405	408	
425	437	435	419	414	405	440	403	
408	431	433	435	448	445	421	424	
431	449	448	441	408	413	401	446	
412	411	421	430	403	428	444	429	
420	418	402	449	436	417	406	410	
423	442	436	431	433	437	426	408	
425	442	437	422	418	409	413	432	
410	400	404	448	438	408	441	406	
411	413	403	415	419	431	407	438	
410	403	409	437	448	430	446	440	
433	442	447	425	413	445	422	409	
407	417	442	426	404	446	437	411	
446	440	428	403	449	427	444	411	
405	437	435	434	403	401	407	426	
412	437	436	421	408	402	440	406	
414	448	445	430	443	411	404	446	
437	443	410	435	406	436	412	438	
426	418	437	443	408	432	411	416	
407	436	445	400	428	422	448	447	
421	429	449	408	436	445	400	415	
436	415	408	448	434	427	431	404	
413	401	439	411	438	402	418	415	
413	417	406	433	428	403	416	426	
407	406	439	411	416	441	415	435	
408	419	402	427	411	412	424	414	
436	433	437	411	409	442	434	408	
423	430	407	439	425	433	436	417	
408	401	416	417	435	412	427	436	
412	449	408	448	447	416	434	439	
414	410	435	411	434	420	404	429	
431	413	427	442	424	404	417	443	
419	445	407	410	443	421	439	446	
407	433	402	418	416	410	447	420	
417	434	433	449	420	439	448	424	
411	421	444	439	432	443	438	417	
408	447	446	425	426	440	415	404	
410	424	406	440	430	414	403	445	
430	416	443	431	427	419	400	425	
427	434	412	404	409	440	448	444	
447	407	400	420	442	445	403	417	
409	445	419	449	418	434	441	417	
402	438	445	444	443	424	423	422	
418	432	428	437	416	427	400	430	
404	408	414	410	417	400	425	446	
425	431	408	439	426	407	411	428	
403	447	442	417	415	444	418	449	
448	415	426	402	432	418	401	425	
408	405	404	449	447	411	424	432	
452	466	487	483	463	475	472	485	
492	464	465	458	469	479	481	477	
492	493	455	495	483	488	478	484	
458	467	452	459	482	493	494	453	
454	499	462	493	489	467	455	453	
487	473	451	482	458	479	450	490	
473	472	478	464	490	452	455	496	
480	476	497	473	452	479	460	485	
489	458	479	456	483	498	491	496	
460	487	462	480	497	457	479	461	
491	494	498	459	453	473	486	492	
457	495	472	499	462	491	475	497	
466	471	472	462	478	489	463	492	
497	454	466	470	468	478	483	464	
486	477	466	453	496	487	458	473	
487	492	465	453	474	456	475	454	
471	488	453	479	493	472	495	458	
495	498	478	487	452	469	475	457	
479	493	497	452	458	457	486	466	
471	470	454	497	460	489	492	491	
495	484	456	467	498	499	470	483	
495	479	469	481	492	478	462	463	
455	485	496	480	454	498	466	491	
495	471	494	479	462	456	467	469	
464	467	486	498	455	494	452	480	
497	467	499	456	458	473	459	491	
473	484	463	456	491	464	477	455	
481	464	496	482	483	467	486	475	
459	493	458	475	494	490	451	462	
470	466	478	496	498	481	459	485	
493	495	477	451	491	457	484	454	
493	485	468	456	465	490	473	478	
476	469	460	458	456	481	463	471	
459	465	461	460	464	476	487	496	
493	458	496	462	487	455	450	464	
463	491	495	454	452	457	476	459	
482	467	495	460	492	493	454	465	
451	499	481	458	471	488	460	485	
460	498	481	479	450	459	476	475	
468	453	486	458	459	475	493	494	
469	496	455	495	498	463	458	472	
496	454	479	468	490	498	465	456	
480	463	494	464	469	458	488	467	
486	496	468	487	459	469	492	467	
452	463	482	489	495	458	450	474	
487	486	459	493	460	470	457	480	
469	462	460	496	498	488	452	486	
497	450	484	475	485	451	457	481	
454	497	451	485	486	487	459	455	
497	495	452	462	474	458	450	470	
105	274	100	
244	367	478	
146	13	82	
211	344	151	
225	463	11	
277	396	348	
459	66	389	
386	32	252	
199	292	392	
182	150	155	
371	69	195	
331	365	412	
194	344	133	
450	110	19	
187	331	77	
381	336	330	
492	139	274	
183	94	495	
494	404	212	
387	312	405	
303	98	70	
45	442	263	
26	306	169	
120	403	44	
459	187	165	
315	447	499	
432	333	315	
398	12	49	
95	251	490	
446	143	440	
216	126	359	
371	273	126	
304	209	132	
373	395	260	
386	457	231	
217	304	466	
365	453	9	
188	158	149	
248	18	331	
131	80	203	
31	133	146	
17	357	40	
428	230	278	
374	59	454	
349	344	262	
42	493	37	
280	24	126	
164	191	157	
373	493	316	
107	8	34	
15	75	308	
468	197	363	
410	125	473	
147	43	355	
91	114	299	
309	185	69	
66	252	424	
296	311	181	
469	84	75	
281	280	315	
145	226	199	
174	364	50	
97	306	155	
249	332	482	
135	445	29	
73	77	79	
187	383	200	
46	352	418	
191	159	458	
159	83	424	
45	13	202	
22	293	313	
446	486	200	
292	172	454	
57	295	377	
4	98	120	
113	304	441	
402	394	165	
46	230	300	
437	19	127	
182	217	275	
463	113	138	
337	239	180	
225	409	414	
27	252	234	
451	445	113	
251	181	237	
239	242	204	
248	494	456	
346	290	92	
99	307	205	
85	447	334	
19	357	255	
110	496	230	
81	385	331	
71	361	27	
184	172	401	
14	31	130	
209	375	66	
311	336	164	
259	334	63	
208	400	311	
321	184	216	
423	386	463	
212	300	130	
87	73	313	
323	180	233	
107	393	375	
286	154	108	
111	119	492	
443	238	210	
137	162	67	
151	130	343	
245	457	241	
127	254	270	
183	341	163	
4	325	9	
377	128	474	
483	357	368	
206	461	255	
360	105	486	
429	236	342	
378	131	243	
255	23	247	
83	375	326	
208	181	226	
319	90	180	
390	309	76	
245	1	211	
188	104	93	
335	128	203	
353	31	412	
49	176	284	
19	66	366	
327	382	273	
477	178	189	
414	325	351	
295	305	151	
199	128	323	
216	476	259	
443	344	468	
98	418	463	
388	197	257	
14	448	304	
67	132	324	
66	238	331	
214	141	467	
175	459	436	
373	490	126	
469	384	371	
339	221	222	
335	368	248	
398	461	279	
91	368	378	
221	442	153	
251	466	472	
103	283	187	
61	327	335	
269	21	456	
284	423	117	
375	265	387	
315	138	145	
119	270	29	
226	145	280	
407	350	286	
200	53	419	
263	400	307	
291	282	86	
88	482	95	
312	32	127	
119	133	44	
310	407	465	
123	43	395	
176	59	10	
349	220	274	
419	219	185	
294	249	181	
286	411	428	
77	363	214	
172	189	252	
300	80	84	
456	498	430	
201	336	434	
338	156	348	
251	279	71	
490	433	71	
222	381	207	
305	92	324	
128	473	282	
442	469	346	
160	113	434	
167	393	70	
139	461	78	
315	136	321	
28	213	404	
220	255	418	
362	175	126	
21	268	367	
172	55	338	
357	262	348	
289	333	402	497	
474	142	279	391	
72	65	443	374	
221	341	123	303	
499	151	137	231	
89	475	104	434	
93	249	469	185	
302	135	426	360	
490	108	94	294	
284	414	479	307	
170	483	395	9	
315	423	32	327	
33	231	219	5	
216	395	76	181	
68	341	398	419	
414	5	32	368	
347	161	269	80	
288	258	466	218	
477	491	462	455	
294	267	86	279	
137	429	438	284	
242	36	402	150	
357	325	208	77	
484	395	406	102	
203	149	383	427	
296	237	241	466	
266	256	361	446	
146	428	378	209	
201	419	483	215	
350	144	295	393	
125	62	243	216	
489	74	313	78	
12	468	410	101	
486	36	184	218	
354	293	456	12	
351	57	456	218	
220	262	290	89	
219	230	360	478	
492	358	69	61	
244	486	121	94	
291	352	288	99	
281	223	224	414	
325	74	357	150	
40	415	65	341	
85	395	289	78	
447	78	318	148	
288	386	187	333	
132	485	205	333	
83	28	425	206	
290	213	324	497	
325	103	119	216	
343	136	211	247	
375	362	76	251	
211	420	282	12	
4	238	349	59	
354	33	162	170	
81	55	3	204	
216	285	211	241	
284	47	460	312	
251	19	344	310	
332	349	472	275	
26	331	438	469	
105	247	351	273	
437	289	225	188	
265	481	100	246	
149	97	182	382	
66	34	147	381	
359	156	493	105	
164	73	391	380	
60	84	246	41	
266	34	82	409	
90	228	41	71	
242	308	408	115	
484	183	258	288	
76	459	330	131	
278	101	216	436	
402	348	2	216	
497	242	221	346	
436	51	323	199	
322	15	233	148	
111	293	23	386	
106	407	176	343	
328	370	394	115	
254	469	477	34	
439	227	304	90	
328	285	74	286	
75	256	484	135	
471	165	348	18	
90	251	302	81	
462	225	252	28	
199	414	75	38	
438	29	470	125	
199	104	166	259	
428	294	107	458	
300	416	402	314	
287	188	299	95	
55	292	499	298	
308	407	429	45	
422	57	52	440	
46	257	490	339	
159	254	111	373	
467	257	297	256	
483	374	273	403	
421	7	389	105	
109	418	302	250	
225	481	50	376	
477	411	166	470	
399	34	407	253	
152	234	136	401	
239	85	225	463	
456	348	379	41	
159	330	279	402	
486	82	454	476	
40	409	494	479	
439	375	10	441	
446	61	249	144	
230	389	328	433	
14	141	415	421	
403	230	384	153	
284	355	45	84	
148	51	467	175	
174	499	89	433	
306	82	200	277	
284	451	129	78	
141	65	288	20	
68	327	159	4	
420	169	471	434	
254	377	30	69	
124	330	84	122	
211	432	480	122	
322	382	407	444	
274	119	439	231	
362	492	95	57	
223	401	74	348	
273	388	457	196	
188	199	346	230	
91	422	406	358	
125	6	63	116	
129	38	378	453	
11	199	256	153	
449	286	226	25	
477	92	350	296	
275	437	274	290	
475	145	476	411	
198	487	37	278	
459	330	34	305	
449	281	81	307	
195	469	299	51	
49	73	496	71	
48	90	162	124	
409	348	445	21	
348	470	218	2	
264	162	369	332	
183	103	238	140	
48	104	403	401	
168	262	36	484	
492	468	301	330	
451	295	485	11	
227	368	117	221	
141	332	231	14	
481	240	493	308	
301	102	364	400	
172	469	139	222	
405	81	494	375	
37	460	384	105	
363	419	162	164	
371	208	45	127	
248	268	291	83	
102	434	93	180	
248	344	471	63	
104	286	127	428	
345	466	441	284	
387	320	128	39	
405	372	29	399	
130	72	278	451	
174	146	213	34	
277	184	418	346	
383	131	85	194	
416	267	471	124	
318	207	162	10	
175	100	196	261	
384	87	359	292	
367	28	387	95	
427	490	59	96	
17	324	77	453	
402	226	55	136	
494	70	395	361	
450	298	296	321	
231	61	134	443	
483	362	225	449	
129	343	463	420	
135	424	4	208	
313	330	183	167	
178	212	397	417	
194	416	141	21	
306	182	105	94	
42	60	415	170	
151	342	421	281	
266	235	18	178	
88	13	144	161	
446	191	146	488	424	
143	306	326	82	217	
390	238	489	302	491	
220	211	107	170	243	
173	323	252	126	129	
86	496	47	31	17	
410	469	217	96	44	
259	13	130	363	436	
205	402	393	57	392	
239	407	152	0	391	
174	115	436	487	478	
307	318	169	430	292	
441	53	492	225	124	
328	182	294	466	172	
66	241	363	396	72	
330	311	233	415	154	
370	115	419	348	136	
443	73	495	260	316	
43	310	337	262	339	
245	248	154	345	353	
407	67	145	408	362	
288	301	22	34	482	
20	135	423	493	366	
200	76	196	322	274	
453	23	316	14	431	
67	191	4	448	142	
183	101	187	423	327	
154	263	197	489	89	
115	112	277	428	239	
367	155	258	143	88	
92	165	198	61	297	
280	106	438	62	228	
109	203	167	357	394	
427	116	323	192	133	
211	440	264	488	356	
413	198	353	356	438	
322	465	250	281	166	
58	238	156	181	292	
405	208	339	461	418	
65	424	218	287	375	
370	84	275	409	449	
292	476	361	445	5	
173	391	257	140	210	
100	17	74	6	267	
106	48	42	120	66	
360	172	356	441	298	
209	375	239	38	275	
234	261	387	36	441	
421	75	137	29	241	
70	21	88	412	100	
448	475	278	442	384	
142	188	344	291	456	
193	230	16	368	108	
64	112	261	403	199	
135	143	308	375	33	
397	472	62	61	213	
245	201	301	142	99	
91	63	381	48	201	
7	321	497	377	150	
3	6	302	296	275	
406	67	94	160	103	
366	362	122	308	291	
450	4	437	377	413	
271	14	443	270	20	
458	238	117	67	169	
376	230	44	436	115	
481	36	344	165	395	
254	196	325	350	141	
493	361	273	373	412	
359	413	424	20	483	
137	309	49	246	22	
6	477	347	381	294	
149	198	279	428	354	
25	116	432	254	82	
403	169	173	205	68	
210	269	495	307	391	
324	77	74	278	429	
175	237	207	76	423	
43	448	180	284	465	
495	369	429	135	196	
403	214	129	4	59	
139	269	261	388	119	
241	355	98	212	394	
341	161	49	141	259	
370	76	16	6	343	
45	414	499	427	13	
447	477	262	10	185	
262	196	227	184	75	
300	347	371	412	88	
91	35	16	199	167	
262	46	101	387	70	
435	310	17	417	358	
52	222	83	19	240	
156	373	36	449	363	
283	480	237	134	30	
203	162	44	0	190	
151	177	241	123	333	
262	168	161	395	143	
417	214	77	423	267	
47	122	186	200	385	
356	434	243	353	419	
446	334	355	411	249	
320	253	153	151	287	
271	97	290	410	223	
118	413	68	349	457	
91	443	188	115	118	
121	495	443	490	415	
449	352	384	40	251	
335	364	372	287	350	
379	471	267	266	362	
382	177	139	22	426	
478	284	217	138	334	
86	99	54	323	377	
247	189	58	214	424	
451	166	26	41	349	
49	245	127	35	164	
249	496	126	89	188	
302	63	459	156	137	
211	371	404	273	361	
74	183	147	383	455	
202	26	86	293	315	
229	88	87	323	370	
69	281	371	285	325	
256	416	297	327	362	
213	278	472	465	152	
113	21	481	177	160	
84	343	321	172	484	
258	445	41	410	212	
64	248	407	355	87	
440	375	403	133	483	
214	412	451	121	37	
123	322	303	340	170	
193	438	440	269	12	
206	354	283	319	29	
279	394	363	289	152	
462	14	386	292	421	
277	20	178	275	243	
420	259	254	67	385	
323	252	105	469	283	
2	188	486	269	283	
78	440	5	107	235	
346	189	266	152	439	
284	106	42	496	409	
210	164	434	169	75	
102	14	141	277	185	
204	20	495	183	400	
285	436	383	435	202	
23	465	276	456	174	
158	345	88	454	153	
403	306	171	312	139	
480	391	370	304	357	
412	357	63	494	406	
186	395	179	272	311	
132	398	214	499	228	
187	351	299	472	176	
128	47	249	71	147	
199	261	92	16	434	
291	86	225	209	19	
287	465	27	213	130	
27	84	393	103	156	
56	65	35	210	401	
267	233	307	404	238	
498	347	439	21	396	
154	430	19	471	400	
290	56	48	497	476	
268	169	344	20	238	
55	329	58	169	205	
453	496	201	352	36	
399	102	147	471	249	
220	10	151	450	345	
152	231	103	255	220	
209	489	235	439	305	
294	435	113	231	311	
350	48	239	424	54	
67	336	45	202	136	
399	168	122	460	98	
229	431	154	177	11	
322	319	445	393	236	
82	394	96	495	57	
285	426	385	129	69	
310	330	46	40	35	
349	476	102	38	42	
25	163	339	328	16	
392	354	458	307	51	
130	115	489	445	99	
335	3	215	0	356	
232	281	320	44	413	
464	474	394	35	409	
154	391	102	475	211	
96	117	53	290	0	
52	401	490	65	428	
309	334	24	201	95	
282	106	54	94	195	
432	280	62	61	46	
249	202	273	50	147	
287	436	292	447	161	
237	247	335	6	140	
207	184	40	191	206	
40	240	426	10	206	
0	52	40	479	334	
