41	17	33	18	9	22	
38	36	42	19	16	31	
48	1	29	46	20	47	
30	19	16	34	1	21	
17	41	9	49	2	43	
12	0	37	46	42	49	
18	8	19	10	29	22	
26	11	41	17	20	4	
11	35	25	27	13	23	
46	2	40	39	5	1	
19	4	41	15	7	37	
23	20	11	0	5	15	
12	27	42	1	47	2	
45	13	12	0	25	37	
46	10	8	25	15	19	
4	28	7	25	42	18	
0	37	12	25	45	18	
16	31	1	25	46	33	
45	24	38	19	16	10	
29	18	25	5	35	45	
4	18	9	3	33	1	
17	10	27	12	20	40	
8	20	35	42	13	38	
24	10	35	36	14	13	
18	7	2	20	37	15	
44	49	48	16	1	31	
23	4	1	46	34	6	
32	21	33	16	17	44	
14	11	13	26	35	37	
29	1	18	42	8	47	
11	21	35	0	32	33	
41	4	26	46	23	49	
44	23	14	32	6	16	
31	14	9	20	42	41	
25	44	3	9	42	26	
6	18	29	2	14	21	
10	4	31	34	11	8	
30	27	11	39	20	13	
36	43	15	20	12	19	
22	2	47	41	28	19	
43	23	47	15	40	3	
30	45	20	15	39	36	
42	39	11	17	32	20	
35	46	22	24	34	2	
27	9	20	41	40	1	
18	27	24	0	37	26	
17	24	1	27	45	9	
0	46	20	17	6	21	
5	4	40	9	47	45	
4	21	20	25	16	8	
52	84	92	61	83	88	
90	52	79	81	68	93	
75	86	66	67	96	68	
52	61	87	53	86	79	
55	60	83	73	85	84	
92	98	53	88	95	89	
96	93	64	91	85	66	
78	70	51	55	88	96	
56	95	85	62	63	64	
98	88	68	99	80	59	
80	69	98	72	76	70	
73	66	88	81	86	62	
98	89	59	83	84	91	
71	66	52	75	64	78	
83	70	94	50	89	88	
54	97	91	85	70	60	
75	99	96	93	65	61	
76	81	98	86	93	96	
71	58	95	65	69	60	
83	94	69	64	93	57	
76	56	92	60	68	78	
75	59	72	86	50	77	
69	52	57	64	78	99	
61	52	75	63	53	85	
66	55	74	72	80	64	
76	54	99	51	84	92	
54	88	82	74	73	79	
84	79	87	51	80	82	
58	65	92	66	73	74	
96	69	91	52	93	53	
93	87	53	89	97	56	
85	63	88	54	78	74	
84	61	93	52	90	50	
70	51	71	98	61	84	
76	67	81	97	60	87	
78	74	89	71	69	50	
57	82	67	94	90	79	
98	57	89	62	53	67	
92	52	55	70	78	83	
52	59	70	87	90	68	
67	62	87	83	58	93	
83	73	88	87	61	56	
79	61	50	76	96	74	
87	50	92	85	79	57	
75	89	86	90	76	67	
54	99	50	77	51	98	
52	69	67	59	74	79	
91	78	62	67	81	68	
68	95	81	99	61	88	
93	88	50	82	78	80	
111	135	148	137	117	103	
147	148	142	100	136	133	
108	142	148	138	133	117	
109	122	131	128	147	118	
135	142	111	134	145	103	
139	119	131	147	122	123	
112	136	120	129	137	116	
116	125	117	129	147	134	
129	108	113	122	130	146	
147	134	138	139	121	137	
117	113	108	140	107	147	
130	134	123	124	137	133	
115	120	138	102	126	113	
149	117	118	123	139	144	
105	109	149	118	127	106	
148	132	147	127	124	109	
125	148	117	108	123	136	
147	108	103	114	142	135	
136	104	116	141	145	106	
143	102	113	114	117	104	
103	127	135	147	116	136	
101	104	135	140	139	126	
144	115	103	112	118	125	
138	144	128	101	122	104	
139	127	141	129	113	125	
146	106	102	139	137	144	
106	144	105	135	101	118	
100	145	105	149	143	140	
136	129	148	104	143	149	
136	115	138	147	140	118	
103	106	120	104	115	132	
118	102	134	119	121	142	
127	125	141	106	122	149	
108	127	115	123	134	128	
141	139	118	136	135	147	
127	121	119	133	135	139	
126	146	111	142	149	102	
107	104	105	142	116	127	
122	141	127	130	139	129	
117	121	142	126	115	135	
101	149	136	130	128	144	
137	108	126	123	122	135	
147	129	139	137	122	103	
103	126	114	149	127	124	
113	124	107	102	118	101	
113	121	105	110	127	103	
119	149	121	134	140	132	
104	137	111	125	141	144	
146	124	135	118	143	130	
104	109	122	127	108	128	
194	172	169	153	188	181	
160	192	187	158	172	179	
196	191	195	176	174	198	
155	167	173	182	183	154	
171	195	180	157	178	183	
192	156	172	196	150	188	
159	183	150	180	152	182	
183	158	195	174	177	199	
175	150	151	179	197	193	
167	187	170	159	153	150	
186	188	153	193	161	156	
187	154	166	169	192	159	
176	161	181	171	158	154	
182	187	155	178	175	189	
161	180	170	173	169	186	
164	189	177	155	169	173	
162	192	152	167	154	164	
198	190	160	159	166	182	
165	192	194	151	160	186	
192	167	188	158	182	190	
189	180	160	186	176	174	
193	181	197	187	166	154	
182	159	192	166	180	165	
152	187	153	193	159	174	
150	171	180	172	199	168	
159	151	161	191	195	182	
167	184	188	170	168	195	
195	186	190	163	151	157	
153	164	188	152	186	156	
183	195	175	180	178	171	
161	150	180	172	188	189	
181	179	158	180	157	176	
199	186	191	188	180	158	
158	190	185	178	166	165	
186	193	180	158	165	154	
159	199	185	169	167	188	
174	173	175	195	160	191	
188	181	155	196	150	176	
198	179	165	174	196	169	
155	180	168	185	166	150	
198	174	171	168	178	195	
181	171	176	164	197	183	
150	153	152	167	159	176	
196	157	169	153	195	189	
163	199	174	181	169	162	
195	183	155	153	179	167	
180	189	156	193	177	154	
192	168	171	156	152	150	
165	154	196	156	192	173	
172	159	197	199	183	160	
238	248	247	226	204	209	
244	245	249	228	201	237	
236	201	205	207	213	222	
213	228	240	203	212	202	
215	208	211	245	203	229	
233	211	202	213	217	215	
233	221	209	213	228	208	
201	227	236	215	239	218	
235	205	237	202	226	219	
220	232	208	216	210	244	
240	228	237	203	215	243	
203	205	220	237	217	228	
239	222	227	242	218	236	
203	232	240	214	239	208	
229	218	201	215	249	232	
223	209	207	227	233	203	
233	207	201	232	208	221	
210	219	242	230	228	208	
235	206	236	228	239	238	
224	210	211	201	240	217	
225	228	243	230	221	217	
215	208	230	244	220	246	
248	200	234	232	245	226	
241	239	232	221	242	212	
236	229	230	216	235	201	
249	212	222	213	232	243	
236	226	212	240	242	203	
225	200	233	247	232	245	
211	241	248	243	224	213	
229	242	245	201	208	207	
246	208	225	229	247	201	
225	247	239	243	203	238	
220	213	212	210	227	234	
247	248	215	213	223	203	
220	223	228	232	227	231	
206	202	249	200	224	248	
200	203	207	235	219	223	
243	236	233	225	245	239	
246	234	233	219	202	249	
210	237	218	215	211	222	
232	231	229	204	235	244	
237	211	233	236	249	210	
231	225	245	214	223	246	
241	203	215	214	226	233	
235	237	225	212	208	205	
226	201	206	233	208	213	
215	203	223	224	200	228	
203	241	220	233	245	218	
232	248	228	244	211	234	
224	232	214	229	222	216	
262	271	275	294	250	291	
256	280	257	290	264	286	
277	254	263	255	267	286	
260	268	295	289	255	267	
273	259	286	287	293	283	
284	271	273	251	276	268	
299	285	250	283	255	259	
275	263	288	283	296	289	
276	282	284	289	291	280	
298	258	268	267	284	281	
260	289	263	296	257	269	
295	275	273	260	257	250	
285	257	253	299	261	292	
297	261	280	253	272	271	
260	269	281	267	288	279	
263	273	293	275	289	259	
274	298	266	262	281	277	
280	295	255	260	258	253	
252	263	291	283	267	279	
275	270	294	271	297	295	
267	283	259	250	257	290	
259	275	267	262	263	279	
252	290	283	276	274	279	
275	285	296	279	250	276	
281	295	257	268	286	284	
293	270	287	278	266	260	
256	278	285	281	251	259	
267	272	294	285	280	290	
273	263	251	274	269	278	
258	278	291	257	296	256	
259	282	278	253	263	299	
298	284	290	281	250	287	
272	282	266	263	255	259	
262	282	297	287	295	266	
263	295	278	285	275	276	
272	298	282	290	285	299	
292	256	275	297	282	278	
262	284	294	289	263	295	
298	278	261	271	273	296	
299	256	255	266	267	285	
286	261	263	272	273	265	
299	262	292	253	267	280	
256	273	295	289	288	278	
286	282	253	291	297	275	
269	265	270	261	294	279	
269	253	267	255	292	263	
276	257	256	290	264	253	
295	267	261	278	280	275	
272	287	292	295	277	273	
257	288	296	294	258	285	
345	348	315	323	331	347	
313	341	321	330	318	329	
335	325	312	306	320	324	
328	306	339	342	302	311	
319	342	338	303	340	344	
315	301	333	303	327	331	
321	304	338	307	313	336	
304	324	303	335	322	308	
344	300	339	314	311	337	
300	307	303	345	331	348	
326	336	340	300	302	318	
324	320	330	302	308	328	
303	305	339	344	306	312	
310	347	329	346	328	320	
324	329	349	332	312	321	
321	303	309	301	313	324	
304	325	344	300	303	305	
322	304	307	309	308	337	
308	303	344	340	343	342	
347	348	337	327	335	333	
303	314	346	301	305	333	
341	334	314	339	346	319	
321	309	333	328	326	335	
349	344	322	301	302	313	
322	316	334	321	303	333	
323	334	312	347	316	302	
349	302	330	335	315	321	
303	346	338	301	336	309	
343	310	302	322	339	306	
318	302	337	309	348	306	
327	341	315	320	307	308	
304	345	302	321	340	311	
312	306	313	311	339	338	
345	306	311	300	324	327	
346	347	300	306	343	333	
340	344	319	342	333	314	
336	306	337	323	334	307	
331	311	325	312	335	342	
328	312	338	348	307	303	
328	318	349	345	302	333	
318	344	349	334	315	346	
344	300	342	302	343	326	
334	313	316	307	338	335	
328	322	309	347	327	344	
311	330	312	320	302	326	
342	331	306	303	319	301	
331	314	310	319	324	305	
327	309	348	303	326	316	
317	321	307	313	349	304	
349	347	332	309	318	341	
373	368	364	381	382	385	
355	390	375	398	379	393	
375	376	390	352	379	365	
358	386	364	385	351	380	
381	384	395	385	373	374	
387	396	388	374	353	369	
378	386	379	354	376	373	
366	379	373	370	392	394	
386	355	385	357	353	399	
359	398	394	377	383	368	
383	385	393	360	386	396	
380	354	356	357	383	377	
361	385	364	376	388	360	
367	374	378	358	360	356	
352	381	391	382	379	369	
382	377	368	387	391	388	
360	387	366	355	384	361	
397	395	360	350	382	384	
380	361	358	393	374	385	
374	356	397	376	390	358	
351	361	378	393	362	384	
351	368	356	396	374	376	
381	361	356	391	363	370	
357	353	373	398	388	397	
373	386	374	392	351	384	
388	350	379	366	360	364	
359	375	394	364	354	393	
359	390	352	355	351	382	
386	380	385	372	363	360	
368	396	360	374	352	393	
374	364	375	380	397	363	
371	386	394	354	392	357	
375	396	350	373	367	365	
386	387	352	397	363	370	
373	364	376	353	387	386	
361	359	367	362	385	398	
350	392	352	365	362	353	
391	376	390	365	361	399	
365	361	376	357	364	398	
357	394	363	387	384	398	
364	383	399	353	386	397	
375	379	396	363	395	399	
387	382	352	372	365	391	
370	372	398	392	378	397	
371	396	389	366	367	398	
367	378	368	369	354	389	
382	352	372	385	384	399	
362	386	368	398	364	356	
389	351	362	387	352	364	
383	351	372	362	353	374	
424	441	415	443	402	438	
428	426	424	417	430	425	
426	419	422	411	438	434	
425	400	448	420	439	433	
448	434	415	419	435	447	
402	439	441	404	435	409	
448	403	424	421	429	402	
432	412	428	441	439	403	
400	419	445	437	406	439	
407	438	416	439	430	447	
412	410	420	418	439	434	
449	404	407	430	403	408	
415	424	445	443	423	433	
440	408	437	410	418	412	
411	442	433	408	441	419	
437	401	441	446	434	414	
408	407	439	431	440	430	
416	420	402	406	449	414	
420	428	444	407	440	411	
437	447	412	441	438	419	
417	447	423	430	416	405	
438	424	408	428	447	445	
401	417	415	422	424	413	
406	402	441	448	434	419	
447	445	417	441	403	431	
433	444	416	427	446	407	
412	443	444	411	448	442	
413	441	436	406	425	438	
431	415	416	420	430	406	
400	445	446	403	426	437	
429	423	436	408	437	403	
413	401	445	446	404	431	
406	438	417	431	448	449	
409	440	429	417	446	407	
449	446	417	437	439	425	
440	442	434	435	424	428	
426	438	415	419	427	428	
402	413	401	449	420	435	
446	415	405	410	401	425	
435	444	437	447	415	423	
426	423	414	429	440	439	
433	403	425	444	408	421	
436	430	418	417	409	421	
446	441	435	419	412	444	
405	422	417	433	413	414	
405	423	400	402	439	430	
407	436	433	408	446	444	
404	443	434	438	427	403	
423	449	408	447	445	404	
432	418	438	424	440	433	
469	464	491	478	471	497	
487	458	489	462	486	499	
466	489	494	485	475	454	
493	486	465	480	450	484	
463	487	481	466	467	465	
492	489	458	462	478	459	
482	470	486	457	450	468	
484	498	475	496	456	476	
490	458	489	468	491	499	
450	483	467	460	451	488	
486	492	484	467	487	464	
487	458	452	498	467	459	
450	495	497	465	481	456	
493	468	489	464	499	450	
484	496	472	453	471	477	
462	483	475	482	452	499	
486	490	483	470	458	485	
469	478	493	477	464	468	
461	474	489	498	450	462	
471	473	484	476	454	483	
463	471	496	478	490	476	
460	481	496	485	454	458	
477	457	497	476	458	483	
493	487	489	472	463	452	
455	472	491	463	465	466	
457	482	494	460	453	462	
489	454	459	474	472	473	
452	474	470	465	460	485	
493	479	464	477	454	484	
489	479	477	485	487	470	
494	473	490	499	452	462	
475	496	488	470	473	451	
485	467	490	476	458	466	
464	476	460	493	452	455	
469	461	474	492	484	465	
468	450	498	475	451	462	
463	474	471	485	450	489	
467	490	457	469	462	465	
478	492	454	486	497	452	
458	489	451	488	474	456	
464	454	487	477	475	490	
470	486	453	466	462	464	
456	497	453	452	475	492	
495	471	496	483	474	461	
478	479	466	498	470	489	
483	472	452	461	471	466	
468	487	486	460	499	451	
450	480	482	473	477	464	
481	459	475	484	467	466	
452	472	469	482	454	490	
40	7	48	12	31	42	14	
24	4	26	7	25	10	43	
23	2	42	17	10	0	13	
42	37	3	45	48	1	6	
45	48	41	47	18	37	42	
26	35	4	22	21	0	13	
23	30	36	24	42	48	49	
43	32	42	25	20	48	40	
12	2	44	23	6	26	8	
48	9	35	31	17	34	19	
46	6	37	25	11	3	38	
27	43	28	19	40	18	6	
14	17	44	15	49	13	20	
22	1	3	25	30	47	20	
35	30	9	46	12	21	40	
17	41	3	49	21	47	13	
17	0	19	23	7	10	22	
47	24	5	1	40	8	32	
36	0	27	8	38	4	19	
10	0	5	36	16	27	3	
23	4	18	46	7	47	6	
2	31	8	0	15	29	9	
2	29	35	8	14	6	9	
44	10	15	32	20	25	13	
3	28	9	46	36	21	49	
44	39	28	41	23	13	46	
5	40	21	38	1	37	26	
23	0	3	26	8	13	38	
22	6	0	35	32	43	26	
17	15	0	2	41	5	12	
20	2	43	16	32	13	27	
33	46	14	12	4	25	45	
34	24	41	48	28	45	8	
5	29	12	33	3	41	25	
4	1	45	47	23	34	6	
30	44	14	31	43	23	0	
27	25	32	29	7	9	17	
46	28	23	6	34	48	10	
16	44	0	42	34	27	38	
48	24	28	30	8	38	31	
31	43	14	17	10	33	20	
28	38	5	6	14	44	49	
13	1	43	34	23	20	6	
0	33	28	30	7	4	49	
14	26	45	37	20	46	9	
40	14	17	27	21	20	11	
36	38	32	35	45	29	1	
31	19	46	23	27	39	30	
23	48	29	4	12	42	0	
35	32	42	23	0	5	13	
98	73	80	54	92	65	61	
52	80	55	72	64	95	89	
77	68	95	82	89	80	93	
80	93	84	74	91	68	56	
64	58	72	96	92	61	57	
60	53	80	76	54	98	58	
52	89	65	57	91	72	63	
64	67	50	85	58	76	59	
77	68	97	83	72	94	99	
79	93	85	74	57	96	84	
80	59	89	74	63	76	65	
65	72	76	83	84	87	93	
88	72	78	96	92	97	76	
87	58	75	93	70	72	77	
59	62	74	55	82	81	65	
60	81	63	97	79	50	95	
56	78	58	53	95	67	62	
96	51	84	58	55	66	83	
66	79	75	59	97	80	93	
79	94	59	87	71	69	77	
59	68	94	85	76	77	60	
59	80	79	57	94	67	68	
54	52	79	96	97	84	64	
82	67	79	73	97	54	81	
67	63	99	87	94	75	73	
77	55	56	53	75	95	69	
72	84	59	98	88	89	80	
64	66	65	67	92	80	81	
60	72	69	87	66	55	98	
73	91	65	79	61	76	96	
58	86	93	78	69	61	73	
74	82	79	81	51	92	85	
57	50	80	55	60	59	84	
62	65	98	73	80	54	85	
86	57	97	91	87	80	54	
69	72	80	91	51	83	59	
89	82	65	71	64	78	93	
64	65	59	81	55	61	58	
92	52	86	69	84	82	81	
86	85	96	56	52	51	50	
67	98	96	72	89	64	88	
96	54	99	73	75	92	58	
86	90	85	82	69	55	84	
72	99	61	97	94	91	59	
71	92	85	78	80	86	55	
80	70	63	69	86	88	72	
85	52	62	76	69	78	93	
56	70	75	84	83	92	94	
60	85	54	71	77	82	68	
95	74	69	98	66	83	54	
145	140	129	135	123	116	122	
145	137	113	141	146	108	123	
125	110	120	127	111	129	138	
104	146	126	117	116	100	127	
132	100	104	103	147	109	112	
105	141	103	146	148	126	125	
126	140	134	118	114	121	117	
144	100	117	102	130	136	137	
129	106	125	130	122	126	137	
143	114	138	136	101	102	134	
145	146	103	110	131	115	143	
144	135	145	122	110	132	136	
140	132	137	124	145	115	142	
131	109	141	105	143	111	135	
136	102	140	109	134	101	105	
113	130	100	147	128	114	140	
121	137	126	125	101	146	131	
100	105	145	119	137	146	122	
109	124	148	121	113	105	117	
125	124	105	103	129	139	140	
126	145	134	122	116	113	111	
100	101	149	109	142	139	132	
100	106	133	123	121	114	137	
147	138	133	131	101	125	128	
108	120	148	125	117	130	103	
114	143	108	142	113	119	131	
135	120	137	117	149	132	106	
113	131	145	146	109	130	120	
138	139	133	112	116	101	125	
124	103	108	148	126	109	147	
108	144	135	110	148	115	117	
117	141	116	137	140	128	138	
145	113	125	112	105	110	114	
111	139	132	112	130	120	131	
112	145	116	114	125	102	105	
132	123	120	144	112	125	136	
117	114	112	102	131	122	107	
114	138	130	144	120	141	126	
126	149	102	135	123	110	114	
120	125	124	147	144	100	139	
148	110	118	112	129	121	111	
136	110	135	148	108	138	116	
109	127	119	143	107	120	135	
119	130	102	118	103	147	133	
149	100	128	110	115	137	131	
121	140	101	115	138	139	108	
133	124	107	149	101	111	132	
130	125	113	140	128	124	137	
112	140	108	104	121	132	115	
130	101	129	110	135	109	131	
189	159	155	154	176	172	150	
181	151	195	177	182	186	179	
175	174	194	173	195	177	154	
185	151	181	152	192	150	162	
184	176	188	183	177	185	153	
157	165	181	167	190	156	164	
161	189	194	185	169	196	187	
189	180	197	159	168	172	167	
187	163	151	179	157	165	159	
176	190	192	191	164	180	156	
151	182	198	174	162	194	165	
181	185	153	151	156	192	182	
176	158	163	187	160	164	159	
184	177	161	193	162	171	183	
199	196	187	162	183	151	153	
153	171	170	194	158	178	154	
165	181	193	152	170	166	174	
170	181	185	180	186	176	164	
193	181	180	174	162	150	173	
164	180	199	188	160	154	169	
177	169	172	158	197	179	185	
179	183	186	170	177	193	151	
186	165	178	176	175	189	154	
165	198	175	172	192	184	154	
185	170	187	154	190	176	164	
170	184	173	155	190	166	192	
178	165	175	188	197	172	154	
193	161	171	184	187	168	194	
163	156	191	192	188	179	182	
166	174	195	183	192	194	163	
193	194	174	168	188	173	197	
195	150	153	172	176	168	188	
177	160	164	165	169	193	175	
164	166	199	152	159	167	160	
192	160	171	170	195	157	197	
193	170	152	164	168	161	159	
199	156	181	173	188	198	170	
171	162	194	169	170	184	197	
183	177	192	156	162	171	182	
181	169	159	172	191	174	192	
175	150	183	181	182	161	172	
190	192	187	170	191	198	150	
161	177	199	188	174	179	160	
196	193	161	183	178	191	165	
176	189	187	154	166	186	172	
188	162	157	189	163	164	177	
173	156	169	193	198	165	174	
154	169	193	179	186	198	150	
193	178	184	152	163	171	156	
175	150	168	164	186	196	181	
241	213	248	245	202	230	239	
234	236	240	214	200	227	238	
208	232	200	209	210	215	214	
207	221	203	213	233	202	248	
206	247	230	211	233	235	239	
231	221	237	227	213	201	235	
242	233	214	220	238	231	221	
224	246	231	245	220	221	242	
216	233	208	215	221	248	242	
226	200	214	216	212	237	243	
201	242	239	234	233	205	204	
243	235	216	242	231	245	215	
219	215	234	245	203	243	236	
204	225	207	206	227	216	223	
245	208	228	212	229	222	219	
208	206	235	228	225	205	202	
246	224	233	214	211	219	204	
217	221	244	232	223	211	205	
229	217	203	239	227	211	202	
242	234	224	204	200	238	230	
204	213	205	249	231	234	222	
207	214	233	234	222	231	245	
223	220	209	240	218	242	248	
214	230	217	239	202	227	218	
222	243	202	212	209	226	235	
242	200	218	249	224	228	226	
224	226	211	212	203	204	249	
212	235	226	248	215	223	227	
210	249	204	214	236	211	232	
200	203	207	229	215	212	218	
207	233	200	223	245	221	209	
220	228	243	245	216	247	209	
221	233	210	208	249	235	245	
202	243	237	209	232	246	223	
221	211	226	219	204	208	246	
202	211	232	245	212	226	218	
222	249	205	230	234	239	227	
202	207	217	208	221	225	244	
220	229	234	212	231	243	203	
211	238	213	248	244	219	230	
205	220	215	239	224	219	223	
227	224	207	209	240	244	212	
242	247	249	212	208	220	246	
214	225	227	210	209	231	208	
216	235	247	238	219	233	248	
212	228	248	244	241	203	219	
213	208	223	227	243	229	203	
201	224	203	249	215	200	210	
218	219	248	206	215	217	230	
214	210	201	230	236	247	242	
267	255	252	297	282	287	298	
276	261	277	265	284	251	292	
280	292	254	291	266	261	250	
294	256	261	265	288	257	282	
258	251	296	264	280	299	271	
262	292	252	288	285	278	299	
275	263	255	288	274	271	276	
295	257	291	285	266	297	277	
274	292	290	285	284	263	294	
278	286	283	259	284	263	257	
268	253	274	273	285	269	250	
295	266	250	290	285	298	271	
274	293	286	260	252	262	284	
290	288	272	278	292	283	298	
278	277	299	268	284	295	296	
296	252	264	257	293	288	259	
286	262	288	292	280	273	277	
270	279	263	298	268	282	283	
268	275	258	289	283	260	251	
292	268	274	295	286	262	290	
272	255	252	273	275	254	287	
254	261	288	283	295	256	293	
295	280	260	270	257	296	278	
285	255	291	271	267	269	279	
253	295	292	260	261	259	252	
278	254	257	277	273	285	262	
272	261	278	286	298	297	277	
262	292	287	281	280	294	274	
282	270	267	294	259	266	296	
250	254	291	251	286	279	294	
279	287	275	264	291	280	258	
262	273	263	293	291	280	279	
281	266	270	287	274	268	277	
256	292	279	265	263	296	291	
273	289	286	253	287	275	258	
266	265	273	285	268	254	263	
298	285	260	274	286	256	281	
254	271	267	288	290	258	281	
250	275	291	282	293	251	253	
255	261	268	285	253	251	279	
267	291	282	276	287	284	263	
297	262	263	289	254	276	294	
262	297	270	268	255	281	283	
269	251	254	288	273	268	282	
295	252	294	279	280	288	271	
275	254	283	273	268	258	291	
266	271	252	277	294	281	282	
251	262	283	255	289	299	284	
291	269	282	298	273	275	252	
287	263	266	284	259	274	278	
300	304	314	306	316	329	348	
329	347	327	302	326	307	333	
305	337	345	335	344	312	333	
344	338	326	323	309	327	345	
314	315	345	309	337	312	307	
324	308	326	330	336	313	340	
342	305	326	333	304	315	317	
318	307	335	337	331	301	336	
336	312	302	300	327	344	337	
329	345	336	304	303	326	301	
346	321	305	332	340	349	326	
346	305	314	340	338	345	324	
340	332	343	318	347	304	346	
315	322	332	336	312	307	328	
330	322	349	309	332	305	328	
342	323	315	301	321	320	318	
310	306	317	313	325	323	304	
320	329	334	336	317	316	343	
313	326	303	301	305	331	323	
345	341	331	334	305	321	315	
337	335	345	303	341	302	320	
331	308	338	304	300	347	336	
310	338	313	320	331	347	342	
334	338	335	343	313	307	304	
304	341	302	333	339	325	346	
316	309	304	337	313	333	335	
328	300	335	345	338	323	347	
320	308	335	305	313	343	319	
304	300	308	303	349	317	333	
329	306	340	349	331	335	345	
309	337	307	336	327	329	324	
305	315	337	316	322	311	308	
301	319	321	336	302	349	346	
310	306	303	341	339	331	324	
345	327	300	332	319	310	301	
313	329	348	315	344	335	328	
303	342	334	322	320	340	311	
335	342	334	309	337	330	304	
343	312	342	313	302	333	332	
322	346	307	349	332	347	342	
307	341	308	334	326	318	348	
322	318	323	335	312	309	342	
307	335	338	327	319	339	324	
309	346	335	333	311	306	332	
339	319	300	331	325	336	318	
315	319	308	303	342	335	316	
302	344	316	349	335	300	301	
326	319	317	335	344	310	305	
331	345	315	337	323	310	349	
317	312	314	301	330	304	311	
396	361	399	374	377	376	378	
393	383	373	387	352	351	382	
363	374	372	373	366	397	380	
353	388	360	367	394	385	361	
371	350	381	385	397	367	363	
387	367	397	383	361	357	362	
388	378	379	365	390	376	359	
361	393	373	378	391	369	377	
365	379	377	392	367	362	387	
397	361	380	392	362	374	368	
362	366	369	351	397	370	380	
358	355	354	356	398	389	369	
358	380	369	359	377	385	395	
390	356	382	354	372	355	358	
384	381	380	372	360	379	352	
374	398	384	357	378	382	376	
386	361	390	350	354	398	399	
361	358	364	352	379	373	378	
388	362	375	378	356	389	377	
381	395	362	391	360	380	353	
354	384	364	357	382	396	362	
387	375	385	361	357	362	355	
373	393	356	398	388	381	361	
394	360	359	381	363	399	397	
354	379	372	350	384	383	351	
386	365	351	352	353	388	378	
386	373	391	397	354	394	356	
379	386	369	376	353	351	394	
399	365	371	374	362	375	392	
370	388	379	363	359	384	395	
394	362	375	378	372	366	379	
386	376	356	355	351	392	381	
358	350	375	362	393	361	387	
386	397	363	382	394	350	372	
375	365	387	378	392	369	363	
370	353	357	367	395	383	360	
385	354	378	381	377	358	394	
359	357	363	354	353	398	370	
374	375	390	361	370	351	359	
382	381	365	393	369	383	387	
395	377	389	363	354	352	350	
393	370	373	372	371	385	381	
396	399	391	378	395	376	379	
367	398	384	381	388	380	355	
368	357	386	379	373	361	381	
356	370	357	389	380	392	382	
354	376	383	392	355	394	361	
387	356	354	390	377	382	359	
350	355	352	379	391	385	364	
359	355	375	379	389	369	394	
418	401	416	419	443	438	404	
441	436	403	411	448	422	425	
439	430	434	402	426	417	413	
447	413	401	415	412	416	405	
428	417	427	426	421	424	433	
410	443	433	412	418	409	401	
420	406	425	424	438	419	441	
417	430	444	445	428	412	439	
416	419	423	432	411	415	402	
421	416	403	408	411	440	409	
432	442	413	414	416	412	431	
448	438	403	432	411	414	445	
431	421	424	433	400	428	441	
406	400	449	405	441	433	423	
434	416	409	442	405	433	413	
400	439	436	411	403	410	433	
403	445	410	439	442	437	408	
435	402	410	438	437	406	420	
408	415	428	403	431	402	400	
448	446	423	405	441	424	435	
438	448	441	439	431	433	410	
410	431	448	414	443	447	429	
421	413	400	433	443	441	409	
415	416	441	417	418	433	448	
417	441	425	448	446	430	411	
426	407	408	413	415	405	409	
432	444	442	438	440	436	431	
440	415	427	443	426	429	439	
449	407	411	444	423	420	437	
416	415	405	418	439	443	426	
411	424	433	415	440	438	403	
411	425	415	440	435	432	441	
408	406	440	417	411	413	412	
437	420	421	413	411	402	423	
438	434	435	445	429	431	416	
432	437	436	418	419	448	420	
411	406	423	431	425	403	417	
432	445	403	437	415	430	412	
437	408	443	440	402	422	403	
444	427	404	448	441	433	416	
412	400	411	406	429	438	421	
434	410	408	417	402	447	420	
439	415	409	403	430	416	444	
432	426	417	428	405	421	400	
437	428	443	430	424	431	429	
410	432	407	448	401	400	417	
445	400	435	433	416	424	428	
422	403	426	433	429	416	428	
428	441	430	412	405	415	443	
414	424	431	405	427	402	447	
464	493	496	455	497	468	476	
487	479	450	485	457	493	484	
476	469	452	468	467	497	451	
478	476	469	479	489	474	452	
495	499	478	462	466	455	467	
492	463	451	459	480	487	498	
498	468	456	486	457	496	467	
498	485	451	486	476	469	472	
458	479	471	469	462	460	488	
493	481	466	479	458	494	472	
480	470	485	452	451	484	475	
497	463	488	459	456	457	451	
477	490	452	484	473	463	494	
454	465	456	464	489	455	495	
468	488	479	492	450	470	463	
492	486	496	467	480	461	477	
469	497	496	455	493	477	456	
498	450	481	493	494	469	486	
466	489	477	492	496	468	452	
472	491	475	496	494	469	479	
471	466	459	481	495	485	491	
476	450	499	493	452	470	465	
462	475	460	492	474	496	479	
496	463	478	460	467	452	469	
478	476	482	493	470	480	459	
494	486	473	498	497	469	490	
458	474	498	463	485	450	473	
460	496	487	468	495	473	484	
467	460	483	481	491	496	470	
469	492	460	454	483	497	474	
463	465	489	458	476	498	488	
477	476	450	485	475	467	482	
482	493	489	456	474	453	483	
478	450	457	473	464	465	488	
484	462	496	493	487	466	473	
474	451	498	473	478	496	475	
472	483	493	478	471	481	494	
465	468	494	496	475	497	488	
457	469	466	452	478	459	456	
459	498	497	454	470	492	457	
458	468	496	455	457	469	489	
497	455	475	453	483	458	463	
487	451	488	467	454	463	485	
496	473	469	483	461	463	480	
477	495	496	479	489	460	456	
464	450	467	452	487	453	469	
490	452	481	459	450	473	470	
453	471	498	482	492	473	456	
462	465	481	461	470	499	483	
484	464	454	451	491	488	462	
0	7	49	4	2	25	9	16	
41	21	18	13	0	12	29	39	
41	15	0	31	46	5	8	23	
29	8	14	31	46	7	47	26	
49	32	43	30	47	4	20	36	
5	40	39	30	11	20	41	48	
25	9	5	36	8	23	32	49	
48	16	32	20	21	38	42	8	
0	15	7	47	22	5	49	16	
13	36	29	34	3	2	33	23	
45	28	31	11	49	43	12	41	
0	49	9	24	45	19	32	20	
5	48	47	27	31	8	41	12	
22	14	2	17	41	37	38	29	
19	5	44	26	22	34	31	49	
21	48	14	0	12	28	35	29	
11	30	7	44	17	31	6	45	
30	0	18	31	40	41	25	33	
3	45	33	4	6	7	15	13	
11	40	29	4	2	0	34	49	
42	45	37	9	43	4	22	32	
14	5	24	7	10	41	26	20	
22	34	1	9	2	25	45	4	
24	39	40	20	38	16	14	13	
9	18	13	28	40	0	2	26	
48	24	15	20	11	40	35	44	
34	16	29	41	8	42	6	1	
18	14	46	0	23	21	47	11	
27	40	22	26	17	47	35	6	
46	19	27	7	25	21	38	32	
36	14	30	29	2	26	17	32	
37	25	39	7	41	47	10	1	
0	7	47	8	12	13	37	29	
46	40	31	11	44	7	0	12	
23	33	1	27	13	45	48	16	
47	40	4	25	46	5	42	2	
44	9	16	13	39	6	12	38	
3	46	49	38	18	6	47	40	
1	9	43	25	4	36	8	29	
32	41	27	22	16	1	42	13	
8	29	37	5	26	38	31	2	
7	32	5	25	0	30	13	37	
30	49	33	35	15	31	46	13	
4	46	36	15	9	21	20	6	
31	37	2	4	6	27	21	48	
36	34	33	42	24	16	25	27	
19	25	22	41	32	40	8	14	
17	6	16	5	40	31	1	48	
22	36	49	6	1	10	20	21	
48	46	12	42	15	19	20	36	
50	84	54	52	51	90	83	60	
59	55	70	93	64	74	87	73	
83	50	88	70	61	64	53	67	
62	87	98	82	84	63	80	64	
77	92	82	51	59	50	65	73	
96	52	74	63	78	65	99	87	
59	89	50	77	63	87	55	78	
94	50	66	67	77	60	51	79	
76	84	69	52	60	55	50	68	
81	87	89	56	68	99	52	67	
86	91	96	98	77	68	63	52	
51	59	74	78	68	69	91	50	
74	55	91	68	80	76	62	97	
69	99	98	90	62	58	60	93	
82	99	58	50	56	63	78	54	
78	80	93	77	66	84	90	54	
87	89	88	65	71	67	90	80	
53	72	86	58	99	75	90	64	
50	65	73	64	67	81	53	92	
57	74	78	76	81	82	56	84	
76	58	53	71	87	74	84	60	
51	93	82	89	58	57	52	63	
79	95	82	93	98	87	68	66	
54	68	52	64	91	75	51	92	
88	82	62	60	72	94	69	93	
62	75	92	98	52	67	97	76	
99	60	76	84	55	96	89	92	
63	72	64	95	94	52	59	57	
61	99	82	91	55	83	84	78	
77	50	83	71	89	86	85	88	
81	72	59	65	84	92	61	87	
77	86	85	84	97	63	57	62	
83	72	90	88	76	74	59	70	
75	79	73	72	62	59	86	99	
69	77	52	99	84	50	97	80	
56	79	98	92	74	77	95	75	
88	57	89	64	65	78	95	73	
63	72	87	94	99	80	75	58	
87	76	75	88	83	64	78	70	
61	53	82	84	58	62	99	81	
81	59	94	69	76	84	91	66	
72	68	55	98	59	65	58	79	
53	78	93	95	91	57	98	50	
55	79	66	72	61	53	69	67	
71	95	85	72	88	86	55	93	
60	98	66	56	58	99	53	94	
85	94	52	59	60	81	76	50	
89	78	91	95	85	50	77	53	
92	83	66	72	96	52	95	75	
51	78	59	83	74	53	81	55	
102	142	117	148	124	100	119	104	
105	138	128	121	110	137	135	130	
143	123	140	109	114	115	110	120	
122	137	127	107	148	141	102	117	
134	130	149	101	124	103	135	113	
122	102	116	103	137	112	111	131	
110	144	102	145	119	140	128	121	
142	102	122	132	146	100	135	138	
135	149	142	115	117	145	118	104	
137	105	126	127	112	142	103	144	
132	143	144	124	149	102	101	106	
139	100	106	126	113	135	133	104	
120	107	113	115	131	106	108	123	
115	147	146	143	148	107	121	131	
107	131	112	135	132	130	134	139	
141	110	107	124	146	129	128	126	
111	100	106	119	128	146	147	141	
131	102	120	100	116	148	108	122	
109	115	114	112	139	132	121	147	
124	145	109	136	147	114	133	107	
128	140	143	102	134	119	126	112	
127	131	124	119	137	148	130	115	
124	146	114	134	137	106	136	139	
102	144	124	127	114	132	119	130	
111	148	101	134	114	112	136	106	
134	141	139	107	118	129	131	116	
145	132	122	143	137	144	149	101	
143	121	137	146	142	109	144	111	
119	131	146	114	130	106	115	144	
100	149	147	148	102	113	128	124	
123	128	146	126	149	142	129	139	
103	118	132	121	130	139	112	101	
114	112	121	145	104	116	135	127	
106	144	123	145	112	127	104	102	
123	120	138	145	133	141	106	111	
149	109	127	139	133	114	124	142	
108	129	115	140	134	105	147	102	
138	130	116	102	144	122	131	111	
104	107	141	142	134	149	125	120	
127	141	116	102	115	136	138	132	
136	146	125	142	135	147	144	134	
141	112	109	105	101	135	126	148	
142	135	107	115	116	138	106	148	
145	142	120	147	112	108	115	119	
135	126	108	103	123	121	109	130	
105	149	102	134	113	115	116	111	
135	111	144	120	128	123	114	133	
127	105	124	111	146	141	101	129	
105	107	149	113	118	140	145	102	
129	143	136	121	148	134	112	124	
179	189	184	156	196	172	170	185	
159	191	179	190	198	188	172	154	
180	198	154	187	194	177	156	179	
168	162	174	193	161	179	164	181	
154	193	156	187	165	171	167	186	
168	178	165	156	163	189	196	152	
186	164	175	152	180	188	166	162	
183	173	157	196	189	170	186	154	
158	179	174	186	159	184	188	194	
191	186	170	167	188	173	176	164	
160	187	156	174	152	164	184	191	
197	182	169	153	150	178	161	191	
183	155	160	179	180	151	195	167	
169	190	155	165	156	160	193	172	
157	177	187	153	191	165	193	169	
196	162	166	182	188	192	189	193	
180	194	198	173	164	176	192	179	
156	174	163	185	161	190	172	166	
198	158	170	166	189	183	167	159	
163	172	154	164	159	195	177	184	
154	161	160	197	171	168	157	174	
153	171	172	192	181	168	184	193	
173	168	160	166	155	171	150	196	
153	189	171	161	156	165	196	166	
169	163	158	193	154	155	166	197	
180	176	167	158	161	182	166	197	
192	152	175	157	153	155	186	191	
164	152	160	150	167	191	172	179	
176	162	195	180	151	167	166	181	
176	161	172	157	188	195	190	169	
164	193	161	180	163	191	197	172	
181	165	180	163	194	167	193	168	
180	184	174	194	188	192	195	198	
190	177	183	150	186	154	153	172	
196	183	162	171	194	152	163	170	
191	182	197	150	165	188	164	189	
160	190	170	192	156	180	182	171	
164	173	154	176	179	191	199	171	
165	180	160	169	185	178	166	163	
199	185	167	155	157	186	188	197	
181	196	159	188	191	162	180	182	
193	170	198	191	178	169	194	168	
197	181	155	153	166	161	196	198	
166	164	199	174	193	151	196	167	
171	182	173	150	199	179	178	167	
162	170	182	174	199	196	175	153	
169	152	185	196	174	151	171	193	
170	164	195	161	185	165	172	150	
153	160	171	197	191	150	162	188	
193	168	154	166	189	152	158	176	
248	226	212	245	240	230	217	238	
207	210	247	205	224	221	218	249	
240	201	216	220	206	227	219	229	
238	243	201	249	232	206	216	234	
229	223	237	236	231	247	235	228	
244	202	208	237	216	201	239	235	
224	223	240	249	208	229	247	202	
233	210	232	215	208	220	231	202	
218	232	227	213	229	231	220	207	
227	233	247	221	207	220	246	215	
221	237	249	243	200	212	246	204	
249	215	221	236	204	201	205	208	
235	208	217	216	202	223	231	240	
230	220	247	208	215	200	218	243	
210	214	216	207	219	209	243	244	
244	234	228	211	225	216	217	206	
229	243	220	236	246	222	203	200	
246	235	212	214	224	208	226	237	
213	236	216	249	226	210	219	243	
204	208	232	212	218	217	225	213	
207	235	240	222	209	208	233	236	
221	231	228	204	226	227	246	215	
223	216	249	225	231	204	227	212	
202	217	200	213	220	218	207	248	
231	210	209	249	224	215	236	217	
216	202	207	219	230	208	228	235	
216	227	228	203	208	222	210	205	
238	223	228	249	204	201	200	207	
222	248	218	229	247	210	214	237	
221	211	220	219	208	232	244	216	
206	219	236	227	233	229	217	216	
209	241	210	222	229	232	246	247	
241	209	232	225	223	246	217	239	
235	234	229	233	249	232	228	248	
218	220	238	247	200	208	214	234	
203	207	224	216	211	240	225	238	
211	230	248	209	249	206	225	229	
235	237	216	233	226	208	243	219	
225	223	244	229	208	214	205	206	
221	215	232	222	238	233	206	204	
229	205	233	230	240	237	227	217	
211	223	206	242	202	232	215	226	
236	242	232	246	222	230	218	213	
202	246	231	227	233	237	229	247	
223	239	236	200	218	203	214	222	
241	237	227	222	211	231	216	230	
234	204	228	235	237	226	214	201	
212	218	244	209	223	204	229	220	
235	206	241	237	247	210	201	239	
207	217	211	223	205	232	248	241	
285	252	255	264	257	262	276	294	
269	297	287	261	278	279	262	266	
274	278	287	255	273	295	297	299	
250	296	278	276	258	298	299	262	
269	257	261	267	286	258	273	251	
251	290	258	265	276	281	288	286	
267	275	298	295	269	264	277	258	
289	266	259	299	264	257	251	265	
255	257	291	288	289	260	276	292	
293	259	251	291	268	297	263	275	
280	288	287	250	275	256	286	290	
257	269	253	271	262	254	250	255	
269	272	291	282	259	281	284	283	
270	256	250	297	253	291	285	296	
267	268	258	272	294	257	286	259	
262	263	256	286	297	288	290	289	
256	283	253	289	290	261	292	272	
250	266	251	280	267	292	296	285	
276	265	258	270	297	284	294	253	
268	296	250	281	283	297	293	256	
264	261	294	268	254	255	265	270	
275	269	276	265	268	284	258	298	
297	270	263	272	294	265	253	258	
298	279	276	293	255	253	265	285	
291	287	297	250	265	299	251	282	
269	290	267	297	292	291	279	262	
253	267	252	264	257	251	279	271	
286	268	271	252	262	296	259	288	
258	268	272	284	267	296	259	299	
266	265	291	295	253	273	258	286	
294	285	277	292	284	262	259	282	
263	269	251	273	286	281	276	278	
276	265	290	269	297	263	255	280	
293	250	264	271	284	254	259	258	
283	298	292	287	270	269	271	293	
267	285	262	294	280	263	264	290	
297	274	286	256	271	296	275	253	
269	255	268	251	284	262	289	257	
270	288	262	277	293	290	286	252	
275	282	266	261	279	296	280	250	
260	263	278	270	295	251	274	292	
296	270	252	263	258	282	295	283	
272	286	299	284	293	274	267	283	
265	283	281	271	251	280	285	284	
268	260	293	267	278	266	264	285	
266	295	286	275	287	260	252	279	
273	278	281	271	261	250	288	290	
251	253	295	299	273	257	296	283	
294	267	258	254	297	253	262	296	
271	299	294	282	261	279	260	289	
344	348	320	340	349	312	319	304	
345	342	329	319	334	339	318	323	
328	303	344	330	315	309	331	307	
307	329	321	342	335	330	314	306	
304	335	324	323	347	302	343	327	
344	306	314	343	348	330	312	346	
315	340	317	330	349	329	332	305	
322	308	338	342	334	341	347	343	
305	337	347	315	304	312	314	310	
345	314	320	349	338	346	340	308	
338	346	309	342	301	318	325	343	
320	324	339	331	311	317	327	335	
343	311	321	328	339	322	300	349	
309	310	306	334	335	301	303	342	
336	348	307	312	316	337	303	321	
307	334	312	322	320	329	340	300	
319	338	330	346	335	318	302	322	
334	308	333	342	320	315	343	327	
312	328	314	323	349	346	320	338	
302	308	305	346	329	338	301	345	
314	305	326	302	304	303	301	347	
306	342	331	302	323	340	346	326	
328	346	332	302	319	330	306	333	
325	310	317	309	345	305	328	319	
317	309	337	348	335	323	326	312	
344	343	349	334	331	320	318	319	
334	332	331	304	315	342	349	301	
314	303	312	327	321	308	341	305	
315	343	322	327	324	335	306	329	
325	345	329	332	331	311	319	336	
326	324	346	349	335	339	338	320	
331	302	316	321	326	314	329	336	
314	321	310	309	349	327	320	306	
317	321	330	338	334	344	302	310	
317	325	339	324	319	331	342	326	
322	301	329	328	338	304	300	326	
303	334	347	302	314	340	327	348	
317	342	341	320	346	301	318	308	
328	340	322	332	338	300	318	349	
307	302	309	335	346	339	343	305	
310	327	314	306	333	349	337	341	
321	304	303	326	329	333	325	338	
317	319	313	321	305	302	309	315	
321	318	330	304	317	349	328	331	
327	306	340	317	346	336	331	312	
315	330	323	327	319	340	338	301	
324	322	337	318	347	307	344	315	
322	302	333	315	319	340	338	332	
323	303	317	310	322	315	332	343	
327	312	302	339	332	347	335	306	
390	394	369	395	376	392	375	351	
391	369	367	377	387	384	350	351	
390	365	353	392	355	395	360	370	
355	392	376	382	396	362	358	375	
366	365	392	389	376	359	383	363	
389	366	351	382	396	380	367	368	
355	354	361	377	394	395	373	353	
361	364	390	378	375	373	396	359	
364	382	395	369	359	397	378	389	
365	363	393	366	362	361	358	357	
363	381	364	370	383	398	397	352	
396	355	363	376	354	392	382	373	
359	383	389	399	351	363	382	375	
360	378	375	361	373	368	393	357	
350	375	353	364	359	396	378	389	
366	386	392	390	374	368	383	352	
396	394	368	371	356	357	360	369	
350	366	364	372	399	382	383	363	
390	352	376	354	393	380	355	388	
377	392	369	358	374	393	354	391	
352	393	378	351	354	359	397	392	
392	360	352	357	384	350	374	365	
350	358	396	354	378	371	385	397	
366	378	398	381	387	394	363	385	
381	392	357	369	355	364	358	368	
363	362	398	357	381	386	359	354	
376	397	362	358	374	354	398	357	
378	392	393	366	360	363	373	385	
363	369	390	364	367	381	383	376	
380	356	351	389	366	397	363	383	
368	372	354	397	387	367	385	364	
399	363	394	386	360	365	396	355	
395	352	351	399	390	388	380	359	
382	365	390	389	367	369	352	368	
372	383	375	355	356	385	362	365	
390	366	399	362	389	352	376	360	
395	383	358	382	379	396	370	376	
358	383	377	360	399	385	378	365	
377	356	353	370	397	376	392	391	
388	380	372	378	353	391	364	369	
353	385	394	360	378	364	374	370	
391	356	361	387	365	393	374	353	
352	388	390	362	380	358	357	353	
357	364	375	367	359	372	362	360	
365	366	389	398	369	360	371	385	
353	384	378	359	386	354	389	398	
367	376	357	386	399	397	362	372	
360	388	399	392	354	393	366	390	
358	368	385	357	367	386	396	359	
352	380	392	373	361	356	350	382	
442	436	408	428	427	406	444	426	
440	441	405	431	444	402	421	438	
425	439	416	418	447	436	445	408	
405	432	445	407	413	423	414	438	
434	449	437	421	432	427	430	444	
408	407	434	433	418	428	448	409	
434	428	442	412	444	426	424	440	
411	407	433	402	424	413	441	406	
431	417	410	408	405	428	422	437	
407	435	401	404	417	412	441	429	
414	409	440	434	401	433	406	403	
415	431	420	406	430	413	423	417	
401	440	421	418	404	435	408	425	
434	412	427	404	428	424	449	441	
411	414	409	408	445	419	435	446	
414	446	416	445	424	412	428	418	
421	427	419	426	423	431	425	415	
427	426	402	429	425	413	430	406	
423	403	447	408	439	421	400	405	
426	448	410	442	414	440	423	449	
406	442	405	416	400	431	401	420	
422	445	446	423	440	414	424	407	
430	414	403	413	441	440	423	416	
431	429	446	424	400	417	430	448	
437	442	431	418	439	422	443	411	
437	434	436	438	400	447	443	424	
449	407	432	430	444	440	401	421	
420	445	401	417	447	428	414	434	
430	425	431	424	427	410	445	408	
425	424	422	428	432	439	434	418	
402	424	419	406	416	431	417	418	
409	430	448	408	428	443	406	407	
432	433	415	426	422	440	401	412	
406	420	444	441	401	418	439	409	
421	431	437	445	429	427	425	428	
414	444	429	428	432	417	438	421	
448	421	419	449	408	428	414	403	
444	402	407	408	409	432	400	401	
439	412	425	411	421	402	419	420	
408	443	437	406	434	446	425	445	
448	415	409	449	421	425	418	405	
401	424	440	411	419	437	412	445	
437	406	425	429	412	449	428	432	
428	433	417	443	436	437	423	439	
417	405	423	433	439	436	437	416	
448	405	443	403	441	401	445	411	
441	431	419	407	422	439	408	401	
433	442	419	432	425	409	414	441	
449	435	448	411	431	419	438	446	
443	420	410	447	432	446	431	445	
490	466	465	475	473	486	452	450	
461	478	482	481	483	453	495	492	
489	484	460	476	495	487	473	482	
471	474	465	483	492	455	491	450	
476	455	490	481	491	482	494	479	
476	498	461	468	451	469	474	452	
496	481	495	457	477	472	478	470	
488	468	451	453	461	462	475	460	
475	460	498	463	464	465	471	452	
450	454	473	493	465	495	453	451	
468	478	462	498	484	458	450	475	
459	495	464	471	460	450	451	458	
453	483	490	488	474	497	493	469	
457	461	494	491	485	464	456	482	
466	478	498	450	487	465	480	464	
478	475	465	452	482	455	493	469	
474	463	476	499	469	473	489	452	
461	467	489	476	453	463	458	460	
475	450	484	477	493	483	457	492	
463	491	458	459	451	454	494	498	
479	485	461	463	455	471	466	495	
457	460	468	461	499	497	483	454	
494	462	454	475	457	488	458	461	
454	492	498	497	455	494	484	477	
460	489	499	477	467	470	475	454	
489	454	488	465	494	458	491	478	
464	485	498	481	476	460	457	499	
459	464	486	492	484	495	477	489	
492	494	457	486	484	471	455	454	
487	490	488	489	499	485	462	469	
498	490	459	491	489	492	467	495	
475	491	471	450	497	462	485	480	
469	495	491	457	479	452	486	489	
454	493	486	453	458	485	477	457	
491	474	465	451	454	492	475	498	
454	461	481	472	473	466	482	462	
485	457	475	490	487	484	479	491	
459	497	496	489	487	499	495	481	
453	456	476	483	467	450	466	481	
489	493	484	475	473	480	495	490	
455	481	461	466	496	489	482	468	
453	481	466	496	486	452	465	450	
459	499	465	494	475	496	490	493	
450	479	468	466	480	487	492	485	
469	472	470	465	479	462	481	499	
495	463	471	452	469	468	458	492	
499	464	470	454	451	468	452	467	
471	499	493	468	450	473	495	465	
456	472	467	486	497	485	492	458	
484	499	490	467	479	457	462	485	
448	144	278	
201	385	148	
491	60	85	
47	441	33	
316	308	268	
272	64	351	
92	35	219	
313	92	164	
61	227	497	
268	282	218	
459	301	330	
229	270	189	
370	208	6	
205	144	262	
80	264	431	
141	375	132	
87	91	71	
414	319	104	
77	435	30	
2	217	269	
218	64	147	
326	282	77	
199	184	317	
130	479	107	
116	136	283	
261	380	305	
67	409	38	
257	135	431	
19	369	342	
40	488	377	
497	120	385	
25	289	15	
295	332	291	
460	333	131	
72	110	4	
369	290	83	
459	360	41	
104	72	35	
118	51	123	
129	28	331	
158	252	179	
259	39	373	
194	342	286	
309	341	377	
52	436	75	
240	409	187	
440	2	72	
17	379	130	
125	148	64	
80	369	430	
456	279	380	197	
137	269	324	284	
18	180	210	372	
224	143	333	232	
241	185	26	343	
368	290	43	372	
443	109	138	66	
313	293	222	498	
39	416	124	164	
468	307	82	190	
233	48	387	284	
344	299	70	218	
242	427	329	409	
101	207	480	342	
289	181	454	405	
20	251	485	129	
67	170	369	32	
67	390	176	58	
233	116	43	231	
13	55	245	193	
410	459	155	180	
380	6	460	337	
215	320	422	324	
115	355	482	325	
1	297	212	281	
193	296	417	23	
243	127	260	318	
41	333	228	462	
20	37	107	323	
101	145	172	143	
325	274	75	71	
445	80	100	417	
368	234	48	386	
226	67	353	321	
155	2	178	264	
218	161	407	425	
87	206	456	118	
373	278	208	169	
283	205	246	114	
58	406	7	41	
5	12	40	446	
173	405	352	305	
490	324	441	167	
147	162	352	62	
18	461	312	192	
346	166	183	271	
357	222	375	366	
113	229	211	220	
354	16	142	468	
481	255	140	23	
50	165	390	345	254	
439	276	227	411	315	
283	339	402	205	95	
441	189	147	495	80	
292	163	336	65	181	
370	181	59	362	105	
115	77	277	305	90	
120	364	217	237	103	
408	378	217	497	385	
386	283	136	291	498	
76	290	89	103	405	
464	175	131	257	129	
306	302	280	76	370	
140	400	295	379	114	
211	345	496	172	177	
373	55	364	446	226	
128	26	394	96	360	
289	417	222	183	68	
66	109	465	162	498	
127	147	216	204	358	
203	226	347	103	97	
363	203	371	159	3	
217	479	348	262	484	
352	43	434	0	284	
411	9	24	182	112	
404	292	133	172	361	
275	481	125	484	94	
436	20	109	110	282	
121	260	427	294	44	
178	137	62	22	420	
428	119	427	265	72	
235	265	127	11	369	
480	19	193	269	31	
15	169	227	253	494	
113	196	266	63	30	
495	455	371	106	271	
211	163	140	86	74	
280	23	190	384	177	
136	281	150	267	451	
428	453	243	170	320	
418	491	403	242	379	
88	14	188	240	366	
444	74	467	456	112	
158	435	230	207	487	
463	30	220	2	376	
116	15	49	456	25	
123	184	155	280	225	
475	266	11	153	297	
238	26	390	473	10	
375	137	326	425	254	
