4	13	0	3	7	11	
34	41	43	38	3	26	
34	28	48	11	41	14	
46	37	9	13	3	16	
23	38	36	19	30	29	
42	20	45	22	18	26	
45	21	9	23	14	18	
2	44	38	20	1	23	
43	38	18	45	39	23	
47	13	4	25	48	11	
47	3	29	20	35	10	
37	5	7	19	17	4	
30	4	0	48	22	39	
45	10	13	36	44	17	
23	5	26	21	27	40	
5	32	23	37	3	4	
23	21	16	5	10	2	
11	21	19	4	28	45	
49	15	3	20	34	17	
39	12	14	2	49	21	
37	9	12	41	47	48	
39	36	4	35	24	34	
35	20	1	26	15	27	
11	31	49	1	4	34	
35	6	8	2	23	33	
9	31	41	14	6	10	
47	42	38	1	46	39	
41	46	32	26	15	4	
17	1	19	34	37	45	
25	28	37	35	38	3	
26	13	29	38	46	28	
5	24	35	28	43	0	
27	13	26	33	9	1	
41	6	1	26	23	28	
13	8	22	41	42	31	
30	20	36	23	43	2	
20	15	33	10	42	12	
36	22	5	13	6	16	
18	3	36	1	38	6	
2	47	42	41	33	34	
19	36	20	38	31	5	
43	13	6	24	11	22	
40	32	45	19	37	6	
42	18	7	39	34	23	
43	42	12	36	5	7	
45	8	13	48	43	31	
6	26	45	42	44	40	
42	20	10	46	39	6	
16	49	46	9	10	30	
45	34	15	4	12	35	
78	71	87	51	66	81	
74	80	75	60	90	54	
78	58	85	63	84	97	
81	77	87	75	71	59	
82	88	94	73	83	64	
55	80	98	68	57	62	
85	78	96	55	73	67	
79	99	60	57	55	90	
75	53	70	95	86	68	
50	55	54	99	62	79	
78	95	73	56	82	61	
69	53	82	68	84	96	
85	83	88	95	50	80	
93	95	62	67	64	61	
72	97	54	95	69	58	
77	62	79	65	59	97	
59	70	76	58	99	72	
71	56	83	99	60	91	
66	90	56	53	68	76	
92	77	53	56	79	70	
95	92	71	81	64	70	
71	61	79	96	84	95	
54	85	91	78	57	75	
69	88	74	85	62	95	
95	66	61	98	81	68	
93	74	95	80	78	82	
86	72	52	57	89	97	
79	80	60	89	56	85	
84	74	99	91	72	51	
61	67	65	68	90	60	
81	58	91	88	93	66	
72	67	78	70	53	76	
82	50	76	58	62	71	
99	66	82	69	87	88	
94	93	61	75	77	73	
79	62	64	97	83	68	
69	83	59	52	62	81	
75	63	70	83	94	69	
56	70	91	96	73	55	
69	52	85	67	51	78	
63	86	90	88	77	91	
76	64	88	69	96	63	
65	64	95	50	63	87	
76	75	72	91	69	83	
79	68	93	90	75	98	
86	84	66	99	52	77	
82	86	75	73	68	74	
59	72	55	73	90	85	
62	89	94	95	84	54	
68	74	97	77	89	52	
119	108	133	145	138	149	
136	137	148	119	114	133	
148	129	134	132	136	125	
130	141	102	136	111	116	
141	119	110	149	131	129	
140	112	139	108	111	116	
105	107	148	116	138	135	
134	120	142	129	122	108	
113	133	143	109	140	100	
126	128	113	140	121	107	
130	143	110	126	127	121	
145	147	126	129	148	137	
149	117	118	120	124	106	
148	138	106	104	130	140	
109	117	142	108	113	126	
121	137	101	140	133	125	
140	113	123	136	121	103	
100	125	118	132	129	139	
138	147	142	121	139	118	
124	147	108	106	104	107	
126	124	134	111	146	122	
124	113	141	129	125	104	
137	103	135	114	111	147	
137	107	146	136	139	110	
104	100	110	135	143	109	
129	111	119	140	123	101	
132	107	124	146	117	126	
116	144	135	104	108	142	
139	112	131	115	116	113	
117	112	120	141	103	132	
101	120	138	132	113	118	
131	140	136	110	130	132	
101	114	118	102	139	129	
112	144	123	119	135	133	
140	145	143	113	106	139	
148	109	105	139	130	112	
117	139	102	136	118	131	
125	117	149	132	141	100	
127	132	114	115	135	120	
128	118	127	131	105	119	
147	116	123	124	129	107	
139	115	148	121	104	117	
138	134	115	140	116	103	
118	104	136	139	144	117	
123	119	120	140	126	100	
132	122	146	141	149	142	
117	110	119	126	113	122	
114	123	127	101	131	125	
125	127	101	141	119	120	
141	134	146	136	137	109	
185	166	171	170	179	151	
168	191	160	166	194	169	
157	175	178	176	173	166	
156	161	188	168	191	172	
199	175	171	183	152	161	
168	183	167	152	196	157	
180	188	169	168	181	155	
153	170	162	176	194	150	
180	192	160	164	190	196	
160	155	170	167	196	187	
191	158	150	183	184	155	
170	173	159	193	172	158	
168	195	152	182	156	161	
179	153	168	181	161	154	
171	184	159	156	161	189	
182	175	163	176	167	157	
188	167	182	191	195	181	
189	191	152	182	180	174	
175	199	168	166	176	189	
183	186	178	195	168	165	
171	174	190	161	175	166	
192	169	166	165	159	185	
165	193	191	192	179	164	
162	161	182	174	184	188	
164	186	162	196	156	165	
196	199	165	166	161	154	
160	155	199	156	174	187	
160	194	190	192	168	187	
156	187	194	181	159	158	
193	189	155	165	162	181	
164	159	194	153	195	198	
166	199	169	196	152	197	
157	193	176	161	183	167	
180	177	189	150	198	196	
187	169	156	195	177	170	
153	160	196	157	184	189	
178	161	154	158	163	177	
164	169	174	191	153	159	
163	185	198	183	192	196	
173	170	190	196	163	191	
197	188	195	198	171	158	
197	195	180	150	187	160	
185	193	171	169	188	197	
183	188	194	171	159	182	
188	177	172	193	151	196	
169	188	159	184	181	171	
170	158	183	155	186	187	
199	171	194	167	198	185	
150	164	199	156	183	163	
197	190	198	155	192	157	
246	237	217	212	235	204	
215	235	201	210	200	231	
228	222	207	220	238	248	
238	234	213	241	211	205	
229	205	207	212	214	234	
238	203	240	215	228	218	
201	209	215	224	210	244	
202	207	243	235	241	238	
239	206	238	216	210	223	
221	219	229	225	238	220	
226	244	230	209	212	211	
220	222	205	231	242	206	
227	244	239	226	243	211	
201	225	205	200	244	218	
229	219	205	241	233	224	
243	208	207	242	246	239	
231	235	218	226	204	244	
243	205	233	230	203	248	
205	245	200	235	227	238	
236	211	231	238	214	209	
212	209	249	236	242	222	
229	237	200	214	241	206	
227	202	218	200	245	224	
226	225	244	204	203	240	
223	231	235	217	246	236	
238	242	227	208	231	220	
213	222	223	204	200	201	
207	226	238	215	203	217	
245	235	236	239	247	231	
230	237	223	225	231	207	
223	240	237	235	214	201	
206	230	234	241	228	238	
238	216	209	242	217	208	
209	211	236	210	228	213	
243	221	208	232	201	240	
202	239	234	203	200	211	
209	223	214	203	213	211	
204	211	222	230	214	242	
213	249	245	223	202	212	
226	218	202	230	246	249	
247	246	230	206	222	218	
211	235	212	201	218	206	
226	233	234	244	203	214	
236	213	220	247	237	212	
229	212	216	210	236	206	
235	206	216	245	240	221	
213	234	245	230	228	208	
243	237	235	204	234	218	
228	214	234	240	249	217	
245	214	211	212	207	200	
256	274	272	299	288	266	
253	285	276	295	289	251	
271	286	281	283	251	289	
256	269	288	257	281	265	
291	299	264	274	257	282	
293	258	261	271	272	275	
276	257	291	299	265	280	
277	272	287	280	279	292	
267	285	298	294	278	287	
271	262	272	285	277	299	
264	254	291	259	267	256	
281	252	284	294	271	293	
277	293	260	283	274	254	
287	266	277	279	299	276	
271	254	252	287	259	288	
285	257	299	282	251	288	
292	279	280	267	283	285	
263	285	278	281	283	297	
277	273	290	255	282	265	
276	251	281	250	282	252	
279	286	256	257	258	275	
251	273	261	282	285	291	
282	252	284	274	262	253	
298	277	269	280	278	291	
284	260	290	276	256	264	
292	297	281	293	269	263	
299	272	280	262	273	260	
290	275	294	283	287	285	
290	288	297	278	284	289	
283	253	287	297	299	276	
296	266	291	250	255	277	
257	253	255	287	272	268	
282	291	250	274	273	295	
292	279	266	250	282	277	
295	288	265	296	298	276	
269	282	295	285	273	284	
264	256	290	282	254	278	
258	264	291	252	257	267	
282	296	274	297	260	294	
289	250	253	283	255	285	
267	271	260	283	257	266	
273	291	287	255	251	274	
276	269	290	258	266	262	
271	257	273	263	272	288	
267	299	296	250	287	275	
251	262	290	285	297	295	
253	278	250	254	296	267	
252	293	281	275	250	276	
280	265	289	260	256	283	
251	272	299	269	290	289	
334	335	310	339	315	323	
342	349	341	321	320	339	
338	300	325	303	313	347	
323	344	321	307	329	326	
317	310	314	332	325	307	
318	321	302	331	328	313	
337	304	323	308	319	305	
331	339	308	312	347	328	
335	313	329	334	307	344	
310	328	303	306	318	323	
318	332	342	321	327	301	
316	334	323	336	306	348	
343	325	331	329	317	307	
337	302	316	332	313	321	
333	342	310	330	306	347	
307	343	306	308	301	309	
321	315	324	309	349	345	
328	312	303	332	307	319	
321	349	326	303	311	339	
340	310	308	316	329	314	
333	340	325	314	303	313	
332	317	313	328	340	346	
307	331	335	336	332	328	
300	339	303	318	322	323	
349	316	327	310	326	340	
330	325	301	317	321	307	
303	348	335	340	332	347	
347	346	324	303	302	304	
347	318	345	330	348	300	
326	330	316	327	321	328	
315	321	347	348	345	343	
314	311	326	308	340	330	
326	336	329	327	341	322	
329	335	320	326	311	312	
308	302	312	335	306	310	
343	321	322	349	347	304	
321	314	337	318	347	334	
322	323	332	331	326	329	
310	339	330	308	319	329	
332	311	325	330	329	305	
334	303	346	322	328	336	
325	318	323	312	349	324	
301	338	332	309	327	304	
334	310	315	325	313	305	
313	316	331	344	343	312	
305	338	336	323	326	345	
333	331	318	305	310	343	
309	347	342	328	345	313	
345	313	334	323	312	348	
301	337	310	303	313	302	
353	378	359	389	364	393	
386	351	371	376	369	384	
368	391	367	386	393	385	
385	371	359	350	378	373	
388	368	378	375	373	376	
357	356	361	366	358	392	
367	350	390	378	380	373	
371	366	395	397	388	377	
396	365	385	362	384	369	
372	398	399	354	385	389	
392	380	393	376	381	387	
391	392	399	374	351	364	
383	365	364	370	395	396	
387	353	381	384	396	385	
378	398	382	393	362	355	
357	361	366	353	373	360	
376	379	375	368	362	381	
364	397	390	355	387	365	
382	364	358	376	391	395	
392	386	364	359	366	360	
359	362	350	377	352	378	
378	379	372	362	382	366	
394	371	358	369	397	362	
366	396	395	352	360	367	
399	360	386	378	377	382	
388	398	397	356	380	399	
389	377	376	363	387	394	
377	373	364	362	374	395	
372	376	378	350	390	366	
362	379	382	369	376	360	
361	366	364	353	356	367	
366	354	355	364	396	369	
386	385	363	388	368	381	
379	385	390	381	360	363	
381	369	361	383	363	379	
395	396	351	392	379	369	
382	398	396	358	352	386	
396	379	362	359	352	369	
366	372	364	359	363	388	
394	399	391	358	363	377	
386	371	372	383	370	378	
360	375	366	387	383	380	
394	390	397	377	391	386	
379	362	375	355	396	367	
366	369	387	395	352	399	
373	398	361	385	374	366	
360	356	354	369	372	364	
368	395	358	389	377	385	
360	377	353	395	388	358	
356	378	395	397	365	394	
429	403	427	418	416	413	
415	438	443	431	402	429	
414	417	435	412	420	427	
449	427	414	420	436	440	
442	435	404	449	403	441	
420	410	433	407	446	408	
421	415	423	406	411	438	
405	415	427	436	410	419	
404	436	434	413	409	435	
444	439	442	425	434	409	
421	427	404	415	408	407	
419	437	432	406	424	407	
420	444	442	414	438	408	
416	423	417	400	448	427	
447	411	400	424	449	401	
430	427	431	422	435	423	
438	428	424	420	415	407	
439	447	401	425	404	426	
441	416	422	444	403	440	
403	433	428	422	426	417	
417	405	414	444	411	415	
417	403	401	419	429	402	
421	408	409	416	420	422	
417	406	409	422	437	426	
449	441	401	406	413	403	
414	416	417	428	427	407	
418	430	443	400	437	422	
416	429	419	420	407	402	
442	426	435	439	405	448	
434	413	443	425	435	400	
415	408	405	418	434	440	
428	401	404	410	421	407	
436	406	444	412	425	429	
404	410	436	406	411	424	
448	405	414	430	413	419	
429	427	431	430	419	413	
413	423	440	443	426	435	
437	428	410	417	438	448	
402	438	416	419	414	428	
427	417	446	442	418	409	
442	424	448	433	417	420	
407	447	433	411	419	406	
446	435	421	418	420	430	
430	448	407	433	446	414	
432	437	426	402	435	447	
439	411	402	442	420	415	
434	421	424	446	420	409	
425	405	435	428	434	436	
427	445	407	437	414	403	
420	415	423	411	408	400	
484	455	452	470	491	486	
490	464	484	467	450	455	
486	462	479	476	475	478	
479	490	450	464	475	496	
461	473	480	455	497	468	
476	461	455	474	481	459	
468	493	477	470	485	480	
476	458	498	489	493	463	
480	453	460	498	479	493	
456	495	466	494	482	453	
482	483	491	457	463	473	
491	481	476	474	488	456	
459	483	469	478	479	484	
466	485	490	453	486	488	
467	486	457	499	452	454	
474	478	452	494	463	460	
493	485	475	481	490	473	
471	480	495	496	452	481	
497	483	480	452	464	476	
482	456	491	484	464	486	
495	465	493	485	461	462	
450	482	476	464	465	498	
471	488	485	465	486	470	
477	450	456	461	468	483	
495	472	487	478	470	456	
461	498	477	497	471	469	
455	477	486	492	487	481	
490	481	459	465	467	477	
479	460	478	499	452	462	
479	488	493	472	483	471	
472	450	496	462	469	467	
459	480	458	460	495	451	
468	498	483	479	466	494	
454	456	481	472	473	471	
489	493	451	473	492	476	
468	492	483	475	450	463	
481	498	489	461	459	484	
459	486	460	461	463	472	
455	477	480	496	479	484	
482	476	457	451	455	475	
480	462	474	489	495	453	
461	489	454	455	490	479	
485	462	459	497	491	483	
491	452	465	484	498	470	
492	454	482	496	495	473	
495	488	484	477	481	451	
462	496	483	469	460	485	
466	494	472	485	464	484	
485	468	486	484	461	466	
494	496	460	479	457	451	
17	45	24	46	6	36	31	
37	16	2	27	34	21	5	
28	20	22	16	29	7	40	
5	45	18	47	15	17	24	
1	22	11	9	13	31	12	
8	26	29	48	3	1	7	
22	18	9	4	31	47	7	
38	35	17	47	3	26	43	
23	44	39	36	8	22	5	
34	21	47	22	43	49	4	
28	42	11	14	33	10	24	
34	16	27	23	44	38	1	
28	46	12	32	47	24	18	
17	44	12	2	19	39	26	
24	26	44	17	9	18	13	
37	49	18	28	46	16	41	
3	25	4	33	45	31	34	
9	18	10	20	41	36	21	
47	18	11	3	32	16	24	
48	34	30	44	15	40	39	
11	34	4	1	32	9	35	
0	46	45	15	16	2	36	
15	36	40	35	45	0	25	
26	38	25	31	5	9	10	
25	6	30	27	35	26	10	
26	44	29	42	24	47	23	
32	20	22	49	45	15	8	
43	18	39	35	0	3	42	
47	3	42	35	9	27	44	
25	7	2	33	36	13	32	
28	41	10	8	33	12	7	
39	38	0	12	10	49	5	
8	14	41	3	40	15	5	
37	20	39	47	35	24	31	
48	36	38	30	22	0	19	
39	22	2	8	29	0	43	
32	9	24	37	47	0	42	
46	29	31	0	42	19	1	
4	35	45	38	10	36	19	
20	3	34	23	4	46	33	
23	21	37	36	39	14	16	
9	14	4	33	3	20	6	
5	48	23	37	39	43	24	
42	33	20	15	49	8	11	
32	47	10	40	0	45	33	
3	43	18	1	6	23	22	
33	38	43	16	45	49	6	
48	43	42	30	3	4	45	
4	1	6	7	11	10	43	
16	5	11	20	47	41	43	
93	72	80	67	60	76	62	
77	99	73	74	71	67	63	
56	59	74	66	71	76	75	
77	70	55	72	93	62	82	
84	98	95	96	87	91	57	
75	93	90	87	59	67	91	
62	92	79	72	65	61	97	
89	97	50	58	62	53	80	
59	90	61	89	79	98	60	
61	83	54	78	81	67	72	
64	81	93	84	87	76	75	
98	62	88	51	68	96	67	
93	92	63	76	71	73	50	
93	96	66	63	71	69	82	
81	63	87	76	91	67	96	
84	70	81	53	92	68	71	
65	73	98	88	52	53	78	
59	76	50	79	66	75	90	
68	95	61	98	66	90	92	
78	82	57	75	81	50	66	
72	90	67	75	82	69	86	
77	67	55	75	57	60	78	
53	56	57	81	85	73	99	
77	71	65	96	80	64	86	
67	90	77	58	65	79	99	
55	57	59	90	52	88	80	
60	89	79	91	80	71	57	
87	75	79	56	85	61	95	
77	92	94	95	69	84	86	
85	68	84	82	87	62	61	
94	55	58	84	80	89	98	
91	94	65	87	60	62	69	
84	71	66	88	56	61	59	
77	58	98	76	62	57	65	
65	79	73	59	76	70	89	
64	54	90	74	76	52	85	
93	94	88	57	51	72	89	
97	63	69	72	80	98	73	
57	51	77	61	86	55	94	
50	89	71	87	86	61	81	
83	97	57	51	64	80	71	
73	62	50	79	83	67	99	
53	91	59	95	55	97	80	
61	55	70	56	99	85	71	
95	86	80	94	75	70	57	
97	99	59	60	86	93	55	
51	69	52	54	95	80	78	
65	66	93	52	81	63	50	
60	66	83	54	72	90	78	
50	61	88	77	93	59	81	
130	149	111	138	133	124	112	
122	148	107	135	114	127	117	
122	144	134	123	130	132	146	
101	128	130	132	113	111	103	
110	102	130	107	116	131	133	
145	136	125	133	116	141	113	
130	120	142	102	134	109	116	
134	141	131	146	139	144	103	
128	120	136	139	134	112	116	
115	136	123	111	138	122	124	
144	127	100	141	117	106	122	
119	135	111	114	117	122	106	
137	131	130	138	120	140	133	
132	141	101	134	113	149	108	
147	104	103	128	148	110	149	
127	149	110	130	132	142	148	
138	126	141	122	134	124	149	
118	145	106	114	134	124	120	
129	113	130	125	148	111	132	
136	139	118	141	104	147	140	
121	101	109	140	106	138	129	
146	125	123	145	136	141	101	
102	137	134	110	103	106	126	
122	105	123	107	121	129	112	
140	109	147	128	107	105	122	
141	111	139	148	127	144	109	
110	100	127	114	116	104	143	
115	112	120	147	127	102	122	
103	118	120	125	149	106	112	
142	128	103	145	125	131	136	
144	102	136	111	148	115	100	
147	136	123	100	131	143	149	
143	130	135	129	123	122	121	
119	124	115	131	123	143	133	
133	131	118	116	138	106	102	
116	132	140	108	115	119	141	
117	112	111	130	132	110	101	
149	113	100	122	111	106	116	
125	136	116	119	106	141	115	
103	131	122	126	101	100	121	
137	139	114	120	101	121	128	
127	141	114	148	117	118	106	
103	118	131	141	133	114	140	
144	131	125	100	115	142	123	
140	109	112	116	149	103	129	
101	149	121	118	126	147	130	
135	102	123	110	113	121	106	
115	138	118	121	140	149	112	
126	145	147	132	137	131	142	
107	114	127	135	130	132	133	
161	191	194	154	195	175	190	
152	190	184	177	161	193	173	
161	182	151	189	184	191	198	
153	179	188	176	170	157	178	
186	152	166	178	191	192	182	
177	191	167	193	187	189	179	
192	151	158	156	177	191	190	
183	169	162	187	174	197	179	
168	165	154	187	186	190	188	
154	185	157	181	162	196	168	
167	179	180	195	193	150	168	
182	189	192	167	195	160	155	
196	158	169	182	184	164	153	
185	167	162	180	179	163	187	
189	187	197	185	168	183	162	
161	181	192	190	191	194	185	
183	155	157	189	165	160	161	
182	160	191	156	187	163	198	
166	187	175	152	150	198	164	
179	153	186	161	159	195	156	
191	188	173	161	193	168	185	
197	195	180	152	186	151	159	
180	165	158	187	176	177	197	
192	166	154	195	171	198	182	
166	151	154	197	159	161	198	
180	168	164	167	196	150	189	
191	158	151	153	186	190	175	
168	199	194	164	157	170	165	
167	189	181	162	157	169	183	
151	181	153	174	162	171	155	
159	168	157	181	186	164	170	
198	150	151	169	182	155	191	
187	195	191	179	178	176	168	
181	188	177	196	151	199	164	
187	153	156	167	196	174	160	
178	195	155	170	199	166	158	
199	178	193	180	159	197	175	
199	170	150	185	181	197	165	
187	177	159	194	153	181	166	
195	181	192	173	179	155	184	
162	161	183	194	150	170	195	
196	188	150	177	192	160	176	
189	157	153	196	179	161	163	
170	167	185	163	178	168	191	
160	193	198	174	188	162	194	
170	191	166	199	162	165	192	
187	196	155	179	159	168	197	
197	183	164	157	160	185	155	
172	159	186	155	194	169	152	
172	182	180	187	183	184	164	
226	238	203	223	211	206	230	
211	204	226	218	249	201	246	
223	232	220	209	218	244	203	
208	242	245	218	211	248	207	
216	224	228	230	219	236	217	
209	211	221	234	241	206	246	
210	208	211	229	227	237	243	
215	229	211	231	244	217	206	
204	229	241	223	225	212	234	
225	226	245	221	238	236	244	
212	228	245	205	214	218	217	
249	200	224	237	212	229	206	
247	241	211	210	236	213	227	
227	234	231	200	238	202	217	
230	212	229	245	218	219	203	
213	224	247	215	230	218	219	
214	207	221	203	211	218	240	
213	243	223	216	232	208	238	
206	217	236	218	247	207	224	
239	209	206	244	218	210	221	
213	245	208	211	215	227	217	
249	210	216	236	242	233	215	
205	210	236	224	201	223	233	
233	226	204	206	202	243	218	
223	231	209	245	213	210	206	
229	201	235	249	246	245	240	
221	241	239	229	236	246	247	
209	215	214	235	246	233	218	
248	204	218	245	230	202	222	
205	241	231	221	220	247	200	
203	207	226	225	213	230	218	
211	236	209	243	227	201	219	
240	216	200	241	219	230	214	
204	223	218	216	248	245	242	
247	249	248	214	240	208	230	
238	207	248	245	211	222	230	
205	202	249	242	207	222	213	
242	201	246	248	238	249	205	
237	201	244	242	218	222	204	
204	237	203	225	234	236	244	
224	237	222	203	232	200	209	
241	224	227	225	234	217	242	
222	242	226	218	240	243	214	
249	217	218	220	233	222	234	
238	221	206	203	212	207	210	
229	235	237	243	241	233	247	
235	202	234	209	224	214	208	
243	202	247	246	234	214	216	
237	224	217	205	220	241	213	
212	239	236	216	243	202	206	
265	291	269	251	257	258	256	
279	263	285	270	296	298	297	
280	297	281	258	279	263	250	
269	257	292	297	285	286	258	
299	278	296	252	281	271	254	
290	257	262	280	277	273	286	
296	251	277	281	286	288	263	
290	281	262	283	287	291	267	
255	297	278	283	275	259	264	
270	259	282	291	287	258	260	
283	256	264	292	284	293	254	
253	277	263	267	255	285	274	
254	251	255	290	264	276	278	
255	265	279	280	298	277	299	
265	267	261	272	283	266	257	
252	251	255	272	257	299	293	
270	251	260	253	263	278	267	
286	252	275	295	274	277	250	
256	293	285	292	295	275	276	
299	254	288	264	295	292	293	
267	275	291	265	264	290	282	
275	271	279	265	266	294	296	
258	297	263	255	254	274	292	
262	257	294	295	286	254	258	
265	293	287	276	294	256	255	
253	297	277	275	289	283	299	
258	250	283	280	256	268	267	
294	265	279	276	277	272	269	
299	262	288	285	265	279	289	
273	268	297	290	288	291	283	
250	272	254	276	262	281	290	
276	252	275	293	268	260	298	
291	282	253	258	284	267	273	
271	298	258	256	254	290	274	
290	296	283	292	277	270	285	
291	267	270	252	268	299	285	
282	293	289	270	254	262	298	
283	297	286	287	256	259	292	
284	296	262	299	261	283	269	
297	289	260	272	261	259	294	
281	290	273	264	299	288	258	
252	250	289	257	258	286	294	
252	282	299	250	295	259	258	
299	291	252	279	270	281	283	
256	280	276	261	288	266	259	
270	273	264	296	257	292	285	
286	292	269	285	295	258	288	
293	292	264	291	263	257	287	
299	281	294	253	262	272	256	
255	270	268	252	290	251	250	
319	327	344	337	300	320	330	
349	313	328	325	302	347	315	
331	345	302	326	323	314	317	
326	332	322	310	337	318	345	
330	342	301	334	308	302	307	
335	311	341	326	346	334	322	
341	333	319	321	317	324	338	
305	345	346	309	308	300	333	
313	341	332	344	317	302	301	
338	344	340	332	331	311	339	
337	303	311	301	315	333	328	
308	349	321	328	325	347	315	
304	349	329	316	300	308	313	
325	345	334	304	341	332	309	
340	309	326	341	334	315	308	
335	311	301	324	300	336	332	
313	318	337	320	303	317	333	
322	302	330	329	348	331	335	
347	310	338	306	349	326	344	
313	304	333	322	348	325	339	
331	300	340	314	344	336	316	
340	336	334	317	308	333	310	
301	328	334	348	338	307	333	
330	337	302	344	333	316	325	
344	341	333	308	304	313	335	
303	331	312	330	318	340	324	
339	316	315	341	303	320	300	
348	327	315	311	324	300	339	
326	325	302	313	307	329	308	
325	333	327	304	306	343	339	
341	337	343	303	311	326	305	
340	330	322	333	312	348	326	
310	301	325	317	338	321	346	
318	334	347	310	327	346	348	
342	336	335	327	323	324	328	
347	301	311	342	319	343	307	
326	306	334	320	311	313	308	
322	333	323	332	306	345	339	
300	307	305	315	340	349	334	
342	306	307	319	312	328	305	
311	316	336	343	332	307	315	
311	300	319	327	313	302	320	
317	332	325	342	305	333	303	
346	329	345	320	344	340	348	
347	349	316	304	327	317	330	
300	322	335	318	317	345	342	
341	340	344	309	328	301	310	
333	302	316	309	346	323	339	
307	314	326	318	316	329	322	
326	311	332	327	316	347	314	
358	389	361	397	374	367	385	
393	352	350	388	398	354	380	
374	384	373	397	363	381	395	
382	369	374	357	368	373	395	
355	361	383	398	374	373	353	
375	356	351	391	350	358	362	
376	369	364	394	392	380	360	
372	387	375	367	360	395	357	
357	393	370	364	367	394	362	
367	385	382	389	377	392	352	
355	388	381	357	395	358	393	
394	368	382	390	385	388	363	
357	353	388	372	383	398	391	
399	375	354	387	381	359	383	
388	395	368	375	380	397	360	
375	361	397	399	385	351	390	
383	372	365	384	356	355	354	
396	380	354	353	387	390	361	
351	374	391	354	385	398	382	
354	369	398	372	383	374	356	
383	395	377	389	369	357	367	
391	357	393	385	379	378	375	
365	372	360	353	369	387	351	
387	379	361	357	381	377	397	
398	382	371	364	351	350	363	
361	365	396	385	382	390	350	
397	363	367	376	354	394	362	
378	385	373	353	361	359	394	
399	373	385	376	383	379	382	
373	378	376	398	371	350	393	
357	395	373	376	375	381	382	
351	386	355	384	387	353	368	
374	389	379	360	355	353	385	
367	360	361	383	372	355	397	
376	362	375	358	355	397	396	
393	371	390	356	357	389	373	
364	396	353	388	397	378	373	
381	369	393	374	362	379	394	
375	395	394	370	353	389	385	
392	386	360	377	354	355	385	
367	370	358	384	356	387	379	
389	380	365	358	375	390	373	
386	377	365	399	352	388	368	
376	386	357	377	351	369	398	
390	383	375	388	372	393	376	
351	392	373	395	370	364	372	
367	377	376	390	374	371	392	
377	355	370	374	361	396	388	
370	359	394	363	360	382	375	
385	382	388	390	370	380	364	
411	416	415	447	442	403	429	
423	439	403	416	407	434	446	
409	446	417	443	418	437	436	
431	404	443	449	416	428	409	
414	418	419	410	427	438	408	
411	446	440	443	405	418	435	
447	435	438	400	429	405	414	
433	426	425	420	444	446	430	
447	406	416	409	443	442	431	
420	404	436	447	446	418	426	
406	408	424	403	439	410	417	
430	449	405	445	435	423	444	
435	418	432	404	410	429	437	
447	438	419	424	406	435	427	
430	412	423	406	415	420	438	
425	436	431	449	423	410	428	
444	445	420	412	418	436	414	
418	437	416	405	412	407	400	
420	410	411	408	432	406	401	
406	401	435	440	422	430	423	
435	420	415	405	444	445	431	
406	405	408	402	401	445	443	
431	407	419	416	418	424	443	
420	417	437	438	433	426	444	
418	410	422	428	431	429	426	
425	413	404	435	422	405	445	
432	421	445	403	434	410	408	
428	433	431	446	425	412	449	
442	445	429	440	410	436	413	
408	430	434	445	426	413	405	
421	414	401	425	435	428	412	
423	417	428	412	442	404	448	
446	435	447	440	413	424	432	
415	437	408	444	423	440	420	
400	408	438	443	442	446	407	
431	411	413	419	439	407	435	
420	410	435	408	406	409	419	
400	424	434	428	405	407	409	
435	442	413	401	408	448	414	
419	418	444	437	401	422	427	
424	406	412	436	402	425	400	
444	448	408	432	434	406	409	
441	435	408	405	425	445	430	
428	406	448	419	435	420	421	
429	444	439	443	447	445	403	
415	437	446	409	434	430	423	
408	440	430	448	438	437	427	
409	430	448	401	418	425	406	
445	413	405	437	418	446	434	
406	404	415	411	428	436	416	
495	494	451	477	479	484	497	
499	457	493	454	459	475	482	
499	491	490	465	460	486	458	
477	462	497	470	471	482	474	
460	467	451	482	479	462	464	
480	474	478	452	465	459	495	
460	495	482	468	463	488	499	
469	450	473	485	472	467	459	
479	481	494	452	496	495	484	
470	460	464	457	462	472	487	
455	478	485	494	496	484	490	
480	490	486	469	455	481	460	
485	479	468	473	489	474	498	
484	483	470	469	494	487	464	
496	482	450	478	484	485	458	
452	470	457	462	480	471	461	
462	493	457	491	484	466	486	
495	459	485	475	470	492	465	
465	469	473	471	477	487	461	
475	462	452	488	486	474	487	
460	466	450	470	453	496	478	
490	487	499	497	464	469	498	
484	454	493	453	487	491	472	
486	487	494	491	462	493	473	
480	472	456	491	483	465	492	
463	488	498	475	483	476	473	
451	474	464	475	481	482	497	
480	490	464	457	481	499	462	
472	468	487	450	469	493	459	
477	472	466	497	486	494	464	
495	460	485	461	486	487	456	
457	452	478	479	451	454	480	
474	493	499	482	483	475	453	
466	467	451	488	476	461	482	
470	455	480	466	479	459	457	
481	450	487	497	468	470	465	
454	469	481	459	490	456	455	
458	462	456	479	499	489	450	
483	456	474	458	473	471	459	
465	485	468	497	499	494	478	
498	495	453	493	484	468	482	
478	490	488	461	466	472	470	
450	462	470	485	498	455	496	
493	467	480	494	452	479	486	
469	488	468	466	457	462	450	
460	488	478	464	459	456	484	
459	473	450	483	464	463	488	
454	491	488	482	496	497	493	
471	478	451	475	456	484	479	
485	451	479	456	472	489	474	
43	48	36	39	35	6	3	17	
26	34	40	6	35	17	12	36	
44	2	28	29	5	7	3	45	
17	14	19	34	26	44	7	30	
18	36	2	31	32	40	20	43	
43	22	5	3	10	6	30	28	
19	2	17	25	18	24	36	9	
8	21	42	2	49	28	25	41	
48	19	26	49	28	6	16	36	
18	14	43	9	23	8	36	12	
10	35	28	46	7	31	40	49	
12	10	13	19	41	1	14	7	
37	47	18	5	1	20	31	48	
17	10	38	36	25	7	18	45	
44	40	46	3	2	19	8	0	
25	40	3	5	36	26	24	41	
15	18	5	47	29	6	19	27	
47	10	6	9	35	26	5	23	
44	28	17	24	10	0	26	6	
12	27	5	6	17	4	22	18	
11	31	38	18	37	26	30	25	
17	27	33	18	0	34	25	37	
10	34	49	38	11	37	13	18	
8	14	29	15	9	7	2	26	
13	0	6	41	30	32	18	20	
42	1	10	26	17	35	14	3	
6	19	27	2	41	8	39	28	
34	41	48	33	23	26	14	24	
12	31	45	18	30	10	17	4	
42	41	40	25	30	24	47	14	
21	1	19	26	32	5	37	22	
23	35	30	8	2	48	29	41	
16	43	3	14	40	18	33	21	
36	17	7	24	40	43	31	32	
15	43	48	49	24	4	13	6	
22	6	24	30	16	42	35	7	
43	3	34	41	13	9	36	35	
4	31	19	25	49	28	44	45	
2	19	31	23	41	12	25	7	
21	32	14	45	33	40	7	27	
6	45	43	5	39	31	9	8	
28	16	39	4	47	26	42	13	
39	28	29	8	32	36	38	22	
24	4	5	44	22	40	34	49	
19	36	45	33	0	22	24	34	
6	24	15	12	33	36	30	0	
19	18	0	43	35	44	46	49	
18	47	31	13	17	38	28	16	
32	42	8	1	38	15	48	36	
31	17	49	6	15	34	32	43	
86	95	72	99	66	58	62	98	
83	52	95	84	51	59	94	56	
51	57	66	78	91	71	87	72	
68	96	51	58	62	64	69	78	
64	50	65	63	89	93	61	97	
97	57	66	67	55	76	86	69	
82	84	62	94	98	85	66	91	
70	59	84	97	83	72	52	89	
78	68	79	50	89	85	56	98	
80	94	93	86	79	65	74	81	
73	65	83	61	82	98	96	75	
63	53	86	62	78	80	77	94	
97	51	78	79	63	86	96	66	
92	93	80	79	95	78	72	61	
86	59	70	74	83	91	67	57	
76	59	81	54	51	61	70	63	
87	80	57	71	72	58	56	69	
57	89	72	93	59	63	90	83	
64	83	63	97	74	71	94	57	
90	87	70	67	91	56	76	50	
95	90	86	98	83	81	73	71	
54	52	87	53	50	88	61	85	
84	79	95	62	67	76	65	51	
53	64	81	74	75	71	63	96	
54	87	95	93	56	59	63	91	
53	91	76	98	64	95	59	90	
92	84	78	71	63	52	97	57	
80	83	60	72	98	95	93	87	
61	62	88	75	68	67	78	57	
53	96	76	86	70	64	69	77	
78	81	80	64	68	76	61	67	
86	90	94	51	82	52	63	75	
99	52	59	85	56	81	77	78	
94	90	92	62	72	50	88	82	
87	50	76	58	67	62	74	64	
66	90	94	68	87	99	91	56	
97	76	77	75	64	81	70	71	
53	61	56	93	68	52	88	63	
89	97	52	85	67	61	95	54	
62	63	77	51	97	78	84	65	
86	56	93	96	59	53	60	58	
98	59	64	75	50	87	90	97	
92	91	86	85	84	57	55	98	
96	95	74	73	78	59	52	51	
98	96	84	57	99	64	67	56	
50	84	66	68	80	52	67	96	
65	55	93	71	83	63	79	52	
84	54	89	57	81	78	68	80	
91	51	75	54	73	84	99	83	
63	97	93	94	70	91	77	89	
109	128	143	144	147	103	134	146	
137	145	121	117	143	108	124	149	
149	112	113	108	119	101	140	120	
141	130	132	117	127	126	110	148	
106	149	139	136	103	121	122	116	
109	111	137	110	107	128	112	130	
134	135	124	103	142	109	128	105	
110	123	137	143	138	142	100	132	
120	141	125	112	109	124	111	117	
138	107	114	121	105	117	141	135	
106	132	137	142	144	123	129	115	
123	130	101	125	138	139	111	107	
104	130	100	120	143	147	137	121	
127	102	111	146	135	139	134	132	
120	122	146	125	124	134	129	100	
137	106	118	131	103	114	143	130	
124	123	130	141	149	110	121	107	
112	145	139	125	128	138	127	130	
109	132	146	126	125	108	120	141	
134	135	127	100	147	125	145	106	
145	146	125	115	121	128	100	102	
141	121	140	124	112	107	114	147	
122	104	136	137	121	149	145	112	
113	135	144	136	112	148	149	143	
106	145	126	108	103	146	135	147	
106	108	138	113	137	100	135	110	
102	145	133	149	127	144	147	134	
148	129	141	106	147	130	103	145	
111	124	137	131	109	103	127	135	
105	123	112	143	149	122	139	107	
103	148	112	133	143	132	142	141	
102	112	136	105	100	117	104	134	
118	107	109	104	147	129	136	149	
119	140	120	126	132	137	143	138	
120	148	110	149	112	118	133	113	
134	129	125	123	143	109	112	147	
143	138	115	128	110	111	100	137	
109	127	125	149	115	101	121	134	
144	145	137	100	141	128	131	134	
114	135	116	149	126	118	140	122	
119	135	137	123	117	149	127	121	
125	146	102	139	113	116	112	137	
105	102	127	145	107	143	117	120	
105	103	145	144	142	113	125	100	
101	100	116	120	141	132	131	122	
142	113	126	109	100	135	123	143	
141	148	106	131	107	116	102	139	
114	111	140	112	117	132	138	134	
138	125	145	133	129	116	142	144	
134	133	118	105	141	124	110	137	
192	157	196	167	198	169	159	152	
157	150	195	186	169	167	188	170	
166	171	158	163	165	161	170	179	
167	175	151	168	174	164	191	177	
195	196	160	172	153	164	163	174	
197	189	186	184	169	161	176	175	
176	163	152	177	172	160	151	187	
187	153	164	191	156	196	186	174	
190	174	159	182	178	172	179	157	
199	187	168	182	174	152	180	158	
196	189	195	173	155	160	180	172	
185	173	168	190	159	199	150	182	
161	189	166	151	190	186	156	160	
174	150	152	180	197	151	160	168	
179	192	169	188	161	166	158	174	
194	189	174	170	166	153	162	177	
184	165	168	150	173	198	185	157	
166	155	154	178	161	184	190	152	
199	182	174	184	171	154	183	180	
198	174	186	178	165	183	166	170	
178	170	169	150	189	153	151	183	
167	154	156	175	159	178	166	162	
198	160	150	193	153	184	157	182	
198	194	177	166	164	196	184	153	
193	184	175	197	194	189	180	159	
157	182	153	155	187	172	176	196	
189	188	175	192	182	198	160	162	
178	169	180	170	188	177	190	167	
177	156	199	160	182	163	159	170	
170	178	196	187	163	183	194	185	
152	155	176	159	158	197	170	169	
166	172	154	156	159	195	198	199	
196	150	174	190	154	199	181	168	
182	180	165	178	176	166	170	152	
185	151	192	163	162	161	194	175	
153	171	158	170	168	198	155	177	
176	174	187	190	191	198	163	171	
198	178	157	152	190	175	177	192	
189	167	184	170	153	169	152	171	
166	193	195	150	182	176	173	188	
161	186	160	165	166	190	172	162	
155	185	180	151	159	190	183	150	
188	175	155	171	174	154	195	161	
157	166	195	160	167	198	168	158	
153	183	199	154	150	169	187	172	
186	181	153	176	175	199	190	173	
157	176	183	189	197	179	190	166	
172	193	198	162	171	196	152	164	
194	193	159	185	166	199	165	183	
160	189	162	156	174	150	186	178	
249	230	205	202	225	206	215	212	
210	222	227	219	208	200	231	226	
220	224	249	201	210	225	222	213	
205	215	237	228	241	222	203	217	
247	240	225	224	203	206	246	238	
235	209	223	222	230	221	240	229	
200	220	233	205	244	216	225	240	
242	231	248	203	206	237	225	249	
211	232	236	212	237	234	203	204	
226	209	208	233	246	229	230	210	
229	230	232	247	219	239	208	248	
244	248	210	237	241	231	214	220	
210	207	228	203	226	222	204	200	
226	225	235	248	244	217	238	202	
202	237	231	211	245	206	204	240	
232	241	240	237	228	220	212	227	
226	214	242	204	238	234	240	217	
218	203	234	200	248	236	238	243	
224	231	212	241	210	219	237	207	
216	243	235	233	221	248	210	246	
229	240	228	213	242	204	210	200	
203	221	233	209	246	208	222	239	
239	213	229	235	225	244	234	221	
225	233	215	249	223	237	213	236	
214	207	213	234	228	203	222	209	
248	219	222	240	213	226	249	233	
218	244	219	240	225	241	211	216	
223	245	227	215	213	204	236	229	
221	235	239	233	240	203	236	226	
221	215	237	229	209	210	206	246	
247	226	236	222	230	218	246	233	
247	220	224	225	202	210	211	241	
237	249	220	213	222	218	246	238	
226	213	225	243	237	214	222	212	
207	221	200	220	227	234	233	214	
242	207	218	245	237	236	226	228	
219	203	201	240	208	206	202	238	
229	221	202	231	232	233	239	236	
202	211	201	242	214	241	200	248	
241	240	230	225	213	217	222	226	
202	212	220	234	207	209	208	229	
216	240	202	228	247	238	204	218	
229	242	207	240	223	210	249	235	
239	241	208	219	242	232	235	209	
200	215	223	218	247	224	211	214	
224	219	236	216	223	204	244	202	
223	208	218	206	240	202	217	222	
208	213	243	248	207	240	212	225	
205	224	220	206	247	239	202	218	
229	242	234	236	240	226	212	241	
261	287	272	268	275	269	298	262	
267	298	286	283	299	281	256	285	
291	268	255	250	270	277	263	286	
281	261	282	259	256	278	264	258	
286	257	284	296	263	279	260	254	
287	297	278	268	259	281	274	254	
251	282	294	272	279	284	275	260	
283	255	250	257	282	289	272	268	
293	292	254	286	278	290	264	266	
254	297	271	275	258	282	278	263	
263	281	290	295	292	254	274	276	
261	287	267	296	256	250	288	292	
274	255	251	265	262	289	269	258	
284	281	286	253	252	250	255	293	
270	268	261	276	285	278	254	297	
294	274	285	292	261	282	260	289	
251	258	299	274	298	259	294	263	
281	255	266	298	288	260	294	282	
294	262	274	297	253	281	257	251	
281	254	269	267	258	299	278	268	
289	255	290	262	284	275	283	294	
280	294	292	265	263	271	281	269	
272	280	267	251	250	297	264	295	
278	282	279	276	272	280	286	258	
256	284	270	266	283	262	254	263	
289	288	253	294	291	285	258	284	
278	271	274	290	259	285	272	294	
270	259	272	297	294	253	298	276	
258	289	280	296	282	283	267	251	
279	271	283	259	297	272	291	255	
273	275	271	274	279	252	283	264	
257	299	254	278	292	286	284	276	
286	270	278	287	279	296	280	254	
250	274	254	276	281	288	280	277	
255	284	287	281	264	295	262	294	
289	268	298	293	271	265	274	275	
281	273	274	294	275	289	278	271	
278	261	272	284	271	296	257	255	
255	265	283	280	267	299	290	250	
268	291	257	261	288	266	255	272	
285	258	253	264	280	293	256	274	
262	266	263	256	267	296	252	273	
291	292	262	279	271	296	268	256	
279	271	294	296	278	257	274	288	
296	285	259	265	267	294	266	274	
294	276	280	252	286	281	285	297	
287	284	297	289	282	271	256	263	
256	263	264	252	257	287	289	258	
276	288	259	267	291	254	253	280	
286	278	295	277	268	298	259	287	
302	333	337	334	307	309	346	321	
329	337	349	322	333	313	326	330	
302	326	300	334	328	316	338	343	
309	349	328	304	315	320	347	341	
302	311	324	327	301	316	328	303	
328	316	320	341	322	337	302	327	
349	338	327	340	308	312	342	309	
306	317	312	319	324	303	311	347	
313	322	315	323	337	300	311	347	
311	315	317	318	341	304	313	333	
314	339	306	331	307	300	313	320	
349	308	317	303	335	310	336	346	
337	314	311	343	330	341	339	329	
325	328	319	335	320	346	310	338	
333	339	308	341	346	325	337	344	
319	325	302	314	336	333	301	317	
320	322	305	336	301	345	335	306	
300	344	349	339	335	333	326	308	
324	316	342	334	338	325	322	349	
347	333	304	348	344	317	338	341	
306	347	311	326	319	304	300	327	
333	327	321	301	343	311	335	305	
339	337	346	319	318	347	330	343	
303	334	312	300	309	342	304	331	
340	344	311	336	348	331	341	300	
329	332	321	302	344	338	315	308	
332	308	330	311	343	316	338	305	
338	344	330	342	334	313	343	336	
315	349	319	302	334	306	300	335	
323	333	330	311	331	313	306	303	
331	349	329	333	312	344	338	332	
335	303	313	337	332	316	318	347	
329	342	322	312	335	311	308	325	
308	309	326	322	300	305	318	349	
342	318	300	303	328	313	346	343	
343	346	339	308	315	320	305	348	
328	334	310	337	308	331	339	332	
306	317	329	345	320	313	302	321	
333	313	317	314	321	325	347	327	
347	341	303	305	349	348	308	325	
343	313	320	310	314	332	311	315	
322	319	320	311	332	344	329	345	
308	318	329	336	311	342	314	347	
319	325	305	335	308	316	320	313	
349	310	348	341	304	312	339	331	
305	336	346	302	332	310	328	348	
313	322	340	301	320	308	319	327	
331	347	328	319	335	340	306	316	
341	335	344	318	345	347	320	348	
306	313	310	300	333	343	324	332	
376	382	387	397	391	375	380	362	
362	395	356	368	378	369	359	367	
397	374	356	365	353	372	385	381	
380	356	355	382	393	373	361	391	
370	396	373	371	380	374	387	392	
378	394	360	361	381	396	382	380	
371	355	385	362	380	399	378	394	
351	379	388	369	389	393	368	397	
357	360	359	381	363	393	373	395	
376	389	390	354	352	360	367	398	
352	393	356	389	373	395	367	365	
390	384	383	351	374	364	389	392	
386	379	376	365	393	378	371	387	
355	352	357	367	387	364	394	380	
382	368	378	371	387	399	370	372	
395	384	362	364	387	399	376	388	
391	368	394	371	383	357	373	367	
359	366	368	376	388	391	360	363	
365	380	369	363	354	352	382	397	
376	367	372	395	370	352	358	356	
353	381	375	394	390	392	366	370	
372	388	380	396	385	397	379	386	
378	393	364	358	382	357	373	398	
362	372	389	356	361	367	391	350	
366	390	397	359	360	396	392	387	
376	396	354	358	370	373	389	356	
386	393	358	382	350	365	379	376	
396	355	390	367	388	380	350	356	
383	394	388	378	369	399	358	364	
382	354	373	371	383	359	380	388	
395	380	382	383	373	361	390	393	
375	365	354	350	398	376	395	359	
371	352	356	381	353	392	387	396	
368	399	391	386	380	369	396	364	
380	378	353	351	386	355	360	390	
359	390	394	364	353	380	397	350	
374	375	366	399	350	368	371	373	
356	389	380	357	386	383	372	353	
375	373	392	376	396	361	366	393	
387	366	388	383	396	384	363	375	
375	394	383	354	392	350	382	368	
366	394	354	361	388	393	386	373	
363	355	379	350	381	361	385	391	
390	357	368	375	382	369	383	387	
367	375	394	360	379	376	385	380	
368	364	390	351	366	372	397	379	
370	378	382	397	351	399	385	368	
396	380	362	385	373	392	374	378	
382	391	367	366	371	394	397	370	
350	359	351	373	394	361	380	352	
420	414	445	404	449	406	417	416	
413	402	427	444	442	437	415	438	
411	423	430	402	404	422	437	432	
417	426	449	443	444	402	405	408	
408	424	444	412	417	402	439	433	
407	447	432	425	436	408	401	439	
422	442	433	409	444	426	427	416	
415	412	403	430	413	424	425	426	
429	437	442	422	435	447	419	415	
426	431	432	429	440	401	449	410	
448	435	410	425	401	441	430	411	
441	445	424	402	423	401	405	442	
421	414	435	436	439	401	403	429	
409	447	437	439	440	441	402	405	
441	438	417	440	431	409	435	434	
448	418	439	414	427	446	425	444	
448	411	434	426	440	410	400	412	
405	411	441	406	437	440	420	413	
406	433	429	444	442	425	400	404	
444	430	440	414	443	445	436	405	
427	410	437	402	448	433	418	403	
429	406	442	409	402	423	419	428	
428	447	449	409	423	433	448	444	
425	432	424	419	437	417	414	413	
427	402	440	425	413	421	449	432	
425	445	402	411	428	448	401	409	
405	419	440	443	410	421	425	406	
449	404	411	429	442	407	421	446	
447	423	401	411	405	433	448	402	
439	414	434	410	446	436	441	420	
413	430	432	405	446	448	441	409	
420	404	424	442	401	419	449	428	
438	417	442	421	411	418	426	440	
432	422	405	409	412	408	440	421	
408	421	413	417	432	405	437	441	
428	419	437	426	414	413	402	434	
437	432	441	418	414	421	444	424	
402	427	436	432	440	413	434	426	
410	405	420	415	404	401	409	449	
427	424	443	425	404	432	406	421	
414	421	401	402	411	428	410	407	
429	401	418	413	423	435	407	436	
407	429	430	435	432	433	415	405	
414	418	423	426	407	413	439	402	
421	417	446	414	401	447	416	448	
401	418	434	420	422	412	407	415	
409	438	404	444	420	405	447	426	
405	413	434	409	440	432	402	423	
419	428	447	448	433	408	440	425	
425	441	408	420	433	405	428	436	
482	459	478	485	450	452	479	462	
499	490	460	481	453	487	477	451	
480	450	496	499	488	487	470	489	
492	497	470	456	485	484	480	496	
462	457	496	460	466	499	458	467	
470	467	476	462	491	469	499	471	
484	485	451	499	463	462	458	477	
478	489	455	495	456	465	493	491	
494	468	465	480	471	450	472	459	
492	450	477	451	491	464	481	480	
490	475	451	493	455	484	463	481	
467	463	465	492	479	475	461	468	
456	461	486	455	466	490	453	474	
482	472	453	452	463	491	485	467	
495	469	455	477	497	466	458	471	
477	482	479	458	476	489	452	494	
478	481	495	493	475	496	499	455	
494	495	489	464	493	480	491	456	
483	491	480	476	460	455	477	481	
452	491	481	463	462	472	476	460	
484	476	496	472	478	452	499	457	
476	459	491	482	481	493	466	451	
450	472	489	484	487	470	480	485	
490	453	461	450	488	472	479	457	
469	467	462	498	487	478	465	466	
454	455	485	474	491	469	467	478	
475	471	473	465	474	478	455	494	
481	466	495	475	468	482	488	465	
471	462	466	472	492	461	482	480	
450	461	492	462	457	475	476	472	
456	475	457	495	472	459	479	497	
457	458	474	478	491	462	482	469	
496	474	464	454	482	478	491	495	
496	462	461	460	451	493	450	484	
493	481	492	486	470	499	474	483	
494	492	460	463	486	458	461	462	
460	491	462	466	467	455	488	494	
474	476	455	452	460	473	497	486	
478	466	492	464	482	495	455	454	
478	496	473	494	470	462	469	490	
456	498	471	453	484	464	486	492	
487	473	498	474	491	477	492	499	
467	462	488	459	456	496	468	493	
469	475	465	483	496	456	464	488	
482	477	461	489	468	464	475	485	
474	491	453	462	482	487	465	472	
465	497	489	466	491	478	474	453	
473	497	453	462	491	468	470	493	
496	491	484	453	498	458	485	451	
486	478	469	477	454	487	467	466	
481	438	372	
493	173	331	
80	2	444	
367	216	324	
409	468	358	
104	241	494	
55	332	26	
187	206	437	
71	256	217	
287	72	137	
221	361	130	
81	12	143	
163	448	481	
32	150	62	
20	184	487	
384	293	225	
415	425	192	
376	417	460	
171	55	243	
469	247	430	
350	281	237	
318	459	290	
337	234	270	
436	475	310	
425	268	301	
431	13	138	
83	208	377	
227	416	484	
246	235	104	
94	296	222	
80	114	490	
351	224	93	
11	295	332	
21	301	53	
406	390	217	
58	214	44	
298	339	449	
308	449	354	
426	272	298	
325	67	475	
384	329	189	
51	391	422	
334	33	20	
358	187	159	
27	360	350	
375	82	10	
272	313	49	
469	347	69	
221	372	472	
316	229	123	
158	199	327	35	
301	28	36	475	
383	467	86	440	
481	235	75	345	
150	339	416	439	
64	426	421	469	
338	52	346	156	
437	406	177	456	
376	180	468	309	
92	298	233	290	
58	63	144	451	
130	184	475	27	
324	327	329	194	
120	22	460	37	
11	108	173	484	
154	492	398	316	
377	102	472	126	
408	121	172	81	
203	322	448	202	
122	452	281	457	
167	389	51	143	
396	366	490	197	
95	289	226	146	
157	17	201	324	
30	351	249	243	
371	464	387	293	
379	187	102	454	
95	409	277	325	
63	377	213	402	
14	242	47	495	
52	304	297	37	
336	391	28	161	
337	316	201	126	
215	93	34	345	
311	353	290	419	
293	182	87	97	
448	479	310	345	
290	256	314	444	
87	358	287	177	
174	347	336	268	
459	190	180	74	
130	119	247	76	
163	85	372	452	
338	72	173	78	
443	245	453	223	
14	158	51	286	
53	319	351	423	
118	448	375	75	
331	193	5	244	
194	323	169	0	
305	368	30	334	268	
371	196	192	485	345	
259	206	43	444	416	
172	244	127	26	257	
437	444	153	221	347	
436	194	266	344	336	
281	30	231	333	129	
124	454	399	167	95	
195	471	446	22	443	
14	143	54	53	222	
15	160	327	71	32	
205	90	247	493	180	
2	116	36	408	360	
388	258	474	331	11	
323	116	486	213	279	
53	151	94	385	100	
282	102	130	15	245	
107	345	210	331	91	
208	468	417	354	289	
290	374	400	238	416	
378	239	150	246	248	
413	114	309	245	166	
425	264	127	477	451	
138	198	150	103	354	
220	278	16	242	443	
301	120	375	464	284	
426	157	164	145	210	
270	330	435	457	100	
420	175	138	310	195	
410	337	355	56	191	
179	156	240	21	270	
268	194	52	73	187	
96	78	82	457	255	
435	150	138	429	251	
247	233	112	255	488	
412	441	23	69	125	
225	451	159	8	171	
117	307	137	113	90	
255	22	401	26	377	
274	122	224	186	387	
288	379	97	150	253	
274	148	365	277	154	
484	184	427	209	10	
434	472	106	433	50	
127	340	130	342	265	
231	219	133	80	13	
447	42	418	265	329	
435	406	392	318	140	
36	130	302	111	240	
271	131	152	276	478	
