11	19	31	17	6	35	
47	5	25	4	17	9	
44	41	0	9	1	23	
43	19	21	9	39	40	
39	5	2	38	28	34	
18	4	34	43	24	35	
17	20	23	34	22	44	
17	44	5	42	18	24	
1	33	44	16	17	8	
5	33	3	4	0	48	
46	17	3	14	44	2	
15	16	39	41	44	23	
28	8	1	5	14	41	
20	13	14	19	3	36	
49	10	11	42	16	25	
36	28	40	20	43	2	
41	47	19	29	15	23	
24	48	10	41	45	4	
28	21	39	30	23	3	
12	9	10	29	31	6	
2	24	21	17	11	10	
47	30	40	10	34	22	
38	22	12	1	42	18	
44	18	20	21	24	11	
22	0	7	42	4	11	
46	37	13	11	42	29	
12	4	13	15	20	33	
1	40	25	12	46	2	
42	14	30	8	17	18	
22	29	7	41	3	9	
2	0	7	28	45	49	
19	20	1	23	3	13	
18	6	11	29	20	1	
19	31	25	24	41	26	
23	32	7	34	44	12	
14	21	36	38	39	7	
28	9	14	1	2	0	
29	45	23	4	17	10	
32	21	40	27	1	9	
26	22	21	49	5	16	
33	13	9	41	14	30	
15	46	40	44	41	27	
36	45	33	12	3	27	
49	2	18	20	10	29	
20	12	35	42	23	15	
6	37	29	19	18	14	
23	9	1	19	22	25	
3	13	45	48	44	14	
44	47	4	11	29	35	
14	17	37	20	8	34	
98	56	74	54	53	70	
55	65	90	58	77	52	
84	88	60	52	89	74	
81	85	59	91	64	67	
62	75	76	67	66	65	
52	54	66	87	77	90	
69	86	52	88	95	62	
68	64	92	95	66	58	
78	72	59	64	53	86	
78	55	71	77	93	92	
93	88	66	70	85	64	
89	84	68	67	58	86	
58	66	76	87	64	62	
77	94	68	88	92	62	
75	89	54	79	51	53	
61	97	63	81	91	94	
93	99	97	51	64	95	
62	93	85	61	92	82	
96	74	66	76	95	50	
84	95	66	63	62	83	
88	77	53	62	89	65	
62	67	94	89	61	59	
98	80	51	91	54	83	
81	96	61	67	58	52	
51	86	81	84	55	73	
74	51	96	93	75	95	
61	64	97	66	88	93	
77	51	86	76	60	63	
64	89	97	70	83	68	
71	55	82	72	66	69	
88	66	50	89	58	85	
63	64	81	77	58	68	
98	59	91	78	70	97	
89	51	67	87	57	56	
69	97	90	59	57	72	
60	66	83	55	80	97	
62	57	76	70	82	86	
71	56	61	54	91	66	
51	82	54	97	78	92	
60	98	71	61	51	75	
82	72	74	57	69	80	
61	98	99	50	58	65	
54	57	50	84	86	70	
65	61	53	76	86	70	
64	68	96	99	60	85	
78	93	60	62	66	88	
90	75	95	99	63	91	
98	88	66	91	68	93	
65	53	67	63	97	93	
78	68	77	87	53	60	
120	129	128	133	132	146	
139	145	142	109	104	119	
142	130	118	145	111	116	
144	138	108	111	105	133	
126	119	125	117	147	111	
136	142	125	137	107	105	
148	102	143	117	106	138	
146	114	104	135	113	124	
115	139	117	128	130	114	
105	111	132	148	138	133	
126	146	117	137	115	116	
111	135	134	123	115	100	
112	126	144	122	116	141	
123	149	102	113	147	119	
102	146	110	132	135	109	
130	134	122	100	139	109	
108	138	103	148	112	137	
125	123	110	109	131	112	
131	133	145	120	119	110	
138	136	125	121	144	137	
119	114	118	137	123	109	
129	125	104	115	130	119	
101	116	121	119	143	126	
146	123	104	126	105	138	
103	105	128	130	129	148	
133	125	136	113	122	111	
105	118	114	102	144	108	
125	126	111	130	110	101	
104	117	100	133	123	128	
111	123	119	134	133	142	
115	148	131	103	141	133	
116	147	143	109	127	131	
115	128	119	144	108	121	
139	125	126	124	143	104	
101	120	119	134	126	143	
114	110	111	140	115	128	
116	109	130	149	119	120	
117	111	149	112	146	144	
140	109	147	132	131	115	
140	130	114	123	128	111	
112	136	123	133	101	109	
131	124	107	118	137	136	
130	119	103	134	144	105	
111	125	119	101	112	127	
104	105	145	142	102	109	
119	108	137	114	136	131	
104	120	144	125	134	128	
140	137	143	141	109	119	
102	106	101	132	116	127	
113	141	143	147	126	111	
196	192	165	184	158	163	
154	177	169	152	195	192	
162	168	180	176	189	175	
153	156	199	186	175	154	
168	184	165	170	178	197	
159	193	178	169	152	197	
168	171	198	179	161	158	
156	193	170	180	183	185	
185	186	193	174	179	164	
190	151	174	173	187	153	
187	176	173	177	185	171	
182	189	172	191	151	187	
194	169	171	173	177	178	
185	182	152	170	153	178	
165	189	157	199	192	193	
161	183	159	168	175	177	
189	162	181	186	165	159	
164	157	185	172	150	178	
160	153	161	155	157	178	
190	165	162	150	156	197	
195	162	197	159	189	151	
167	173	198	161	166	195	
180	173	154	191	195	159	
168	176	152	155	197	177	
181	167	159	196	157	162	
163	159	176	174	198	192	
182	153	196	172	154	193	
156	188	196	179	154	193	
158	155	171	186	159	196	
187	188	172	156	157	150	
153	196	198	179	151	162	
167	157	186	180	199	161	
165	192	181	183	178	198	
173	175	154	151	166	182	
196	180	162	199	153	183	
199	183	175	182	191	160	
156	168	182	185	173	158	
175	182	192	170	163	157	
158	195	174	150	194	199	
152	199	190	198	165	156	
178	163	171	153	152	186	
173	172	182	158	163	157	
182	166	171	168	162	153	
153	176	196	189	195	185	
194	173	182	150	196	172	
192	164	182	191	158	174	
160	198	156	164	159	158	
197	187	190	158	161	173	
161	189	163	180	196	192	
180	172	162	195	182	158	
201	241	226	217	209	215	
221	204	237	218	249	245	
228	227	229	231	247	207	
230	239	233	243	228	222	
240	223	206	207	200	217	
206	210	222	220	207	208	
213	248	215	247	232	203	
218	244	217	211	232	206	
217	225	221	213	229	230	
225	238	202	229	231	222	
205	201	207	208	214	239	
225	248	232	214	222	249	
202	222	209	220	236	248	
203	215	225	248	234	219	
214	239	213	249	212	201	
219	203	232	208	242	207	
248	240	204	209	219	216	
232	245	216	231	240	210	
229	200	214	230	243	233	
204	225	210	221	216	218	
208	235	243	242	217	205	
239	217	249	227	210	206	
220	248	230	226	207	245	
222	236	221	228	226	202	
220	229	201	206	231	246	
223	205	246	222	209	248	
222	207	234	210	216	236	
225	236	241	230	224	234	
217	226	240	200	244	214	
214	210	217	215	230	241	
209	206	230	246	213	203	
212	245	210	215	213	230	
229	240	214	226	249	212	
222	233	223	200	213	249	
219	202	215	211	227	217	
202	220	236	207	219	247	
229	226	246	225	207	203	
216	211	220	228	235	240	
200	204	228	243	227	201	
212	240	225	241	247	211	
223	246	222	219	226	208	
231	228	239	202	225	222	
230	207	212	220	221	201	
203	225	200	242	231	209	
205	223	242	208	235	216	
234	223	228	231	239	233	
221	202	201	234	205	242	
214	206	230	207	209	245	
237	203	214	226	200	227	
232	221	225	227	210	204	
269	255	288	267	273	298	
280	250	295	269	256	297	
273	285	260	297	286	261	
251	294	297	276	257	268	
280	270	266	292	252	254	
280	265	289	261	253	260	
256	252	282	298	255	267	
256	290	297	291	289	272	
284	292	257	270	253	298	
263	291	250	278	296	260	
251	262	258	297	291	273	
278	252	288	269	263	282	
264	288	283	250	299	262	
265	280	277	253	286	261	
273	275	250	295	289	288	
253	250	291	282	292	283	
277	258	275	287	294	291	
254	265	257	261	293	277	
256	272	250	274	255	259	
288	264	263	289	257	298	
270	275	262	252	280	299	
291	293	273	252	287	282	
298	287	253	259	282	280	
275	294	292	295	272	255	
260	295	257	262	256	251	
276	262	250	257	299	294	
258	252	256	255	285	288	
262	298	286	267	272	296	
278	276	269	286	252	281	
269	262	277	257	270	264	
293	295	262	297	283	255	
261	259	272	256	255	280	
294	258	251	292	279	273	
273	261	264	282	250	259	
275	295	269	292	282	281	
282	287	252	276	291	264	
294	290	293	268	282	258	
279	255	287	284	256	298	
294	250	256	286	262	264	
260	281	285	267	293	299	
276	255	275	264	262	269	
274	267	250	261	287	285	
290	255	271	258	256	280	
257	280	284	251	273	286	
282	261	278	264	268	266	
278	293	282	296	255	284	
276	257	267	281	262	254	
259	280	291	269	278	262	
259	250	271	278	267	294	
267	276	275	264	263	254	
302	318	320	348	317	304	
308	329	346	345	344	311	
301	325	302	344	328	348	
339	335	311	303	312	321	
342	329	312	309	349	321	
335	311	330	315	301	333	
348	325	304	319	305	303	
342	333	315	307	305	321	
315	345	329	300	324	310	
347	329	304	324	307	323	
300	323	306	332	308	328	
343	346	333	304	340	308	
321	305	347	314	334	326	
317	315	308	302	307	303	
312	326	348	333	340	313	
335	323	328	331	345	306	
317	340	321	342	319	329	
329	307	331	346	334	311	
325	332	304	324	326	317	
309	311	316	349	325	344	
328	311	325	321	348	315	
314	330	338	340	336	341	
349	323	315	325	305	324	
321	332	311	345	348	335	
310	335	312	313	343	339	
325	333	309	308	338	306	
349	319	339	308	328	348	
322	311	347	338	314	333	
301	309	325	305	330	318	
318	319	312	329	322	321	
317	337	334	340	311	307	
318	348	329	349	301	308	
304	338	343	309	336	333	
319	313	339	348	330	335	
305	306	327	331	322	337	
313	349	339	343	304	347	
309	331	346	314	327	329	
301	318	330	340	311	312	
348	345	315	325	327	343	
325	315	309	348	339	314	
321	341	302	342	348	334	
327	347	316	330	325	312	
335	308	319	305	330	342	
314	331	315	345	303	344	
323	324	305	331	309	348	
301	343	335	342	311	346	
314	319	334	320	333	312	
317	311	333	316	339	329	
326	319	333	328	331	342	
316	317	300	339	315	312	
369	386	367	366	358	355	
389	359	369	388	362	353	
377	365	389	392	387	388	
387	362	370	375	372	373	
358	354	382	381	367	359	
398	351	352	371	361	389	
378	374	381	354	398	390	
380	394	392	390	355	395	
358	374	357	379	355	387	
398	396	388	374	365	393	
358	376	393	374	386	375	
358	392	394	365	387	393	
391	377	388	350	397	374	
399	384	376	387	391	357	
366	381	371	385	375	396	
361	367	357	396	399	359	
382	396	371	384	389	355	
376	378	364	373	370	390	
374	386	358	390	363	352	
374	383	373	385	372	366	
389	378	385	392	353	397	
385	388	392	396	357	387	
350	355	385	363	360	366	
363	360	373	358	399	394	
366	360	354	351	373	384	
358	367	365	368	356	393	
367	385	353	362	390	396	
397	396	393	394	376	373	
354	383	387	355	382	389	
398	363	372	362	359	384	
356	385	397	392	366	390	
356	388	379	362	378	355	
379	383	352	398	394	363	
388	384	391	378	398	364	
386	394	365	375	381	373	
369	392	371	367	389	386	
375	366	388	369	392	352	
360	361	368	390	385	364	
389	397	392	385	380	358	
366	384	351	370	373	383	
368	385	361	398	371	364	
377	395	381	378	368	375	
377	376	363	372	392	388	
375	373	353	398	387	399	
377	366	360	356	357	353	
377	356	350	387	392	395	
373	380	366	369	364	365	
391	368	390	353	396	383	
381	392	372	383	357	362	
363	379	377	364	390	378	
448	415	410	447	408	418	
410	408	407	430	432	415	
401	420	423	424	437	402	
449	403	436	429	400	432	
432	449	428	404	415	439	
401	422	410	413	412	440	
419	432	433	401	423	414	
432	440	407	422	436	418	
446	417	442	433	411	418	
428	436	432	447	412	430	
425	413	435	436	415	407	
405	430	402	414	417	433	
438	407	402	440	442	448	
449	431	402	419	436	445	
439	440	426	407	415	428	
410	401	435	449	437	402	
431	402	445	414	405	439	
403	425	406	415	414	436	
420	428	439	419	421	437	
415	442	402	449	424	409	
414	417	439	447	408	406	
424	443	444	446	442	448	
424	443	447	448	425	431	
432	413	400	436	439	443	
410	443	416	405	425	414	
443	412	442	446	429	420	
423	430	402	445	418	448	
440	444	413	417	425	419	
426	447	418	422	436	416	
439	425	430	421	440	402	
419	444	418	414	426	413	
441	431	401	438	418	423	
411	426	404	435	407	445	
442	408	445	405	432	424	
423	442	436	429	422	418	
415	405	427	411	444	437	
423	415	427	426	421	436	
433	414	410	402	421	448	
430	436	427	418	432	439	
443	439	442	427	407	435	
400	414	403	422	420	428	
433	446	447	404	400	402	
437	416	447	427	446	401	
446	429	409	433	449	431	
409	435	429	433	444	439	
422	404	443	412	423	409	
441	435	442	420	429	417	
404	433	408	401	431	416	
406	401	410	429	432	437	
434	402	445	424	439	436	
486	465	457	483	463	481	
486	466	488	483	497	450	
487	477	462	483	489	463	
485	473	489	490	463	493	
464	499	475	453	488	485	
459	466	463	481	472	460	
488	464	463	496	473	465	
495	461	478	489	470	496	
484	473	466	475	456	487	
485	499	470	472	452	461	
484	492	460	476	464	467	
471	464	483	467	463	486	
453	464	452	466	498	495	
455	461	474	459	463	484	
470	479	491	475	458	493	
494	492	455	478	491	480	
472	497	454	483	494	484	
451	464	482	498	492	458	
468	470	499	460	452	480	
463	468	470	477	451	458	
472	489	498	451	467	459	
465	492	493	478	451	457	
481	484	485	473	496	495	
473	494	477	469	499	464	
491	499	464	460	480	450	
453	499	492	466	462	485	
450	471	498	479	475	497	
492	457	453	461	483	460	
453	479	459	469	473	476	
451	454	469	486	468	478	
496	467	458	475	457	499	
469	480	479	468	489	494	
473	475	477	464	496	458	
486	459	466	453	452	473	
467	484	490	497	493	482	
471	493	496	479	457	461	
459	455	469	454	473	477	
453	472	463	471	470	492	
475	498	481	477	488	491	
458	499	493	492	452	486	
470	491	478	499	464	451	
494	495	476	493	453	470	
463	455	456	467	494	462	
485	492	451	475	489	499	
475	483	471	459	490	476	
457	477	493	497	496	455	
478	475	450	486	479	482	
461	455	468	465	490	470	
487	469	475	484	473	456	
466	489	475	470	486	465	
24	45	49	48	3	35	34	
14	42	10	32	44	37	18	
38	0	21	33	47	29	42	
12	7	46	24	23	42	45	
49	12	31	44	39	4	21	
6	7	33	39	20	14	21	
49	20	22	33	42	31	48	
28	47	16	40	7	21	43	
10	49	33	19	15	36	29	
6	4	33	29	1	27	2	
26	14	18	31	47	44	48	
34	20	45	22	14	44	28	
19	14	12	46	30	15	22	
44	47	34	49	42	33	29	
15	47	8	31	5	18	44	
11	10	46	18	40	27	6	
26	38	24	12	22	20	35	
34	45	43	32	7	5	35	
15	17	31	47	7	28	24	
20	47	21	24	32	35	22	
20	41	5	42	45	32	28	
34	36	43	25	22	32	37	
25	11	41	29	26	21	37	
24	41	15	21	40	14	36	
33	34	0	29	15	24	22	
46	25	21	13	5	11	34	
9	35	24	30	49	5	8	
0	34	23	21	37	1	15	
8	15	5	25	31	43	20	
1	41	24	31	20	23	10	
16	29	39	32	35	28	40	
34	19	46	38	44	9	11	
47	28	24	8	18	34	46	
34	21	31	11	45	44	38	
39	27	19	5	45	33	22	
32	34	33	15	39	2	18	
6	12	14	24	45	5	49	
38	20	26	45	6	37	17	
34	5	4	30	42	10	46	
15	18	9	0	12	2	45	
31	47	9	18	2	13	24	
7	46	20	48	17	11	34	
6	36	27	45	38	8	19	
45	24	47	18	3	8	6	
23	45	20	37	5	25	40	
42	38	23	33	41	3	30	
14	30	12	15	27	13	21	
42	4	46	28	9	40	16	
28	5	29	19	7	49	33	
21	18	38	37	11	16	31	
69	99	62	53	92	58	54	
86	90	73	59	72	58	53	
64	98	75	83	77	79	96	
92	60	55	56	57	77	65	
52	50	95	76	61	71	88	
93	88	87	86	60	78	52	
64	91	62	56	50	75	79	
88	97	81	55	59	66	61	
87	79	81	74	83	61	69	
62	97	82	74	96	84	83	
71	51	52	90	59	88	55	
55	62	71	61	57	84	95	
52	66	60	90	95	63	80	
61	65	75	95	89	54	58	
72	87	95	51	52	56	85	
60	91	95	67	75	87	69	
84	56	69	77	55	93	74	
50	88	96	57	73	70	51	
66	68	85	86	58	63	74	
97	50	78	75	72	74	51	
68	84	58	60	92	72	50	
86	58	51	68	90	60	92	
77	88	59	71	62	81	80	
70	73	96	71	72	66	80	
73	59	50	61	51	75	55	
78	85	55	82	65	71	89	
87	55	60	99	67	82	57	
61	94	95	86	98	82	91	
59	56	84	67	96	81	54	
78	73	92	53	89	95	57	
87	96	65	67	81	83	61	
64	60	66	87	70	81	86	
81	80	74	58	63	82	67	
95	56	80	57	98	93	66	
64	57	68	81	62	60	94	
74	87	59	83	51	81	55	
50	62	78	80	83	67	82	
83	54	59	72	75	85	95	
74	82	90	52	54	96	99	
90	55	84	62	79	98	99	
58	60	97	98	78	55	94	
91	94	53	99	68	87	73	
92	94	53	52	78	99	73	
72	71	65	68	56	99	80	
79	62	89	75	64	92	74	
99	71	97	72	98	81	69	
70	55	67	94	54	51	81	
54	96	72	62	65	63	81	
86	50	65	51	72	83	62	
70	53	69	94	74	99	97	
127	133	105	140	142	149	138	
115	134	127	139	112	117	101	
131	130	115	122	132	104	142	
109	101	133	105	136	115	137	
124	112	127	147	111	138	101	
137	114	130	119	126	132	134	
133	122	114	108	126	145	130	
134	125	122	107	137	144	131	
124	112	119	133	140	126	121	
148	102	143	134	120	117	127	
112	120	118	131	137	139	125	
100	136	149	125	142	138	139	
129	132	143	116	135	144	123	
143	131	135	126	140	125	113	
116	123	145	119	134	149	130	
129	137	100	147	128	101	120	
115	101	120	104	105	127	119	
111	142	140	113	108	133	143	
113	114	112	132	131	135	105	
142	134	106	148	136	141	145	
107	123	120	140	146	142	128	
142	113	135	134	109	140	145	
136	117	107	115	137	127	104	
146	100	124	129	115	111	142	
108	131	120	112	106	133	135	
111	145	116	130	108	143	107	
118	138	136	108	149	124	105	
129	108	149	116	133	122	109	
137	101	135	144	118	113	121	
145	109	125	102	146	129	118	
102	109	108	138	119	145	131	
104	117	112	148	140	116	118	
106	103	102	146	104	119	136	
135	131	123	134	101	102	149	
130	144	134	136	131	124	114	
108	124	149	112	120	107	135	
148	107	145	126	132	140	108	
112	138	147	139	106	109	125	
112	116	138	147	113	127	134	
138	115	123	109	140	110	107	
128	122	107	113	105	101	125	
145	141	139	108	131	121	100	
109	100	102	132	135	127	130	
116	108	101	145	142	131	139	
149	128	141	101	127	115	130	
112	125	138	142	124	132	134	
112	149	124	129	116	123	101	
149	130	131	107	114	108	134	
138	133	100	139	149	120	112	
116	115	146	129	100	122	148	
182	178	175	154	194	187	180	
151	170	168	182	195	197	165	
193	183	184	163	178	169	180	
182	156	174	169	157	165	194	
155	170	159	197	152	173	192	
153	161	198	173	157	164	152	
153	173	151	198	180	183	168	
175	152	178	150	151	181	183	
175	151	170	193	184	189	199	
177	193	151	182	173	164	155	
173	188	185	153	170	165	169	
198	173	170	181	183	189	180	
184	188	159	170	186	195	190	
170	193	177	151	174	176	152	
189	160	155	156	172	199	153	
196	166	186	191	153	180	181	
155	187	151	164	165	161	167	
170	162	167	166	191	150	178	
187	172	177	161	156	196	197	
190	182	178	162	187	180	175	
156	163	180	162	167	168	152	
167	157	156	174	151	179	169	
160	188	196	195	178	155	175	
184	176	196	163	182	183	155	
195	167	185	190	164	154	156	
192	159	183	179	185	177	165	
152	166	183	184	162	165	185	
163	176	174	158	161	199	156	
154	158	188	199	176	173	178	
186	180	152	162	181	150	179	
187	183	169	153	170	198	184	
162	190	195	183	161	168	151	
185	194	152	191	161	165	151	
168	181	175	187	166	182	186	
158	180	170	162	155	197	182	
184	157	179	186	181	178	197	
184	194	172	166	158	190	151	
165	171	172	162	170	185	156	
173	163	170	180	199	164	192	
186	185	150	154	171	169	166	
190	185	155	170	172	153	161	
169	178	193	176	150	183	155	
165	171	195	179	183	193	190	
155	160	183	176	194	185	164	
166	172	177	193	176	150	167	
174	175	163	197	153	164	199	
197	183	165	196	190	194	175	
160	190	189	176	150	163	156	
150	181	188	158	167	178	165	
188	174	158	198	154	199	160	
216	242	221	201	228	224	207	
225	239	236	205	210	222	226	
215	210	201	216	225	209	228	
222	233	213	227	226	242	240	
221	204	211	209	248	247	240	
239	238	232	223	214	208	235	
217	237	200	219	233	212	230	
222	205	206	235	217	229	214	
237	209	242	215	234	248	228	
230	228	231	247	248	221	245	
214	226	211	243	237	220	244	
209	224	243	226	223	203	248	
227	212	221	225	203	200	248	
229	210	235	248	211	236	242	
247	228	249	227	203	205	222	
223	234	209	229	204	205	230	
229	240	245	222	203	227	236	
215	247	223	245	239	211	241	
226	245	248	239	241	234	213	
206	248	212	214	229	204	242	
229	211	221	246	203	210	204	
204	217	225	210	208	219	244	
236	238	246	211	213	244	239	
205	215	212	219	248	238	235	
246	227	237	206	211	222	225	
221	211	234	216	230	214	215	
221	220	235	234	222	223	229	
212	213	242	225	238	233	210	
209	228	219	206	214	243	202	
207	248	232	239	209	226	202	
202	219	210	237	225	205	239	
203	230	210	201	235	222	214	
233	217	220	247	243	200	223	
204	219	243	235	218	230	241	
215	200	239	206	205	218	236	
204	235	241	220	234	202	226	
228	204	223	246	242	219	218	
235	217	241	213	214	209	203	
203	236	215	233	244	230	221	
245	200	221	208	201	220	216	
222	242	200	211	203	219	208	
216	243	215	248	224	247	200	
212	245	213	238	208	234	233	
240	217	219	211	227	210	218	
216	241	206	210	238	219	242	
236	233	201	222	215	206	234	
238	213	236	201	209	230	239	
241	204	219	237	239	225	212	
242	244	246	241	230	211	228	
241	211	225	208	242	217	224	
263	268	267	297	262	287	295	
254	272	279	257	289	258	253	
294	278	271	290	256	289	263	
299	250	278	283	252	277	286	
250	285	296	262	268	280	278	
261	297	266	263	289	284	257	
298	272	283	255	299	268	277	
251	284	273	271	252	263	266	
258	256	295	290	299	274	253	
298	266	282	265	257	252	269	
271	285	266	251	269	296	290	
252	276	274	268	275	287	257	
284	282	270	255	298	263	269	
281	276	284	282	268	260	298	
291	251	277	276	286	275	284	
290	288	271	284	267	295	270	
250	266	294	254	260	269	292	
297	279	264	272	294	293	282	
277	279	286	273	282	260	275	
299	252	260	283	276	264	285	
268	285	284	263	262	277	298	
254	293	253	250	277	259	251	
297	298	280	289	261	294	286	
272	290	274	263	256	262	271	
273	292	265	263	294	283	250	
261	263	254	264	251	271	289	
253	263	251	299	267	297	296	
298	252	282	274	260	295	290	
266	281	290	267	255	278	299	
252	270	293	254	283	299	284	
277	256	283	263	296	281	275	
279	259	251	266	288	258	268	
254	289	266	278	264	274	269	
269	286	254	256	266	275	251	
260	288	297	292	273	272	281	
271	280	259	273	262	265	282	
281	293	259	278	268	255	275	
287	285	286	266	293	253	263	
273	297	283	295	277	284	250	
283	282	276	298	279	258	296	
292	260	290	294	251	261	278	
269	298	264	257	252	263	299	
261	288	270	276	263	267	274	
272	271	294	282	295	265	292	
270	294	251	279	266	292	282	
274	271	282	283	250	279	278	
271	270	265	293	252	264	274	
250	298	299	282	271	283	255	
261	280	257	253	258	275	273	
261	290	295	254	292	250	291	
322	310	302	307	349	343	319	
303	307	310	322	327	331	333	
340	324	347	334	348	306	308	
332	330	321	324	338	301	320	
342	349	308	311	319	336	347	
315	349	334	324	313	336	325	
329	327	340	316	305	338	326	
320	306	341	311	304	303	318	
324	300	340	339	315	319	330	
333	342	341	302	344	301	315	
334	345	302	306	320	335	316	
308	305	311	317	334	327	321	
309	324	312	346	304	347	339	
322	314	333	311	345	318	336	
340	336	346	315	309	316	349	
334	344	317	328	331	300	322	
347	336	312	329	344	345	325	
311	301	345	319	323	322	316	
316	344	307	302	340	304	327	
311	326	308	321	317	301	331	
302	336	341	301	326	331	329	
304	330	322	345	349	319	316	
308	312	330	319	307	328	316	
304	329	311	333	301	337	344	
343	316	309	341	327	319	346	
344	306	314	329	342	309	305	
304	341	347	313	334	319	312	
339	322	329	300	332	347	338	
344	312	309	340	330	317	311	
308	324	340	306	328	303	327	
330	307	336	345	331	346	302	
346	337	321	306	327	326	331	
334	306	333	341	338	328	303	
325	324	340	308	311	317	305	
300	348	320	309	329	325	339	
316	339	303	322	330	310	309	
304	323	310	334	347	335	314	
310	348	344	346	322	312	319	
331	339	329	334	330	303	335	
322	321	318	327	300	320	311	
300	337	341	334	301	319	324	
302	323	325	317	349	305	307	
349	347	327	334	317	313	336	
317	305	311	333	301	325	307	
327	330	303	347	333	318	320	
333	334	335	304	309	322	306	
319	308	346	324	306	325	313	
309	334	305	325	326	322	344	
317	304	336	333	347	342	322	
339	301	314	313	310	304	334	
354	360	372	358	364	359	363	
397	368	365	390	361	382	357	
398	376	366	367	371	386	378	
384	366	391	388	396	359	394	
371	370	388	378	356	354	379	
391	384	365	380	356	372	363	
350	352	394	364	363	360	362	
362	377	352	351	367	393	399	
354	375	374	372	371	398	394	
382	367	361	357	380	389	363	
395	385	394	371	354	383	397	
382	364	363	366	367	399	361	
397	378	371	384	357	392	380	
357	393	395	386	391	396	379	
366	381	376	354	397	389	372	
396	388	398	394	352	357	362	
356	365	375	383	396	363	398	
365	389	375	379	381	366	392	
364	380	363	395	356	370	391	
367	389	379	376	395	369	385	
391	396	363	388	371	350	373	
387	352	395	368	378	369	386	
386	353	367	389	397	399	371	
397	364	356	388	377	363	370	
392	374	352	358	388	355	399	
378	370	358	393	383	392	390	
389	359	398	383	364	351	382	
372	395	359	398	371	350	375	
361	362	372	366	363	354	389	
393	360	369	356	395	361	375	
399	367	385	358	365	379	368	
365	379	374	393	360	364	351	
356	390	354	358	394	360	375	
354	382	357	350	372	364	374	
373	379	389	391	353	362	356	
365	386	384	366	394	361	354	
381	384	390	372	382	356	360	
377	380	393	390	391	359	398	
386	399	358	352	364	389	363	
371	397	399	382	398	362	375	
380	355	361	366	376	379	350	
391	366	393	350	371	386	373	
390	367	388	375	393	376	354	
392	391	350	358	386	362	365	
358	390	385	365	366	355	386	
378	366	395	373	369	362	376	
360	374	390	367	382	362	357	
381	373	365	371	355	375	390	
364	384	398	365	368	381	363	
366	395	359	353	389	367	390	
419	434	427	414	423	421	411	
405	421	422	400	444	414	439	
402	434	444	438	441	426	425	
429	449	440	402	416	409	422	
424	414	410	421	407	412	447	
432	406	421	445	403	448	449	
400	413	434	438	423	425	402	
412	403	414	428	441	427	435	
423	439	406	438	420	431	447	
411	435	439	443	421	414	431	
424	409	436	441	406	413	416	
402	433	419	401	426	443	412	
448	401	416	403	404	429	410	
424	422	419	423	401	446	433	
416	421	408	419	437	449	425	
418	443	438	421	432	410	441	
415	448	412	447	407	419	420	
437	431	420	445	400	441	416	
407	442	426	402	424	425	418	
430	427	421	409	417	420	433	
419	449	444	448	426	402	420	
446	415	402	424	421	443	449	
408	428	423	426	437	406	429	
433	402	420	409	443	407	426	
433	439	414	430	449	419	422	
413	435	407	415	442	429	427	
443	439	429	405	430	416	409	
428	422	442	438	421	426	444	
443	448	435	447	449	409	408	
428	408	435	436	402	431	447	
403	405	437	404	420	401	419	
448	441	426	403	412	436	438	
443	424	403	422	439	407	428	
425	414	404	410	426	448	447	
425	442	420	417	408	437	435	
407	405	418	444	445	406	449	
422	440	430	448	408	400	427	
401	416	404	423	407	427	445	
410	401	426	438	404	444	430	
424	402	411	403	442	429	413	
410	437	400	447	405	420	432	
445	414	449	442	405	444	446	
420	425	442	439	418	422	429	
421	437	439	413	408	436	424	
428	443	423	416	404	449	410	
418	402	437	416	424	440	442	
446	448	443	434	405	441	427	
436	441	434	409	422	401	430	
432	431	436	406	441	410	404	
433	416	402	405	403	411	413	
487	486	496	461	469	480	475	
472	453	487	486	455	451	461	
453	472	492	468	486	491	459	
480	467	472	493	497	479	498	
471	464	490	473	489	452	458	
494	497	458	450	469	491	468	
472	452	462	473	455	463	469	
491	486	470	498	475	463	487	
465	451	492	476	456	499	477	
466	472	465	499	469	456	489	
473	471	457	475	469	464	491	
489	497	467	496	456	450	487	
456	471	488	463	461	459	452	
455	456	498	481	495	457	466	
475	463	472	462	465	487	497	
461	495	467	462	493	469	497	
458	478	455	497	463	465	499	
479	460	455	452	482	454	461	
451	471	463	487	477	488	457	
455	476	456	471	470	479	496	
475	483	465	463	456	487	493	
479	469	493	452	490	467	481	
495	451	474	480	464	479	467	
493	461	487	458	454	495	491	
473	468	492	485	462	466	491	
495	455	463	462	454	479	476	
497	459	484	469	471	466	464	
482	477	493	457	471	464	450	
477	465	469	482	494	497	489	
497	452	460	487	482	483	478	
473	489	460	498	451	452	453	
466	488	481	473	472	469	456	
463	499	478	476	474	477	459	
459	488	484	494	479	477	499	
453	484	471	468	463	475	474	
489	470	496	473	492	477	499	
470	467	469	479	472	483	496	
489	463	497	453	476	474	469	
470	486	494	462	499	479	489	
451	468	472	471	450	470	464	
467	472	459	475	490	454	458	
453	468	497	452	485	479	473	
491	499	479	468	456	489	473	
465	477	481	467	478	471	489	
465	454	498	484	479	455	491	
453	485	489	461	472	463	477	
454	497	464	483	480	465	453	
493	487	452	467	471	466	488	
487	454	463	466	499	470	495	
465	476	486	497	481	468	472	
5	21	9	10	31	44	7	46	
20	42	5	38	4	22	28	45	
17	31	41	23	26	25	37	6	
35	29	1	41	9	19	12	21	
37	47	15	36	38	25	42	4	
11	8	37	19	41	17	3	26	
3	13	17	29	32	34	8	23	
43	6	40	32	20	44	12	47	
23	22	2	25	44	28	8	12	
23	46	38	35	4	33	3	30	
4	48	36	16	8	32	26	20	
18	4	6	49	28	36	21	41	
29	10	47	46	24	3	15	38	
38	20	10	14	12	15	23	24	
26	3	17	25	39	6	19	5	
32	47	19	13	20	49	41	30	
31	2	25	11	21	13	7	48	
6	39	34	48	47	24	31	5	
3	21	13	1	22	8	28	31	
45	8	31	25	41	21	7	40	
42	11	13	40	41	26	20	36	
35	39	40	25	41	24	7	10	
14	38	39	20	44	11	15	2	
0	12	17	2	15	47	46	4	
18	27	34	33	6	26	41	48	
36	34	18	6	13	43	44	1	
13	26	36	18	12	6	3	41	
28	2	7	21	10	4	44	37	
14	25	31	48	46	18	4	3	
24	9	34	6	10	45	36	0	
30	6	32	35	0	39	12	2	
31	7	25	19	30	36	34	16	
5	47	22	14	28	15	9	23	
31	38	13	12	43	15	1	8	
12	43	31	33	44	20	42	4	
2	44	24	21	14	36	29	15	
48	45	11	5	40	19	43	27	
41	13	18	34	35	19	6	40	
41	25	47	22	20	0	35	28	
22	38	46	21	37	35	5	8	
4	6	8	36	25	7	21	22	
47	42	49	33	48	35	44	15	
35	5	32	31	42	34	12	40	
13	39	26	35	21	8	44	9	
13	19	22	37	30	47	11	20	
44	48	36	39	2	47	20	1	
42	12	9	28	46	33	8	10	
47	12	3	48	15	5	35	39	
43	8	48	40	37	36	11	39	
23	21	0	35	24	7	28	39	
98	71	63	51	83	77	88	53	
96	54	83	82	92	93	99	81	
92	69	85	51	88	52	59	54	
51	65	77	91	99	67	61	54	
53	66	70	68	61	88	71	62	
66	93	96	80	65	51	53	78	
58	77	62	52	71	98	97	80	
53	77	76	75	58	88	59	50	
76	51	89	54	71	68	88	52	
90	93	91	75	50	63	62	74	
53	54	90	61	81	89	91	85	
93	83	80	98	88	57	65	69	
78	63	52	98	88	64	57	67	
83	54	58	65	57	78	56	95	
91	71	55	65	50	99	95	84	
79	81	84	62	94	64	55	59	
63	92	87	66	61	77	75	65	
91	94	81	90	61	87	95	73	
54	84	99	67	98	85	80	53	
82	96	88	79	81	63	57	64	
72	86	73	65	79	60	57	62	
69	53	55	72	97	60	94	78	
70	72	97	67	98	93	69	84	
99	63	91	87	96	79	72	76	
74	91	70	85	66	89	99	73	
86	60	62	59	85	93	50	90	
70	99	57	78	50	54	77	62	
54	74	86	70	69	72	87	75	
61	77	75	57	94	63	99	70	
79	65	81	88	54	78	50	83	
94	66	53	52	75	64	77	78	
99	52	61	98	68	82	60	65	
55	84	62	63	54	89	58	69	
53	96	94	62	90	95	71	89	
78	55	67	71	97	73	58	92	
66	78	69	87	86	88	97	53	
97	59	82	89	96	88	84	58	
57	66	61	96	52	68	85	75	
58	50	74	97	57	63	96	95	
80	82	66	52	59	88	50	51	
86	84	52	90	81	62	58	94	
63	56	67	59	84	95	51	97	
71	92	60	62	78	52	69	58	
99	96	53	74	65	94	86	56	
87	60	83	70	65	93	86	67	
61	56	72	52	60	91	99	66	
93	76	68	65	94	81	75	51	
87	99	79	61	62	85	55	70	
73	83	54	70	90	86	78	85	
91	55	64	65	86	88	78	94	
136	110	146	118	138	149	129	147	
104	108	119	107	125	106	113	121	
142	135	133	148	128	100	120	131	
109	144	105	111	148	127	102	137	
140	141	126	129	147	144	145	118	
113	115	140	126	100	138	114	142	
129	109	149	137	145	121	120	119	
112	116	123	114	103	128	102	140	
117	135	143	104	105	107	142	119	
119	128	109	112	144	103	130	131	
116	123	103	125	146	131	126	144	
119	105	140	143	108	136	106	126	
116	108	131	120	148	119	138	139	
106	104	140	109	144	126	119	147	
108	134	127	112	142	106	118	109	
123	122	137	115	105	131	126	141	
124	135	121	119	110	128	101	130	
148	126	125	111	128	137	120	139	
138	110	132	134	131	101	113	149	
132	141	124	144	145	134	117	135	
138	110	107	126	104	130	136	105	
137	144	131	108	122	117	147	136	
110	125	116	134	100	122	149	136	
126	106	141	125	113	149	121	117	
128	105	138	123	103	111	117	114	
132	119	114	128	141	104	135	131	
113	101	141	114	131	110	100	125	
144	103	121	114	110	107	129	149	
126	145	110	118	113	103	112	148	
141	116	148	121	102	103	139	142	
141	102	128	137	114	146	107	143	
148	140	100	129	103	114	106	115	
127	133	130	124	135	119	128	106	
113	121	107	100	143	135	144	145	
124	139	107	105	144	115	111	130	
131	116	101	109	127	110	137	103	
106	117	136	149	102	116	146	114	
111	148	105	101	140	141	135	147	
118	132	128	140	114	134	139	109	
114	110	113	104	129	102	123	146	
109	146	131	118	116	105	128	137	
106	126	148	142	141	127	130	100	
147	141	122	119	148	124	129	100	
113	101	103	116	106	123	118	133	
133	115	112	145	119	122	140	121	
142	114	104	116	140	137	101	103	
121	126	117	102	113	104	128	140	
141	142	148	115	100	136	119	125	
104	136	102	128	118	105	145	129	
129	138	110	106	148	127	124	111	
155	172	157	179	177	178	169	188	
175	198	171	188	163	196	191	153	
154	158	179	157	166	159	189	163	
180	190	186	189	187	182	188	198	
174	194	171	155	186	162	160	191	
175	169	187	196	159	176	185	154	
189	162	161	195	164	172	192	163	
184	177	179	192	162	150	165	169	
199	180	151	188	195	150	155	163	
152	179	164	180	181	189	172	175	
195	178	193	156	180	194	158	173	
158	165	196	150	182	184	198	189	
152	177	192	165	172	168	196	180	
199	171	173	181	194	187	180	188	
166	189	186	175	176	192	155	182	
171	194	169	198	195	177	193	150	
152	163	166	160	159	167	162	181	
189	153	196	185	186	199	151	168	
182	184	187	159	158	151	180	163	
166	187	198	176	168	183	171	199	
198	180	183	153	176	193	154	172	
160	193	190	165	153	173	178	155	
152	190	174	167	162	157	186	184	
190	150	178	168	155	175	159	171	
198	188	154	161	194	183	155	190	
153	192	182	158	172	197	184	185	
181	162	165	197	196	166	179	180	
159	170	181	175	186	190	196	189	
175	167	158	166	182	163	152	187	
189	173	186	175	159	152	160	179	
190	182	177	161	197	193	158	183	
169	191	197	194	174	161	199	190	
193	198	152	183	167	197	182	163	
175	173	159	195	197	156	164	182	
153	158	159	189	175	192	152	171	
168	190	182	185	166	150	151	156	
187	157	154	164	185	195	158	199	
178	179	167	199	191	185	152	155	
183	175	188	154	169	195	150	170	
158	192	174	153	167	169	178	190	
175	174	161	158	199	179	151	189	
194	172	184	174	169	153	188	199	
198	172	191	177	179	163	160	162	
169	168	154	174	179	186	183	163	
158	181	171	198	199	167	183	176	
178	188	153	190	161	164	186	160	
192	194	168	183	193	190	189	174	
152	169	176	192	153	173	195	158	
171	176	160	199	164	152	179	154	
170	194	188	183	192	175	195	155	
206	209	240	229	215	208	239	223	
212	245	246	209	224	238	240	207	
226	243	249	216	239	201	205	233	
230	211	245	214	232	208	244	241	
212	210	232	222	236	239	215	221	
246	200	207	221	224	248	203	239	
225	245	237	202	235	208	207	220	
226	206	202	248	223	214	245	239	
216	202	230	210	238	226	219	224	
241	221	225	205	208	215	226	234	
207	223	233	246	234	220	235	247	
223	230	201	203	202	248	211	214	
207	201	232	208	203	239	218	212	
229	218	236	207	205	240	209	202	
220	204	245	217	224	239	225	247	
215	213	224	244	204	231	241	238	
216	227	236	233	205	230	219	204	
211	208	206	212	246	205	213	231	
206	218	230	234	224	214	226	246	
245	248	211	225	243	224	206	223	
228	200	236	229	226	222	204	206	
206	241	236	222	232	230	245	229	
235	216	225	219	228	209	247	236	
233	202	245	223	221	236	203	229	
210	201	238	246	200	226	224	216	
238	240	209	204	218	241	227	202	
229	209	234	211	219	245	244	233	
246	200	231	242	245	224	221	223	
221	239	208	226	215	228	222	203	
203	218	235	226	223	228	234	241	
204	247	235	203	218	206	245	213	
210	218	243	219	213	223	211	214	
227	239	222	218	228	207	229	231	
207	229	243	204	249	232	211	228	
227	224	230	245	211	249	231	243	
210	231	249	244	202	239	228	213	
222	225	229	213	243	220	205	201	
215	212	233	225	244	239	221	231	
206	247	231	248	234	217	220	216	
247	243	224	204	211	248	202	220	
241	210	249	230	227	224	213	238	
228	231	237	244	203	212	249	205	
231	228	235	200	210	214	220	223	
222	237	228	223	238	246	211	249	
244	232	238	203	212	215	231	222	
244	206	246	204	226	245	207	241	
214	235	236	243	226	216	201	230	
245	210	218	222	230	236	214	234	
226	217	221	214	248	230	224	218	
204	238	229	226	213	216	240	228	
255	261	251	269	286	250	252	278	
266	290	293	260	276	272	268	273	
259	278	277	264	253	265	271	274	
276	274	262	275	292	293	261	273	
259	277	288	282	281	279	270	258	
298	275	293	272	271	283	276	297	
271	261	286	297	256	290	262	255	
272	254	287	255	294	253	296	292	
254	276	267	259	257	283	251	290	
295	258	266	285	276	282	289	280	
295	260	274	280	270	265	290	279	
266	291	292	284	272	294	271	282	
256	264	266	290	293	274	284	252	
258	290	270	264	271	259	256	294	
287	275	276	295	286	273	272	251	
271	275	267	288	252	295	289	294	
253	297	259	270	269	267	281	274	
277	275	265	257	285	294	288	276	
267	291	268	299	273	295	281	250	
272	282	268	258	255	263	279	265	
284	293	254	279	278	297	294	299	
279	259	266	275	251	270	289	262	
278	250	253	288	265	255	280	296	
285	263	294	290	299	289	292	281	
286	297	261	274	250	294	268	296	
297	267	268	270	250	286	296	256	
251	261	275	274	290	296	295	271	
292	299	261	276	297	269	253	278	
296	284	283	293	276	270	295	259	
283	290	277	278	292	257	291	259	
276	274	263	278	257	289	282	283	
291	296	294	269	275	265	276	251	
257	284	275	282	295	274	294	286	
262	284	294	252	258	273	280	266	
285	269	276	273	282	258	284	266	
279	257	274	251	254	250	259	264	
254	273	261	287	253	284	290	252	
259	291	288	284	268	257	290	264	
296	258	277	273	274	292	288	283	
272	255	286	256	258	268	288	263	
298	278	257	286	267	259	250	264	
255	274	288	277	284	251	282	275	
266	275	265	268	260	259	288	250	
274	292	286	297	251	260	278	281	
255	285	277	254	251	264	278	276	
294	269	296	272	295	252	299	282	
265	291	271	266	263	272	275	269	
295	286	253	297	251	258	264	293	
268	282	281	262	283	288	274	287	
268	290	291	278	263	294	292	276	
315	326	324	305	333	330	304	320	
334	342	316	315	325	318	327	309	
339	304	334	321	325	345	342	333	
334	346	301	316	338	348	323	322	
340	311	315	322	307	342	335	339	
306	317	303	314	337	319	305	324	
305	339	327	341	347	332	348	328	
324	334	327	330	347	318	309	339	
315	322	304	340	313	312	334	318	
345	306	317	339	349	302	328	335	
301	341	329	342	331	340	330	325	
337	303	334	316	313	310	339	344	
336	325	301	347	343	306	312	349	
344	310	316	332	342	338	303	317	
312	303	345	314	340	346	331	318	
345	316	319	335	337	313	339	328	
335	334	319	313	325	321	317	331	
309	343	345	322	308	336	314	317	
320	335	325	324	322	312	343	334	
317	319	342	329	343	307	313	315	
316	307	345	309	343	334	339	320	
313	338	314	345	333	334	336	330	
309	331	307	303	347	343	336	317	
305	332	310	303	300	324	335	347	
301	309	325	342	331	317	327	323	
331	326	311	341	345	304	313	316	
330	339	347	344	302	312	311	324	
340	311	314	316	300	304	336	339	
347	316	336	335	320	313	306	318	
317	305	308	334	319	344	322	342	
300	304	331	345	330	346	311	318	
308	330	324	310	319	315	313	337	
302	338	345	319	348	306	317	314	
347	302	318	328	334	330	338	319	
307	346	347	305	319	304	300	331	
317	303	327	347	307	301	344	348	
321	332	348	330	324	312	304	301	
317	322	336	306	324	331	312	346	
318	302	313	325	324	303	326	330	
316	341	335	333	313	325	326	327	
341	309	328	331	326	316	336	311	
303	324	307	302	341	333	317	312	
347	312	301	310	307	318	303	346	
321	307	315	329	323	313	322	341	
319	311	345	312	333	332	302	301	
328	310	331	316	324	349	347	341	
344	331	304	317	345	346	321	341	
331	318	326	340	327	305	316	343	
321	317	338	318	323	330	340	348	
315	330	309	345	349	331	313	333	
379	369	350	352	356	393	360	386	
350	362	368	351	359	382	389	358	
350	370	394	379	395	392	369	375	
393	376	360	361	380	372	358	397	
377	382	381	374	380	369	352	373	
351	369	392	398	359	396	365	350	
386	376	352	365	360	361	377	398	
385	353	355	398	354	382	358	384	
396	389	361	351	379	382	395	399	
386	374	370	368	377	382	364	393	
355	382	390	386	365	352	375	369	
385	389	360	372	395	370	354	394	
382	377	398	378	354	376	367	387	
359	392	397	398	385	377	350	381	
390	381	364	399	369	383	365	373	
365	353	361	397	350	386	370	392	
393	396	359	371	388	389	360	355	
370	380	355	375	360	354	350	367	
352	377	372	369	383	360	368	390	
353	358	359	362	350	384	374	389	
357	397	371	393	351	370	398	392	
388	376	362	372	381	399	366	391	
394	358	384	397	371	356	360	380	
361	388	354	384	377	364	389	390	
360	386	377	372	364	350	394	357	
376	380	353	385	386	381	358	391	
390	377	355	371	381	352	370	360	
378	395	384	354	367	350	368	359	
396	394	358	366	386	355	360	376	
398	386	371	380	375	372	351	374	
387	375	354	381	372	352	358	366	
398	379	351	378	352	380	385	376	
369	391	362	352	366	379	398	375	
398	390	368	351	378	389	383	396	
390	388	389	382	351	391	373	395	
371	389	354	364	374	366	359	388	
379	399	361	388	370	383	385	371	
372	397	350	351	376	390	382	398	
381	360	386	390	378	357	370	359	
395	381	366	365	373	360	382	352	
368	388	381	376	359	351	374	366	
391	360	388	386	398	353	381	358	
369	372	373	396	380	382	383	360	
389	381	362	357	372	387	360	392	
353	373	369	389	358	366	387	374	
365	373	394	352	358	350	380	368	
369	352	386	355	384	351	392	394	
386	396	391	355	351	371	356	370	
357	361	367	382	363	380	399	365	
375	382	360	352	370	364	374	390	
438	418	444	404	419	412	416	405	
449	413	428	421	429	433	447	438	
448	446	431	415	444	424	436	411	
426	429	441	413	449	401	410	417	
420	413	430	407	414	443	438	445	
414	434	410	448	447	405	436	408	
432	444	431	439	436	414	405	424	
406	402	448	414	405	426	429	433	
449	408	436	416	424	417	433	421	
409	432	447	400	413	443	428	408	
439	445	401	408	428	449	436	426	
400	424	431	430	415	419	447	442	
438	444	416	435	431	409	439	403	
425	440	434	449	414	401	423	416	
446	433	436	441	449	407	444	414	
417	408	433	434	448	441	413	403	
419	438	440	403	441	413	443	401	
413	430	439	424	434	437	404	431	
429	417	424	415	432	435	431	446	
418	422	405	436	421	425	442	439	
431	412	415	426	428	416	434	430	
418	445	407	442	421	434	424	408	
444	415	411	403	410	434	435	416	
401	441	445	417	442	411	447	426	
415	405	435	429	425	442	436	412	
414	427	401	422	406	425	428	448	
426	411	435	423	417	412	436	443	
441	437	434	404	443	433	405	408	
437	418	406	438	415	409	419	416	
429	423	424	408	442	420	407	443	
437	433	401	441	405	421	430	416	
434	417	418	411	423	427	447	421	
426	435	410	404	447	409	400	449	
447	401	437	428	406	404	431	440	
422	420	424	437	413	449	431	426	
434	439	444	406	409	422	440	449	
417	424	449	420	427	419	425	437	
417	407	429	449	443	432	415	412	
401	435	449	431	436	417	448	416	
428	439	427	436	431	422	429	403	
414	449	428	420	429	425	435	430	
443	403	437	423	427	421	411	408	
405	438	427	426	413	400	435	433	
434	412	411	402	400	448	436	401	
434	427	438	404	421	448	414	422	
412	448	439	443	440	425	445	402	
418	443	425	446	441	433	408	415	
433	430	407	417	408	427	434	414	
411	440	422	430	433	402	400	443	
401	418	412	444	408	413	415	438	
474	479	452	492	451	481	496	467	
455	483	486	468	488	475	485	454	
479	487	459	495	485	469	476	491	
458	460	493	486	482	450	497	453	
468	476	461	456	469	457	473	484	
473	465	488	472	468	481	480	490	
482	492	480	461	471	484	452	470	
494	476	490	483	486	460	491	458	
455	480	466	458	473	465	482	479	
458	499	480	478	471	475	468	487	
495	491	483	470	459	468	473	480	
460	498	482	488	472	457	469	456	
455	488	487	454	489	492	456	463	
499	469	451	493	478	455	477	462	
457	492	472	493	460	463	477	461	
493	464	489	499	485	459	454	461	
461	480	468	456	482	477	457	483	
495	479	456	477	499	492	496	457	
489	458	467	478	492	499	470	477	
456	496	497	476	489	498	487	477	
457	490	467	462	492	470	482	466	
471	499	457	479	462	466	460	492	
466	488	454	477	458	482	468	450	
478	475	495	485	488	453	472	467	
492	456	489	491	479	478	487	468	
457	492	452	475	464	451	466	479	
481	470	471	453	454	497	478	466	
451	471	479	474	499	466	452	455	
470	455	474	482	461	489	491	464	
460	465	466	496	464	473	485	491	
469	455	476	453	463	479	450	477	
466	489	453	473	470	450	457	482	
453	457	499	455	488	458	462	472	
468	462	472	474	477	461	483	486	
495	496	453	494	499	451	457	463	
478	497	474	464	473	460	465	450	
499	464	493	467	474	451	456	473	
455	477	481	476	470	487	486	457	
463	450	461	453	488	496	486	452	
466	455	470	482	492	453	485	457	
454	482	462	499	480	467	477	491	
470	471	481	489	488	464	487	467	
467	480	487	477	481	494	475	450	
498	493	451	480	477	497	499	476	
453	474	493	467	484	454	499	468	
459	472	497	486	456	465	477	490	
462	467	475	458	493	489	496	454	
454	455	463	478	465	467	489	480	
469	472	492	470	490	478	482	499	
480	460	478	450	464	496	499	459	
