28	11	17	7	48	45	
43	39	11	6	33	24	
35	7	25	11	0	49	
26	47	9	21	15	41	
47	27	13	5	35	28	
41	36	32	23	17	18	
12	35	9	18	8	26	
28	30	10	21	31	22	
29	21	43	23	11	5	
1	6	0	14	48	40	
40	22	41	9	42	21	
17	36	5	28	38	39	
0	1	3	18	33	29	
40	33	8	0	7	6	
2	48	14	31	29	30	
29	34	11	47	22	48	
0	24	32	8	35	39	
37	42	33	17	15	22	
43	26	1	21	19	33	
32	27	47	5	7	8	
48	13	44	45	9	36	
20	6	22	45	23	1	
30	37	13	45	7	2	
17	20	31	15	26	40	
3	31	47	15	0	45	
11	4	23	36	27	16	
1	32	19	0	43	47	
38	17	31	46	3	7	
6	0	40	36	38	5	
4	19	17	20	14	44	
27	22	26	9	15	37	
43	13	11	5	9	33	
21	26	35	9	32	25	
22	32	0	40	1	17	
1	15	5	12	22	45	
23	44	27	24	29	32	
39	5	23	45	43	7	
3	13	15	43	27	40	
39	49	37	32	30	41	
6	12	14	26	29	35	
28	46	13	37	11	12	
47	38	49	15	46	6	
31	18	10	36	22	7	
11	39	19	48	38	20	
20	19	48	23	3	18	
24	30	34	4	44	46	
15	13	7	31	32	37	
45	28	34	39	47	24	
4	49	8	2	33	40	
49	41	11	23	19	16	
52	98	78	73	87	97	
78	69	65	90	97	68	
86	59	95	53	88	72	
62	65	76	82	86	50	
96	74	76	69	83	58	
50	52	61	69	53	83	
80	90	65	83	97	68	
99	95	86	84	75	58	
97	79	63	55	87	80	
62	95	69	81	94	72	
96	69	74	94	89	50	
84	56	60	53	75	87	
84	59	60	93	81	96	
52	89	50	99	69	86	
66	65	64	97	57	75	
99	96	91	76	73	75	
73	52	92	84	60	54	
77	56	75	89	81	64	
56	71	72	94	81	74	
61	84	53	77	66	90	
58	72	69	94	92	50	
87	88	89	76	93	77	
76	89	69	78	86	84	
51	92	84	69	50	80	
79	50	85	65	86	54	
99	97	68	85	66	51	
65	99	73	56	97	50	
98	52	70	56	93	91	
90	50	69	63	65	52	
53	97	95	59	69	85	
62	57	69	61	59	73	
63	87	95	67	70	92	
58	83	52	87	75	72	
66	81	69	51	57	59	
85	58	64	94	55	59	
54	82	75	85	53	50	
68	56	85	54	76	99	
62	64	89	59	92	83	
82	97	64	71	65	91	
91	83	93	77	90	66	
80	79	68	74	55	62	
69	65	88	61	76	77	
94	93	72	56	69	64	
78	69	94	73	66	82	
82	53	86	92	88	56	
68	82	96	75	62	66	
71	90	82	97	81	99	
88	86	84	70	91	78	
55	96	78	68	89	54	
55	84	53	72	60	89	
130	111	109	110	103	120	
126	104	129	125	148	115	
135	123	142	110	146	136	
135	145	118	108	131	126	
132	144	138	140	124	110	
107	126	140	143	135	149	
122	102	125	107	106	113	
141	148	116	108	131	135	
109	102	105	132	130	103	
105	104	120	124	107	113	
114	104	106	108	119	147	
101	114	109	123	145	105	
100	143	130	149	117	146	
101	104	140	130	116	149	
145	107	147	130	146	106	
125	112	128	117	149	116	
126	141	142	148	144	116	
128	108	132	102	122	107	
115	110	107	120	117	144	
131	128	103	104	115	101	
138	134	107	149	127	136	
146	115	138	102	143	128	
110	105	120	149	125	101	
104	112	143	138	115	142	
118	125	130	109	132	149	
148	104	140	105	147	103	
116	142	126	129	114	106	
115	129	103	127	116	112	
105	118	141	128	134	140	
124	134	108	145	127	137	
139	131	128	147	109	149	
120	131	125	104	114	143	
122	120	119	110	121	112	
101	126	121	125	100	147	
101	117	120	105	100	147	
105	142	106	145	102	118	
116	131	100	109	130	108	
135	122	146	109	134	121	
142	111	130	106	149	102	
129	115	139	142	143	134	
132	121	149	128	140	114	
137	147	145	118	101	104	
146	127	137	125	126	135	
115	102	130	114	134	124	
118	129	143	115	145	102	
105	133	142	116	122	134	
136	116	115	144	123	105	
129	149	143	145	130	126	
119	123	103	114	140	124	
144	131	135	140	114	122	
155	153	199	182	173	191	
160	193	192	151	177	172	
180	189	170	182	169	199	
175	192	157	180	160	169	
158	188	159	179	172	156	
159	179	197	186	171	174	
168	176	192	165	190	150	
175	195	197	171	187	153	
173	152	183	196	163	181	
168	171	151	178	170	187	
181	187	163	165	158	177	
194	189	178	156	151	163	
150	169	167	155	161	194	
165	177	199	158	162	187	
150	152	194	172	187	177	
167	188	165	187	166	178	
169	158	166	157	155	191	
158	176	155	194	188	185	
196	173	188	185	177	192	
158	186	196	180	189	156	
187	163	177	178	167	158	
188	154	184	181	155	153	
161	154	185	155	166	183	
174	182	173	162	181	167	
192	177	150	176	157	166	
185	170	188	164	190	171	
196	189	194	181	166	185	
170	181	172	188	185	196	
176	168	170	185	193	171	
171	177	168	181	196	170	
187	169	198	199	196	182	
193	189	191	170	197	173	
155	157	168	181	179	154	
163	191	199	195	179	176	
198	168	189	152	164	163	
171	184	183	189	196	166	
170	182	171	192	198	184	
197	165	153	190	156	191	
161	190	195	179	150	188	
178	196	174	184	190	185	
178	173	161	180	188	176	
189	183	198	154	156	178	
177	158	168	186	187	193	
185	192	188	160	164	151	
175	150	171	161	182	160	
150	182	176	172	197	192	
178	153	169	152	162	182	
167	170	175	198	191	199	
178	186	152	162	166	158	
169	159	182	163	189	185	
213	247	211	203	210	224	
206	200	204	210	212	226	
208	220	230	223	214	211	
234	213	200	238	228	225	
241	201	238	240	225	231	
206	221	218	247	234	214	
204	239	247	229	225	210	
242	205	222	230	249	241	
246	244	206	208	238	225	
242	248	213	249	239	240	
218	205	220	245	244	208	
211	215	204	224	237	223	
234	249	243	204	208	246	
235	229	213	215	243	236	
230	226	239	208	232	200	
218	213	247	214	241	240	
244	233	243	221	217	215	
243	234	244	202	215	221	
232	217	209	242	244	229	
204	208	241	232	224	203	
210	208	235	228	237	212	
219	204	241	212	248	208	
210	207	224	246	211	232	
213	230	223	243	214	203	
242	243	205	206	207	211	
226	212	224	242	202	238	
209	236	225	235	234	245	
205	231	243	203	228	201	
239	214	206	227	245	224	
222	203	239	243	207	237	
248	222	246	211	221	207	
238	240	227	202	245	218	
211	205	226	245	238	232	
214	236	232	205	217	239	
226	222	204	245	205	216	
246	214	228	209	223	241	
249	222	201	202	235	240	
227	248	206	249	207	232	
228	206	234	218	230	210	
230	249	236	246	226	210	
242	237	221	240	238	220	
211	229	227	237	239	218	
241	210	212	213	202	208	
213	203	219	230	244	210	
215	230	221	248	204	210	
210	218	224	222	234	225	
206	202	241	201	234	215	
224	236	232	206	248	234	
246	243	224	205	235	213	
236	210	231	232	204	201	
290	268	299	283	287	264	
273	261	280	265	282	253	
261	268	253	260	263	299	
281	266	280	284	277	271	
276	272	286	292	285	287	
284	271	283	295	292	286	
265	283	291	269	296	290	
286	276	284	270	281	258	
296	279	254	281	274	265	
276	290	254	293	289	272	
258	261	268	281	251	274	
274	286	290	256	270	292	
290	275	265	282	255	298	
280	266	292	267	297	271	
293	275	254	274	280	264	
260	250	254	295	291	258	
277	284	293	280	266	276	
294	253	258	263	281	292	
284	259	251	254	278	279	
292	259	276	290	254	263	
250	276	288	278	257	280	
298	279	281	254	255	253	
267	283	275	286	253	260	
287	250	272	296	254	263	
298	290	281	284	283	252	
288	294	296	278	284	263	
284	259	256	288	276	285	
280	277	261	258	283	262	
296	267	280	299	261	266	
278	288	251	287	290	268	
275	260	267	265	294	297	
268	260	295	294	256	283	
273	254	293	294	270	297	
287	279	285	258	257	289	
271	265	258	297	284	289	
284	265	272	285	266	281	
264	278	271	273	290	287	
297	260	258	262	280	270	
251	293	258	288	295	265	
298	293	272	284	277	285	
293	282	295	289	255	263	
275	270	294	266	259	273	
298	268	295	266	270	261	
254	287	294	284	288	298	
289	264	250	263	295	284	
287	271	279	262	272	255	
276	270	251	288	280	266	
259	252	297	251	271	295	
270	263	296	266	276	292	
273	281	289	284	268	253	
310	339	344	312	305	336	
327	301	331	303	306	315	
338	320	301	337	326	335	
336	306	319	334	342	325	
340	333	347	335	330	325	
339	346	345	322	311	342	
345	301	316	324	328	347	
306	346	341	314	324	348	
337	309	340	308	313	312	
302	345	312	324	325	307	
339	323	319	322	320	332	
311	329	313	308	305	319	
327	344	341	324	329	307	
333	336	324	320	323	347	
313	318	340	342	321	325	
340	315	326	337	321	307	
311	307	346	316	319	331	
331	317	325	341	324	333	
314	342	320	326	333	324	
309	312	331	305	301	304	
304	322	331	320	338	310	
342	323	320	300	311	349	
336	340	330	321	331	320	
326	343	329	331	305	308	
333	329	330	347	324	327	
317	318	334	321	302	308	
301	307	305	342	320	343	
347	332	341	319	309	343	
300	304	347	306	317	349	
344	338	321	330	346	310	
312	347	334	326	342	337	
333	301	339	314	311	313	
327	323	348	334	326	319	
333	326	343	316	319	346	
339	312	318	330	349	341	
310	309	321	308	345	349	
335	334	332	348	312	344	
311	300	303	321	316	340	
305	329	335	337	333	319	
310	315	328	301	326	303	
337	347	300	339	348	309	
331	346	320	305	303	339	
344	348	306	339	324	313	
330	335	317	306	340	332	
339	322	306	310	347	308	
341	306	311	304	305	319	
330	321	335	329	307	300	
344	309	304	328	317	302	
319	312	330	313	331	316	
325	336	323	316	348	333	
355	365	379	367	388	386	
374	364	363	376	354	394	
388	370	378	397	361	396	
351	393	357	395	371	372	
384	377	372	376	380	373	
398	362	361	393	379	368	
361	386	351	366	373	363	
360	390	378	394	371	353	
383	388	378	355	367	361	
368	356	396	369	374	360	
361	360	396	389	377	394	
390	384	362	391	394	378	
357	358	390	373	382	386	
390	376	375	374	380	395	
368	351	382	396	356	384	
371	369	391	373	366	368	
386	395	377	387	366	399	
363	390	358	365	375	364	
375	365	366	384	371	360	
399	395	357	388	355	394	
396	395	379	394	367	374	
352	374	364	378	393	388	
372	393	385	359	395	378	
382	389	397	398	354	386	
370	364	399	396	363	381	
368	351	381	395	391	377	
380	382	391	375	353	370	
378	351	394	380	379	352	
366	398	394	374	388	353	
394	367	375	391	353	385	
365	370	383	361	357	368	
356	383	388	380	370	396	
365	384	359	367	354	372	
354	396	378	382	384	353	
384	393	379	383	387	395	
394	377	381	392	361	359	
397	398	363	396	360	392	
360	384	364	397	350	365	
384	389	377	388	380	361	
364	384	363	383	386	374	
361	369	379	351	396	385	
359	374	379	353	361	398	
362	391	384	399	370	365	
377	385	354	361	376	365	
399	392	351	372	358	395	
376	357	378	393	396	377	
392	395	355	387	396	361	
367	392	386	358	380	379	
375	390	362	361	355	392	
375	356	395	370	363	368	
408	419	433	402	436	441	
429	432	434	415	416	444	
404	444	434	409	403	442	
439	449	447	420	446	426	
433	410	407	445	415	426	
440	420	430	401	404	414	
401	438	424	429	418	447	
415	447	401	444	426	421	
438	449	407	401	409	440	
431	429	406	422	417	447	
423	428	418	405	410	438	
410	420	430	411	442	421	
426	444	438	419	413	408	
438	426	414	410	420	444	
406	441	403	416	435	415	
438	432	434	443	414	419	
447	418	422	424	414	445	
420	401	424	425	404	411	
441	432	422	409	416	408	
425	412	420	449	438	426	
406	421	436	418	413	402	
429	417	407	437	433	416	
410	441	424	423	421	401	
432	436	414	425	400	402	
437	442	431	405	415	443	
445	432	420	435	438	430	
424	417	410	414	406	437	
436	421	417	439	441	415	
424	448	431	438	422	408	
408	425	401	440	426	421	
445	435	443	444	409	431	
449	405	438	402	428	445	
407	400	416	412	425	435	
412	449	413	407	410	414	
445	430	419	428	440	438	
422	442	410	444	435	418	
403	406	446	402	407	414	
426	402	427	447	425	419	
412	415	436	406	435	419	
410	405	414	435	417	443	
431	402	423	430	406	443	
446	447	448	432	431	407	
414	439	427	412	438	445	
432	429	419	409	415	406	
423	449	429	411	406	410	
446	413	426	431	408	422	
441	421	429	445	436	440	
404	414	437	425	435	411	
418	430	400	435	437	432	
400	437	429	403	440	421	
480	474	497	453	477	466	
451	493	499	495	483	498	
493	486	471	469	453	484	
475	495	464	479	468	493	
498	499	493	480	484	487	
474	477	480	481	486	498	
478	473	450	476	469	497	
495	474	477	492	459	485	
486	450	482	477	470	457	
482	472	491	456	468	452	
476	461	471	494	473	465	
483	468	471	495	493	469	
455	467	493	476	466	484	
482	485	484	469	455	495	
480	494	465	475	492	463	
483	480	491	487	485	498	
485	470	467	465	457	493	
451	486	488	495	456	481	
461	474	457	456	452	489	
470	488	474	472	476	459	
476	492	487	485	498	470	
486	484	457	464	460	477	
450	480	467	460	464	497	
485	495	471	465	461	494	
476	457	469	450	496	464	
495	471	460	462	464	497	
474	468	460	498	451	482	
460	497	456	455	487	474	
464	484	478	462	496	452	
477	479	480	450	467	482	
470	485	491	495	499	463	
469	472	473	498	477	462	
456	495	484	482	498	470	
473	489	484	458	459	481	
462	453	458	496	455	467	
467	466	481	472	484	461	
453	492	456	481	457	451	
494	457	482	466	495	480	
496	464	492	481	456	487	
499	497	492	451	489	495	
470	450	468	462	476	484	
455	457	488	474	476	469	
453	487	494	491	451	462	
498	478	456	451	453	470	
469	480	490	461	471	489	
476	499	467	458	481	462	
465	498	457	452	489	479	
478	475	497	473	462	492	
454	486	489	498	479	451	
497	459	451	496	464	473	
22	38	26	27	48	14	23	
2	23	13	42	32	14	39	
39	15	11	45	28	20	12	
38	32	30	6	18	0	31	
9	13	42	4	46	6	45	
43	39	13	26	5	18	9	
49	4	32	29	6	2	11	
8	19	16	40	21	3	29	
16	20	36	12	14	48	8	
5	40	21	13	18	35	43	
11	27	6	40	14	22	20	
29	37	49	25	39	12	19	
6	37	28	24	35	48	36	
38	46	42	3	32	19	40	
6	28	34	4	3	11	13	
8	12	34	1	5	17	31	
42	47	38	3	5	19	32	
38	43	11	16	35	40	41	
24	37	45	34	4	5	47	
32	19	4	18	49	38	40	
29	26	1	10	32	39	3	
34	42	12	4	23	41	26	
32	23	1	22	0	5	25	
35	24	14	10	44	28	42	
30	49	19	29	48	12	6	
26	0	13	2	6	45	39	
19	29	41	27	23	3	43	
40	23	25	28	16	8	46	
22	18	24	30	38	46	41	
16	12	9	29	6	13	28	
1	23	17	29	0	49	43	
16	5	49	41	0	3	45	
26	0	17	27	6	23	16	
49	5	28	9	4	44	37	
25	22	40	36	33	48	9	
46	35	17	29	15	47	1	
2	30	44	12	27	9	45	
44	33	26	48	28	15	25	
32	34	6	26	24	15	25	
27	5	44	29	1	0	15	
30	11	49	17	14	47	38	
17	21	35	25	12	18	41	
47	35	6	5	27	36	2	
4	22	26	20	38	31	42	
5	20	44	30	38	11	39	
11	28	8	19	36	2	20	
42	14	18	23	10	9	28	
36	19	1	28	41	42	44	
21	23	44	2	4	1	33	
4	13	27	18	40	29	21	
68	73	82	97	70	89	93	
59	54	56	92	91	58	80	
89	86	57	62	56	77	82	
87	92	50	94	83	75	71	
57	50	93	54	52	61	97	
70	66	53	97	54	94	56	
84	95	74	62	88	78	57	
77	67	59	86	66	75	87	
80	90	99	75	72	53	98	
62	74	90	52	97	65	92	
99	70	83	64	56	65	52	
86	58	63	96	68	56	65	
86	65	93	96	99	50	92	
94	73	91	56	57	96	72	
86	66	81	59	80	72	58	
72	98	91	86	51	93	73	
70	54	82	55	95	85	57	
65	87	72	73	50	69	96	
77	94	65	58	50	68	76	
95	69	94	71	56	86	63	
85	68	91	97	62	99	55	
94	92	50	71	74	81	61	
55	81	99	75	53	64	80	
72	59	88	92	66	82	93	
90	76	87	58	59	63	84	
52	85	51	73	91	71	65	
88	52	69	77	83	57	94	
54	71	94	50	95	64	57	
97	61	81	57	53	62	91	
60	84	82	76	89	70	72	
73	54	91	67	68	94	66	
85	98	89	88	64	68	74	
89	51	97	50	62	69	90	
91	53	99	57	95	71	66	
87	86	89	88	56	75	79	
79	84	69	53	55	87	51	
50	56	76	77	93	85	98	
82	77	69	87	88	70	86	
52	60	76	94	82	89	75	
90	89	62	97	85	95	73	
85	59	74	56	71	98	82	
84	76	75	77	57	78	71	
78	89	80	93	75	61	65	
86	92	87	82	97	57	79	
58	66	99	79	67	60	83	
94	68	59	63	89	50	92	
59	52	74	60	87	99	94	
86	71	57	75	59	60	83	
93	73	57	54	97	67	72	
82	90	51	65	61	58	54	
137	115	133	101	126	141	130	
126	137	149	117	105	115	122	
139	141	146	106	118	147	105	
120	130	109	131	112	114	108	
112	115	106	122	144	132	129	
111	132	104	131	106	116	113	
141	140	104	145	125	121	135	
149	148	147	145	126	109	142	
128	109	104	116	145	138	103	
145	146	114	106	105	103	140	
118	142	131	127	123	129	148	
100	120	110	142	137	143	105	
146	111	132	139	100	125	104	
106	125	100	145	103	140	117	
142	141	101	135	109	107	149	
136	115	124	129	147	112	123	
135	142	138	145	120	146	123	
133	138	100	122	120	118	132	
129	143	130	144	131	126	140	
146	107	134	104	108	119	114	
100	130	148	110	128	135	145	
139	121	149	119	113	123	138	
126	146	145	130	117	141	139	
105	131	147	125	128	122	111	
103	135	117	114	108	109	118	
131	124	110	105	122	123	130	
107	121	120	124	147	128	133	
102	120	143	146	130	118	101	
149	146	106	142	131	134	143	
102	122	113	136	126	134	142	
120	148	141	103	142	131	121	
108	133	124	107	115	142	143	
137	123	130	148	120	118	136	
123	117	108	144	136	114	107	
118	139	123	141	132	148	103	
103	129	109	149	115	136	104	
142	102	149	145	128	107	122	
138	120	115	136	123	112	148	
146	100	139	116	138	112	106	
120	121	126	142	111	123	141	
107	133	116	121	102	110	111	
111	131	129	105	115	146	127	
129	111	127	131	112	102	140	
132	130	109	106	105	147	127	
100	138	135	116	131	108	109	
129	118	146	143	137	134	139	
107	134	111	105	115	145	110	
103	109	119	128	102	108	107	
136	105	139	116	117	104	118	
125	105	126	131	106	122	140	
189	157	192	195	150	174	175	
199	195	156	151	175	166	164	
187	150	163	168	172	167	189	
150	172	195	177	184	174	188	
168	172	163	192	174	190	180	
157	199	175	168	170	159	181	
160	162	153	191	167	192	187	
192	159	185	167	194	172	189	
196	180	177	186	191	181	151	
180	179	161	199	197	191	190	
198	174	186	150	153	157	161	
190	153	189	165	175	184	194	
163	177	195	182	172	194	175	
165	197	164	180	168	187	189	
178	189	151	169	156	193	157	
197	193	159	189	163	179	164	
166	154	196	174	171	176	181	
195	171	159	199	181	177	186	
181	191	179	192	180	155	189	
150	199	163	151	197	185	190	
151	180	162	185	194	157	171	
167	158	185	150	160	173	175	
182	156	179	195	183	168	191	
152	186	197	177	182	181	189	
183	188	192	155	185	164	159	
165	173	167	157	151	194	188	
150	191	154	197	189	192	163	
168	191	189	180	164	183	150	
163	155	182	176	177	173	186	
183	153	173	179	159	196	158	
164	165	153	177	180	182	159	
195	176	174	181	180	188	185	
170	162	194	163	199	185	180	
173	155	183	170	195	156	150	
173	165	192	154	150	164	171	
178	162	174	170	181	177	175	
169	187	167	161	198	181	188	
187	180	195	162	174	156	152	
177	163	181	158	199	162	164	
162	170	176	199	166	186	180	
161	153	176	175	157	177	181	
199	187	183	179	154	171	193	
154	169	167	190	176	156	198	
177	178	155	160	193	191	156	
170	150	164	155	185	187	197	
175	191	151	174	183	197	162	
198	169	182	180	176	181	172	
184	167	199	171	177	152	189	
191	153	182	185	170	195	172	
150	164	156	179	172	154	162	
247	200	225	227	203	214	242	
234	245	224	202	203	247	208	
221	216	202	206	231	245	234	
224	236	215	217	225	222	242	
210	227	224	205	209	248	243	
231	244	249	240	205	241	216	
247	239	203	200	212	246	223	
236	223	205	247	224	246	239	
249	238	216	244	243	232	206	
224	221	214	204	239	215	235	
243	226	222	216	228	246	230	
245	243	204	226	241	224	203	
218	235	209	219	230	241	210	
215	227	218	222	217	230	248	
219	235	237	233	220	230	215	
224	233	246	204	230	235	231	
203	219	240	239	232	229	247	
221	241	208	207	224	202	231	
226	210	212	221	241	219	203	
238	209	248	229	232	221	249	
213	221	246	210	249	204	201	
232	228	204	203	221	209	217	
244	226	214	223	239	224	248	
239	240	221	245	242	246	213	
224	232	200	221	235	228	240	
222	207	232	237	230	246	233	
209	244	235	229	238	212	237	
233	203	225	231	248	209	219	
218	240	229	215	230	203	244	
219	202	242	211	227	236	239	
219	248	240	226	246	230	245	
204	244	219	206	208	225	238	
219	218	239	240	212	244	237	
220	226	224	205	212	214	245	
212	239	206	204	207	233	222	
201	207	230	203	221	212	227	
203	224	249	234	233	211	246	
216	203	217	248	234	225	241	
200	224	239	209	217	216	212	
248	228	201	232	205	234	204	
221	203	216	209	230	220	224	
212	238	246	242	207	217	200	
218	217	230	245	223	239	210	
237	229	241	230	227	246	244	
210	221	242	247	204	215	229	
233	222	240	200	211	238	232	
221	232	228	241	244	236	218	
205	244	201	203	204	221	217	
240	212	215	206	234	221	200	
222	246	237	239	200	228	209	
292	252	290	279	296	287	264	
290	277	265	267	272	292	275	
253	256	290	287	264	254	269	
293	291	288	267	277	299	292	
276	261	295	278	263	299	251	
255	259	286	273	263	257	278	
275	294	265	266	278	264	260	
263	251	254	269	298	294	289	
265	250	273	275	292	286	267	
288	276	274	280	287	292	256	
286	298	295	284	276	258	257	
279	271	268	299	292	274	259	
256	296	265	286	264	273	262	
291	299	293	266	286	255	252	
271	298	268	281	251	254	273	
275	288	269	291	289	277	287	
274	293	269	282	278	255	280	
261	264	263	269	279	260	255	
256	299	295	276	254	274	275	
268	290	260	258	251	278	274	
296	297	287	290	277	269	263	
256	267	251	255	274	257	299	
299	264	266	255	275	297	250	
287	284	275	257	279	260	263	
251	295	270	259	266	253	271	
277	257	250	252	296	268	289	
277	281	292	250	253	258	286	
289	263	296	272	259	250	257	
278	291	294	296	262	254	289	
273	267	296	276	257	287	292	
297	280	293	286	259	290	260	
293	296	261	263	269	294	250	
267	269	280	279	255	253	260	
253	277	287	256	270	250	281	
256	291	276	254	289	290	273	
295	274	269	266	253	250	256	
288	276	293	295	289	284	258	
291	267	254	297	275	258	299	
257	291	270	256	271	293	259	
273	287	295	297	267	252	286	
282	258	250	292	285	291	283	
260	274	269	256	258	273	261	
273	253	259	286	254	260	261	
275	264	286	265	254	276	293	
283	276	251	291	297	287	260	
285	253	261	262	289	298	272	
277	281	294	253	270	261	260	
279	272	261	258	298	259	267	
257	261	297	299	271	253	260	
258	296	284	290	285	291	256	
312	311	338	341	323	301	314	
303	338	313	345	329	339	333	
309	341	339	348	315	329	340	
314	343	313	333	319	337	323	
303	341	319	300	317	321	331	
343	301	303	347	332	328	307	
321	308	345	319	338	342	317	
315	316	327	340	346	335	318	
331	346	344	307	341	316	335	
327	341	331	309	318	301	332	
348	310	306	328	340	344	345	
306	311	301	327	342	302	313	
348	306	300	342	328	336	308	
328	348	301	325	312	316	326	
333	345	321	310	301	348	307	
338	343	337	306	304	313	314	
322	324	329	318	310	326	334	
346	348	323	336	320	347	316	
341	334	328	348	303	310	316	
334	344	304	321	347	320	335	
343	337	315	307	339	316	334	
303	305	333	328	312	334	324	
306	317	332	339	313	302	321	
343	346	306	302	342	325	328	
310	337	333	329	307	318	327	
304	349	305	337	325	341	342	
338	300	339	342	330	319	314	
346	309	331	330	310	317	337	
343	332	339	317	348	306	338	
338	323	345	340	320	322	344	
308	321	309	336	345	305	340	
307	317	327	313	301	339	303	
344	326	303	304	335	329	327	
343	321	303	319	334	310	341	
335	330	302	315	310	336	321	
302	315	339	338	325	335	304	
339	307	319	323	349	303	300	
320	335	329	339	343	316	341	
335	333	340	331	312	304	308	
340	321	331	318	304	314	338	
314	305	320	331	308	330	328	
330	348	336	319	346	343	328	
306	343	308	334	336	304	301	
302	342	337	316	323	305	321	
311	343	340	337	318	339	300	
300	318	339	322	330	327	340	
319	325	339	340	311	332	304	
305	347	324	303	349	304	315	
349	306	334	347	341	318	328	
327	302	348	323	332	307	339	
350	375	386	382	368	393	367	
351	399	355	363	362	392	350	
387	358	372	399	397	364	382	
387	382	350	378	356	358	386	
355	363	375	372	351	388	353	
368	373	351	397	384	383	352	
393	381	357	397	399	382	389	
386	372	365	366	374	364	387	
367	350	353	389	365	387	351	
365	386	372	362	356	377	398	
392	376	363	354	390	353	366	
387	360	399	386	394	388	354	
359	366	379	376	390	397	372	
398	364	395	382	393	368	385	
395	374	352	394	361	398	357	
369	367	386	364	354	350	362	
388	356	369	376	362	352	355	
366	361	392	357	395	371	391	
353	398	368	366	360	380	355	
365	382	371	372	363	357	378	
372	355	380	399	394	383	375	
399	391	388	353	395	359	360	
383	362	363	388	356	376	391	
355	384	378	389	393	365	381	
383	371	358	370	355	357	376	
369	384	364	379	363	373	399	
394	353	397	357	383	398	354	
394	392	399	391	384	350	390	
371	359	374	356	392	385	361	
388	356	362	358	367	357	394	
357	394	384	377	386	385	388	
384	372	361	357	351	373	393	
369	361	380	372	387	388	382	
391	384	393	372	350	366	381	
378	366	380	365	388	374	363	
377	372	398	352	364	388	399	
362	388	374	389	352	379	382	
387	399	388	380	364	378	359	
385	389	370	386	353	391	395	
373	355	363	369	389	352	386	
383	395	367	380	399	360	375	
368	392	360	353	398	351	356	
377	363	378	386	383	395	376	
379	364	396	378	386	377	359	
380	371	378	390	397	376	360	
389	353	350	362	368	351	380	
375	398	381	384	364	385	350	
374	380	354	368	370	389	398	
385	354	361	352	370	394	382	
359	398	388	375	379	394	350	
442	437	406	438	430	408	448	
400	442	409	438	420	413	429	
447	420	407	405	408	440	422	
403	429	444	442	408	436	406	
402	418	431	441	410	428	446	
419	408	403	425	430	437	411	
403	421	427	419	447	428	418	
413	435	400	418	407	434	433	
432	418	423	422	435	442	414	
443	442	441	414	439	406	428	
420	408	436	449	438	443	447	
405	402	435	442	401	427	444	
430	448	407	438	400	423	425	
413	411	443	429	442	400	425	
407	439	414	425	402	410	436	
430	425	411	418	414	443	422	
449	424	443	413	432	435	425	
414	441	410	435	436	400	429	
437	417	403	409	406	415	410	
428	445	421	443	417	429	435	
436	441	413	420	402	400	415	
411	424	401	419	427	415	400	
421	416	448	413	432	425	422	
421	448	449	433	400	418	431	
445	417	409	434	443	428	437	
429	426	447	444	435	405	436	
409	439	400	432	443	401	412	
402	439	401	426	411	406	417	
412	408	425	400	407	420	417	
446	445	437	426	431	400	423	
402	439	437	407	430	421	419	
431	446	444	409	400	419	403	
434	415	432	444	416	401	422	
436	429	407	440	439	417	449	
421	448	432	410	441	430	417	
425	431	438	447	422	439	409	
404	406	431	402	422	426	427	
407	410	413	432	448	423	437	
417	444	448	439	436	415	405	
416	426	401	438	402	406	422	
443	448	435	408	423	444	411	
429	408	428	433	420	447	402	
411	447	432	445	413	437	418	
410	427	400	401	402	445	417	
405	410	446	424	420	415	406	
414	428	413	404	433	420	403	
405	445	414	420	416	440	404	
436	418	432	420	415	426	406	
448	441	435	405	400	442	434	
413	414	418	409	403	434	423	
492	490	486	481	452	480	470	
485	490	495	478	486	498	493	
472	480	486	494	490	491	493	
462	479	498	474	495	457	455	
485	468	478	453	495	491	484	
481	455	470	462	497	452	493	
479	465	467	457	494	493	477	
452	496	491	480	469	488	450	
493	465	477	472	490	479	470	
495	457	464	462	456	470	453	
451	484	459	458	495	488	483	
455	489	451	475	497	480	481	
466	474	492	496	481	464	478	
496	470	489	454	498	463	469	
485	469	482	468	451	475	481	
499	475	493	450	492	490	485	
459	483	475	467	484	485	468	
470	464	477	459	483	484	487	
467	494	457	498	488	472	486	
479	462	458	457	474	493	470	
487	472	463	488	471	479	458	
463	499	450	467	485	488	497	
476	458	482	472	474	491	454	
456	484	453	471	461	468	460	
483	479	490	494	495	497	464	
478	468	486	463	460	464	454	
452	472	470	479	478	456	485	
490	455	488	493	463	468	497	
482	496	450	478	455	487	488	
479	474	484	491	488	458	495	
453	479	499	489	461	493	471	
487	481	456	492	485	480	469	
450	491	488	458	463	451	465	
492	497	457	488	484	462	476	
480	495	452	463	486	450	464	
480	486	491	471	464	469	474	
489	463	479	455	483	456	465	
466	450	475	469	467	473	461	
456	488	462	471	475	450	454	
478	463	490	488	474	485	482	
491	482	450	453	466	492	465	
476	470	498	482	468	463	497	
459	486	499	453	465	455	452	
477	452	485	459	479	475	484	
483	469	476	492	478	490	479	
481	453	466	499	485	471	489	
483	465	481	499	461	488	477	
463	466	467	479	456	461	469	
481	458	453	478	466	476	455	
480	460	478	476	499	491	455	
12	20	45	47	46	26	0	7	
3	48	13	9	5	46	12	42	
1	15	46	44	18	23	38	10	
27	7	33	32	16	22	28	35	
41	2	11	15	10	3	45	16	
19	43	3	18	5	45	29	1	
6	45	0	27	25	22	24	5	
8	12	44	23	41	17	21	24	
12	3	39	5	13	30	4	44	
37	25	36	42	35	48	7	15	
38	31	23	8	13	26	19	0	
2	37	1	34	14	8	47	31	
44	11	49	12	46	5	26	30	
20	16	30	14	26	13	41	35	
31	43	34	38	12	23	18	3	
25	40	48	34	15	20	9	37	
23	14	30	0	27	33	36	25	
18	2	3	31	32	29	43	35	
30	32	26	40	47	13	37	39	
7	43	4	47	44	34	14	1	
4	41	13	43	47	21	33	48	
22	25	7	45	35	21	31	39	
34	26	21	2	48	20	43	38	
29	31	13	44	17	3	11	33	
47	22	34	32	26	36	28	43	
45	32	44	33	12	23	8	42	
11	26	17	34	35	47	28	39	
16	11	15	17	30	23	42	1	
11	21	49	40	22	32	35	29	
7	19	17	5	0	27	28	46	
20	38	29	23	13	16	27	39	
4	16	30	18	11	43	27	0	
38	17	24	27	7	19	15	48	
15	17	42	39	28	48	14	6	
27	42	49	44	32	43	2	40	
15	4	28	31	30	9	40	46	
45	0	40	20	42	8	36	13	
31	37	44	10	23	16	43	33	
47	15	44	1	23	37	32	10	
31	12	17	29	1	38	6	3	
49	11	22	9	35	19	48	29	
25	24	42	4	26	5	6	45	
42	15	21	34	30	13	2	26	
1	32	11	28	0	22	34	2	
37	26	13	34	29	17	14	30	
36	31	23	20	46	21	8	33	
38	36	46	2	9	48	23	0	
6	1	44	29	5	12	3	32	
37	39	3	26	46	48	18	16	
26	18	37	49	31	5	25	22	
68	67	75	77	78	71	51	99	
77	72	96	97	82	70	52	60	
98	64	59	55	78	72	77	80	
75	96	72	90	85	88	63	57	
70	62	67	58	84	65	76	85	
93	54	98	61	50	78	75	66	
95	66	65	51	64	75	76	83	
95	97	60	92	66	98	79	52	
54	94	53	73	88	63	81	58	
75	73	83	57	59	79	80	95	
83	98	77	85	69	79	75	78	
96	74	84	90	98	57	88	68	
85	87	54	64	63	76	81	95	
96	90	51	71	77	53	85	64	
82	87	73	79	56	85	52	84	
73	77	65	87	66	97	60	55	
77	70	74	96	81	52	53	59	
62	54	77	79	56	71	61	99	
96	71	58	70	84	51	82	90	
92	74	55	56	80	97	62	89	
96	81	64	63	51	85	61	75	
55	50	86	62	93	76	56	59	
76	96	50	65	57	74	60	81	
81	76	98	53	62	52	80	78	
85	96	53	59	80	83	56	52	
82	66	96	77	74	55	65	53	
70	95	73	88	79	55	76	71	
77	90	92	70	85	66	96	55	
94	83	74	54	81	53	50	98	
70	81	71	92	87	72	91	62	
99	81	67	96	97	94	69	64	
90	50	65	59	74	81	73	92	
76	87	50	55	93	63	53	98	
78	96	65	67	51	58	53	95	
67	76	79	99	66	82	98	55	
97	73	72	51	83	88	93	50	
98	58	77	93	91	52	79	61	
55	92	88	53	91	85	59	79	
72	55	79	88	76	96	73	84	
85	65	54	91	70	63	80	86	
67	53	85	89	74	96	90	98	
71	69	74	94	84	99	89	76	
74	86	84	70	69	64	99	57	
75	67	82	53	86	79	74	83	
57	65	61	72	67	98	75	56	
72	71	73	62	66	70	68	97	
77	83	81	53	98	79	50	94	
89	63	51	72	68	74	50	62	
89	99	78	96	50	67	55	73	
64	69	91	80	50	89	72	94	
105	103	132	145	110	109	136	137	
136	125	106	133	126	101	145	135	
107	105	136	148	130	124	109	140	
110	107	138	135	111	144	115	113	
134	114	131	116	108	111	103	106	
102	114	136	139	128	109	129	147	
129	134	110	106	136	147	101	123	
139	122	101	138	128	135	121	131	
138	118	149	117	108	140	105	142	
137	109	121	148	112	103	113	133	
114	111	128	138	109	123	106	104	
109	121	119	143	117	107	102	147	
110	136	111	130	148	149	114	108	
145	140	125	103	134	110	147	108	
132	111	109	141	118	142	107	115	
111	128	133	122	125	119	142	147	
130	131	119	136	114	100	132	145	
127	147	109	114	140	137	142	110	
138	117	128	109	137	108	118	147	
122	113	132	149	107	118	148	115	
141	149	118	142	147	135	133	138	
105	138	147	146	104	100	107	124	
131	144	145	140	149	132	139	104	
132	125	102	115	137	141	147	104	
148	133	126	121	140	147	116	117	
115	141	105	108	107	119	138	117	
110	124	135	136	101	126	141	143	
117	129	138	145	134	135	109	141	
144	110	141	116	130	149	142	114	
128	140	149	102	100	132	121	116	
128	120	138	130	104	139	140	118	
100	120	103	107	145	118	138	114	
136	122	132	114	106	115	123	143	
144	139	119	126	105	131	104	120	
111	128	107	130	112	134	127	126	
114	132	131	105	134	100	141	137	
138	148	142	114	124	146	126	113	
134	136	115	113	111	127	101	132	
117	101	113	136	107	149	125	116	
110	142	126	145	129	132	113	121	
135	113	141	117	112	109	137	103	
123	132	100	126	139	143	121	130	
147	112	137	115	100	121	125	102	
119	105	101	130	113	140	132	124	
108	119	102	125	141	127	106	148	
128	117	149	145	112	122	137	103	
114	134	133	111	105	108	104	138	
147	149	143	110	129	133	109	122	
126	106	113	110	111	128	140	137	
144	142	127	148	109	114	121	119	
172	152	192	191	174	188	177	193	
165	193	172	152	177	166	158	195	
179	166	159	164	158	169	180	150	
186	162	174	197	156	191	158	188	
173	188	163	161	172	167	194	154	
192	198	153	175	188	159	164	194	
184	196	162	156	189	159	191	179	
175	184	191	151	189	186	196	170	
165	174	180	185	189	168	178	192	
152	165	177	163	182	187	190	168	
171	167	195	175	187	193	155	197	
166	183	182	189	193	197	173	162	
175	187	156	153	171	159	163	178	
172	171	195	162	153	168	169	154	
189	169	187	171	165	191	197	190	
197	167	169	166	156	163	184	165	
183	153	187	192	179	158	194	186	
183	150	159	190	189	170	178	185	
195	179	158	152	188	191	183	154	
155	174	185	164	191	178	180	181	
195	171	179	197	180	156	191	170	
173	183	178	185	193	171	165	153	
185	170	157	169	175	156	173	172	
176	184	192	185	181	167	178	155	
193	161	178	177	151	175	191	185	
191	155	188	162	190	178	166	185	
177	167	192	184	162	174	173	170	
158	178	193	170	181	186	155	198	
165	169	193	189	186	197	156	170	
176	198	152	183	181	163	196	157	
157	170	164	160	177	198	175	193	
183	196	162	189	163	193	195	180	
162	170	169	158	184	173	177	197	
174	195	157	197	168	167	190	153	
156	168	151	182	195	176	166	192	
192	163	151	164	183	166	161	198	
151	163	186	158	174	171	166	169	
157	184	150	187	161	183	164	156	
157	156	150	173	165	187	170	159	
190	189	169	178	166	160	171	168	
174	179	175	187	185	177	181	162	
177	157	181	174	182	195	199	161	
199	197	191	155	190	164	186	181	
158	196	169	178	171	165	177	191	
192	187	173	175	150	172	190	153	
195	158	153	162	197	169	164	193	
174	170	194	183	162	155	153	186	
175	183	155	162	187	161	168	174	
160	159	183	177	184	199	174	168	
186	178	160	181	154	179	191	196	
225	210	234	229	216	227	205	246	
203	227	221	249	226	244	207	204	
210	200	216	217	241	246	240	224	
228	212	233	200	232	241	247	240	
228	203	236	221	212	201	238	207	
234	206	247	223	207	243	236	222	
245	248	240	249	241	219	238	223	
232	242	229	215	208	243	249	224	
202	228	221	249	212	244	234	235	
239	236	212	233	224	230	237	222	
213	209	248	233	242	246	229	201	
221	203	202	226	227	248	229	243	
234	205	219	221	233	226	214	239	
240	221	213	223	235	226	202	218	
248	206	215	210	243	228	237	213	
228	222	223	239	214	244	210	231	
237	227	215	219	233	204	231	236	
200	230	219	220	226	247	233	213	
230	219	208	239	211	242	200	216	
211	243	249	226	245	206	204	222	
203	248	212	209	249	224	227	238	
213	248	220	230	231	205	204	240	
238	209	215	247	242	218	219	232	
216	220	234	233	215	208	240	242	
245	225	236	216	210	249	218	246	
247	245	206	249	234	209	231	219	
211	231	213	210	201	203	248	200	
212	230	215	235	232	248	205	210	
209	232	214	246	225	200	219	228	
227	225	210	214	233	223	216	249	
219	204	201	213	217	207	231	210	
233	224	209	236	239	214	229	238	
230	217	214	242	224	229	220	237	
223	237	203	246	222	211	240	232	
221	231	239	207	228	216	243	209	
231	234	237	226	238	241	243	229	
200	215	244	216	213	249	239	243	
211	203	232	242	202	222	224	227	
218	244	209	220	210	225	238	208	
217	247	206	226	237	222	242	204	
212	226	241	204	219	247	236	237	
233	246	207	221	216	231	230	201	
200	236	244	239	240	231	210	249	
219	229	228	206	235	211	205	224	
235	217	212	238	240	244	241	213	
242	220	221	208	205	203	241	214	
203	220	205	232	229	230	238	204	
213	211	214	205	209	203	225	237	
243	222	218	200	210	213	248	216	
223	231	213	238	233	224	249	239	
261	278	251	279	253	259	280	267	
289	265	274	252	286	262	260	283	
287	283	261	270	268	258	273	272	
265	299	276	262	280	268	271	260	
291	258	290	265	289	279	299	272	
270	278	268	293	277	253	289	261	
257	293	268	267	289	255	263	270	
295	277	279	278	263	268	267	299	
269	288	254	279	258	290	283	293	
256	294	271	279	292	282	284	289	
276	269	268	261	297	258	279	255	
252	294	282	258	287	290	289	257	
250	252	270	298	272	288	253	276	
269	283	253	279	299	252	263	255	
261	257	292	275	286	262	295	281	
258	275	299	281	296	260	251	293	
298	274	277	267	286	275	293	253	
283	291	256	292	263	250	293	278	
279	274	257	258	251	288	298	272	
299	271	291	264	293	288	262	274	
261	274	250	283	256	255	271	260	
297	279	251	268	266	280	252	254	
269	264	290	279	280	256	292	275	
280	299	275	264	287	292	274	259	
275	261	272	256	288	297	269	267	
275	278	293	286	288	271	276	289	
271	282	274	261	272	290	263	278	
291	250	268	251	283	255	269	263	
259	285	293	260	291	267	296	262	
259	295	264	263	297	285	287	291	
276	286	265	271	279	260	299	288	
281	255	263	294	262	282	285	272	
288	256	283	262	253	297	276	252	
291	278	283	250	293	269	267	287	
288	276	253	264	271	275	256	273	
292	290	260	270	258	250	256	291	
289	296	287	285	254	256	294	286	
289	252	261	271	291	298	257	262	
297	255	250	265	291	263	281	259	
292	274	297	271	291	277	252	258	
277	275	283	276	284	256	251	255	
289	275	287	276	272	260	269	298	
267	288	278	250	262	254	272	255	
276	253	284	254	295	266	281	256	
289	291	265	254	283	276	271	256	
289	265	259	264	261	284	293	283	
282	298	290	283	268	269	273	258	
253	265	256	293	295	298	282	277	
294	279	265	271	257	266	284	263	
278	254	262	285	296	286	261	299	
310	326	304	333	314	323	321	337	
325	302	348	314	324	334	308	340	
335	308	323	309	306	305	324	349	
331	313	325	304	334	303	308	312	
316	307	326	348	319	302	327	337	
327	326	322	330	316	307	324	340	
317	328	345	336	311	334	321	319	
341	301	329	319	300	324	325	322	
326	300	339	336	304	315	329	348	
344	320	302	306	308	339	335	348	
344	336	328	301	303	334	332	342	
311	340	308	307	341	316	329	303	
330	321	334	305	310	322	324	316	
304	305	318	307	344	346	348	321	
348	313	310	300	338	305	319	328	
341	316	320	307	317	325	311	333	
345	315	336	307	312	344	314	328	
321	337	340	343	335	332	322	344	
329	312	328	308	315	335	307	327	
319	336	306	304	330	313	331	302	
333	302	342	339	337	349	331	308	
316	312	328	348	313	302	345	332	
322	327	337	344	339	306	334	309	
304	335	340	322	343	317	330	345	
302	305	304	331	307	300	345	311	
302	342	318	334	348	347	304	314	
343	334	328	335	303	346	331	309	
306	318	300	342	320	301	303	311	
342	329	331	323	340	337	307	319	
334	327	314	317	346	302	329	348	
328	305	342	310	307	303	337	322	
320	302	332	336	313	349	308	317	
318	339	336	317	313	347	338	303	
348	331	320	324	311	313	319	349	
322	329	348	315	325	303	330	319	
301	315	343	322	306	340	311	326	
304	308	342	300	301	315	302	322	
335	347	344	302	320	305	334	323	
341	319	336	315	313	329	346	304	
302	318	346	331	314	309	312	310	
313	329	307	339	322	304	318	332	
331	314	327	345	311	332	320	329	
319	318	320	342	345	315	322	336	
332	323	309	311	338	312	318	321	
334	345	316	331	307	343	329	321	
313	325	302	319	347	327	324	306	
302	347	320	328	336	306	317	309	
343	326	302	320	346	342	305	306	
312	342	320	337	306	311	319	310	
318	332	341	312	327	346	339	313	
390	374	381	365	375	386	378	397	
364	388	381	382	358	365	355	371	
386	389	398	355	359	385	372	384	
374	383	355	395	358	387	373	368	
387	382	352	397	377	398	353	367	
392	362	376	383	375	358	352	386	
360	369	364	397	358	381	377	355	
384	360	353	388	364	355	358	379	
378	350	358	351	361	390	393	395	
370	398	365	372	380	374	371	379	
381	390	361	378	373	355	396	357	
362	376	377	369	351	391	365	387	
351	353	358	388	386	387	381	360	
364	359	367	356	396	375	378	350	
376	367	369	361	390	365	377	386	
376	371	369	382	377	360	352	355	
352	366	392	388	382	393	397	359	
362	355	389	360	364	376	396	366	
371	356	353	370	366	377	372	355	
369	365	354	389	390	353	392	393	
359	370	368	378	394	381	396	390	
398	387	355	391	375	367	368	392	
372	358	362	371	360	384	377	382	
373	399	372	364	367	379	384	375	
382	398	379	352	355	367	374	369	
373	358	354	381	390	369	352	376	
383	368	373	387	364	396	372	380	
350	354	386	388	366	389	367	393	
392	398	369	364	379	367	368	351	
388	351	360	395	365	386	399	370	
356	375	379	387	358	370	373	371	
375	377	399	380	396	383	365	354	
354	383	367	384	364	381	350	355	
380	379	363	395	361	352	366	351	
361	354	385	366	373	368	359	362	
351	374	350	377	388	396	370	360	
351	358	350	363	389	395	387	365	
381	351	380	358	366	376	397	369	
377	369	381	395	389	379	354	373	
350	399	367	377	360	357	354	374	
388	396	377	399	381	366	364	378	
366	392	394	358	372	378	365	379	
386	369	358	357	363	354	395	367	
360	378	379	352	354	399	365	358	
394	392	371	368	379	367	384	355	
389	386	371	388	392	376	375	355	
366	380	367	375	385	358	393	391	
361	364	356	389	390	374	370	382	
385	352	391	380	390	364	351	363	
361	371	374	392	377	357	384	398	
414	428	413	437	431	434	440	416	
431	430	433	442	408	414	422	412	
407	410	449	437	401	444	413	408	
423	433	406	405	420	429	441	442	
444	402	431	430	440	445	406	448	
427	406	410	405	409	437	400	428	
438	441	445	425	413	437	440	434	
449	431	416	435	411	426	424	412	
437	432	438	406	442	446	409	401	
419	407	400	448	411	430	439	432	
447	443	445	448	442	410	404	409	
400	404	427	440	441	449	402	443	
438	423	409	431	449	430	425	432	
443	417	449	432	445	414	439	405	
410	426	432	408	429	407	402	405	
434	444	418	405	443	446	419	428	
443	427	410	402	441	407	423	412	
405	407	420	445	411	416	402	433	
405	411	448	444	409	435	404	431	
415	426	417	413	440	435	446	441	
441	400	419	409	448	403	426	415	
448	426	406	404	416	424	447	439	
400	414	444	431	419	446	435	418	
431	446	403	449	417	441	423	447	
440	426	400	417	448	416	435	428	
417	414	425	400	423	409	422	420	
413	447	428	448	443	445	416	402	
419	406	411	403	447	401	433	448	
411	400	433	422	427	434	418	412	
411	429	401	446	407	406	415	442	
449	410	414	405	445	407	419	432	
440	412	417	411	401	402	437	400	
421	447	401	439	437	432	423	435	
435	410	443	441	400	444	431	449	
417	444	401	411	436	430	415	434	
416	411	426	418	401	419	437	432	
438	420	444	407	423	445	406	427	
418	401	419	438	447	426	422	430	
402	444	445	405	433	439	403	448	
411	422	414	449	425	436	409	400	
429	408	404	407	409	405	420	449	
431	437	412	447	443	423	446	442	
421	406	404	423	437	430	415	407	
421	440	419	431	400	418	428	438	
417	409	425	435	414	440	422	419	
409	435	419	412	448	424	401	411	
434	443	441	440	436	414	427	446	
406	442	449	445	437	439	421	424	
414	437	447	407	431	446	449	448	
403	438	449	445	435	424	419	404	
454	465	474	486	479	469	495	491	
469	478	498	492	482	455	454	497	
467	459	477	496	466	471	453	455	
453	483	487	494	472	491	470	466	
464	451	468	483	493	497	486	450	
488	466	451	495	467	478	489	480	
492	465	454	475	452	487	450	482	
477	457	455	479	498	486	471	458	
461	450	479	458	471	488	490	480	
486	457	480	477	462	451	475	460	
453	461	450	458	465	456	477	495	
473	483	470	457	484	494	459	452	
472	451	461	481	486	493	458	496	
481	495	451	479	498	494	470	464	
450	474	456	498	482	465	457	484	
477	475	482	455	466	469	470	489	
476	453	482	492	483	461	497	451	
455	470	465	471	460	491	461	496	
483	469	464	452	468	497	481	489	
463	459	453	460	470	471	492	498	
491	473	465	480	474	450	456	499	
476	490	498	463	468	494	486	483	
494	452	467	489	455	493	456	473	
488	495	497	453	499	476	457	450	
486	496	471	480	455	467	492	483	
494	468	495	486	475	497	458	483	
470	474	452	458	450	494	467	456	
450	467	490	478	498	475	491	486	
468	486	456	485	454	499	493	469	
455	453	490	464	471	481	458	478	
492	488	485	459	466	484	456	481	
461	463	470	489	481	465	459	473	
492	484	460	461	472	466	487	469	
457	485	473	453	462	499	451	471	
475	460	469	461	470	453	492	494	
472	488	475	495	471	470	478	476	
455	457	490	465	451	452	459	492	
487	482	499	480	453	470	493	495	
457	492	456	478	496	484	499	490	
493	483	476	499	489	452	474	464	
453	476	461	497	474	477	450	471	
464	463	466	469	467	483	450	494	
459	487	452	467	473	491	470	454	
458	451	492	470	476	453	490	468	
460	465	456	450	499	467	458	496	
457	472	456	497	491	488	480	452	
481	451	469	480	463	491	495	482	
499	495	471	498	461	477	465	481	
488	479	499	460	482	463	470	489	
455	494	462	467	470	490	480	483	
