41	49	18	29	22	8	
11	8	3	13	4	43	
28	32	12	36	35	23	
49	42	45	7	40	0	
25	41	45	26	21	15	
34	43	22	31	18	49	
38	6	20	15	13	36	
40	27	16	39	42	23	
9	31	10	1	14	48	
45	30	6	11	31	47	
7	17	0	3	29	11	
0	1	36	15	17	20	
8	47	0	48	12	26	
13	47	22	41	45	9	
33	27	32	44	10	43	
40	2	7	23	16	1	
7	4	23	21	15	29	
8	19	46	29	30	27	
47	22	14	37	43	46	
9	5	16	1	6	13	
39	45	23	15	16	14	
43	17	33	47	45	12	
25	18	36	41	21	47	
46	32	14	5	25	35	
25	27	46	28	15	37	
31	26	35	1	27	5	
48	23	5	15	12	6	
31	37	25	1	43	7	
23	8	47	28	21	39	
32	49	41	21	31	12	
16	29	44	34	42	0	
48	47	19	37	25	42	
5	10	48	42	1	23	
25	24	8	10	41	33	
24	36	10	32	27	0	
12	24	26	10	38	2	
10	13	48	3	0	23	
12	38	1	14	44	33	
26	18	24	8	27	31	
40	1	9	23	28	38	
26	14	47	7	31	19	
27	6	17	24	22	7	
33	12	26	41	39	36	
6	18	36	17	44	47	
23	5	41	42	10	35	
23	43	26	18	19	2	
33	15	16	5	23	24	
34	24	35	12	6	49	
40	23	9	15	38	29	
3	5	30	27	25	31	
72	95	54	78	98	64	
87	88	52	55	70	68	
77	64	70	94	51	84	
72	85	97	66	63	87	
68	66	92	61	75	91	
50	65	63	90	84	80	
72	96	62	99	88	97	
90	54	79	76	70	80	
55	64	92	86	52	72	
54	79	71	62	53	56	
50	98	76	60	66	58	
68	97	83	59	71	54	
83	76	70	62	97	56	
69	82	54	98	93	97	
89	81	84	87	58	59	
70	97	74	82	50	94	
69	84	68	88	66	50	
97	53	64	77	96	98	
80	71	69	84	81	82	
92	50	55	60	85	99	
96	74	75	78	90	53	
99	66	93	56	65	70	
97	95	78	53	51	83	
94	93	75	57	92	74	
56	82	99	59	64	65	
58	97	62	59	64	66	
81	67	69	99	82	91	
88	95	85	66	92	81	
95	60	94	84	77	75	
89	99	70	97	77	59	
92	64	50	66	85	55	
79	70	85	94	51	75	
89	61	72	54	81	94	
78	73	74	55	99	82	
59	85	55	87	90	98	
80	57	89	93	56	67	
70	65	93	69	84	91	
86	67	60	72	56	78	
61	76	58	70	89	72	
62	65	96	89	63	75	
73	88	53	81	66	84	
57	77	88	70	79	53	
77	61	94	64	75	62	
72	61	63	84	83	85	
86	89	76	94	59	64	
63	56	89	64	65	84	
76	91	67	92	50	62	
77	79	66	70	60	69	
51	65	69	81	67	93	
65	78	52	56	69	93	
115	138	110	102	146	143	
103	131	117	102	133	139	
139	145	107	101	144	113	
119	102	131	126	136	103	
129	125	140	112	105	149	
126	144	149	147	134	132	
113	144	114	130	145	139	
147	100	121	124	138	105	
125	126	141	115	148	134	
129	123	147	134	128	115	
102	124	110	126	107	113	
101	145	109	123	107	135	
138	102	148	119	141	104	
118	123	134	135	147	136	
132	140	116	121	100	101	
109	140	128	110	145	104	
130	123	142	116	148	147	
144	142	120	126	130	138	
135	124	119	113	105	137	
144	136	108	126	113	134	
120	113	147	108	106	104	
129	101	148	108	126	140	
103	106	133	146	115	144	
108	128	141	139	136	148	
146	108	145	129	140	138	
142	116	123	115	128	137	
125	121	102	119	100	146	
106	118	129	142	132	114	
130	117	120	111	132	142	
115	112	114	120	105	107	
114	119	128	136	120	144	
103	125	100	142	124	149	
140	114	134	121	138	108	
131	121	116	118	107	128	
120	142	116	117	112	124	
106	123	141	122	145	100	
145	135	120	101	147	125	
146	101	115	102	108	144	
114	109	121	144	118	116	
145	132	135	136	130	121	
129	116	131	100	103	135	
101	120	124	133	134	107	
140	117	115	144	133	148	
149	148	137	106	109	120	
120	123	118	124	131	113	
116	142	119	122	111	109	
101	134	114	136	147	122	
115	114	135	112	137	147	
148	127	121	106	105	144	
109	126	145	141	149	119	
169	166	177	189	158	186	
177	182	158	170	171	173	
172	178	188	195	186	176	
164	153	163	154	166	151	
186	171	163	182	160	193	
199	159	154	158	152	170	
171	198	186	193	160	151	
163	162	150	170	156	174	
161	160	174	171	196	189	
167	169	164	183	179	191	
152	157	196	170	198	189	
162	166	177	173	174	185	
180	152	160	179	190	181	
177	193	161	186	163	198	
188	183	191	184	152	196	
160	198	183	163	168	159	
198	181	154	187	150	156	
189	166	191	163	196	170	
163	155	171	169	181	183	
172	158	183	182	191	188	
155	162	197	191	157	151	
161	196	159	162	170	193	
152	172	188	166	195	177	
172	165	168	185	156	160	
171	166	174	189	199	172	
180	154	170	184	195	176	
163	168	154	172	185	179	
197	153	171	152	185	182	
197	194	161	182	159	155	
190	158	172	161	176	166	
152	153	159	193	154	176	
189	161	198	174	167	153	
151	166	172	168	195	192	
156	196	151	165	166	160	
188	163	151	191	171	173	
199	189	187	150	152	158	
152	153	187	158	174	189	
180	154	160	151	163	199	
161	167	163	152	168	194	
159	160	189	170	162	178	
185	164	173	181	195	152	
169	170	185	164	184	165	
179	177	169	190	167	156	
150	182	164	171	170	193	
170	155	164	168	177	199	
166	187	196	169	163	199	
187	166	180	167	194	169	
159	199	169	197	191	154	
180	166	171	191	174	177	
162	151	180	157	193	168	
241	242	224	231	247	204	
205	219	247	210	229	203	
237	240	201	244	221	227	
224	226	242	212	213	243	
221	237	214	215	228	244	
244	216	228	225	246	206	
203	224	209	202	205	221	
248	201	202	221	207	215	
215	214	241	232	222	247	
200	223	237	244	245	217	
241	219	240	248	212	236	
248	228	239	241	243	234	
241	233	210	204	247	249	
234	214	240	235	224	237	
231	227	228	229	206	216	
243	211	213	247	227	205	
225	248	230	238	235	234	
223	246	220	241	213	222	
228	227	219	229	248	206	
245	231	232	210	211	235	
236	229	225	230	205	201	
226	249	207	202	200	244	
243	201	217	218	208	248	
230	213	222	243	239	207	
227	200	233	210	206	230	
247	222	236	227	224	237	
218	221	240	245	247	213	
242	215	248	231	211	213	
223	239	242	202	234	247	
220	205	206	238	202	233	
204	237	202	227	220	215	
245	221	247	223	240	230	
229	245	225	239	211	242	
227	237	223	225	224	240	
237	236	226	248	213	249	
248	221	245	235	215	205	
217	211	226	220	209	239	
238	239	213	240	219	206	
210	245	214	212	226	246	
214	211	242	222	201	245	
212	203	242	207	208	228	
249	233	244	213	228	237	
226	241	227	219	245	200	
219	213	227	215	210	209	
247	205	237	241	207	223	
214	211	232	222	207	236	
212	237	249	241	223	211	
231	247	200	248	218	222	
214	227	221	225	207	222	
208	201	221	200	225	214	
262	281	268	275	297	251	
251	260	284	250	297	268	
266	269	278	287	254	285	
270	291	258	276	278	269	
261	292	266	255	257	289	
273	261	264	253	255	272	
292	268	298	271	264	282	
254	273	259	253	287	257	
283	266	252	277	273	267	
275	294	263	296	289	268	
261	288	290	295	259	293	
250	283	288	255	259	261	
283	254	275	253	293	285	
275	251	270	276	297	269	
272	253	294	250	264	293	
261	286	299	257	255	264	
278	299	298	259	297	269	
269	275	284	291	282	264	
256	289	293	281	268	277	
274	272	253	270	252	280	
262	296	264	272	256	284	
266	288	251	256	295	268	
296	262	261	298	250	283	
257	266	280	274	253	299	
283	293	280	258	259	254	
284	266	251	270	297	287	
283	298	258	277	254	297	
288	293	297	269	289	257	
262	254	296	287	276	250	
255	296	269	276	299	292	
274	273	253	285	272	290	
294	269	271	293	257	286	
287	286	264	251	275	277	
261	277	252	272	287	254	
280	264	271	291	283	299	
284	292	274	273	295	261	
261	273	252	295	254	288	
250	257	264	263	278	268	
267	273	268	263	275	255	
279	294	255	296	251	290	
292	251	298	296	253	254	
292	271	289	261	299	255	
265	282	250	255	285	291	
255	265	263	268	277	289	
252	289	250	278	274	280	
260	252	256	259	251	257	
250	298	264	263	259	261	
280	288	263	274	258	295	
290	285	280	255	260	292	
250	270	260	269	255	284	
323	324	340	333	315	341	
335	322	300	306	320	325	
324	323	311	321	331	343	
320	334	338	336	321	345	
347	325	301	316	346	326	
314	308	300	336	325	310	
318	345	326	333	348	327	
329	347	306	312	317	310	
318	342	346	326	301	325	
323	331	339	346	317	309	
307	326	316	323	319	328	
300	322	338	321	301	325	
347	317	309	310	315	327	
300	344	308	331	322	336	
316	313	306	307	327	311	
316	326	345	339	319	309	
327	349	304	308	302	311	
337	318	334	320	321	340	
334	308	338	313	306	305	
303	324	320	316	328	343	
341	307	300	335	312	304	
335	321	309	326	338	307	
325	342	300	327	346	307	
303	318	329	343	333	325	
314	318	313	308	323	320	
325	347	322	346	312	344	
346	315	329	318	308	347	
335	344	345	305	306	303	
307	318	338	329	332	324	
305	319	343	337	335	344	
333	304	315	337	331	312	
300	302	307	312	336	346	
337	330	334	310	340	301	
329	342	310	314	321	333	
322	324	308	335	319	327	
313	317	337	349	310	300	
339	318	306	335	337	344	
320	317	301	327	349	329	
345	332	322	308	335	347	
308	300	311	309	330	318	
348	325	346	340	302	310	
306	324	330	315	307	332	
348	327	338	326	312	335	
338	345	304	308	333	334	
348	303	344	335	310	307	
321	345	329	313	348	330	
303	318	332	344	310	338	
315	332	335	320	310	339	
316	342	348	315	331	344	
345	300	335	349	301	338	
387	369	385	378	383	391	
377	376	370	395	399	390	
370	367	385	354	356	373	
396	394	373	367	389	380	
367	390	375	395	392	394	
351	372	384	370	398	395	
386	379	383	368	399	372	
351	365	359	383	354	369	
372	394	395	363	390	397	
398	371	399	367	391	366	
379	369	387	372	376	364	
380	358	388	374	398	356	
384	370	356	399	383	394	
387	359	363	377	353	390	
375	358	362	387	365	399	
390	389	386	353	363	374	
370	364	365	368	384	389	
369	360	355	390	366	356	
384	368	386	359	350	390	
351	365	370	387	394	379	
389	397	359	367	398	353	
385	352	351	398	395	384	
397	365	385	360	362	392	
356	361	359	382	374	397	
376	374	356	394	357	354	
354	396	364	360	352	386	
389	388	369	392	365	374	
391	378	381	392	386	374	
394	383	393	362	388	391	
351	354	358	394	353	371	
367	397	383	363	387	378	
396	371	394	352	360	397	
392	375	388	372	385	377	
351	350	363	360	393	364	
369	387	385	364	375	380	
365	350	361	372	392	354	
350	363	365	395	375	382	
350	363	377	359	368	366	
393	398	366	390	351	394	
389	360	372	353	356	379	
351	380	393	375	366	353	
370	394	395	373	376	361	
363	370	382	393	372	391	
376	363	354	384	387	358	
370	384	356	350	362	379	
382	379	354	387	373	358	
361	392	396	371	379	393	
367	350	397	389	354	369	
360	370	376	397	398	367	
382	358	376	353	398	367	
448	441	404	415	429	447	
439	423	437	404	409	429	
426	404	446	405	435	413	
412	426	440	408	443	432	
413	425	426	416	423	443	
412	400	414	402	406	404	
408	446	400	407	438	429	
429	434	432	447	430	407	
431	427	422	413	415	444	
422	439	405	428	449	421	
436	446	435	402	442	401	
408	400	416	427	413	426	
410	445	421	424	435	403	
413	446	438	430	442	439	
418	406	415	441	438	408	
434	403	430	408	415	418	
403	402	401	442	421	435	
438	406	423	415	435	411	
407	449	403	420	442	426	
421	423	435	442	445	428	
424	444	427	443	409	446	
421	402	433	404	439	407	
446	429	432	443	431	434	
429	449	428	412	443	442	
428	417	440	414	434	419	
414	443	437	406	409	403	
418	429	443	424	427	409	
426	430	437	418	417	428	
419	424	447	423	433	412	
448	420	403	417	449	406	
420	442	433	430	416	440	
446	421	401	432	437	402	
403	431	435	420	441	442	
422	421	413	432	431	400	
408	412	433	422	444	442	
424	435	431	407	436	410	
439	430	446	420	436	406	
411	402	428	432	443	401	
438	447	421	414	439	441	
417	421	448	415	407	437	
448	434	439	404	409	440	
403	426	437	411	429	401	
403	412	414	432	424	400	
440	421	401	419	432	446	
449	422	403	441	440	442	
410	436	435	437	401	407	
437	430	445	431	443	428	
445	403	447	407	416	440	
415	420	435	407	403	423	
403	441	416	439	445	430	
478	494	499	492	459	493	
496	492	481	450	483	472	
457	470	477	499	490	496	
470	476	469	475	468	497	
473	490	489	481	461	453	
483	485	491	473	466	456	
450	481	499	489	480	460	
459	458	476	479	457	487	
455	497	477	480	471	482	
470	451	492	458	460	482	
491	484	451	464	490	471	
467	485	459	453	461	454	
484	464	460	450	479	458	
461	476	453	485	454	470	
476	491	461	468	473	481	
485	459	450	486	478	473	
473	454	475	463	471	472	
450	463	486	479	480	485	
486	479	497	472	460	485	
483	460	474	472	461	485	
481	457	459	450	472	464	
457	491	489	490	458	463	
463	461	498	490	499	468	
458	487	464	489	459	495	
481	464	488	490	489	453	
491	463	484	459	451	473	
453	488	477	485	494	469	
463	477	478	480	495	464	
459	477	478	489	461	475	
485	475	472	465	483	456	
467	498	494	482	453	481	
487	458	454	496	472	456	
477	491	465	498	478	494	
467	475	479	456	461	497	
450	452	477	468	497	479	
451	463	474	472	470	496	
477	478	462	496	475	458	
469	458	487	486	479	474	
492	473	488	465	475	467	
493	478	476	496	494	481	
458	487	483	452	494	469	
495	453	468	460	473	465	
485	465	477	461	479	467	
477	491	492	451	450	489	
477	456	489	469	472	480	
454	455	497	462	487	493	
495	452	497	471	460	498	
451	464	462	498	463	453	
489	491	466	474	482	485	
485	477	474	499	480	455	
3	13	20	26	17	25	30	
23	16	19	27	29	32	8	
19	35	26	9	13	44	2	
6	39	2	20	31	17	46	
18	10	17	46	15	26	43	
25	12	27	18	32	46	42	
40	38	3	15	8	29	28	
49	41	45	32	3	12	15	
49	0	23	28	18	13	12	
0	40	24	27	41	16	36	
43	24	18	25	20	38	3	
43	42	8	37	47	11	25	
45	24	0	7	28	44	46	
34	25	27	0	31	22	39	
24	38	6	40	12	11	48	
7	35	1	22	28	38	27	
23	4	20	47	3	24	30	
4	29	37	23	24	6	40	
20	26	47	49	23	35	16	
48	29	43	22	49	34	5	
4	28	43	24	1	7	34	
31	4	20	0	21	40	37	
31	43	48	4	38	24	39	
36	26	25	29	44	33	32	
24	40	17	30	48	19	36	
39	27	5	26	6	9	10	
4	45	1	20	37	35	32	
4	25	9	33	24	20	38	
33	12	47	17	23	18	8	
30	24	34	37	26	18	0	
46	26	23	14	2	12	35	
41	27	38	12	34	7	1	
3	29	0	37	11	36	18	
25	22	9	1	33	40	18	
26	33	21	12	39	22	24	
4	1	24	9	36	32	35	
42	21	18	2	29	3	17	
43	16	0	30	28	25	36	
49	0	20	4	15	9	35	
7	12	1	29	23	43	2	
1	16	5	48	41	47	20	
29	46	35	23	10	11	25	
46	34	39	45	33	32	9	
2	39	16	9	14	12	10	
0	29	41	21	4	19	1	
27	41	17	49	3	9	2	
18	33	49	19	20	40	29	
31	30	1	37	10	25	8	
5	41	4	31	32	20	37	
39	34	15	13	29	40	8	
75	61	90	98	85	68	88	
51	93	91	59	79	95	84	
92	90	95	91	53	62	50	
50	92	53	51	56	63	72	
81	53	60	87	91	72	70	
76	55	61	88	97	92	60	
60	91	67	82	89	97	92	
78	90	64	53	87	83	70	
77	62	76	90	96	66	53	
75	81	91	56	67	60	76	
53	86	93	92	74	77	81	
61	91	64	97	82	75	62	
78	89	85	76	68	84	99	
84	76	91	75	67	96	98	
95	55	94	68	73	99	96	
91	90	65	69	60	79	73	
62	53	57	68	86	71	95	
91	55	61	84	72	62	74	
91	64	90	70	69	60	95	
81	57	78	88	77	64	95	
76	64	52	55	58	73	74	
77	71	60	72	68	96	97	
99	77	79	58	91	59	88	
75	54	57	62	90	84	69	
72	59	84	95	70	77	71	
57	91	97	89	55	67	86	
75	54	97	98	69	76	83	
52	96	61	67	80	68	81	
89	73	72	50	93	75	51	
93	94	68	87	92	90	72	
73	91	69	50	88	52	81	
65	84	62	93	68	76	64	
61	88	55	87	94	86	71	
85	91	74	83	55	56	63	
51	62	74	99	98	68	81	
87	94	95	57	80	69	52	
67	92	78	84	52	97	95	
83	71	54	97	73	66	68	
78	84	95	76	74	72	97	
74	76	86	55	51	70	61	
61	86	84	51	76	83	62	
99	78	59	93	54	88	82	
87	67	94	88	66	85	73	
64	82	83	77	79	66	97	
88	55	57	94	51	83	61	
60	73	53	64	70	88	58	
94	68	71	76	69	72	61	
81	89	56	76	65	86	96	
59	57	53	72	91	51	77	
82	59	65	77	80	75	87	
129	135	124	127	114	137	117	
132	108	135	124	129	118	106	
113	115	138	111	143	118	139	
129	140	136	112	109	128	100	
125	100	139	106	124	111	104	
111	148	109	104	123	120	130	
123	142	148	104	147	127	134	
141	139	105	136	123	134	104	
119	122	148	139	144	137	149	
123	116	114	146	122	136	102	
102	117	148	100	131	107	136	
108	114	145	131	102	135	139	
133	111	100	123	124	137	125	
141	135	129	143	121	145	112	
103	105	144	122	109	130	132	
100	144	126	141	102	115	114	
109	143	124	131	117	108	100	
127	111	141	118	117	133	114	
109	136	104	121	137	118	148	
143	132	101	124	140	105	145	
137	145	112	125	121	117	143	
103	108	113	138	125	139	134	
110	147	134	103	117	111	104	
103	143	104	128	123	145	110	
128	146	144	102	125	127	134	
147	136	120	106	143	109	134	
126	100	137	123	140	144	110	
148	147	124	106	126	115	130	
144	148	149	137	130	147	135	
133	125	138	134	123	147	103	
141	100	144	138	102	136	123	
122	116	112	141	140	105	114	
138	120	136	121	101	111	119	
130	132	102	100	125	136	142	
115	137	131	144	132	149	130	
110	132	123	141	103	106	113	
134	101	128	120	125	130	124	
140	115	120	119	144	128	138	
133	148	113	115	103	143	136	
128	134	125	127	110	135	126	
123	100	128	119	105	104	118	
128	142	144	107	108	134	103	
146	126	139	129	134	148	131	
112	126	141	131	130	148	137	
130	118	108	139	138	136	106	
122	111	132	138	127	110	136	
108	143	117	149	126	133	121	
148	128	117	126	129	104	124	
112	149	105	143	129	121	106	
129	136	131	123	142	140	141	
172	165	169	160	192	176	167	
182	157	180	171	151	196	190	
181	155	156	194	163	164	193	
180	163	152	194	176	186	195	
184	154	158	166	171	188	177	
157	167	192	153	174	186	159	
156	183	175	161	151	187	174	
173	180	177	184	188	189	164	
171	187	185	167	182	152	189	
160	185	170	193	176	165	191	
193	197	174	154	159	179	150	
159	170	194	179	182	162	184	
178	196	175	180	152	151	170	
189	183	150	178	182	169	159	
187	166	176	190	189	154	150	
198	185	163	189	195	184	190	
161	156	167	197	168	166	187	
164	162	167	176	154	188	159	
186	199	155	166	150	182	156	
162	154	176	173	192	168	178	
166	193	183	179	152	197	175	
197	159	156	165	166	195	196	
162	160	196	171	180	164	158	
191	156	162	157	154	183	173	
167	174	175	190	180	166	195	
166	187	180	191	154	156	197	
186	185	150	181	170	176	198	
178	164	191	194	154	163	181	
159	163	172	176	168	173	179	
179	198	173	191	151	154	188	
165	185	176	164	174	158	172	
161	168	181	182	177	188	194	
159	193	189	190	157	191	195	
159	168	185	165	160	182	171	
187	170	175	151	156	164	155	
176	168	174	190	152	165	199	
182	185	196	199	184	165	188	
198	174	178	177	168	155	166	
196	186	187	156	159	157	163	
159	166	193	192	173	186	184	
155	174	173	156	154	192	189	
179	191	161	171	177	154	181	
170	152	176	194	156	175	164	
199	176	167	189	163	165	185	
174	183	154	163	198	179	150	
183	163	176	198	188	169	197	
197	185	195	153	187	158	189	
168	194	198	193	159	180	185	
156	154	168	194	155	185	170	
151	187	171	196	179	193	154	
203	207	219	208	202	220	245	
217	208	221	241	239	214	229	
237	226	209	227	222	232	217	
228	235	241	202	211	205	239	
220	225	230	245	211	227	243	
205	221	247	219	228	214	207	
233	221	223	208	229	203	219	
239	212	220	228	232	208	227	
201	203	224	231	238	230	239	
241	245	204	246	220	234	233	
208	216	209	205	227	248	204	
228	213	222	200	217	227	216	
244	214	234	224	201	219	235	
206	219	238	218	215	221	239	
217	208	201	234	236	228	220	
200	206	212	214	201	223	233	
206	227	247	243	230	226	205	
221	241	240	238	210	209	233	
241	211	214	223	213	238	230	
234	213	210	239	218	235	203	
236	219	222	239	224	221	240	
225	205	230	244	223	249	208	
201	204	216	221	200	227	244	
215	233	240	225	219	203	211	
249	233	246	227	203	229	232	
227	224	235	243	202	214	236	
249	212	203	209	221	234	201	
232	235	210	206	208	209	219	
209	224	241	220	200	222	210	
212	207	217	231	224	238	204	
229	209	241	206	207	240	201	
214	209	247	221	234	223	240	
231	200	241	223	227	237	211	
233	205	219	216	246	222	244	
247	221	238	200	212	211	243	
208	226	228	209	239	231	218	
221	230	239	201	247	243	229	
212	228	213	230	223	221	219	
238	200	241	204	244	234	232	
203	207	236	244	210	202	216	
211	228	225	235	245	226	204	
234	209	227	223	200	217	207	
200	210	245	220	222	202	213	
203	220	213	240	223	227	244	
210	223	209	220	218	206	238	
204	216	239	200	222	212	214	
237	241	235	202	231	239	232	
222	215	208	235	233	213	203	
244	219	236	210	249	240	208	
219	237	214	232	244	246	236	
257	253	268	278	254	275	282	
270	296	279	285	277	269	284	
259	295	268	255	293	291	258	
294	261	296	263	281	282	258	
263	261	251	252	289	296	268	
269	258	291	285	298	256	278	
295	250	296	262	297	255	269	
293	290	274	292	277	257	272	
250	271	259	295	279	297	278	
256	281	264	257	272	250	275	
266	281	272	268	296	260	250	
297	277	285	272	295	288	280	
269	262	284	271	260	274	261	
252	271	279	269	277	275	267	
253	252	299	251	294	258	269	
283	263	275	297	260	251	287	
277	251	282	256	252	255	296	
280	262	255	263	293	283	260	
299	278	283	276	262	260	287	
250	289	273	279	298	256	297	
256	277	263	268	275	262	269	
280	254	250	251	283	269	282	
289	282	252	260	264	298	293	
265	267	299	260	263	279	289	
265	250	271	285	263	280	253	
276	297	257	275	293	258	299	
261	277	253	285	292	271	279	
289	267	295	275	251	290	270	
268	299	265	278	295	292	257	
276	279	283	281	267	297	295	
251	284	263	252	255	278	286	
265	278	255	276	292	283	259	
257	277	275	297	267	254	289	
290	254	288	260	286	268	295	
253	298	268	259	274	273	277	
274	292	280	273	266	284	256	
289	292	271	272	288	295	259	
283	293	290	269	278	284	251	
263	291	292	266	286	267	299	
259	284	296	299	257	291	263	
286	287	288	281	278	254	265	
283	292	265	279	269	296	280	
284	280	291	277	293	274	270	
293	264	291	285	254	275	266	
264	286	297	290	294	250	259	
287	262	296	275	258	260	294	
283	259	260	263	293	254	292	
254	282	264	260	296	279	265	
297	255	267	261	281	259	299	
282	278	257	288	290	268	275	
339	324	304	333	319	306	307	
320	332	317	347	329	314	338	
338	332	310	339	318	329	305	
335	336	316	332	318	306	315	
323	312	342	343	311	303	320	
307	329	332	320	314	337	312	
304	311	331	300	336	339	301	
339	327	303	347	346	340	320	
342	349	334	346	310	339	333	
342	309	305	324	330	300	346	
329	310	331	330	305	334	308	
325	344	316	332	326	314	300	
312	305	310	303	340	326	335	
321	300	325	324	346	306	305	
325	304	344	313	338	300	348	
304	334	349	346	315	308	344	
316	304	347	349	346	312	336	
336	323	301	335	338	334	328	
313	316	344	321	308	327	320	
314	302	301	341	322	300	316	
326	311	348	343	321	345	310	
331	304	306	320	310	344	347	
320	333	349	311	313	335	346	
309	332	300	334	304	326	303	
343	335	323	314	312	332	315	
316	317	302	309	334	301	338	
339	336	317	340	335	312	330	
316	323	312	319	324	300	321	
300	303	302	327	313	329	346	
341	316	338	348	326	347	304	
300	333	324	304	338	337	342	
300	330	336	318	344	332	346	
306	328	303	307	335	319	316	
324	340	326	312	331	346	342	
307	322	327	332	336	339	321	
340	331	330	344	303	313	304	
324	329	330	344	347	325	337	
307	347	338	344	337	320	302	
318	320	322	312	327	346	348	
341	323	337	317	329	330	327	
334	342	330	316	332	333	340	
347	317	304	319	323	326	341	
323	331	300	333	313	312	303	
308	318	319	301	339	326	337	
334	304	327	332	319	338	306	
302	310	303	304	312	332	349	
348	318	316	323	327	343	305	
322	334	330	312	311	321	300	
317	319	308	310	311	301	313	
315	302	323	347	324	332	329	
365	379	377	394	359	387	391	
396	350	361	394	387	369	362	
376	360	363	390	399	352	392	
367	366	392	396	351	364	365	
387	368	351	386	372	358	360	
362	366	392	359	385	368	382	
357	356	378	360	391	399	373	
377	386	371	365	352	395	384	
379	357	381	370	372	354	368	
390	376	361	381	369	365	389	
352	399	394	360	387	389	354	
374	363	372	353	358	373	351	
398	391	396	368	389	351	388	
358	380	398	356	396	399	373	
358	355	396	354	374	361	394	
358	384	389	399	390	376	372	
391	380	361	360	368	355	393	
380	362	376	357	388	363	372	
390	371	368	395	367	396	358	
375	369	364	370	371	350	376	
391	381	395	390	393	372	394	
397	368	375	363	365	350	362	
361	351	393	358	392	382	355	
372	386	363	350	397	383	380	
351	389	376	392	399	361	358	
367	386	389	380	364	355	374	
358	397	365	355	383	357	372	
396	364	355	350	353	381	387	
350	380	354	375	355	382	395	
369	393	368	375	394	357	388	
384	381	389	382	366	354	360	
357	365	388	395	370	399	363	
352	365	392	372	382	366	386	
399	355	352	358	372	367	394	
352	377	375	391	384	350	369	
394	353	359	385	363	361	354	
366	395	397	393	352	350	381	
386	360	359	378	390	385	370	
358	354	386	378	357	353	374	
386	376	352	382	380	362	366	
369	382	373	358	386	359	355	
376	366	369	388	352	360	389	
396	373	366	383	389	397	358	
362	385	369	374	364	399	356	
370	367	396	394	391	366	398	
376	398	384	378	385	388	390	
355	393	383	364	367	388	350	
365	384	398	373	371	388	359	
362	377	385	387	366	355	361	
393	376	356	363	370	371	384	
430	436	408	444	449	426	433	
435	407	447	411	444	434	423	
449	407	415	436	416	419	421	
409	405	449	445	410	426	418	
413	429	427	410	449	421	441	
407	437	421	413	436	400	428	
427	404	448	408	421	430	432	
418	442	429	436	415	444	422	
405	406	423	409	404	430	438	
408	444	414	413	400	432	426	
427	424	431	423	430	402	436	
441	410	430	422	408	445	433	
408	423	434	410	429	446	407	
418	412	403	445	434	438	440	
449	439	443	437	419	441	405	
410	409	442	447	422	443	401	
413	435	411	407	434	445	401	
410	408	448	422	402	432	436	
407	402	447	420	410	441	432	
400	437	425	427	417	405	410	
403	413	407	418	405	440	447	
414	419	400	443	448	435	430	
403	444	405	417	436	439	409	
436	435	439	406	415	407	430	
432	448	400	410	436	421	425	
437	446	408	409	442	418	429	
422	447	405	446	411	421	448	
433	419	416	444	415	402	447	
420	431	442	413	402	415	404	
441	435	429	414	434	442	408	
422	404	430	440	441	446	400	
442	433	416	432	414	446	445	
427	420	429	432	433	405	401	
435	421	440	431	443	428	422	
440	448	417	443	437	416	441	
445	418	438	428	437	443	408	
441	418	437	428	420	413	402	
439	410	428	418	446	434	424	
420	413	418	425	412	410	404	
415	432	404	443	447	401	412	
441	443	413	401	436	449	408	
419	435	447	442	426	427	407	
415	430	421	410	412	405	403	
448	424	416	406	434	427	444	
406	447	411	449	404	419	413	
419	431	434	429	447	413	416	
447	427	443	432	415	411	430	
431	446	437	422	428	402	416	
415	436	431	402	408	405	407	
429	400	430	435	415	443	422	
499	479	495	467	461	487	469	
453	450	465	487	491	484	494	
486	460	490	467	452	463	480	
486	467	451	485	477	455	481	
478	483	480	450	493	464	468	
482	480	488	493	455	453	491	
463	484	497	490	469	492	465	
481	494	474	460	482	462	456	
495	481	497	467	486	484	490	
479	457	498	485	464	454	468	
489	483	499	469	471	479	497	
498	467	489	483	495	468	479	
459	464	477	460	487	483	497	
450	486	482	458	472	499	455	
461	455	459	476	482	453	452	
495	492	455	487	479	478	497	
472	478	490	486	468	474	466	
469	496	479	480	465	497	493	
480	496	495	459	499	464	462	
467	490	471	499	498	452	487	
455	492	490	457	488	496	480	
478	469	474	477	492	456	467	
450	497	494	454	467	465	464	
495	467	474	478	452	458	468	
474	479	487	485	451	453	475	
450	485	481	457	454	476	499	
499	492	498	480	461	464	490	
450	463	467	486	480	456	488	
465	497	482	496	463	466	467	
471	499	491	476	452	490	462	
480	485	495	454	474	451	476	
482	483	456	477	491	473	451	
483	465	467	460	488	496	454	
460	492	484	473	451	457	497	
459	452	472	460	477	487	464	
498	474	454	488	482	499	493	
472	485	456	476	483	496	497	
457	475	460	473	467	490	495	
452	498	491	463	490	462	496	
491	480	465	494	455	451	479	
455	468	463	467	493	480	484	
476	484	479	457	468	460	461	
463	476	491	470	485	480	458	
454	465	489	466	495	457	477	
485	478	498	489	479	497	453	
452	484	455	457	498	497	458	
486	460	485	482	466	454	473	
494	492	470	466	485	477	497	
496	456	497	485	454	495	458	
467	474	482	486	462	497	480	
23	43	17	3	25	42	18	34	
48	37	41	11	24	15	31	46	
32	20	6	5	31	9	3	18	
42	11	5	20	24	32	34	41	
21	7	48	16	22	28	32	37	
14	7	40	38	37	6	45	23	
18	8	23	3	48	24	9	39	
29	4	13	36	11	49	15	25	
11	27	14	18	41	43	16	30	
19	6	40	24	34	25	28	37	
29	19	13	9	44	38	33	4	
17	47	14	3	35	43	27	34	
35	29	18	34	23	27	20	46	
23	36	35	14	5	32	41	20	
8	15	6	4	9	1	27	30	
34	23	3	13	35	14	21	25	
14	13	16	0	11	21	22	47	
2	5	40	39	37	24	36	42	
21	13	20	31	4	37	9	0	
45	15	9	13	21	23	4	32	
49	11	28	47	1	31	44	10	
18	5	1	24	11	21	19	44	
20	0	22	24	6	42	8	45	
26	42	19	2	13	9	25	35	
14	31	9	20	39	12	8	24	
28	38	25	46	17	3	9	13	
32	12	48	46	11	43	30	38	
6	30	2	34	26	45	17	1	
9	48	31	29	23	3	5	37	
48	20	5	40	41	17	46	31	
18	13	44	31	28	39	7	9	
6	42	17	23	12	37	32	14	
25	27	8	0	17	6	12	2	
5	39	46	18	19	28	41	7	
35	43	42	0	47	25	24	17	
39	11	34	18	12	21	46	48	
27	15	37	24	29	12	48	33	
43	9	44	23	21	42	16	15	
6	1	3	30	25	32	49	16	
28	1	18	38	17	44	24	3	
32	23	4	45	49	7	15	34	
34	23	2	20	24	47	35	7	
37	15	45	27	47	10	36	22	
1	28	13	32	6	41	11	7	
46	9	41	28	23	14	35	19	
42	40	12	22	13	23	20	38	
23	45	31	16	21	2	3	35	
3	12	36	19	39	8	27	46	
44	49	2	24	37	4	39	26	
21	34	26	32	17	2	25	14	
70	56	54	95	98	69	71	80	
93	61	88	80	91	98	63	85	
63	50	87	71	75	93	59	65	
58	73	89	72	75	63	79	54	
50	61	76	68	99	78	91	77	
80	98	81	59	91	72	82	76	
90	77	97	96	74	61	93	83	
96	92	84	50	56	51	79	60	
57	71	92	70	75	50	77	88	
55	89	95	97	94	90	99	88	
99	92	96	84	65	86	73	76	
77	80	61	98	56	63	83	78	
89	66	52	77	92	91	86	58	
85	91	52	63	88	77	80	92	
77	76	64	66	92	57	82	74	
88	57	66	90	71	61	67	56	
54	85	84	58	80	62	55	50	
51	99	54	63	53	64	73	90	
58	76	63	86	59	88	54	77	
81	67	58	70	51	87	90	62	
86	54	77	67	83	63	73	61	
65	72	99	90	70	50	64	61	
99	57	80	61	63	69	70	76	
62	99	61	88	63	92	54	73	
86	92	63	79	91	70	96	82	
89	63	66	94	71	97	90	88	
69	95	90	85	77	58	97	88	
89	87	57	70	56	86	54	73	
52	56	91	58	72	85	62	84	
53	93	77	76	69	92	55	94	
54	52	64	98	61	89	93	77	
67	73	72	98	53	58	95	51	
69	91	58	78	92	71	66	97	
62	72	94	91	86	70	63	99	
54	82	55	61	90	87	74	71	
82	71	61	97	79	52	90	67	
81	82	78	70	91	96	95	57	
93	77	72	95	54	84	83	78	
79	82	57	88	50	70	96	71	
73	55	77	74	69	68	61	88	
84	51	60	96	67	88	90	66	
64	95	87	82	83	53	93	71	
63	94	75	65	66	85	83	61	
61	64	82	96	59	92	57	84	
51	64	91	97	96	62	69	89	
85	81	75	62	72	93	83	51	
56	69	67	90	89	99	96	53	
96	97	72	78	61	50	55	99	
91	96	64	59	76	72	81	86	
98	57	94	76	52	74	66	75	
129	114	101	109	142	111	102	123	
117	122	149	130	139	146	109	127	
129	132	101	145	126	127	136	128	
111	124	120	130	114	135	105	132	
101	113	110	143	139	109	103	148	
149	115	122	143	121	123	145	144	
134	105	141	116	110	113	111	138	
117	122	136	142	141	107	124	144	
114	139	110	115	126	131	145	129	
119	134	142	101	130	128	107	105	
106	102	140	142	146	134	144	103	
107	145	106	140	128	102	148	136	
111	139	110	126	128	130	112	142	
133	124	118	101	117	102	148	108	
114	127	133	134	142	136	116	147	
130	117	138	129	145	110	148	126	
111	129	128	131	118	124	142	117	
122	105	138	109	135	125	134	145	
123	122	125	138	109	141	102	146	
118	126	117	142	129	137	106	121	
123	102	133	105	120	132	140	114	
110	146	115	106	105	103	137	119	
139	105	134	119	108	130	114	138	
123	122	143	111	118	136	138	109	
130	102	125	119	131	140	117	149	
137	141	121	142	102	115	131	116	
146	124	148	123	110	140	113	105	
137	125	112	136	138	146	131	111	
134	141	105	136	149	130	123	135	
119	112	139	118	135	137	126	108	
100	125	113	104	141	145	148	130	
120	110	131	138	106	103	111	125	
104	146	126	118	110	149	129	109	
115	138	117	131	126	116	133	122	
109	136	102	120	105	141	129	101	
101	129	124	123	143	133	116	104	
132	131	129	149	123	109	107	121	
117	119	135	121	126	146	130	142	
130	114	117	141	108	134	124	113	
127	103	108	101	106	130	113	102	
141	142	122	146	134	137	108	121	
134	105	129	101	147	123	130	115	
141	101	147	114	110	134	148	103	
136	106	114	142	115	112	148	145	
147	117	149	137	145	127	102	135	
105	123	124	141	134	130	149	131	
149	121	134	101	142	110	123	131	
145	126	148	120	144	101	111	149	
121	122	139	100	108	119	113	126	
129	105	110	136	102	125	127	120	
153	179	166	162	173	176	188	185	
182	151	167	162	165	169	158	195	
199	182	185	153	187	165	157	194	
187	191	181	189	171	159	194	163	
175	172	196	153	176	192	162	159	
158	165	197	167	155	183	194	175	
169	151	195	175	177	154	150	157	
170	162	166	190	177	185	196	159	
196	183	158	189	164	187	185	193	
196	174	181	199	176	151	171	180	
158	161	192	197	178	182	196	179	
168	174	155	179	189	157	161	162	
167	191	174	156	154	158	193	181	
163	155	169	170	199	177	179	161	
179	152	193	184	188	187	174	153	
162	191	168	174	150	185	187	181	
170	166	198	157	151	199	194	181	
159	190	181	195	187	184	169	167	
161	193	192	180	187	197	190	191	
180	167	179	150	178	183	193	164	
196	189	150	186	171	193	162	163	
174	159	184	180	151	157	160	179	
171	157	177	164	168	166	194	167	
188	162	175	196	171	181	193	163	
186	171	160	154	162	185	179	183	
151	197	189	198	199	178	195	174	
151	198	190	162	196	195	185	178	
154	167	159	169	165	192	184	179	
194	154	198	182	171	192	168	160	
150	155	177	179	170	193	175	181	
169	174	153	154	161	159	183	172	
185	164	165	174	181	159	166	177	
184	177	158	174	168	150	159	163	
173	190	193	162	178	187	163	180	
161	188	197	173	195	189	167	187	
168	199	178	166	159	173	177	171	
157	194	167	162	183	169	193	174	
157	199	159	193	183	188	194	176	
180	188	152	196	168	197	178	184	
152	188	166	153	176	179	173	162	
159	183	150	191	152	154	151	178	
180	197	177	153	167	156	158	193	
162	199	195	152	194	186	157	177	
175	188	164	185	151	190	150	156	
183	171	190	185	161	197	172	162	
182	175	193	150	152	195	181	190	
155	190	175	195	158	151	162	173	
191	158	175	159	180	163	197	192	
180	158	171	166	192	156	175	150	
195	161	187	151	155	150	171	193	
211	235	219	234	247	238	208	248	
211	223	238	208	214	210	233	226	
217	247	203	230	249	244	234	210	
223	209	202	219	239	234	216	249	
210	237	242	208	225	233	231	241	
248	219	241	215	247	235	209	223	
235	238	202	232	246	248	242	244	
220	227	239	231	213	223	200	201	
227	211	248	243	223	203	229	216	
236	216	209	242	230	233	201	234	
202	236	222	232	223	213	235	243	
201	231	242	200	226	215	245	207	
212	213	203	200	233	217	220	230	
241	212	221	215	233	223	213	204	
211	216	235	247	236	239	232	249	
231	225	239	223	214	232	235	236	
221	201	244	233	218	225	242	213	
202	219	224	227	237	249	218	234	
209	223	249	204	215	234	200	202	
241	225	248	237	215	211	216	240	
240	207	209	228	236	234	227	204	
243	241	228	210	200	207	245	212	
235	206	238	215	203	226	227	208	
212	225	204	201	226	227	235	216	
226	248	235	208	240	242	224	244	
228	235	217	229	214	242	246	203	
209	247	231	226	230	237	206	234	
236	243	214	230	228	210	245	223	
234	223	216	235	227	224	242	209	
213	221	223	215	248	227	245	225	
240	238	248	235	210	233	212	213	
226	216	232	224	218	214	239	225	
206	217	210	234	236	237	209	244	
229	221	243	242	219	213	208	241	
223	235	242	207	226	216	219	230	
201	229	204	237	219	214	211	236	
209	235	217	213	220	249	205	246	
226	220	241	215	243	239	231	245	
238	223	235	205	214	229	247	203	
233	246	226	224	200	211	244	232	
227	237	213	210	236	212	230	240	
204	209	201	206	202	232	242	236	
200	207	224	222	220	231	244	228	
247	203	249	208	228	227	246	238	
244	203	243	220	204	219	247	224	
216	236	245	231	234	215	207	213	
230	238	232	216	236	215	205	227	
244	237	206	232	204	241	200	231	
241	201	236	226	204	246	207	212	
232	227	234	241	222	233	247	217	
283	257	285	267	294	273	298	256	
258	266	276	289	275	256	292	273	
285	254	265	276	277	280	281	266	
280	281	289	279	265	291	263	283	
276	271	279	289	287	257	286	274	
261	290	298	250	265	254	291	274	
274	293	283	287	260	261	289	257	
288	251	278	275	264	297	256	281	
253	296	265	256	293	250	264	258	
289	268	267	253	270	275	264	290	
292	263	293	274	275	298	296	282	
253	294	288	272	277	256	258	273	
279	269	284	250	287	293	264	281	
284	295	282	293	277	287	283	252	
273	296	279	291	261	280	294	274	
255	260	274	272	262	254	287	276	
299	289	255	251	281	294	273	270	
285	282	255	265	252	287	294	281	
255	269	283	292	287	254	262	259	
295	255	257	258	274	292	296	278	
269	294	251	289	264	259	261	292	
278	274	291	281	256	269	254	289	
274	262	285	251	253	264	260	266	
297	267	270	299	271	273	276	286	
283	263	275	281	255	272	270	286	
261	269	263	297	295	291	283	274	
269	266	276	296	280	289	293	274	
267	269	251	272	275	289	277	259	
293	274	287	257	259	285	266	299	
251	290	287	264	266	277	267	252	
286	264	275	296	298	271	260	261	
276	264	254	262	299	263	269	272	
272	290	260	264	252	277	250	289	
279	298	287	272	267	284	274	283	
259	286	293	278	285	269	281	292	
283	289	261	274	265	290	270	298	
263	288	284	275	278	268	277	271	
282	250	287	289	275	276	256	263	
281	257	253	267	291	263	270	280	
270	293	295	292	290	265	259	297	
259	280	279	251	264	260	268	261	
255	262	267	265	274	252	275	287	
254	274	284	267	256	292	277	285	
279	253	270	282	272	266	255	264	
268	270	272	284	265	297	292	299	
282	262	272	276	260	261	281	250	
281	290	251	275	299	292	257	280	
294	275	269	271	284	267	278	260	
266	259	292	261	274	255	272	264	
255	262	261	292	291	263	288	250	
308	321	324	340	344	332	303	315	
302	322	307	344	345	330	309	320	
327	306	326	316	345	328	304	336	
303	335	325	308	300	324	304	312	
339	331	303	310	308	305	341	322	
300	335	336	343	314	313	338	341	
328	336	333	335	337	315	302	331	
336	307	347	308	330	324	326	306	
311	333	301	305	306	345	303	304	
328	310	322	316	341	345	330	301	
342	305	311	316	335	344	334	325	
337	344	316	334	349	300	345	330	
305	318	321	323	327	335	324	349	
328	341	349	319	342	347	326	327	
307	349	306	337	317	332	345	313	
325	322	332	300	310	327	319	323	
348	323	346	300	304	324	321	341	
328	324	333	332	321	322	343	337	
317	306	325	347	333	330	341	336	
315	345	329	322	337	305	307	320	
316	333	332	323	319	307	318	331	
349	319	300	313	317	311	336	346	
334	324	320	300	348	343	347	318	
345	317	322	341	337	346	340	312	
334	321	338	322	328	314	325	315	
314	348	313	301	345	315	325	332	
301	337	308	318	348	341	309	324	
309	339	306	315	330	308	316	327	
308	348	311	305	331	330	313	316	
303	342	335	301	338	326	339	330	
303	345	318	347	337	324	302	326	
305	340	334	307	313	337	344	314	
333	330	306	323	331	303	316	309	
311	314	344	347	336	319	348	328	
333	345	300	331	320	343	309	325	
336	324	330	326	338	331	323	340	
305	335	340	343	326	341	314	334	
336	333	305	340	323	320	301	339	
336	329	308	301	343	312	345	323	
348	336	303	332	349	327	343	329	
323	308	318	310	333	330	338	335	
338	320	325	336	302	345	301	349	
313	305	301	336	323	326	345	335	
332	335	345	306	338	309	340	325	
319	329	328	302	315	344	342	307	
339	317	328	329	305	324	300	304	
334	300	317	330	336	302	309	340	
338	321	312	325	318	315	304	342	
340	315	344	324	328	325	309	347	
342	315	333	304	302	314	339	300	
361	388	379	368	364	366	362	394	
360	355	390	397	369	353	354	384	
378	371	396	368	361	393	389	394	
393	361	391	360	364	392	351	379	
396	359	381	369	362	373	361	392	
369	367	376	399	393	355	362	389	
370	382	395	387	391	378	384	390	
359	384	352	373	386	366	392	350	
356	367	357	386	374	381	399	359	
396	377	397	356	399	370	362	394	
391	379	392	352	354	357	382	399	
363	392	397	368	370	373	376	393	
395	365	363	379	358	366	393	385	
391	362	363	372	384	390	371	383	
385	373	356	378	367	394	390	393	
375	389	386	394	369	371	383	376	
360	389	395	368	390	365	379	397	
397	366	364	389	365	382	387	385	
363	396	366	373	362	356	368	392	
394	376	389	395	353	397	387	369	
393	377	359	374	391	357	355	369	
391	372	354	377	355	376	394	388	
372	385	383	361	354	370	355	350	
389	379	395	386	364	393	373	387	
350	380	386	377	358	392	373	352	
390	365	398	379	356	393	354	363	
386	368	397	355	353	351	361	366	
357	365	358	383	385	382	399	374	
383	374	361	373	397	350	352	355	
386	394	350	370	377	366	361	369	
366	381	371	373	353	379	356	397	
353	378	371	394	352	373	366	370	
378	370	361	354	398	391	362	393	
372	371	358	357	387	352	377	385	
381	375	364	391	376	359	398	394	
380	356	384	383	359	385	376	363	
373	366	383	391	362	353	390	367	
364	390	385	371	376	382	379	398	
397	376	395	371	353	377	366	356	
383	399	386	379	371	382	353	360	
380	390	395	382	383	399	388	384	
361	388	359	369	352	387	360	366	
381	352	356	359	373	383	394	388	
370	364	351	356	398	399	362	382	
388	362	387	385	396	350	361	397	
361	383	359	363	368	356	380	358	
375	378	355	390	362	366	357	391	
365	361	370	384	373	381	388	399	
359	363	394	355	376	358	357	374	
376	389	384	377	368	383	374	378	
422	446	436	404	431	409	444	416	
405	404	428	440	437	400	433	426	
440	443	422	410	433	407	421	419	
422	418	439	442	434	427	428	405	
427	434	415	428	411	414	410	436	
410	431	442	434	428	406	447	429	
427	436	417	449	423	412	420	411	
421	447	442	428	411	437	412	435	
401	403	448	413	442	449	444	414	
448	401	425	421	441	410	426	408	
418	444	410	448	447	419	413	440	
417	413	432	440	422	423	405	406	
431	437	449	435	430	422	445	416	
435	444	433	411	405	423	422	434	
439	447	433	438	417	428	411	402	
429	418	411	406	442	436	446	402	
428	435	418	440	425	438	439	430	
438	423	439	429	408	400	418	446	
444	432	411	417	427	446	439	404	
406	439	431	413	410	401	426	440	
402	434	428	411	446	427	437	423	
425	438	423	421	406	401	441	444	
432	406	423	446	409	410	422	403	
421	402	433	410	420	430	448	415	
420	408	430	415	422	429	424	427	
426	413	438	432	414	406	425	429	
427	432	447	422	430	435	425	417	
442	409	447	430	432	401	420	443	
430	448	413	404	433	449	400	440	
440	420	416	445	423	402	414	438	
434	404	431	400	429	405	401	425	
433	405	422	441	404	430	409	436	
418	442	417	414	430	428	425	436	
416	441	409	401	442	447	439	431	
440	417	441	439	428	438	421	411	
448	429	427	401	428	433	440	403	
430	438	402	419	403	424	435	421	
415	400	438	431	413	406	407	402	
439	415	400	405	425	413	449	426	
442	400	446	419	437	444	418	425	
432	433	431	420	426	441	438	409	
400	433	423	446	411	424	419	444	
412	405	402	439	430	417	445	447	
442	416	414	402	420	418	400	438	
400	421	418	407	414	444	430	435	
425	443	439	403	410	419	408	432	
415	411	404	419	425	420	441	434	
401	424	403	429	400	416	437	413	
433	407	418	401	402	445	417	431	
417	449	448	441	443	430	410	402	
496	454	452	455	474	486	494	488	
471	487	493	486	492	455	474	479	
468	498	489	458	474	490	471	491	
478	466	457	499	468	463	458	451	
491	451	480	488	493	463	464	459	
469	484	499	493	497	475	477	465	
463	485	460	462	470	461	481	465	
491	481	452	496	479	490	476	458	
470	488	473	495	458	468	453	476	
492	475	458	494	469	496	455	489	
498	467	472	463	466	476	486	496	
481	458	497	477	463	494	451	462	
486	463	453	475	499	469	468	484	
458	472	490	466	474	482	480	453	
476	478	464	496	477	497	484	458	
482	474	456	475	487	484	462	492	
457	459	473	489	452	485	472	492	
484	486	482	475	488	461	471	452	
455	499	493	450	465	472	461	464	
471	478	477	473	492	456	479	455	
495	497	498	452	463	457	486	487	
450	477	482	476	486	497	460	459	
466	464	475	471	480	461	479	455	
485	467	452	458	456	492	482	499	
450	456	469	471	497	487	470	485	
455	476	480	466	494	474	472	452	
465	460	490	482	468	492	452	498	
478	454	466	497	465	486	453	485	
497	498	492	474	484	485	489	469	
452	473	464	484	462	456	479	468	
466	458	498	475	493	492	471	454	
471	487	455	460	459	462	496	461	
450	490	469	451	472	452	453	488	
496	476	493	460	495	463	484	464	
457	484	488	470	487	479	497	478	
485	459	480	457	473	481	492	472	
460	466	454	495	469	461	452	453	
473	489	465	496	455	452	485	466	
484	462	459	463	450	477	466	485	
459	453	458	464	468	454	483	474	
485	452	455	457	483	491	467	497	
470	497	475	478	452	490	492	457	
465	471	464	460	480	451	483	499	
478	480	474	475	471	468	487	460	
451	487	473	490	494	480	497	499	
460	471	492	452	477	474	497	491	
466	493	456	485	490	451	481	474	
466	456	493	450	479	472	453	495	
488	471	450	478	466	479	474	499	
466	470	483	498	482	463	464	461	
285	155	181	
398	247	269	
323	261	242	
451	2	75	
126	206	108	
240	144	205	
454	471	100	
73	177	440	
281	195	248	
32	462	191	
169	394	419	
481	444	184	
103	39	324	
171	265	440	
301	182	206	
438	104	182	
474	278	289	
408	369	176	
370	193	362	
492	324	491	
315	446	46	
63	182	204	
112	400	483	
183	194	62	
80	270	193	
457	478	222	
340	428	292	
247	400	76	
319	67	195	
370	46	172	
436	489	374	
54	17	409	
96	70	127	
57	496	330	
362	359	128	
398	371	248	
178	267	82	
370	120	223	
437	171	175	
32	14	431	
301	380	110	
444	205	210	
308	74	395	
232	492	139	
324	433	283	
132	0	230	
313	235	381	
190	79	120	
310	187	138	
420	136	224	
48	135	139	145	
182	267	41	289	
351	494	268	348	
150	26	279	123	
144	98	458	409	
244	346	449	386	
299	63	403	448	
117	160	374	163	
372	371	100	313	
284	302	145	495	
301	17	5	133	
497	228	169	120	
271	54	79	174	
428	440	89	388	
462	324	11	376	
273	455	295	318	
57	464	163	397	
131	431	484	17	
418	271	467	256	
23	309	181	497	
486	20	440	390	
302	197	421	379	
461	434	428	154	
436	267	149	277	
398	193	244	309	
8	354	401	265	
160	326	243	26	
431	489	1	313	
265	121	210	37	
91	117	144	9	
129	10	283	411	
55	482	298	307	
97	488	325	148	
79	331	271	493	
191	145	297	374	
214	473	258	213	
174	300	9	13	
178	474	319	77	
214	216	420	117	
148	151	47	78	
127	121	49	111	
266	334	184	479	
386	365	384	153	
208	471	296	304	
39	368	73	249	
465	363	149	467	
441	91	216	65	
302	22	143	152	
245	277	172	200	
382	168	367	353	
75	328	129	12	466	
86	199	397	64	198	
342	316	82	451	200	
44	437	384	39	78	
408	208	427	429	243	
176	383	101	225	433	
217	86	68	416	244	
131	288	48	167	14	
382	393	284	316	364	
380	433	352	434	63	
122	193	119	416	420	
289	390	144	374	452	
156	287	188	106	339	
130	122	352	344	355	
208	228	233	242	39	
98	384	47	268	411	
223	459	266	124	429	
330	204	259	208	418	
255	120	159	269	224	
380	52	299	473	65	
33	142	339	457	438	
287	296	394	479	307	
366	252	477	178	107	
36	417	228	275	365	
314	50	379	308	307	
370	42	272	451	76	
111	248	84	3	495	
353	345	231	319	450	
56	136	395	443	249	
225	215	471	92	161	
130	22	387	444	449	
238	119	224	318	87	
437	438	375	207	213	
266	157	192	74	93	
147	264	136	335	157	
130	349	334	496	16	
182	446	431	493	230	
9	347	458	14	332	
71	292	92	276	289	
337	95	63	65	30	
223	415	42	387	199	
136	1	485	445	202	
64	97	476	224	373	
362	375	426	106	148	
430	261	0	175	345	
428	354	245	275	327	
325	441	426	9	211	
183	205	171	361	215	
126	314	77	286	182	
121	89	179	309	138	
