5	3	8	29	13	37	
9	42	18	30	46	1	
31	44	5	30	17	15	
42	11	44	45	8	23	
14	46	17	3	25	2	
2	12	28	37	10	6	
8	14	15	19	33	17	
45	13	35	10	28	33	
26	48	18	6	38	33	
27	36	5	47	25	41	
1	11	29	32	8	0	
9	35	23	12	36	3	
37	44	18	40	24	1	
2	13	45	6	46	39	
12	46	29	35	17	15	
31	3	47	13	9	18	
9	4	43	42	11	25	
15	49	7	21	25	19	
21	43	1	8	10	4	
38	7	15	5	40	26	
40	30	21	32	2	0	
27	26	44	39	32	17	
20	28	43	11	36	27	
7	40	34	43	42	24	
14	26	28	30	32	31	
6	10	31	35	46	11	
27	39	23	5	40	34	
27	26	36	34	8	20	
24	1	25	47	48	43	
34	5	22	31	36	1	
18	33	24	48	39	43	
49	34	48	13	30	41	
25	10	9	18	6	13	
41	34	4	5	8	15	
6	24	3	35	2	18	
21	40	5	25	49	4	
30	38	24	3	28	35	
44	30	39	13	17	1	
13	22	31	24	20	42	
4	31	10	47	46	43	
19	24	45	22	2	41	
38	19	37	39	2	48	
33	25	18	37	31	9	
29	2	26	16	42	33	
19	37	40	27	29	46	
41	2	20	8	28	43	
7	13	34	37	27	25	
44	7	29	34	3	8	
27	11	42	33	46	5	
49	15	30	34	35	0	
94	71	85	70	76	64	
55	98	85	80	77	93	
90	58	89	75	71	83	
72	99	81	67	58	76	
69	92	72	50	85	98	
61	50	66	68	58	94	
58	66	71	94	65	96	
87	95	60	80	58	53	
50	59	86	84	62	61	
65	52	67	90	83	50	
77	96	85	86	82	61	
69	50	83	56	92	99	
81	62	71	99	64	80	
76	52	95	65	90	61	
55	61	76	71	62	51	
59	52	85	86	62	92	
80	88	65	85	68	55	
89	78	81	57	61	63	
98	83	71	73	55	82	
60	81	90	69	97	67	
82	69	53	57	52	91	
88	57	65	95	59	81	
79	63	92	88	74	69	
80	82	73	61	94	67	
61	93	50	80	62	79	
64	94	96	75	72	70	
75	60	80	95	99	67	
60	53	66	75	64	76	
95	67	68	89	73	56	
96	85	75	74	59	60	
95	86	82	63	68	87	
76	91	61	96	60	64	
54	97	58	66	80	65	
88	57	91	69	90	59	
82	73	93	87	59	80	
85	78	50	59	83	97	
56	83	55	50	99	53	
67	53	75	79	60	76	
91	89	90	79	52	98	
61	65	80	89	68	86	
55	77	54	67	68	79	
82	51	53	79	97	89	
71	84	58	54	53	56	
52	89	68	93	69	84	
60	65	97	99	54	80	
96	64	97	70	92	89	
66	52	71	58	74	98	
69	95	94	64	85	63	
83	85	77	90	79	74	
66	70	80	99	91	60	
110	147	119	114	101	125	
115	133	131	145	135	106	
110	105	145	129	125	148	
107	123	108	105	106	104	
105	118	120	113	125	103	
100	113	127	132	120	129	
125	143	100	149	104	129	
110	130	138	131	102	104	
111	114	148	143	106	147	
143	137	109	104	107	132	
149	104	109	101	103	118	
104	115	136	142	135	100	
133	131	142	124	121	114	
129	145	104	147	110	102	
144	119	143	133	130	117	
106	140	102	121	128	130	
140	142	120	101	111	131	
128	126	124	120	127	113	
107	130	141	115	100	133	
117	144	149	123	133	111	
148	139	124	140	143	120	
116	148	130	145	104	103	
135	119	148	149	130	133	
136	107	141	133	106	145	
147	118	148	107	101	122	
100	108	130	134	140	138	
101	138	106	147	127	107	
105	130	140	144	116	143	
116	132	120	136	102	131	
143	129	107	104	130	110	
114	138	136	108	112	109	
133	136	142	108	100	131	
102	120	133	145	101	125	
127	125	143	111	138	128	
107	103	101	132	113	121	
145	125	100	141	119	131	
130	107	147	103	125	106	
106	120	119	117	133	100	
135	103	136	114	127	106	
106	108	128	103	110	147	
120	118	109	117	126	104	
117	116	108	109	145	122	
104	145	144	126	142	107	
100	115	116	133	141	118	
136	111	129	137	130	123	
134	113	137	103	143	118	
139	105	148	103	118	107	
109	111	145	125	107	133	
117	110	105	103	127	129	
136	134	114	130	107	142	
168	172	197	164	192	191	
160	193	159	165	166	157	
192	182	191	163	152	186	
154	175	192	196	193	172	
169	150	172	175	153	179	
163	192	186	154	155	167	
187	182	174	162	157	175	
188	173	190	157	198	160	
156	176	161	180	194	150	
162	185	155	174	177	156	
186	197	184	156	189	167	
196	165	194	179	186	151	
199	150	160	198	186	152	
194	169	176	186	157	198	
197	181	176	185	150	193	
179	150	180	194	156	191	
199	195	156	162	154	172	
156	154	158	176	185	164	
171	177	152	166	179	153	
151	190	160	191	177	168	
191	175	181	157	161	188	
150	151	156	167	170	194	
165	166	150	153	172	181	
196	193	190	199	167	177	
177	173	175	191	176	153	
193	164	176	157	158	154	
194	160	166	176	178	199	
168	191	151	175	162	154	
199	157	161	180	169	153	
177	163	161	194	174	181	
176	152	150	189	151	160	
150	169	194	176	173	164	
190	162	197	193	165	175	
184	183	189	178	187	150	
178	175	170	161	171	187	
182	180	173	169	187	154	
197	193	195	155	177	180	
164	199	192	197	166	157	
187	162	172	152	181	163	
181	194	175	154	167	171	
187	159	175	165	167	158	
185	174	187	177	175	151	
177	183	166	151	181	198	
196	172	175	190	155	165	
168	156	183	189	194	164	
183	173	178	181	160	197	
152	186	183	193	155	189	
177	162	189	167	151	192	
181	178	170	153	163	156	
184	197	189	176	177	181	
203	229	230	218	245	242	
249	219	200	242	216	238	
235	243	214	204	207	212	
222	244	234	236	219	226	
222	236	247	200	224	241	
211	241	223	231	205	214	
217	209	215	249	216	208	
248	208	234	204	218	219	
238	246	208	215	244	210	
224	226	206	204	201	243	
244	226	234	241	224	225	
201	243	224	215	203	223	
223	230	236	216	210	220	
210	224	233	221	211	203	
240	221	227	219	241	232	
238	231	225	215	218	219	
232	211	229	219	205	215	
231	225	205	227	206	219	
249	227	213	246	204	228	
223	236	208	213	205	244	
229	243	234	209	215	201	
211	248	238	200	236	201	
208	223	206	228	215	239	
230	214	238	221	216	241	
200	213	217	221	236	216	
210	237	231	220	219	221	
246	249	201	211	224	204	
234	228	205	244	223	220	
228	229	231	232	212	230	
240	231	207	247	243	224	
215	238	241	233	202	231	
221	204	238	240	206	235	
248	242	230	200	245	240	
227	242	205	246	217	208	
209	247	213	225	237	206	
214	235	229	226	206	201	
207	225	212	214	237	228	
200	228	215	221	235	241	
237	224	213	203	215	247	
244	219	227	240	230	229	
247	214	211	236	243	206	
239	209	222	245	225	230	
202	227	242	240	212	225	
213	247	229	236	243	210	
219	222	228	208	223	234	
245	239	247	235	210	241	
239	228	224	248	208	204	
234	220	237	205	209	200	
205	226	224	244	249	233	
249	226	215	246	217	228	
251	282	263	299	284	297	
258	270	295	271	292	251	
281	287	284	271	279	286	
276	290	280	263	272	251	
260	298	292	259	272	278	
298	292	274	271	257	288	
262	287	271	264	285	276	
252	251	268	273	280	259	
266	283	250	253	290	263	
270	281	287	275	292	298	
252	269	284	295	264	262	
279	254	252	292	278	277	
253	259	296	292	276	266	
286	250	282	287	277	264	
282	265	258	275	298	268	
273	291	284	288	250	252	
258	297	253	274	270	272	
280	293	295	253	273	260	
293	271	295	277	282	252	
260	298	272	286	256	252	
269	253	257	254	290	265	
294	250	258	264	261	269	
265	256	297	272	261	288	
278	292	294	282	271	279	
283	272	274	260	288	297	
296	256	294	274	291	290	
288	251	277	291	258	299	
287	273	278	262	276	283	
266	270	276	273	282	250	
254	288	257	251	298	287	
286	289	265	278	284	268	
281	286	297	261	263	289	
253	290	299	298	271	258	
265	267	299	284	290	287	
288	257	285	296	290	274	
291	289	299	283	273	298	
281	280	293	253	292	274	
261	251	295	253	254	298	
269	256	252	276	279	288	
254	262	264	259	293	275	
288	271	295	297	286	293	
282	294	291	295	288	266	
282	285	291	290	272	288	
291	284	259	278	299	258	
262	256	254	278	268	267	
299	272	275	286	266	288	
279	281	271	285	251	294	
265	250	255	287	268	260	
268	258	274	290	270	287	
264	294	287	286	259	263	
338	327	345	317	319	304	
316	318	321	313	332	320	
345	308	343	312	309	328	
329	307	311	301	316	312	
319	302	307	323	306	337	
349	309	343	337	340	332	
306	301	344	346	322	323	
349	308	341	317	333	313	
321	339	349	304	305	330	
331	316	345	339	311	341	
311	347	305	341	337	338	
330	319	338	313	331	348	
307	325	306	330	315	302	
326	313	303	306	310	321	
327	325	302	335	307	318	
323	308	316	330	322	320	
341	334	338	326	337	313	
327	336	323	326	324	320	
308	316	344	313	318	334	
317	318	303	327	340	326	
315	336	348	346	317	319	
339	348	349	337	323	315	
344	348	338	301	337	312	
308	316	300	327	334	307	
347	334	301	340	349	304	
346	326	321	328	310	341	
341	345	342	346	331	312	
322	303	325	342	311	330	
319	305	339	307	327	312	
302	342	304	306	315	333	
335	337	342	313	340	334	
344	314	312	315	310	317	
332	343	310	334	301	306	
311	328	330	333	300	306	
328	315	320	318	327	325	
328	336	314	347	315	332	
340	317	348	300	312	332	
308	348	319	324	349	311	
323	341	324	332	327	320	
311	331	309	313	327	339	
321	337	303	331	307	318	
348	319	324	313	302	343	
315	341	347	335	307	334	
335	332	320	317	312	316	
332	315	326	309	302	346	
323	340	341	329	332	302	
331	308	301	314	348	346	
305	337	334	307	313	340	
339	320	340	347	312	305	
311	305	347	328	334	316	
384	394	397	378	352	350	
365	383	386	351	371	350	
381	378	387	384	386	357	
359	393	394	373	399	396	
363	360	373	356	387	369	
389	370	383	356	372	353	
385	387	372	378	377	386	
367	391	360	355	366	354	
383	367	372	371	363	390	
398	354	388	378	375	386	
383	363	353	368	382	354	
356	361	389	365	350	397	
369	352	382	383	397	396	
358	378	380	398	351	376	
370	388	356	386	358	365	
394	391	355	365	383	384	
353	352	395	380	398	355	
362	376	366	357	365	350	
375	387	367	359	380	398	
390	363	373	372	362	385	
398	362	394	356	396	373	
353	377	357	360	379	385	
364	378	370	381	357	396	
391	373	371	393	390	388	
354	376	359	364	392	362	
385	380	370	393	387	375	
371	359	364	386	365	384	
385	362	358	355	380	368	
396	352	377	360	371	355	
357	384	397	362	392	375	
366	373	394	355	364	362	
352	358	362	390	373	357	
373	399	377	375	352	395	
373	365	394	380	385	364	
369	355	382	358	383	390	
378	380	353	392	373	369	
373	358	392	396	370	398	
364	351	372	366	356	373	
369	387	363	350	398	384	
380	379	372	351	357	378	
388	371	383	381	385	366	
370	358	397	368	375	390	
380	372	369	377	371	378	
353	374	399	367	396	376	
398	383	365	384	356	374	
360	352	354	389	387	393	
373	384	377	399	376	367	
357	353	356	394	370	393	
355	395	399	391	392	396	
388	370	393	355	389	375	
412	406	413	420	430	421	
419	423	416	402	429	411	
419	431	428	409	405	433	
436	431	435	414	427	402	
421	415	440	420	447	426	
413	418	433	434	422	401	
407	428	418	436	433	424	
427	424	428	411	419	448	
430	403	419	416	446	448	
426	431	412	402	433	415	
426	410	408	416	443	434	
415	448	405	412	430	437	
443	402	405	449	448	419	
429	447	401	438	432	422	
428	446	432	407	442	425	
412	424	440	434	438	420	
403	408	420	417	404	413	
413	419	443	420	440	438	
404	438	424	425	441	409	
409	449	422	445	416	405	
416	421	407	439	422	423	
435	433	422	447	424	436	
407	437	445	439	408	430	
449	431	446	438	425	401	
404	428	446	413	432	439	
441	439	449	422	426	448	
408	440	443	420	415	434	
441	404	409	400	421	419	
414	436	400	447	434	417	
403	430	436	408	429	435	
441	416	432	434	415	417	
427	416	434	448	407	428	
445	425	446	417	435	437	
447	423	443	412	424	425	
427	429	443	406	418	421	
429	441	400	419	446	436	
428	446	405	447	436	421	
448	435	441	416	426	445	
401	432	429	442	415	400	
446	402	415	427	404	449	
432	409	428	434	401	437	
444	417	445	414	448	431	
412	407	406	408	448	435	
415	435	403	420	404	411	
406	409	417	415	424	405	
446	445	429	425	430	444	
400	430	414	426	423	425	
414	419	432	423	400	401	
434	437	429	417	425	431	
417	440	400	438	439	433	
495	483	470	499	468	450	
460	487	465	466	471	452	
480	492	493	462	471	475	
452	470	462	471	454	480	
452	467	458	465	497	472	
467	477	462	461	483	494	
483	498	460	490	481	473	
478	466	485	464	452	490	
478	452	459	469	468	465	
480	461	457	496	494	477	
479	499	450	462	493	461	
460	492	456	473	462	467	
492	455	481	468	450	480	
457	491	475	477	472	462	
467	498	461	480	458	470	
480	495	464	460	478	482	
451	495	498	494	456	478	
475	469	480	484	464	476	
461	466	491	468	463	485	
470	468	489	495	454	463	
465	455	466	483	472	490	
464	460	453	459	474	471	
467	455	494	464	460	481	
495	466	490	483	469	462	
492	481	498	482	458	483	
486	453	488	492	485	471	
468	466	481	480	498	450	
470	473	483	462	456	478	
450	474	452	468	499	488	
454	494	487	453	488	486	
478	468	467	497	477	474	
458	477	467	478	457	469	
492	498	460	461	454	465	
474	451	472	490	462	452	
465	452	483	456	486	450	
486	483	487	471	455	457	
471	485	465	481	470	466	
490	466	487	484	460	455	
480	497	464	453	470	476	
492	466	497	479	464	486	
454	489	475	491	485	450	
477	482	465	454	467	490	
499	485	469	456	463	486	
499	473	485	454	477	450	
472	496	488	470	491	485	
457	468	477	490	489	497	
491	476	495	482	481	455	
491	484	482	467	471	499	
477	472	483	496	489	460	
470	497	466	469	485	454	
5	15	40	13	47	19	21	
44	38	23	39	36	15	25	
42	5	36	6	19	39	32	
18	41	1	10	27	49	12	
47	33	28	42	31	16	45	
9	28	22	11	26	13	32	
11	35	6	46	31	10	43	
3	48	11	45	16	12	18	
3	42	47	5	25	22	46	
33	41	18	0	24	27	44	
10	49	18	29	21	12	22	
35	27	13	15	24	8	21	
22	20	9	14	24	1	35	
37	46	14	31	40	16	17	
12	13	10	18	17	37	14	
48	40	17	36	31	16	28	
26	4	9	0	48	2	23	
0	8	28	35	15	41	32	
26	44	12	42	16	47	7	
2	19	31	27	46	41	49	
21	13	49	45	46	5	26	
42	22	7	13	14	6	9	
36	40	43	38	19	13	28	
23	34	16	14	10	32	18	
44	2	26	37	13	27	14	
3	36	26	47	6	13	31	
0	18	43	42	21	33	6	
11	9	12	21	8	1	26	
8	4	24	17	31	11	6	
26	18	14	49	31	7	43	
36	14	42	20	33	35	4	
4	13	30	9	14	38	31	
7	16	11	27	35	30	23	
23	18	24	38	17	8	3	
25	31	37	21	49	38	27	
5	9	10	40	37	8	41	
48	47	39	35	21	40	28	
48	30	24	41	23	12	17	
42	8	4	38	43	37	34	
21	12	17	41	16	15	43	
25	43	30	39	41	13	18	
19	24	10	12	11	49	35	
44	14	28	30	11	32	33	
36	4	19	48	29	28	24	
17	37	42	29	13	6	41	
20	22	25	40	33	11	47	
6	26	27	12	22	46	45	
40	45	19	24	13	21	26	
37	38	5	24	36	6	29	
24	20	26	41	18	35	43	
72	74	86	98	52	79	57	
84	57	83	55	59	69	62	
53	89	90	51	79	63	66	
95	76	77	90	56	62	79	
97	50	63	76	90	62	52	
83	57	87	52	76	73	70	
68	92	84	89	72	76	69	
54	97	76	81	58	65	86	
83	93	92	95	65	62	97	
84	96	53	69	71	59	74	
94	65	79	97	76	50	80	
62	60	52	88	65	87	83	
73	80	93	87	56	91	53	
52	66	86	81	57	56	96	
62	52	95	51	81	92	87	
60	73	68	51	84	62	55	
85	59	58	51	71	52	63	
58	64	78	88	80	85	94	
79	56	52	75	86	90	65	
53	96	62	79	66	50	90	
96	68	82	98	93	94	97	
54	63	61	60	59	82	99	
64	92	50	69	56	74	76	
98	86	67	85	70	90	87	
62	73	82	80	91	84	86	
81	82	74	80	68	88	90	
59	76	55	85	60	64	98	
74	55	72	95	87	59	63	
92	99	81	62	64	67	83	
93	78	60	67	89	53	65	
71	79	97	77	98	76	52	
73	68	99	79	62	97	86	
61	94	87	62	83	63	99	
62	60	82	96	51	94	66	
55	94	82	97	71	90	92	
68	56	85	90	69	79	64	
83	94	79	61	82	53	99	
75	66	56	54	73	97	85	
82	51	77	54	98	58	61	
80	89	81	94	74	68	56	
57	52	66	63	84	81	76	
95	79	92	55	87	68	86	
89	70	73	83	81	97	62	
72	75	87	76	77	52	81	
68	75	58	89	80	59	51	
78	53	88	86	50	92	72	
56	84	90	85	80	83	55	
53	58	94	69	89	79	73	
53	58	94	92	59	67	79	
85	98	63	71	53	94	56	
149	119	120	139	137	125	148	
140	118	104	148	136	122	114	
105	137	148	127	107	141	144	
112	146	148	111	118	144	133	
102	131	109	112	134	129	135	
140	125	122	119	138	118	143	
132	107	127	121	101	105	114	
132	146	120	113	147	105	114	
146	113	117	105	133	124	119	
149	114	119	145	118	137	103	
144	143	117	103	127	134	105	
104	135	138	102	103	141	137	
106	112	138	111	124	123	132	
115	106	143	146	136	100	105	
120	137	102	127	145	132	119	
138	147	111	139	109	121	141	
115	114	107	127	132	111	129	
138	106	108	125	139	109	130	
126	130	116	117	123	145	109	
148	102	105	133	137	113	131	
146	144	114	129	125	136	115	
123	131	145	110	134	122	126	
123	104	109	137	143	148	103	
144	139	128	106	104	133	145	
109	139	100	136	117	144	106	
144	110	138	125	149	145	109	
131	127	130	124	142	143	119	
102	117	147	149	142	148	104	
105	131	126	122	146	133	110	
115	145	131	138	146	102	140	
127	102	110	129	100	139	133	
142	126	113	122	116	102	136	
121	138	134	118	113	142	114	
108	116	134	112	104	115	113	
141	115	121	143	139	113	149	
135	118	117	145	105	121	133	
111	100	125	138	126	120	114	
127	123	106	119	143	134	145	
113	132	107	104	130	136	126	
138	124	102	132	108	139	146	
131	143	108	144	136	141	124	
141	130	137	132	118	104	117	
112	105	140	146	118	143	144	
141	137	134	147	124	129	128	
107	112	126	102	132	109	143	
138	116	140	125	108	121	118	
148	101	126	106	107	132	127	
148	123	127	139	119	128	134	
126	107	148	117	127	101	106	
107	108	139	113	105	109	120	
158	177	194	182	180	187	165	
179	188	157	152	193	160	192	
195	172	197	175	178	198	192	
187	151	153	172	152	171	174	
173	169	192	191	156	193	199	
163	190	165	182	193	187	162	
158	198	196	192	156	150	174	
182	160	166	154	187	175	173	
153	189	162	190	196	167	175	
153	178	157	185	190	198	174	
179	190	196	166	157	182	164	
179	172	168	154	189	176	161	
191	169	194	174	151	163	173	
178	150	167	164	186	195	163	
199	173	169	168	170	184	194	
198	151	186	183	187	189	197	
156	164	163	178	195	188	193	
159	199	196	166	163	161	167	
164	178	176	155	170	173	198	
182	166	196	192	189	194	181	
152	159	154	157	185	176	183	
152	175	165	163	185	158	172	
167	161	181	183	173	193	152	
159	185	161	195	177	178	169	
157	181	171	169	190	185	192	
185	198	182	186	166	180	170	
198	151	197	168	157	187	186	
186	184	175	160	190	183	192	
180	169	192	158	198	153	195	
186	194	152	184	182	187	163	
163	154	179	184	198	180	193	
191	175	193	187	154	177	173	
177	184	185	154	165	197	173	
191	155	169	194	154	195	179	
156	162	190	196	160	197	186	
193	197	173	171	175	176	196	
159	171	198	188	161	153	197	
161	152	156	180	181	151	168	
183	182	192	152	160	180	154	
182	188	194	176	167	177	166	
180	192	152	167	158	176	153	
196	176	198	165	177	186	157	
159	182	187	161	183	186	151	
170	157	178	150	156	163	194	
185	176	151	182	163	196	150	
163	169	173	165	177	158	188	
188	159	190	179	177	180	160	
181	155	172	185	189	165	167	
155	165	196	166	197	183	151	
199	165	193	160	182	156	180	
249	225	243	247	215	202	210	
238	236	201	203	244	248	202	
219	231	216	209	238	207	218	
246	236	215	241	202	242	213	
200	226	233	220	203	243	207	
235	203	206	204	215	245	201	
203	202	214	235	221	244	216	
217	243	222	215	231	229	248	
221	201	240	233	209	218	228	
213	209	214	243	227	234	226	
201	218	249	231	219	217	236	
209	205	219	230	200	234	248	
226	217	237	206	248	223	243	
243	242	238	225	217	247	244	
206	241	236	202	244	204	211	
212	248	233	226	203	246	243	
248	212	241	209	223	247	225	
248	233	231	228	219	214	204	
230	222	218	216	240	215	210	
239	230	247	202	207	215	238	
242	207	218	237	203	239	229	
249	239	210	230	209	226	205	
249	224	232	221	211	200	208	
238	204	210	217	224	214	201	
229	249	216	205	201	223	234	
245	241	216	225	244	228	208	
233	207	208	219	214	235	216	
241	206	242	245	207	216	244	
212	219	200	221	227	242	201	
249	208	241	246	233	231	235	
202	242	234	203	211	220	217	
210	226	205	220	222	214	200	
203	217	213	211	249	237	224	
243	219	226	246	244	210	202	
233	243	246	214	210	228	203	
216	211	220	209	232	245	213	
215	235	226	222	228	232	229	
242	226	215	245	210	234	223	
234	249	200	223	224	217	230	
202	235	228	203	208	248	217	
212	223	241	224	244	237	235	
214	209	226	246	205	236	245	
238	241	219	203	245	237	208	
213	242	223	208	231	232	204	
235	221	249	216	217	202	210	
232	235	215	216	222	245	218	
214	220	219	223	227	249	206	
232	229	246	248	239	247	222	
211	205	247	237	222	203	214	
242	209	233	210	212	215	240	
254	276	291	261	270	288	272	
259	253	296	260	269	292	255	
263	286	256	268	296	257	287	
289	265	272	252	270	288	290	
268	272	256	283	258	280	288	
277	288	285	274	290	270	296	
287	285	259	273	290	279	255	
287	269	257	284	282	253	277	
279	298	286	256	293	266	252	
289	292	295	266	281	267	299	
294	287	262	281	268	296	285	
281	283	256	251	286	284	292	
285	273	292	280	296	259	271	
291	273	285	260	261	294	267	
250	257	262	289	288	281	261	
251	280	262	252	290	276	294	
267	299	297	288	261	285	298	
257	271	256	278	288	261	250	
263	277	273	269	251	279	294	
258	294	253	275	280	263	283	
295	267	268	259	275	291	251	
279	296	291	265	297	290	273	
280	277	284	251	294	257	292	
275	259	261	266	262	258	283	
268	276	251	271	297	293	280	
261	291	292	271	251	260	265	
290	269	265	288	282	275	287	
294	298	283	293	258	257	281	
289	270	274	290	299	259	265	
297	269	284	273	283	270	280	
289	260	250	257	290	278	296	
252	295	279	272	255	250	277	
293	264	258	294	273	260	275	
278	275	290	283	265	285	271	
297	284	259	250	262	293	272	
269	280	286	260	274	265	283	
286	284	289	270	274	259	277	
295	274	298	261	263	269	252	
262	267	291	270	273	256	271	
283	296	257	282	276	251	258	
280	294	264	254	268	258	291	
289	277	292	281	270	256	276	
261	257	265	282	286	271	299	
295	250	292	259	257	260	283	
279	254	274	255	275	262	266	
263	293	295	288	273	259	272	
272	290	280	282	289	256	281	
292	256	257	258	285	297	273	
283	292	296	274	264	285	293	
272	291	297	282	258	294	252	
344	327	302	329	301	304	315	
321	337	336	333	301	339	317	
326	322	328	344	336	327	306	
348	319	335	300	307	309	321	
303	327	317	346	349	320	314	
314	309	300	344	337	338	310	
333	320	304	327	324	308	321	
339	308	320	349	307	326	336	
312	332	307	325	321	339	326	
336	349	310	345	308	314	330	
334	326	344	316	340	329	305	
301	315	346	336	325	334	331	
301	330	345	319	342	323	320	
322	312	316	301	313	324	320	
319	337	322	303	308	320	321	
324	344	304	349	319	333	317	
339	330	310	311	326	332	315	
334	303	323	321	336	345	337	
320	332	337	328	304	306	343	
300	323	330	312	315	313	347	
302	315	325	329	311	310	317	
304	336	347	323	322	343	346	
315	333	343	311	349	306	346	
334	303	345	300	331	347	328	
327	342	317	313	304	322	300	
330	310	332	331	308	306	327	
339	300	310	312	317	320	316	
337	319	311	323	312	313	308	
345	335	349	332	303	325	330	
345	321	313	304	339	340	315	
307	314	346	312	324	336	310	
333	332	308	309	305	342	338	
338	325	315	310	330	301	333	
330	305	314	332	340	338	300	
323	338	330	302	319	344	337	
338	303	320	333	340	343	328	
301	323	329	319	344	328	347	
302	336	341	301	343	322	317	
343	345	335	334	326	313	317	
346	340	342	322	329	311	306	
314	331	313	343	346	304	306	
320	323	315	331	341	347	314	
346	315	333	301	303	349	313	
315	310	306	303	324	307	335	
302	329	345	331	325	340	318	
344	327	333	310	335	318	345	
322	347	346	307	330	312	339	
309	345	315	308	319	318	301	
310	342	335	308	339	326	334	
303	345	306	313	340	333	312	
398	380	388	360	373	367	390	
375	386	385	398	395	369	368	
359	392	358	366	379	380	367	
392	354	372	393	363	376	366	
352	376	374	396	362	398	386	
379	395	398	396	383	376	397	
382	375	370	362	372	377	359	
394	391	364	375	399	370	384	
374	396	369	398	364	366	355	
383	369	388	364	373	385	378	
363	358	381	382	375	353	356	
361	369	382	393	367	371	384	
399	378	366	389	372	398	362	
393	355	369	362	357	396	388	
383	354	380	362	372	388	373	
373	360	398	359	367	372	380	
384	354	351	362	375	383	382	
360	355	379	387	362	396	350	
353	384	378	383	366	389	361	
354	372	390	367	373	370	379	
374	369	385	371	352	397	376	
376	394	372	385	352	395	390	
376	394	382	384	397	365	393	
373	355	392	372	356	390	351	
394	390	385	365	363	382	369	
373	360	356	363	370	379	376	
382	362	390	363	355	389	353	
389	354	360	363	396	395	380	
385	390	372	384	370	397	364	
379	383	369	367	385	390	374	
392	382	353	357	389	377	370	
376	352	399	372	374	351	395	
356	372	398	359	357	373	369	
352	378	398	357	391	386	387	
384	371	365	350	395	356	387	
387	376	363	360	392	394	378	
397	388	375	389	385	374	398	
359	384	386	375	365	381	378	
359	357	392	379	362	380	387	
362	352	392	372	381	384	374	
370	386	375	374	389	369	354	
399	364	363	373	350	351	382	
382	380	370	376	369	388	374	
357	370	385	367	362	384	390	
362	371	393	396	366	395	350	
356	395	367	353	387	394	357	
363	366	353	385	392	371	394	
367	395	383	386	370	387	373	
368	383	373	369	355	397	353	
363	359	380	376	397	371	357	
409	402	422	448	447	431	441	
432	420	433	411	428	423	400	
431	433	435	404	441	402	400	
430	433	449	423	405	410	446	
412	405	404	433	419	408	428	
438	408	413	433	401	416	441	
427	441	442	434	422	400	417	
421	414	443	436	437	448	423	
439	441	414	402	409	422	405	
419	445	434	412	403	410	436	
429	426	443	417	409	448	406	
413	435	443	415	411	449	448	
439	436	409	402	406	407	418	
408	411	444	436	441	422	412	
420	415	409	428	418	439	433	
416	423	408	431	404	426	411	
436	429	411	432	445	417	405	
407	409	405	430	400	434	417	
447	430	436	445	407	444	435	
403	426	435	440	411	438	447	
436	426	410	428	424	431	409	
419	444	408	405	437	429	446	
402	416	432	436	415	428	408	
445	403	410	448	442	432	430	
401	418	433	443	407	412	406	
437	416	417	428	435	425	431	
440	418	406	444	405	426	423	
413	402	412	404	400	433	429	
439	422	436	448	401	413	440	
412	400	447	449	401	442	419	
408	421	430	438	420	434	411	
436	400	411	402	407	442	426	
408	441	421	405	406	440	432	
447	425	414	443	408	410	426	
426	408	414	418	440	430	443	
443	444	404	408	403	430	431	
437	442	415	441	401	424	427	
402	426	418	438	400	417	409	
407	435	408	446	436	414	449	
402	403	442	416	420	423	424	
420	415	414	445	411	409	426	
441	410	417	434	429	433	427	
430	444	427	417	422	449	406	
432	406	421	442	414	446	438	
419	440	441	415	422	417	412	
400	408	403	424	429	414	421	
436	400	433	432	431	417	425	
413	415	419	446	449	403	436	
426	417	443	409	423	402	445	
440	413	447	409	438	420	416	
458	479	492	484	496	455	475	
452	453	476	456	475	474	465	
456	482	490	460	477	479	468	
476	473	490	492	488	494	481	
477	476	456	466	454	498	462	
462	477	481	487	488	497	461	
453	484	496	464	498	497	457	
479	468	497	498	494	477	466	
480	477	458	470	459	481	487	
453	455	459	497	461	491	499	
476	495	451	480	481	484	471	
471	475	482	483	477	487	495	
467	464	498	461	468	463	490	
477	492	491	457	474	473	484	
480	464	488	457	479	484	473	
490	489	467	453	466	457	463	
450	488	461	481	466	483	457	
451	487	476	465	483	489	470	
487	499	469	489	496	454	458	
463	482	484	495	486	491	452	
464	479	457	470	489	467	483	
482	461	495	494	470	480	478	
480	458	451	486	488	482	465	
468	462	479	460	494	474	488	
459	479	488	483	496	489	495	
469	488	497	489	498	476	472	
460	463	477	494	485	469	493	
464	452	468	460	495	498	478	
468	499	484	452	466	486	489	
498	466	492	472	469	467	461	
497	453	462	488	472	498	491	
498	489	490	491	475	472	478	
466	483	479	455	471	485	499	
458	496	457	465	485	471	474	
481	473	468	492	476	488	489	
499	497	455	491	498	479	452	
466	450	485	499	494	455	471	
482	464	480	453	483	477	471	
489	472	475	453	452	487	462	
457	472	490	494	453	493	497	
494	484	458	457	464	472	465	
497	457	450	491	489	456	474	
498	491	484	485	478	459	465	
461	487	493	479	481	491	497	
488	458	466	459	473	462	481	
496	466	474	492	487	467	483	
485	460	459	466	473	494	491	
453	468	454	473	486	476	451	
482	458	450	494	489	490	488	
462	473	480	472	479	457	466	
27	23	5	41	25	45	48	22	
49	3	31	15	4	23	48	17	
30	11	16	42	40	46	36	7	
33	5	8	9	11	34	22	4	
5	12	23	13	27	21	35	0	
30	23	34	47	19	22	12	21	
47	18	33	11	15	24	38	42	
40	10	29	48	2	20	15	47	
11	28	19	23	21	30	47	41	
30	37	3	40	28	0	21	32	
30	40	43	5	15	13	22	41	
0	15	11	24	2	33	36	31	
2	6	49	19	17	7	30	47	
40	17	10	44	43	20	38	28	
1	19	43	39	44	4	14	25	
40	41	12	17	47	43	19	33	
46	38	35	45	42	29	7	5	
40	12	21	44	42	8	34	16	
13	40	0	38	22	19	6	30	
23	45	29	30	36	24	37	3	
45	10	27	23	16	49	9	14	
30	27	31	16	34	13	24	10	
13	24	15	5	32	40	22	6	
29	21	12	13	44	23	19	11	
13	29	30	21	12	47	9	8	
43	17	44	45	2	15	32	27	
3	25	32	31	43	47	42	18	
25	17	2	48	47	23	15	30	
38	20	27	21	3	6	31	11	
7	3	22	6	34	10	47	8	
19	16	0	48	6	29	46	42	
9	5	32	16	3	14	42	18	
31	3	8	40	39	33	47	12	
7	2	19	42	8	27	37	46	
7	16	35	15	37	6	18	43	
6	37	21	31	14	8	20	11	
29	36	25	46	39	3	12	32	
19	48	31	37	1	23	35	8	
29	26	19	18	34	37	14	36	
34	2	17	13	37	8	18	16	
7	27	4	42	37	41	33	36	
4	32	42	20	38	15	35	46	
8	28	6	49	5	36	44	41	
44	16	22	27	32	24	13	14	
29	43	16	46	39	22	6	41	
7	16	30	0	19	11	37	12	
7	2	5	43	38	3	15	11	
43	45	37	34	9	17	29	44	
33	20	47	45	3	28	15	35	
24	2	4	9	33	31	40	46	
80	88	81	94	72	69	50	87	
63	52	51	92	72	89	84	62	
55	98	93	65	69	59	70	88	
95	96	92	59	97	56	88	69	
74	79	67	90	50	99	87	66	
93	84	99	53	91	62	55	74	
64	71	56	91	59	67	84	94	
99	70	87	59	95	84	91	94	
59	99	63	82	54	52	79	97	
78	64	77	50	99	79	53	94	
56	54	50	66	72	96	84	67	
62	97	93	65	92	75	83	85	
51	94	97	53	68	59	88	55	
69	59	61	63	79	51	78	70	
64	72	80	67	92	59	91	86	
87	74	96	91	66	58	72	88	
67	57	86	74	50	90	72	61	
80	54	51	85	74	98	62	66	
74	73	55	91	98	66	56	50	
71	98	81	93	50	84	69	54	
74	98	91	53	82	59	80	51	
93	51	89	90	64	68	62	99	
72	56	94	85	67	62	71	66	
68	94	52	96	87	93	74	60	
83	74	67	73	85	59	81	53	
60	78	94	56	67	84	85	93	
98	86	77	83	66	64	84	81	
96	55	94	57	89	66	61	87	
94	79	53	73	65	74	67	58	
92	51	78	71	73	83	90	97	
97	99	81	64	56	94	50	80	
68	98	88	80	76	60	72	69	
89	60	67	71	93	75	51	73	
51	69	76	84	59	83	87	92	
70	65	93	55	66	84	61	73	
85	77	64	92	58	59	90	66	
88	70	89	69	81	95	51	55	
95	86	90	81	50	91	61	69	
66	63	65	69	71	60	73	61	
86	63	68	58	72	73	95	75	
86	74	99	73	56	85	72	61	
69	70	74	62	82	88	56	80	
92	70	97	59	51	84	71	72	
73	51	80	60	55	69	61	72	
76	95	85	51	57	55	54	64	
92	98	63	86	99	88	55	51	
77	52	75	98	53	71	86	82	
87	82	83	66	81	78	71	67	
78	71	92	96	89	68	88	69	
70	98	87	82	95	51	90	68	
130	102	148	103	127	108	133	140	
100	112	136	118	128	107	137	147	
106	121	104	129	118	127	109	112	
128	126	100	109	102	116	121	107	
119	132	145	117	137	101	133	120	
125	104	126	108	118	121	142	128	
129	138	124	141	110	133	149	130	
108	141	142	111	122	120	100	118	
143	115	147	119	109	125	138	102	
140	133	101	102	116	124	117	113	
130	140	101	138	144	105	116	113	
133	142	103	143	144	101	146	104	
120	117	139	136	102	141	142	144	
124	103	142	109	102	127	100	115	
138	110	109	130	132	116	128	111	
125	131	127	126	106	104	145	103	
116	149	143	109	106	118	148	147	
139	128	102	124	148	131	112	122	
101	110	104	128	148	138	145	105	
148	142	119	109	103	135	121	107	
144	101	131	105	106	120	112	133	
110	120	131	100	149	128	147	119	
130	120	117	148	146	123	109	114	
111	146	127	136	119	143	106	126	
117	109	133	120	131	100	102	107	
123	103	101	124	113	129	149	145	
115	121	124	143	112	122	128	127	
117	119	111	142	108	116	137	115	
110	109	148	142	126	122	125	129	
130	129	115	145	112	148	144	143	
103	110	126	140	100	147	120	131	
123	110	126	105	148	128	104	115	
124	119	121	147	132	111	118	136	
134	109	121	142	139	102	130	118	
134	100	149	119	140	144	139	107	
136	132	135	101	110	109	139	106	
103	112	146	109	136	124	132	114	
106	132	123	104	137	109	148	101	
133	135	109	104	136	130	100	118	
139	100	124	126	134	146	144	119	
134	104	148	112	126	125	124	137	
143	134	131	132	146	133	116	140	
134	116	126	118	147	123	120	136	
139	149	100	115	123	102	147	108	
143	141	129	119	149	104	139	124	
134	101	109	146	110	104	143	119	
128	114	117	142	136	119	121	141	
149	141	142	131	133	122	144	104	
141	115	126	128	147	133	118	105	
109	128	136	144	108	149	134	132	
181	198	157	160	187	189	173	188	
192	181	160	199	165	185	177	151	
160	167	168	198	193	151	197	158	
171	167	166	198	186	168	193	196	
159	170	188	176	179	155	181	151	
155	190	175	166	162	172	179	161	
185	154	190	165	156	160	174	157	
169	167	174	150	165	184	161	187	
171	172	188	161	176	169	175	168	
172	164	184	197	195	180	174	155	
195	184	153	193	164	176	161	192	
154	178	198	171	165	181	156	162	
190	194	183	191	189	160	172	196	
185	159	155	191	173	179	186	188	
194	164	174	198	186	169	193	190	
161	190	179	155	159	199	162	195	
175	187	156	171	170	199	169	179	
198	181	176	160	166	156	184	196	
179	174	153	156	187	170	192	180	
161	151	192	165	164	163	155	193	
152	182	195	162	177	158	192	186	
154	168	173	177	169	150	158	183	
161	180	159	199	186	163	188	167	
160	196	182	166	151	189	163	152	
172	190	184	181	175	178	155	163	
191	181	157	187	194	189	196	166	
184	166	170	157	194	182	195	150	
194	195	188	166	180	167	169	178	
192	166	164	191	159	152	181	174	
177	186	191	185	162	198	193	156	
150	173	175	185	188	186	178	169	
186	154	180	167	177	193	175	156	
163	179	198	177	182	160	173	171	
186	196	199	198	191	162	156	189	
170	162	180	157	159	178	163	152	
188	198	166	164	171	189	175	155	
199	177	197	192	159	150	156	189	
179	186	150	190	194	176	192	152	
161	166	179	184	187	173	175	176	
183	195	180	169	164	181	160	166	
185	194	158	169	178	159	171	173	
174	162	185	170	197	175	167	199	
154	177	171	199	158	176	162	194	
150	184	197	158	191	195	157	154	
154	189	178	156	181	182	166	160	
152	170	168	167	153	198	199	190	
189	179	196	174	191	195	171	190	
183	187	191	171	199	161	162	193	
190	171	196	157	177	187	161	194	
159	152	197	181	169	156	190	183	
230	218	225	236	213	202	201	242	
233	229	231	202	216	242	236	238	
208	203	222	247	232	201	221	220	
227	207	247	220	232	240	214	212	
249	227	222	228	229	200	213	201	
247	201	225	202	207	210	205	248	
208	212	234	249	241	210	240	218	
220	213	224	236	203	214	212	232	
205	228	231	241	217	248	219	221	
208	206	241	232	201	222	238	202	
238	242	212	208	225	249	248	247	
230	213	205	227	214	212	209	216	
246	240	249	230	236	225	206	234	
201	248	231	243	206	226	244	219	
220	207	238	232	210	247	204	237	
228	208	236	222	203	231	215	212	
235	215	202	221	209	247	236	220	
232	239	229	227	242	246	224	220	
240	200	237	207	203	205	222	233	
213	244	214	247	222	248	206	245	
226	239	246	241	221	235	212	216	
204	238	233	218	202	249	219	221	
238	206	205	200	239	246	209	220	
243	223	246	234	237	200	208	215	
246	247	222	218	232	242	223	219	
234	225	213	200	223	216	232	211	
216	212	219	240	203	209	233	228	
235	205	228	232	236	223	237	215	
232	220	239	227	233	241	236	216	
227	206	241	229	207	210	209	239	
245	218	238	236	201	211	244	225	
238	220	243	237	207	205	219	211	
237	209	242	239	203	208	205	216	
240	242	208	216	246	210	232	225	
243	234	239	214	223	200	237	236	
231	224	207	232	247	223	221	233	
227	219	238	226	246	200	215	228	
207	206	222	232	202	233	234	226	
210	239	203	248	222	219	234	206	
229	216	201	204	246	239	231	208	
248	237	203	211	245	210	219	202	
222	228	203	213	209	237	242	219	
206	207	202	214	215	205	229	248	
203	223	242	216	211	220	233	249	
247	241	231	244	229	220	246	212	
209	205	223	229	204	231	237	221	
224	211	232	242	238	202	205	227	
211	239	205	200	223	206	235	243	
212	200	224	241	249	209	232	201	
238	231	203	244	230	201	237	206	
288	284	253	266	285	263	252	277	
296	283	266	285	280	270	294	273	
292	279	286	277	261	282	258	290	
279	264	281	280	286	275	266	288	
270	261	297	259	275	287	266	278	
285	265	288	264	257	251	299	268	
299	286	266	281	255	276	295	285	
282	270	258	272	255	278	281	279	
296	258	262	274	297	251	271	250	
298	270	259	286	280	271	295	275	
251	263	293	257	292	286	291	277	
280	289	278	267	297	255	284	259	
290	289	255	280	277	257	276	269	
290	271	299	255	296	293	295	251	
286	254	276	284	260	274	275	257	
290	298	278	293	267	286	253	277	
273	299	252	260	285	291	297	272	
271	274	282	292	291	264	288	258	
271	275	262	259	268	267	295	255	
257	265	270	262	271	267	250	252	
285	268	282	296	264	295	266	256	
292	259	263	264	258	282	267	285	
279	263	258	272	271	299	275	265	
297	266	298	271	296	291	275	251	
290	262	250	266	299	279	272	293	
297	263	277	285	283	253	257	254	
299	270	293	264	284	260	256	294	
270	266	262	275	265	277	281	296	
299	253	285	272	290	251	262	257	
299	259	281	285	256	278	295	298	
283	254	256	271	273	286	261	290	
256	277	291	251	295	288	263	280	
296	259	278	292	273	251	269	267	
254	261	294	270	259	262	257	297	
274	269	272	266	299	285	298	252	
286	250	255	252	265	269	266	294	
265	277	279	280	269	272	266	270	
289	295	261	256	294	299	252	282	
276	264	289	293	283	297	255	287	
287	257	298	259	278	282	258	290	
256	297	251	268	277	275	278	272	
273	294	268	269	259	295	261	253	
289	293	257	258	296	280	284	278	
284	263	282	260	253	256	272	281	
255	265	275	269	250	264	273	267	
252	271	261	276	274	269	272	264	
295	260	263	266	284	285	292	267	
278	268	266	265	290	261	256	279	
273	272	284	297	289	298	253	256	
256	263	290	289	253	268	250	261	
313	339	312	334	341	310	325	303	
313	302	321	310	343	300	327	316	
301	324	305	338	318	342	336	323	
327	312	300	340	334	310	317	344	
331	342	313	343	344	306	309	321	
310	339	305	320	335	313	330	343	
300	322	314	334	326	316	312	339	
302	327	303	320	341	344	316	310	
317	315	341	313	327	320	333	303	
320	349	343	302	317	323	301	344	
329	337	317	312	341	330	306	305	
301	321	302	346	324	326	337	317	
343	316	310	335	336	311	322	345	
305	337	331	308	346	334	313	327	
313	341	306	318	323	310	321	327	
319	341	324	314	326	306	313	310	
308	309	302	312	310	313	327	318	
329	341	309	328	305	316	301	311	
310	332	300	335	342	347	333	338	
325	314	329	312	346	315	334	321	
304	318	330	349	323	314	346	329	
326	302	311	344	308	306	338	312	
338	317	312	301	346	324	318	332	
340	316	334	307	328	342	322	346	
337	323	320	308	305	317	304	330	
322	308	323	333	329	321	306	338	
336	346	339	321	316	343	300	330	
303	324	309	325	334	331	329	341	
306	323	314	304	344	341	345	326	
305	331	325	344	328	303	323	320	
334	323	331	316	320	322	332	333	
335	337	312	301	329	319	331	315	
305	316	315	318	339	312	319	343	
315	333	330	345	339	307	334	322	
332	315	307	303	322	312	341	300	
318	349	310	334	313	302	311	300	
310	320	330	325	316	306	340	337	
314	337	343	330	307	336	327	318	
344	343	338	315	322	321	304	349	
327	317	349	310	315	322	302	303	
347	328	307	312	317	348	310	346	
349	343	314	344	313	347	326	336	
323	317	340	348	314	346	313	311	
322	345	329	303	308	343	339	305	
316	336	328	338	322	346	341	301	
343	330	312	318	349	315	331	327	
333	303	339	322	302	331	306	346	
318	343	336	310	347	322	338	337	
333	338	344	342	346	315	318	348	
311	319	339	303	306	338	302	300	
381	383	362	350	387	389	397	391	
356	381	378	361	365	386	368	352	
381	357	392	358	351	366	368	390	
367	353	394	360	389	366	357	351	
351	377	383	363	372	392	389	365	
386	360	390	361	384	354	396	363	
359	380	356	386	399	360	379	394	
364	360	368	380	384	370	369	359	
371	384	363	368	394	389	367	365	
372	377	374	375	360	363	395	371	
363	368	364	394	387	350	358	384	
364	361	389	356	352	391	362	375	
391	381	375	389	350	393	379	357	
386	376	358	389	372	383	378	356	
391	377	367	382	398	392	385	393	
399	382	376	362	389	386	361	355	
379	373	394	361	376	392	351	389	
360	370	391	399	369	382	365	367	
370	371	365	380	397	357	355	363	
380	387	390	362	374	358	350	369	
397	385	351	375	380	371	354	378	
353	381	379	362	351	361	377	397	
374	355	385	381	364	361	363	390	
363	388	397	360	398	370	390	374	
364	395	388	385	396	380	367	350	
364	391	372	351	398	392	388	383	
378	395	375	377	391	361	351	379	
385	378	388	384	392	391	390	366	
357	376	396	393	366	369	358	397	
399	377	379	398	358	357	397	370	
360	397	368	398	376	366	362	381	
391	397	370	372	384	365	358	396	
394	374	369	399	361	390	356	355	
397	394	382	364	388	352	369	386	
383	365	368	398	351	393	362	352	
373	355	384	376	351	381	359	392	
390	353	370	365	369	355	375	377	
372	374	378	393	392	385	384	363	
365	381	383	380	377	385	384	389	
390	396	366	384	377	381	362	393	
370	357	352	391	372	350	367	378	
363	377	397	384	375	353	379	392	
386	398	353	388	384	354	364	392	
388	384	377	398	366	361	375	371	
377	384	369	388	363	392	382	368	
373	350	393	357	380	375	360	394	
352	394	355	367	396	357	371	364	
364	399	352	362	380	357	359	385	
391	366	375	381	360	365	379	363	
396	389	397	360	377	350	380	384	
408	449	404	418	426	445	411	447	
416	427	400	428	439	444	412	409	
409	428	433	449	437	415	417	406	
436	434	405	447	445	448	402	426	
430	403	442	437	415	404	412	406	
420	418	433	402	437	430	423	406	
414	428	402	410	447	401	439	412	
404	406	405	439	429	427	441	435	
422	444	442	438	416	428	425	403	
448	411	414	447	408	404	441	409	
421	448	447	446	426	407	432	417	
434	404	433	412	406	443	417	401	
425	406	415	410	445	411	437	417	
446	421	411	444	429	431	400	434	
409	430	400	423	424	413	437	405	
420	401	423	400	421	441	426	418	
430	434	437	419	400	446	402	448	
421	413	410	435	407	448	429	438	
413	406	427	424	435	420	443	410	
408	431	409	441	448	418	425	422	
420	403	437	440	431	426	401	417	
410	418	430	405	435	401	428	442	
440	422	403	427	430	412	415	442	
441	428	407	402	414	438	420	445	
447	426	411	402	440	439	432	408	
405	428	436	429	423	411	432	434	
430	425	405	437	424	439	446	412	
408	448	436	429	420	437	412	401	
424	448	406	404	428	443	422	405	
418	439	405	407	415	432	434	421	
445	428	423	405	427	408	429	431	
408	409	426	441	436	443	402	403	
410	439	426	401	420	404	435	443	
439	446	433	425	449	445	419	441	
440	404	428	423	408	438	413	447	
416	444	420	426	436	414	425	434	
426	440	407	441	443	447	430	423	
415	418	411	427	409	422	426	442	
431	432	444	436	406	446	426	419	
446	411	448	401	418	435	415	422	
449	422	406	423	415	411	444	427	
440	425	415	443	431	411	419	413	
408	418	436	434	414	437	402	432	
431	432	446	436	414	423	447	434	
429	432	436	439	415	428	421	435	
435	430	427	449	421	404	400	405	
431	402	412	419	409	422	417	441	
412	426	440	418	445	406	417	411	
404	448	440	422	449	421	447	408	
423	417	408	426	406	435	437	420	
490	499	466	481	485	450	465	487	
459	453	492	477	465	479	472	450	
452	470	473	483	461	464	490	476	
489	456	460	491	488	454	473	459	
493	456	451	494	467	496	469	490	
469	474	457	487	455	479	498	461	
458	455	491	477	457	487	499	469	
452	484	468	454	491	455	459	466	
454	475	474	493	486	481	464	463	
467	481	454	466	483	471	470	469	
467	451	458	462	450	463	490	464	
459	486	471	485	475	454	498	494	
466	486	455	489	474	494	461	464	
493	468	490	483	464	454	469	471	
470	498	493	469	478	485	460	494	
478	468	498	464	491	486	452	494	
471	480	468	469	477	451	465	462	
488	473	472	467	470	482	453	459	
487	499	488	485	479	466	493	477	
479	453	498	489	490	486	454	452	
469	498	483	473	494	474	464	484	
491	499	461	466	459	473	474	483	
475	463	466	490	493	496	487	497	
498	453	488	491	476	471	464	494	
451	473	497	463	474	481	491	461	
464	452	488	455	460	495	450	484	
484	473	488	499	480	498	459	474	
457	453	496	473	471	499	494	489	
467	495	484	483	490	486	479	464	
454	486	479	463	489	464	455	475	
452	460	472	485	451	477	465	471	
451	458	454	453	485	488	487	499	
465	491	481	483	486	451	488	456	
453	470	478	498	491	497	473	481	
490	466	454	458	467	492	463	461	
499	473	465	490	492	455	464	495	
470	487	471	495	458	489	478	493	
452	451	456	469	476	499	458	462	
458	452	471	481	473	478	451	484	
466	474	488	492	472	465	469	459	
459	482	489	491	473	471	498	487	
460	474	499	471	462	465	483	480	
496	458	479	465	498	490	485	459	
489	450	476	495	462	452	498	469	
458	494	466	493	499	480	469	452	
482	451	470	472	474	486	455	487	
482	462	455	459	475	471	453	461	
472	465	461	453	460	477	489	496	
474	452	467	487	466	465	464	483	
499	458	462	476	495	460	451	456	
328	29	19	
459	43	183	
147	358	271	
89	241	143	
20	179	303	
368	19	176	
22	300	428	
241	17	278	
117	404	471	
461	267	44	
378	159	238	
342	313	147	
72	210	202	
28	312	1	
63	128	498	
336	426	466	
123	252	114	
117	213	499	
385	312	221	
428	156	236	
147	126	74	
188	49	487	
267	393	123	
93	480	54	
353	29	434	
461	54	141	
48	72	214	
194	286	77	
278	408	94	
404	35	499	
376	214	444	
192	77	463	
471	323	388	
176	341	491	
419	41	79	
172	422	259	
54	315	82	
207	414	1	
276	126	269	
154	403	181	
51	84	251	
144	26	110	
288	14	457	
449	40	293	
105	67	174	
312	441	194	
468	350	34	
282	115	16	
423	113	446	
26	344	389	
200	13	464	18	
475	397	179	138	
183	346	314	360	
186	453	480	457	
258	212	320	397	
54	374	320	290	
174	57	131	327	
32	272	264	184	
214	158	30	392	
262	83	267	1	
43	191	403	347	
496	70	244	472	
484	4	362	381	
85	242	40	136	
284	384	238	357	
198	422	362	385	
459	201	288	184	
15	93	113	234	
337	347	137	475	
254	428	223	53	
3	412	351	213	
97	58	62	311	
440	394	390	450	
377	263	59	268	
311	283	68	109	
452	489	316	361	
257	105	173	243	
186	192	46	288	
310	479	206	262	
486	205	271	7	
111	353	16	134	
124	88	294	469	
393	445	237	358	
461	308	317	293	
164	214	181	413	
311	64	213	11	
272	78	219	384	
92	192	171	111	
64	335	332	400	
351	90	117	30	
47	298	157	118	
252	166	357	458	
58	297	33	238	
126	390	340	489	
145	223	349	263	
119	36	120	201	
171	223	490	352	
69	257	117	107	
269	70	15	321	
282	249	88	447	
399	219	178	82	188	
50	447	146	427	391	
441	197	258	403	347	
243	28	203	200	236	
206	185	250	192	493	
366	427	111	220	478	
141	396	454	435	340	
476	387	235	366	24	
444	497	282	85	119	
391	81	239	490	141	
372	292	217	491	436	
475	488	230	193	96	
221	364	390	26	227	
404	317	222	348	206	
427	107	213	183	296	
422	413	212	4	8	
26	180	253	455	460	
112	161	431	18	171	
390	18	316	280	430	
250	399	277	476	374	
153	138	355	307	497	
84	160	107	51	67	
322	13	202	362	315	
76	481	169	300	288	
240	166	243	381	423	
92	5	491	13	262	
153	371	76	127	53	
341	287	93	233	216	
105	84	38	410	311	
370	252	97	242	158	
366	122	142	462	436	
172	210	484	54	143	
114	230	227	110	290	
98	82	126	343	68	
150	99	437	32	337	
289	20	123	223	368	
37	58	110	281	10	
121	357	300	4	181	
208	475	483	226	424	
122	32	193	104	496	
406	271	252	190	83	
493	469	270	278	431	
253	95	145	395	88	
290	91	470	100	236	
185	16	149	155	86	
23	327	340	238	459	
478	213	242	226	316	
170	156	281	135	471	
12	87	277	226	348	
495	180	412	433	437	
