39	26	29	10	43	6	
46	30	48	29	6	19	
5	20	49	35	26	12	
26	37	47	24	17	22	
14	38	11	31	27	17	
1	15	3	39	2	26	
5	43	26	3	6	47	
32	49	2	26	11	19	
42	20	40	25	45	10	
10	4	37	40	32	30	
28	9	46	4	29	49	
23	4	42	5	44	28	
49	33	40	31	24	35	
16	41	21	9	5	39	
13	24	0	23	49	25	
24	7	14	33	31	28	
14	9	22	46	21	20	
49	10	22	21	2	46	
28	26	24	22	2	49	
37	46	39	0	9	14	
34	12	41	17	11	24	
38	42	31	24	8	48	
43	25	39	41	13	48	
10	46	20	13	0	15	
27	36	14	12	16	19	
0	44	16	25	22	31	
5	33	48	25	4	23	
18	33	48	36	35	34	
40	39	24	49	3	38	
11	6	27	37	21	34	
1	29	10	9	48	47	
22	37	47	11	23	17	
25	27	19	23	39	38	
12	11	4	47	20	32	
17	30	15	46	4	2	
18	29	41	42	22	11	
10	0	4	49	11	46	
16	24	5	26	11	6	
38	15	18	44	9	19	
48	49	0	31	46	21	
46	41	23	28	12	47	
7	44	36	12	23	10	
38	28	0	30	40	22	
16	40	14	13	33	7	
13	2	34	46	17	42	
3	4	16	45	37	13	
19	36	1	39	17	40	
27	20	5	22	4	6	
15	48	4	19	28	47	
49	47	45	46	17	18	
99	87	96	62	51	81	
83	71	84	69	55	75	
82	92	80	74	87	71	
57	78	75	59	85	53	
77	76	95	69	93	68	
86	81	84	97	98	58	
62	86	91	96	83	84	
91	75	62	52	59	85	
52	64	78	68	87	84	
76	73	63	72	82	79	
56	58	74	84	88	97	
72	93	81	78	97	75	
89	99	79	66	83	60	
70	76	87	68	50	85	
75	95	87	71	74	53	
87	83	68	72	96	57	
79	70	58	82	90	91	
50	58	86	75	71	84	
75	77	91	82	79	60	
55	91	84	79	67	78	
62	55	58	84	91	72	
71	66	65	74	85	72	
87	66	63	97	99	57	
67	60	64	80	88	97	
57	65	64	99	94	51	
51	73	70	59	67	80	
89	52	59	58	98	82	
60	58	76	87	93	84	
62	87	97	66	69	55	
58	70	68	66	53	84	
85	72	56	70	54	71	
78	77	70	81	98	58	
50	88	74	68	95	52	
72	73	63	99	62	70	
84	95	52	99	74	64	
75	96	80	70	68	79	
75	54	92	61	55	81	
70	74	81	55	60	92	
89	90	94	83	99	81	
67	83	76	59	60	97	
99	96	92	56	95	78	
81	51	57	60	52	59	
83	75	96	50	99	80	
63	60	87	84	89	95	
87	74	64	90	66	73	
74	97	89	66	55	96	
50	59	84	64	98	97	
98	92	63	88	67	90	
58	84	64	65	93	52	
97	59	76	75	71	73	
102	117	103	133	128	140	
128	142	105	104	101	127	
118	122	126	140	142	138	
125	106	111	127	128	124	
130	138	103	116	125	129	
146	119	100	128	124	132	
122	129	102	119	148	132	
123	129	112	104	132	115	
126	121	142	133	101	112	
128	125	137	110	145	116	
139	121	141	147	104	117	
135	145	119	102	126	122	
122	117	135	105	134	118	
140	108	132	127	102	133	
110	109	103	143	108	132	
149	125	126	135	132	143	
140	138	126	122	129	107	
117	119	114	130	116	125	
146	121	104	108	105	142	
139	127	144	132	149	143	
113	119	139	112	115	134	
112	105	118	114	120	121	
146	139	122	131	107	128	
141	137	121	128	148	102	
109	142	121	147	108	128	
121	103	107	131	106	134	
126	145	119	106	137	148	
100	101	129	131	138	114	
119	138	129	131	112	142	
112	127	115	144	109	135	
107	104	149	130	105	126	
145	137	126	101	143	108	
119	125	101	123	145	124	
149	130	119	105	148	123	
123	143	136	106	115	125	
103	133	127	111	138	125	
119	101	120	135	113	142	
132	138	112	108	129	114	
100	101	141	132	147	111	
107	144	149	126	129	130	
115	141	109	131	116	101	
115	142	109	108	149	124	
125	126	104	110	141	116	
124	131	122	137	133	110	
125	119	107	126	140	109	
115	137	114	131	126	132	
107	138	136	131	132	116	
117	128	110	137	118	135	
119	127	126	117	133	105	
128	102	105	114	134	145	
192	179	178	183	156	195	
176	177	173	179	175	167	
190	194	160	176	165	173	
167	176	162	161	172	192	
176	182	177	181	161	191	
183	175	189	188	163	198	
160	165	185	168	188	196	
190	152	186	166	161	180	
165	185	168	197	171	153	
178	186	189	160	175	163	
179	175	155	196	162	157	
180	171	189	163	152	153	
196	150	182	158	177	189	
164	162	188	168	195	163	
177	184	152	180	165	193	
162	181	190	187	183	176	
189	190	166	194	175	185	
161	169	173	181	191	160	
180	169	193	156	179	194	
182	165	152	188	179	186	
160	180	169	190	186	157	
153	183	174	180	187	167	
185	197	187	175	178	164	
190	178	166	151	152	198	
190	158	197	193	169	176	
165	170	166	180	172	168	
176	168	152	179	189	190	
156	168	154	177	186	175	
150	162	190	187	192	188	
169	162	155	192	189	190	
158	177	178	196	157	198	
165	160	179	196	150	159	
164	177	170	172	197	175	
180	190	154	167	172	175	
153	176	194	168	185	161	
167	152	154	195	189	196	
155	151	172	181	184	187	
191	150	181	168	160	162	
161	167	192	172	156	173	
158	179	178	199	173	159	
172	166	150	196	154	193	
196	172	162	156	174	195	
154	193	177	160	185	184	
159	154	181	165	162	169	
190	157	182	180	189	181	
165	191	181	172	152	178	
172	161	183	178	154	152	
182	171	189	191	165	155	
181	160	199	177	158	169	
174	159	187	152	154	198	
200	213	227	228	204	221	
235	232	202	231	219	239	
235	246	217	247	208	230	
221	205	244	249	214	238	
200	210	233	205	216	203	
234	220	221	235	207	211	
242	239	222	221	249	245	
228	211	203	226	210	232	
209	208	244	219	206	249	
237	241	208	212	239	220	
233	249	234	217	235	228	
205	226	204	249	242	230	
230	201	209	204	222	225	
227	200	245	219	231	221	
202	203	226	240	243	200	
228	223	217	213	222	239	
221	206	242	211	243	203	
238	200	225	239	207	240	
239	223	228	227	229	246	
212	221	204	211	230	231	
217	210	227	226	245	200	
213	240	219	218	228	217	
236	222	247	243	235	204	
230	241	248	232	205	217	
241	228	234	232	229	215	
202	232	213	212	239	231	
217	222	209	238	240	236	
214	227	205	244	223	216	
200	207	216	238	206	237	
212	200	222	226	239	242	
233	202	204	240	218	245	
240	212	211	204	216	227	
211	244	217	203	222	237	
216	218	227	212	207	221	
203	229	228	221	244	200	
211	249	244	223	238	214	
235	227	229	248	217	220	
241	238	239	247	246	249	
211	245	247	200	232	207	
203	219	201	224	242	210	
203	232	234	240	202	211	
247	238	227	206	237	249	
242	214	241	227	234	223	
207	246	217	243	218	203	
237	233	224	231	228	208	
249	219	226	202	235	205	
239	231	224	204	233	240	
235	247	239	231	225	243	
212	246	203	245	223	229	
228	220	201	247	200	234	
286	299	291	274	256	283	
257	299	265	254	269	250	
259	271	295	294	266	260	
290	283	264	280	279	250	
291	274	292	251	290	256	
254	282	294	274	257	293	
272	277	267	253	282	286	
299	292	269	254	267	297	
293	265	275	257	283	272	
264	290	260	255	273	295	
264	254	255	251	290	274	
271	266	288	258	292	265	
265	268	254	260	262	272	
287	250	290	264	277	255	
290	289	262	271	266	297	
286	287	284	254	263	290	
295	253	266	279	291	299	
297	275	281	251	276	261	
297	258	281	253	250	274	
288	272	298	274	292	251	
293	251	284	269	279	280	
292	278	268	299	260	284	
283	286	263	278	287	264	
283	298	255	260	273	268	
265	298	283	290	273	250	
263	274	294	298	255	261	
252	295	250	255	277	297	
268	263	271	254	282	299	
283	276	282	257	290	294	
284	285	287	294	276	272	
256	261	268	259	257	280	
254	253	292	264	284	289	
281	289	276	259	286	287	
283	297	294	282	285	278	
266	283	284	258	293	254	
257	291	266	296	254	295	
278	266	251	260	276	253	
266	280	287	265	293	271	
266	296	288	298	255	292	
281	253	251	293	298	297	
283	265	295	280	299	288	
255	292	264	288	271	294	
296	284	251	279	259	271	
292	269	286	271	251	266	
267	271	273	265	288	258	
268	264	276	291	297	294	
291	259	257	268	254	266	
277	274	269	263	266	268	
283	295	262	280	275	267	
293	271	269	299	266	260	
317	304	337	346	326	333	
347	308	333	302	331	310	
318	310	346	300	312	302	
316	314	321	332	340	335	
328	304	323	333	322	314	
345	335	300	312	349	332	
323	302	320	328	340	334	
319	332	328	326	325	348	
310	326	329	331	327	325	
339	330	320	304	307	349	
304	329	307	324	314	331	
332	310	345	339	338	349	
301	314	341	319	300	302	
309	327	339	317	329	345	
310	311	305	313	339	326	
330	331	339	342	301	349	
339	319	349	303	326	334	
339	327	306	312	337	341	
347	348	314	330	311	329	
336	314	300	305	339	323	
349	345	331	314	308	318	
348	326	341	314	339	330	
340	308	342	314	334	325	
314	346	318	329	312	344	
329	302	308	327	314	324	
337	302	333	301	331	312	
308	339	343	324	315	334	
348	315	312	343	338	316	
327	322	340	336	334	314	
306	329	317	319	338	347	
313	329	326	300	327	312	
348	308	345	339	347	317	
326	325	319	306	340	324	
329	323	321	337	305	320	
310	323	311	340	327	349	
312	336	307	302	341	329	
305	330	304	333	348	311	
345	320	348	339	331	328	
309	313	317	332	300	324	
317	345	330	318	307	348	
302	349	312	303	309	342	
326	308	346	347	311	318	
310	323	344	327	303	301	
313	348	327	344	324	346	
310	321	349	316	319	320	
314	318	325	336	331	344	
337	331	348	311	301	316	
302	348	306	308	335	341	
313	318	328	302	319	306	
307	336	343	349	310	341	
371	378	369	366	358	393	
354	357	394	371	390	359	
360	362	395	351	385	369	
353	367	363	398	370	362	
354	360	366	352	399	394	
385	361	359	362	391	395	
359	385	352	373	397	377	
353	398	384	387	390	366	
391	394	376	358	384	381	
399	395	382	396	394	380	
380	353	356	374	395	352	
394	371	378	388	385	350	
396	379	372	382	375	377	
362	375	388	372	381	382	
370	356	358	360	374	388	
352	389	383	359	350	370	
367	356	352	381	375	355	
399	358	371	375	382	369	
385	396	370	390	358	383	
387	357	383	360	368	378	
381	377	363	379	389	361	
395	371	358	364	378	359	
372	367	365	381	392	354	
388	385	375	393	361	389	
394	399	377	369	359	380	
383	399	384	393	370	390	
351	364	365	373	387	397	
361	355	393	382	391	394	
398	364	354	392	367	363	
386	389	367	380	399	371	
384	394	351	359	365	395	
362	374	354	363	375	352	
374	390	369	377	357	356	
398	354	366	393	355	369	
367	357	364	394	380	365	
357	395	367	388	383	370	
375	392	399	370	357	385	
360	362	385	373	363	381	
387	380	397	355	378	375	
366	380	381	361	367	384	
371	394	355	353	388	360	
355	357	368	371	386	393	
373	361	393	370	371	375	
355	396	370	368	382	367	
387	359	382	367	378	356	
386	367	385	387	369	377	
395	385	388	369	371	365	
391	394	388	384	356	375	
380	399	388	381	359	379	
382	362	395	371	388	383	
405	402	407	410	423	448	
441	405	421	447	425	438	
410	408	432	428	415	437	
446	449	403	428	408	416	
439	427	404	444	437	402	
421	418	431	449	411	443	
412	439	431	448	436	417	
449	422	443	442	412	401	
448	441	401	427	421	400	
437	413	404	429	436	412	
408	445	446	407	442	426	
423	425	447	439	440	401	
438	429	417	418	425	411	
415	421	436	419	444	401	
427	441	412	417	420	444	
427	420	417	409	430	401	
447	403	446	418	439	407	
442	412	439	434	405	443	
449	412	433	427	432	442	
448	413	404	427	442	422	
428	444	446	419	426	420	
416	441	434	436	443	438	
405	410	430	442	417	448	
423	432	440	428	418	411	
428	419	405	447	421	435	
416	447	434	400	431	426	
404	419	433	423	441	432	
404	431	420	416	435	408	
427	417	433	413	414	434	
431	416	438	410	441	401	
425	413	420	435	422	437	
441	428	440	447	448	402	
421	448	433	410	437	405	
442	408	432	417	401	403	
446	427	401	416	445	413	
410	444	434	426	427	413	
422	427	432	417	436	448	
421	406	416	417	402	423	
409	400	431	428	421	434	
407	433	439	421	440	423	
417	435	408	406	424	411	
438	444	433	436	422	427	
421	417	400	408	406	407	
419	418	415	404	422	414	
428	415	406	425	443	402	
435	405	442	415	439	400	
440	446	435	404	420	419	
448	447	419	430	412	410	
414	411	417	424	426	430	
445	427	416	421	448	431	
462	476	453	477	461	486	
451	472	452	456	457	468	
467	472	480	489	481	488	
456	478	458	467	451	453	
480	456	466	452	470	495	
456	488	453	479	484	466	
455	484	491	497	471	478	
456	484	480	475	499	472	
475	470	477	498	489	471	
498	493	477	452	475	458	
461	467	470	484	497	468	
473	471	457	472	499	460	
485	483	480	468	469	487	
499	476	459	488	450	468	
468	479	471	491	457	465	
459	458	471	463	492	491	
458	461	496	478	469	488	
475	490	488	494	489	465	
469	464	465	456	480	484	
493	464	472	474	456	488	
453	473	478	482	487	468	
477	461	450	466	473	463	
492	465	496	453	493	471	
486	483	460	491	484	481	
452	451	485	497	450	493	
458	488	459	467	499	465	
461	497	490	466	453	496	
459	466	491	467	490	482	
491	486	469	487	499	485	
478	479	456	494	489	497	
476	488	478	495	474	450	
456	494	489	497	499	471	
473	472	497	475	482	465	
457	498	485	481	451	476	
452	484	476	468	480	489	
472	497	458	474	475	488	
463	475	490	493	480	491	
485	488	463	484	473	489	
498	491	460	474	484	458	
499	460	495	463	477	461	
483	472	455	462	477	496	
465	477	471	483	450	459	
451	478	490	493	452	461	
453	489	479	456	469	450	
495	494	477	466	488	487	
450	490	471	498	483	473	
482	497	493	457	471	499	
456	460	480	495	463	472	
473	480	475	485	479	469	
483	470	475	456	495	451	
43	42	11	48	41	34	40	
3	40	26	32	39	16	30	
17	45	11	39	4	41	8	
0	28	32	33	21	41	23	
11	38	34	27	28	7	32	
16	23	11	27	21	37	20	
20	23	32	10	34	0	4	
36	13	20	45	11	33	4	
37	29	41	13	35	49	39	
23	6	31	27	17	19	29	
27	18	37	6	14	8	2	
48	26	14	36	6	17	45	
16	24	47	11	49	27	19	
48	38	36	32	11	42	17	
11	15	47	26	10	37	43	
49	15	20	25	4	17	21	
36	34	12	29	18	21	46	
41	47	26	18	14	37	4	
3	39	2	45	28	23	27	
24	20	45	48	19	13	35	
8	12	11	49	15	30	43	
35	9	39	24	16	45	37	
4	15	0	18	12	3	31	
31	24	38	33	34	46	44	
35	0	39	45	30	14	25	
31	36	12	39	20	8	32	
18	30	36	28	11	24	23	
4	14	33	18	1	46	21	
4	17	20	35	8	24	34	
32	23	14	30	13	40	11	
19	24	26	40	34	18	12	
47	5	8	35	21	30	7	
24	40	2	25	22	26	39	
16	27	10	20	38	28	35	
0	5	13	32	2	44	31	
43	10	17	47	39	13	0	
1	17	33	36	0	24	19	
13	35	45	7	0	10	33	
39	24	31	10	9	29	22	
38	43	27	11	25	29	33	
16	23	1	5	36	10	2	
37	39	22	35	47	48	11	
35	3	42	11	32	46	18	
36	8	33	40	18	35	12	
26	2	32	29	38	9	49	
26	27	44	3	18	12	9	
34	23	32	21	44	5	19	
26	4	13	6	2	14	39	
47	13	37	14	20	42	24	
25	23	40	21	11	43	18	
59	64	60	52	69	88	73	
63	95	58	82	70	69	84	
55	93	77	66	97	94	62	
62	72	61	58	98	73	74	
58	77	55	70	95	52	56	
78	79	88	67	80	58	76	
50	65	55	74	95	57	88	
68	78	57	80	97	63	98	
84	86	72	83	56	76	74	
70	50	78	96	75	87	98	
92	61	78	51	77	54	70	
76	92	63	72	56	86	74	
81	54	66	84	76	50	60	
57	70	61	55	53	91	80	
61	64	59	85	99	80	52	
64	50	55	62	68	67	70	
65	58	74	84	50	53	69	
92	98	69	56	65	62	75	
85	86	64	62	52	58	74	
56	82	86	93	79	55	50	
53	77	97	98	65	56	95	
95	69	90	61	98	97	99	
54	71	82	85	67	69	90	
58	79	53	81	60	56	82	
65	58	68	98	92	75	96	
56	69	60	72	77	64	91	
61	76	88	87	55	99	52	
78	87	50	52	82	81	80	
64	72	85	63	81	74	61	
66	70	50	82	59	57	95	
79	81	74	56	53	87	50	
59	93	67	66	55	50	81	
95	80	93	74	88	67	92	
82	91	70	64	69	95	80	
74	96	82	95	56	64	72	
55	97	65	64	50	87	81	
51	69	94	97	91	50	55	
64	67	83	50	94	95	56	
80	65	61	66	93	91	81	
99	67	64	93	98	90	77	
64	91	90	78	69	51	76	
91	90	93	60	71	78	61	
94	84	55	96	69	54	71	
52	83	59	70	60	78	87	
87	86	79	63	71	88	65	
72	92	59	98	87	97	56	
66	67	59	79	63	87	60	
74	57	61	98	75	90	85	
92	55	75	84	85	89	82	
58	62	67	88	70	76	90	
121	130	112	134	124	116	114	
144	113	135	132	106	127	107	
143	147	137	113	124	120	110	
102	107	118	140	116	139	109	
124	118	133	106	116	108	102	
142	124	107	139	126	109	133	
147	141	119	139	108	124	121	
136	140	147	128	137	135	126	
125	137	128	129	110	115	100	
142	126	129	141	113	132	138	
119	123	125	110	120	132	133	
126	118	139	137	144	113	147	
129	132	143	125	135	108	113	
117	136	144	116	145	123	124	
110	137	121	115	109	126	146	
142	128	122	137	100	119	136	
134	108	114	137	144	123	148	
134	127	146	139	123	111	137	
126	134	119	106	135	122	132	
139	124	101	112	148	134	121	
113	140	149	136	114	118	102	
119	132	124	149	138	142	123	
119	138	117	147	116	148	149	
138	120	129	108	117	116	143	
117	109	124	128	106	126	129	
123	127	106	109	147	143	120	
119	129	136	117	100	126	132	
114	133	137	108	109	129	124	
129	117	142	116	105	103	122	
114	144	104	122	142	146	115	
144	110	116	124	145	115	137	
137	120	112	145	128	146	100	
131	115	132	142	105	102	118	
119	147	111	132	135	110	106	
138	118	125	101	126	131	146	
115	121	112	141	146	118	140	
138	148	117	103	149	108	118	
122	144	117	116	115	127	113	
148	126	142	144	103	138	120	
110	108	125	134	131	104	133	
108	119	103	107	132	137	113	
110	142	111	134	102	103	121	
105	106	125	134	143	109	113	
101	141	105	112	145	138	147	
105	129	121	142	144	112	110	
116	101	103	119	120	122	105	
140	149	143	114	117	118	115	
116	142	107	124	102	112	132	
132	127	139	108	140	143	129	
125	105	135	126	114	120	116	
176	180	173	164	184	195	181	
164	161	163	175	168	199	173	
171	157	180	152	182	178	162	
171	193	150	170	181	162	187	
191	172	184	150	162	190	189	
163	186	150	190	185	173	172	
181	194	168	198	187	185	176	
188	150	156	197	172	153	180	
169	165	191	178	157	167	158	
153	182	178	189	156	184	183	
165	186	196	183	155	197	188	
177	184	156	165	199	157	166	
161	180	173	158	199	170	155	
174	156	194	181	191	153	176	
164	155	188	159	192	186	161	
190	156	183	174	176	163	178	
171	162	159	154	189	153	199	
164	150	180	167	185	151	160	
165	160	182	178	180	163	189	
187	172	181	184	165	169	154	
185	160	169	152	196	197	161	
181	196	168	189	163	184	199	
156	171	188	155	162	182	163	
176	150	188	192	175	171	165	
155	157	151	198	191	192	184	
172	185	186	157	161	153	173	
161	197	163	195	160	153	155	
156	163	169	188	196	154	165	
172	196	180	195	190	177	189	
175	198	195	189	172	152	162	
173	183	190	151	163	184	156	
173	198	191	185	199	175	167	
193	172	184	177	198	157	159	
189	164	193	174	179	183	162	
153	189	190	199	168	197	166	
156	161	189	199	172	165	175	
164	182	160	176	159	186	195	
172	195	168	187	194	158	175	
187	177	179	156	158	182	163	
181	189	192	187	182	159	165	
155	174	195	189	160	196	188	
181	192	184	178	173	174	199	
198	179	167	175	195	186	172	
198	169	197	151	179	155	163	
178	190	184	193	151	183	177	
160	158	157	177	197	188	168	
158	171	153	176	156	155	180	
152	196	153	191	180	199	190	
178	190	169	183	170	188	152	
198	184	164	169	171	188	170	
223	231	243	228	240	224	201	
206	214	217	246	228	231	236	
218	231	244	210	217	205	240	
227	207	224	200	237	210	218	
232	240	241	204	216	212	249	
201	241	223	203	216	213	246	
204	231	249	208	223	232	210	
212	226	202	216	232	241	203	
201	202	232	230	218	213	221	
218	231	207	249	221	208	214	
230	214	235	228	247	225	231	
225	240	235	209	234	221	239	
213	242	240	221	211	227	203	
213	239	205	246	212	219	231	
201	204	221	225	231	239	230	
209	212	200	242	219	214	204	
226	219	206	248	232	216	218	
229	210	246	203	239	230	224	
234	224	219	249	221	203	227	
218	206	220	223	214	249	204	
238	219	203	244	230	224	249	
204	239	210	206	203	224	232	
233	211	201	207	249	200	231	
202	229	206	221	205	230	201	
238	209	247	245	227	214	210	
232	216	241	249	226	210	201	
228	227	229	220	216	204	223	
222	217	219	205	232	201	237	
218	215	214	236	209	203	248	
216	230	241	203	221	236	201	
237	238	224	210	240	202	248	
240	227	215	204	205	219	233	
206	240	212	235	233	200	230	
238	216	245	209	225	221	218	
211	222	240	219	238	221	242	
239	235	214	200	217	229	222	
244	209	227	208	212	245	224	
208	204	214	209	237	227	248	
233	215	214	248	206	205	208	
212	205	213	243	224	203	233	
202	204	221	228	247	220	231	
211	203	249	240	238	246	202	
246	204	208	235	248	216	219	
232	249	217	230	209	224	219	
216	238	231	228	210	232	243	
210	224	230	219	232	249	235	
227	237	220	219	211	207	200	
226	222	242	233	235	216	214	
205	223	214	235	216	233	240	
203	221	235	228	213	236	239	
281	267	262	295	278	276	289	
298	287	285	254	294	267	252	
287	278	286	296	273	277	299	
292	295	293	253	261	277	289	
254	271	297	284	266	291	265	
251	292	253	299	285	271	259	
257	268	296	271	289	264	275	
283	251	296	254	270	271	257	
266	261	287	298	294	281	273	
298	287	281	268	295	291	289	
269	297	294	262	286	261	256	
268	278	293	265	285	291	272	
290	280	259	298	265	289	286	
255	290	295	282	261	277	289	
250	288	293	285	266	255	299	
264	297	286	267	287	284	261	
257	281	255	277	287	271	279	
268	270	252	298	250	256	274	
296	295	252	297	291	294	282	
251	270	265	294	292	254	299	
281	277	274	276	288	273	253	
257	284	295	279	297	286	285	
275	291	298	278	277	288	252	
289	259	291	275	298	252	277	
251	254	274	275	297	264	276	
272	295	297	265	287	262	264	
295	252	292	259	291	286	265	
263	271	251	262	274	283	297	
295	264	258	287	280	254	297	
272	288	281	255	286	280	273	
282	287	259	288	294	250	277	
291	294	275	280	250	257	283	
258	257	272	261	268	264	290	
256	277	258	278	251	250	284	
265	296	271	276	252	255	294	
266	251	268	289	271	255	269	
297	287	266	278	255	275	290	
272	270	255	254	284	299	285	
271	265	282	250	267	289	292	
260	273	255	250	288	287	258	
264	286	281	297	269	270	261	
281	294	277	264	267	254	260	
254	275	283	277	290	265	255	
284	259	291	274	275	269	285	
280	276	289	288	261	285	279	
281	262	295	287	282	297	278	
285	299	252	272	276	295	273	
291	268	265	255	275	293	263	
259	273	257	256	277	278	290	
272	283	264	253	291	260	265	
349	310	340	333	346	300	314	
315	325	328	333	317	339	342	
343	325	330	327	326	318	347	
321	301	330	312	327	323	305	
330	302	346	304	331	338	328	
304	322	310	305	309	340	330	
300	348	314	345	347	323	322	
337	327	336	329	307	318	313	
338	324	320	345	347	300	346	
321	300	329	322	343	325	347	
327	319	330	301	316	313	341	
324	327	347	334	332	300	317	
325	308	329	320	301	330	326	
329	327	304	333	312	316	314	
347	307	308	300	314	346	324	
336	319	326	315	337	330	318	
317	333	345	344	331	312	304	
344	343	304	301	314	317	340	
346	325	336	306	323	312	310	
320	324	344	310	316	331	336	
309	314	335	328	315	312	313	
327	305	319	324	323	336	337	
307	315	316	312	337	347	338	
333	304	315	316	310	345	340	
320	329	300	337	305	335	313	
338	300	318	345	343	347	329	
301	342	309	328	322	336	325	
346	329	340	311	314	349	318	
319	311	335	346	330	344	306	
339	305	311	312	332	320	317	
301	324	328	314	336	320	344	
307	346	324	314	300	319	312	
318	343	308	349	322	312	309	
335	300	301	347	337	325	322	
344	333	304	320	315	322	313	
314	343	308	301	305	323	342	
307	330	340	335	308	347	349	
309	322	334	327	302	326	340	
301	334	332	316	320	345	336	
344	323	302	300	312	309	311	
340	319	339	320	304	326	347	
301	316	342	336	329	344	307	
348	312	341	326	345	316	300	
331	317	307	320	313	300	334	
326	307	331	337	334	332	336	
341	319	336	303	317	338	325	
325	318	321	332	344	323	338	
306	315	321	309	327	340	344	
311	329	347	308	341	344	333	
339	310	338	335	348	313	318	
375	363	378	368	393	377	373	
368	388	393	377	356	390	357	
361	396	386	356	390	369	397	
355	350	389	368	359	360	358	
376	387	355	362	397	378	368	
374	359	377	360	397	368	391	
390	386	398	373	353	380	389	
355	354	368	362	359	352	387	
353	371	399	355	391	368	370	
381	363	390	378	361	380	366	
352	397	376	356	383	382	374	
357	384	393	350	367	369	379	
369	374	367	355	359	365	394	
355	390	387	378	397	367	370	
382	380	352	395	381	360	355	
351	377	371	398	367	372	379	
372	354	387	389	388	378	364	
392	387	398	356	393	379	354	
371	398	364	388	370	389	372	
359	375	367	353	363	398	397	
358	375	394	379	396	377	393	
351	354	363	365	378	372	390	
388	385	374	383	350	395	399	
392	382	372	350	356	368	393	
383	365	391	394	388	381	396	
352	379	360	387	357	362	361	
385	361	376	352	397	375	367	
392	368	395	359	351	358	399	
387	373	358	359	395	384	382	
379	355	358	383	357	370	372	
393	379	387	398	397	390	394	
397	351	355	386	393	399	391	
368	388	357	353	373	383	355	
398	350	352	378	393	387	392	
371	375	388	353	398	369	352	
395	391	389	357	367	369	366	
358	386	362	380	363	353	364	
359	378	360	377	357	384	358	
382	378	363	377	395	398	366	
377	383	357	364	368	398	365	
385	389	378	388	372	390	383	
368	397	371	360	384	398	372	
352	378	384	368	391	395	374	
386	397	362	352	380	392	381	
392	398	370	390	387	397	372	
382	357	385	356	371	361	375	
372	386	388	377	355	350	376	
384	367	371	352	363	368	356	
363	380	372	361	374	355	378	
351	362	381	387	379	373	354	
447	402	420	401	425	422	426	
437	407	429	410	442	406	421	
439	426	425	409	407	435	442	
447	422	429	435	427	413	433	
413	432	443	409	438	427	425	
414	402	433	437	412	448	430	
430	410	444	411	425	428	441	
418	449	401	405	422	412	447	
439	416	441	430	414	422	403	
418	405	431	406	415	442	413	
413	401	424	412	435	447	433	
439	416	444	441	417	407	428	
424	406	438	417	447	408	430	
405	404	406	417	427	429	430	
423	428	431	426	444	421	443	
408	449	432	437	424	434	440	
427	404	401	429	417	436	438	
443	435	420	446	430	445	412	
407	426	429	445	405	424	414	
413	412	434	425	447	428	443	
423	449	420	447	436	422	417	
408	439	406	424	433	447	400	
404	410	416	421	436	442	431	
438	401	446	430	447	409	425	
419	438	414	403	420	401	426	
440	406	439	420	448	421	403	
410	425	433	400	437	401	404	
421	404	428	401	423	410	416	
407	411	426	434	419	416	431	
430	422	407	444	439	443	421	
443	421	444	448	417	441	408	
429	421	409	435	447	402	443	
431	412	443	437	425	439	433	
445	436	422	418	429	446	435	
419	415	422	408	432	448	418	
410	414	420	416	448	430	409	
404	438	406	416	444	424	433	
410	446	431	442	418	436	437	
445	437	420	402	433	403	432	
443	418	442	427	416	417	449	
440	400	418	401	408	434	421	
443	427	442	445	421	444	420	
425	400	420	417	406	442	401	
425	441	446	412	447	448	420	
447	417	432	408	436	440	448	
430	414	438	443	446	410	421	
424	404	409	406	442	401	443	
434	438	413	433	419	436	447	
418	430	407	406	405	447	416	
447	406	430	436	421	425	446	
472	470	474	494	471	483	490	
486	459	457	495	488	482	461	
481	487	498	489	478	469	479	
499	480	483	498	468	461	475	
464	496	486	463	451	482	471	
462	477	472	474	490	454	497	
484	478	497	480	485	456	475	
488	490	495	462	457	454	478	
465	490	455	475	458	468	492	
496	473	458	468	497	454	452	
470	494	490	471	462	492	468	
477	485	469	472	474	483	461	
495	475	467	455	479	487	478	
458	493	496	461	487	450	486	
483	488	464	492	486	454	473	
471	454	450	462	478	480	475	
477	495	450	467	482	475	451	
498	452	451	463	492	456	490	
495	490	469	483	484	498	453	
490	473	465	489	479	492	462	
490	467	496	451	461	468	459	
456	458	489	453	480	492	461	
469	459	492	464	474	480	450	
457	469	450	483	455	460	482	
476	496	471	479	450	455	454	
498	453	458	463	489	450	471	
468	483	464	472	455	480	496	
496	483	466	476	491	462	490	
455	499	465	456	474	484	469	
474	484	457	480	451	453	487	
454	466	499	488	467	494	486	
459	465	473	474	467	458	488	
483	480	475	477	479	468	495	
496	497	453	469	491	472	480	
498	454	485	456	464	493	499	
459	485	467	472	471	458	464	
492	463	472	495	457	475	477	
473	492	486	488	474	469	489	
461	456	492	463	480	494	475	
497	498	484	472	460	469	481	
464	468	453	457	487	491	477	
484	472	452	481	470	496	485	
452	499	485	456	464	465	488	
453	476	495	494	488	457	482	
485	481	459	482	494	488	471	
457	454	466	462	465	463	488	
474	495	453	481	452	480	494	
498	459	487	473	483	481	464	
453	494	497	489	481	488	465	
497	488	486	481	454	495	460	
16	22	29	28	47	35	15	17	
11	19	0	13	23	15	24	43	
34	35	8	38	22	47	1	21	
12	41	31	39	9	28	17	11	
6	41	11	28	21	37	43	38	
27	7	31	16	42	11	41	29	
37	18	8	0	4	31	6	16	
7	17	38	44	0	10	45	29	
40	7	13	41	4	36	46	34	
33	19	49	46	7	44	13	8	
30	24	29	27	23	18	26	22	
27	44	33	24	28	34	37	4	
41	43	21	40	27	29	6	17	
40	16	20	44	22	21	4	10	
9	39	13	17	26	45	31	10	
9	34	43	7	38	24	21	33	
31	1	23	0	33	41	22	29	
6	34	37	41	15	38	21	10	
6	14	9	30	49	36	0	26	
34	21	37	4	47	33	12	13	
7	37	30	29	27	36	15	12	
23	18	48	11	13	43	6	38	
1	8	30	18	47	35	0	36	
38	3	30	9	16	10	46	24	
46	8	20	41	32	9	22	4	
49	20	24	9	15	47	18	2	
14	24	25	47	35	36	9	33	
14	10	5	8	43	6	32	18	
31	44	40	12	19	48	15	38	
20	5	4	36	32	9	26	16	
35	23	20	2	32	6	41	25	
12	42	44	46	14	13	1	38	
20	10	15	35	46	13	27	25	
3	34	41	30	11	35	19	37	
40	35	33	7	8	38	44	22	
32	5	38	37	27	35	47	42	
27	33	19	28	39	1	29	48	
36	3	41	26	1	20	37	31	
13	21	23	20	22	49	39	26	
13	45	28	42	17	6	5	21	
43	27	32	8	25	41	22	0	
34	28	7	11	42	41	0	36	
42	35	9	11	40	12	48	13	
43	37	46	20	11	49	33	38	
23	41	7	15	3	39	27	31	
40	36	10	15	22	30	1	17	
18	37	11	31	44	7	35	17	
11	22	49	1	29	43	2	27	
8	12	6	24	9	37	1	2	
9	34	44	11	16	43	40	17	
97	89	65	86	60	91	98	81	
84	90	60	69	62	53	55	76	
90	54	55	51	87	84	58	99	
90	52	65	56	94	96	85	79	
54	66	86	79	50	60	84	71	
52	93	68	67	74	56	72	57	
75	66	61	95	86	64	98	68	
72	92	79	65	67	70	58	66	
59	51	70	81	83	55	56	67	
75	54	90	77	85	88	72	83	
63	56	58	80	75	72	85	96	
65	84	62	74	87	82	97	95	
84	61	90	77	79	82	58	85	
78	75	76	94	85	81	58	62	
63	65	98	82	66	89	55	53	
54	83	76	81	52	89	86	99	
93	74	82	84	60	92	78	77	
88	64	78	92	95	63	50	97	
67	82	97	63	94	89	69	90	
98	55	93	91	65	69	81	70	
60	80	65	52	84	87	88	68	
72	67	63	62	55	73	83	81	
70	72	88	64	79	82	69	58	
56	97	93	63	90	96	95	98	
77	73	51	90	97	98	56	85	
64	58	83	72	54	59	67	85	
64	85	90	94	84	57	56	60	
86	83	60	55	50	82	64	79	
91	94	63	81	55	68	69	65	
95	79	73	70	56	60	82	76	
73	59	91	53	61	98	62	84	
92	99	85	90	55	89	75	62	
56	60	85	81	88	70	82	64	
99	84	88	79	64	92	67	52	
81	74	86	59	63	57	77	99	
81	99	77	98	58	82	94	75	
83	62	87	72	52	77	98	63	
61	57	97	89	99	51	52	77	
87	63	95	79	76	93	66	65	
72	66	81	83	88	76	65	95	
83	80	81	56	70	79	68	76	
94	87	52	85	71	80	78	50	
92	65	58	88	73	82	97	87	
67	97	53	62	66	89	80	83	
66	68	60	71	85	90	88	63	
62	79	54	53	65	84	98	70	
81	88	98	90	66	53	92	71	
62	55	56	82	60	90	76	75	
51	99	66	86	98	64	89	59	
90	87	53	73	55	80	93	50	
124	109	100	105	116	144	135	127	
119	100	147	133	118	129	140	130	
114	146	126	130	133	109	117	106	
139	132	148	138	137	115	121	147	
123	112	119	124	130	115	142	122	
110	123	124	109	115	105	108	133	
108	124	112	135	148	140	126	103	
105	101	108	120	136	130	110	106	
120	111	114	148	143	144	135	101	
122	129	138	106	132	114	127	134	
138	134	137	131	146	127	100	142	
135	105	112	145	149	126	109	104	
117	124	143	118	108	122	129	105	
129	147	102	130	136	100	106	124	
105	139	115	120	136	132	144	125	
104	102	101	141	135	122	120	128	
147	122	146	143	148	121	139	134	
112	128	114	101	121	131	137	119	
146	113	102	132	124	141	111	130	
143	113	139	135	104	138	147	118	
130	120	146	103	133	128	115	107	
126	135	114	131	140	115	133	127	
112	105	115	111	106	103	149	135	
127	140	147	134	145	131	109	112	
104	143	114	110	146	141	109	107	
136	140	109	129	103	124	135	123	
134	147	148	118	124	149	101	100	
102	103	143	134	110	104	146	131	
125	121	147	119	130	142	132	109	
143	113	131	129	133	109	105	103	
138	116	121	149	111	135	128	122	
138	129	118	141	102	128	134	123	
135	110	116	129	134	118	144	107	
113	132	122	129	144	147	114	106	
119	100	149	103	140	109	141	114	
108	145	130	133	127	144	146	143	
116	141	145	127	147	134	130	125	
149	108	120	106	117	141	127	144	
103	129	132	117	102	144	108	100	
130	149	140	132	103	126	104	113	
135	133	129	105	103	148	106	131	
118	129	121	120	142	107	141	115	
138	115	104	109	122	144	136	106	
109	113	130	139	100	142	122	144	
144	113	129	137	112	122	104	102	
112	105	130	122	102	141	114	123	
139	145	142	112	106	100	115	120	
138	129	114	110	141	149	119	102	
120	141	106	121	100	125	137	115	
119	120	146	107	133	110	121	129	
198	153	195	159	187	154	181	192	
159	196	151	174	194	187	179	156	
158	168	182	181	176	152	153	169	
183	197	185	182	198	164	199	161	
187	183	162	172	167	189	160	175	
199	172	188	160	194	196	164	185	
183	187	178	152	166	176	151	182	
184	152	195	194	167	156	158	171	
162	174	176	154	199	153	159	179	
154	162	166	150	152	172	169	185	
157	172	166	167	174	189	179	198	
189	183	193	186	164	163	168	165	
175	170	187	157	191	150	163	199	
163	179	178	166	191	189	174	153	
172	180	152	162	186	164	157	167	
161	154	195	184	190	182	193	194	
184	190	157	187	167	188	173	185	
159	162	197	177	156	174	179	189	
176	187	168	167	189	191	173	165	
186	163	153	177	196	165	157	170	
157	169	165	172	187	155	158	174	
156	179	195	157	168	165	183	185	
170	151	181	192	167	179	152	159	
159	181	195	194	191	168	193	157	
170	173	193	163	150	175	196	176	
174	196	180	166	151	178	198	177	
198	189	150	175	155	172	181	161	
150	155	154	170	191	162	197	171	
190	154	199	157	160	167	185	195	
199	174	171	161	157	150	158	173	
168	195	198	186	173	151	179	154	
163	174	197	181	160	165	155	169	
151	157	188	182	158	181	179	159	
176	165	177	189	183	164	195	170	
164	184	171	170	172	179	153	192	
181	183	150	173	152	153	165	167	
177	167	195	168	193	179	159	150	
184	164	175	165	151	154	180	157	
162	164	165	166	169	185	196	150	
187	159	172	195	161	197	174	166	
188	171	181	157	199	183	184	197	
199	181	172	168	196	186	177	159	
164	198	193	168	176	177	163	153	
151	192	159	150	165	156	181	161	
151	182	191	188	172	174	168	166	
167	172	190	164	186	170	158	191	
173	155	157	186	161	164	156	152	
195	151	163	190	169	180	170	171	
179	160	168	166	162	154	169	157	
182	160	176	158	161	172	184	199	
247	249	212	227	231	201	207	202	
229	245	209	224	205	207	237	203	
237	221	230	244	213	206	239	207	
206	229	222	238	221	226	237	216	
213	223	206	219	228	236	216	244	
200	202	212	215	236	233	245	237	
246	219	248	210	242	201	222	221	
227	237	229	219	236	244	238	232	
209	239	231	204	220	203	202	233	
242	228	222	235	202	244	216	206	
235	240	231	237	218	249	245	200	
201	210	205	239	225	223	213	234	
217	235	206	219	232	249	202	201	
248	233	211	204	227	228	203	245	
229	220	232	200	224	203	245	218	
217	247	242	215	222	246	234	211	
218	246	206	238	248	207	201	204	
236	217	211	229	203	233	247	240	
218	247	206	210	236	225	226	204	
207	222	234	242	213	203	248	224	
212	247	235	222	215	228	205	233	
238	241	204	212	205	247	209	229	
218	245	223	238	234	217	227	248	
224	201	236	232	233	203	222	237	
208	231	209	228	216	202	241	226	
247	208	217	241	232	220	229	204	
249	203	217	208	245	222	211	210	
229	220	202	215	249	218	222	211	
248	247	207	240	249	208	220	211	
207	225	202	229	219	235	206	215	
202	240	214	223	221	238	212	228	
215	201	200	223	226	210	237	225	
203	247	207	226	217	201	219	240	
241	215	210	205	249	248	207	240	
248	209	225	226	232	202	219	216	
238	225	226	242	215	200	224	221	
235	203	247	230	224	239	248	215	
234	204	231	200	235	227	211	214	
227	216	232	217	222	208	212	244	
233	247	224	201	225	212	228	208	
231	228	243	248	226	210	209	246	
217	213	240	211	203	239	202	237	
245	201	210	200	237	238	206	234	
210	235	249	238	222	240	220	204	
229	247	202	245	248	233	244	242	
245	212	237	211	225	230	249	206	
212	211	249	233	248	247	214	200	
223	226	220	202	241	209	242	249	
239	231	201	245	213	215	235	244	
246	242	243	248	236	237	209	229	
257	285	260	297	261	277	266	293	
259	289	260	297	294	296	293	292	
277	268	297	275	263	271	273	278	
260	268	262	253	251	252	293	280	
295	254	291	276	278	299	259	255	
285	287	258	299	276	289	298	284	
272	270	273	278	251	252	254	267	
296	290	291	289	279	284	277	281	
294	256	277	290	288	284	286	289	
261	270	265	259	267	282	298	293	
293	286	254	277	274	272	279	278	
270	284	287	279	255	277	296	254	
256	294	270	253	298	265	274	286	
299	275	257	250	267	289	264	276	
266	253	263	298	295	265	252	289	
263	270	268	278	260	265	258	271	
260	265	286	285	273	262	259	268	
281	255	295	285	267	262	284	270	
269	262	280	285	283	259	292	274	
256	250	274	279	255	253	271	272	
276	265	271	263	273	281	287	283	
298	276	262	261	292	280	295	279	
276	252	263	254	274	268	297	262	
297	269	275	288	276	261	284	267	
296	292	294	271	279	268	280	272	
261	257	279	289	265	295	258	253	
270	250	263	266	255	276	262	275	
251	270	286	265	298	288	273	250	
299	271	294	266	293	282	287	270	
290	264	257	256	270	255	294	283	
256	253	288	286	275	264	270	292	
261	252	259	270	291	250	295	298	
294	251	286	271	270	299	259	283	
253	254	290	299	293	258	276	285	
299	284	293	279	255	275	274	283	
286	271	274	279	288	251	261	295	
264	285	265	252	286	297	281	279	
250	282	269	268	284	277	260	280	
283	290	267	264	255	276	284	288	
251	264	253	279	288	294	291	286	
279	258	264	283	271	266	292	265	
275	289	260	268	270	278	299	269	
278	258	288	259	293	270	285	272	
279	290	295	258	265	291	281	282	
285	281	273	251	260	294	276	290	
280	288	268	293	255	257	271	296	
284	288	280	278	274	257	250	296	
253	290	261	282	296	263	292	281	
299	255	264	296	251	293	290	285	
267	256	287	277	285	284	260	276	
343	337	300	320	323	313	326	311	
341	320	335	321	339	301	302	329	
317	330	305	349	321	316	312	319	
321	304	339	336	301	349	328	317	
305	335	316	344	306	304	323	319	
325	327	317	326	333	303	347	343	
345	329	306	303	341	305	338	322	
331	310	334	319	312	321	342	329	
310	308	320	336	333	305	318	346	
326	331	333	300	324	342	336	337	
346	329	331	303	322	306	317	343	
316	324	347	335	321	301	343	341	
345	306	340	344	349	343	301	320	
335	320	329	328	309	332	331	315	
313	317	341	319	305	314	304	308	
315	302	323	348	316	309	336	306	
339	307	323	337	332	325	319	316	
322	313	344	332	345	334	339	317	
341	334	320	305	313	324	312	302	
309	319	336	321	318	334	331	300	
313	349	305	326	303	345	302	317	
337	320	349	301	312	346	317	334	
321	329	337	343	336	309	311	342	
339	304	341	320	319	346	300	332	
349	328	318	300	339	309	330	319	
303	324	325	343	320	346	341	336	
343	316	331	306	324	317	301	347	
323	311	332	321	300	315	336	318	
345	323	324	334	333	309	308	332	
344	302	349	330	346	300	339	327	
315	324	337	349	330	310	327	301	
318	339	342	313	347	345	314	326	
334	320	346	300	307	330	321	344	
333	300	324	305	306	331	316	317	
338	300	326	329	342	321	304	305	
304	315	314	339	340	300	310	343	
319	307	344	342	318	316	336	332	
304	305	337	349	345	346	311	309	
347	315	341	317	349	318	348	325	
307	327	348	305	303	318	301	312	
317	333	308	326	316	338	307	314	
301	343	325	313	347	310	333	316	
324	329	326	323	316	339	328	348	
326	319	309	310	336	341	316	303	
319	321	338	300	339	333	334	341	
323	347	309	332	342	319	336	317	
339	349	317	319	308	331	348	310	
344	321	320	339	330	323	324	322	
334	304	306	302	308	323	343	331	
349	303	321	340	304	337	318	344	
391	379	384	395	359	356	390	382	
375	394	367	351	372	393	392	371	
357	381	356	385	361	359	369	355	
382	363	376	391	389	364	388	380	
397	380	387	368	363	382	394	389	
399	387	363	389	381	361	370	390	
397	364	383	352	386	351	373	372	
394	352	390	387	384	382	360	369	
380	364	378	362	352	371	383	359	
364	365	377	391	379	385	378	356	
375	373	378	382	363	393	383	396	
357	387	356	361	367	386	392	393	
358	384	386	363	361	368	362	387	
376	390	385	391	372	399	366	395	
381	383	358	356	396	380	388	367	
351	395	377	385	392	359	368	381	
365	394	391	374	378	380	397	379	
383	356	375	378	373	387	397	376	
390	353	350	355	354	370	398	385	
396	353	352	357	371	378	383	391	
361	378	351	388	391	377	368	392	
351	381	355	373	388	386	353	369	
362	379	354	380	399	353	387	357	
384	391	395	353	376	364	351	387	
387	374	384	386	360	376	365	388	
378	371	351	396	388	380	361	379	
392	362	384	355	360	398	382	357	
354	379	362	386	385	350	361	393	
395	362	363	377	358	361	382	355	
394	367	396	358	369	393	371	373	
361	392	399	363	356	387	390	398	
369	382	354	367	365	358	397	377	
365	399	389	364	387	398	385	369	
365	378	382	381	352	370	362	391	
377	350	373	368	390	387	386	367	
399	390	374	375	382	370	392	363	
391	393	394	352	354	388	384	360	
367	381	368	369	380	399	383	366	
378	350	358	357	388	352	384	377	
358	381	357	361	386	352	399	380	
354	357	391	393	352	395	360	368	
356	381	353	354	350	385	374	384	
376	392	352	385	350	390	351	371	
381	386	387	366	376	371	396	394	
395	386	396	353	362	387	366	368	
360	364	386	398	350	372	384	369	
362	382	363	371	355	381	351	372	
375	369	385	384	359	394	387	354	
399	376	357	389	383	392	360	359	
379	387	364	393	354	380	374	356	
419	438	440	434	429	411	415	430	
431	442	411	402	428	416	436	444	
411	418	424	435	412	422	426	445	
446	432	411	440	444	405	418	445	
413	425	444	445	401	403	436	423	
442	413	407	449	409	416	428	420	
438	420	418	444	401	432	448	422	
442	404	421	433	420	435	426	425	
432	430	425	401	418	431	405	420	
402	443	446	441	412	442	432	436	
432	421	402	431	427	425	423	446	
437	414	424	425	407	404	427	413	
401	424	432	405	417	441	435	408	
421	441	434	448	408	443	419	422	
408	436	414	435	423	437	416	427	
409	435	410	426	441	437	404	420	
413	439	442	447	416	406	419	412	
434	412	425	448	404	415	414	405	
416	435	421	429	432	417	427	447	
431	408	424	403	402	419	426	439	
423	420	434	443	416	436	411	441	
407	445	448	403	449	429	414	426	
421	428	415	430	401	432	406	424	
445	413	448	402	440	428	443	415	
436	444	413	427	434	412	414	449	
408	419	431	432	424	447	418	445	
424	426	444	422	413	427	401	433	
435	400	447	405	437	432	427	412	
432	414	449	410	412	415	444	433	
418	411	448	402	422	400	446	425	
423	440	431	429	414	404	444	417	
428	418	409	423	441	444	435	411	
446	422	431	414	445	415	407	411	
444	421	404	423	407	430	416	449	
402	418	405	412	449	422	419	430	
431	443	405	419	442	418	414	425	
405	400	439	413	409	418	429	431	
427	408	420	407	429	413	433	414	
414	417	444	433	419	447	438	442	
437	432	410	415	408	403	426	423	
423	448	407	412	419	436	437	410	
414	436	445	439	415	410	441	440	
427	438	445	405	437	439	403	446	
442	430	416	421	423	432	407	447	
443	449	418	417	424	400	401	414	
407	442	413	446	400	431	417	423	
426	434	417	415	416	436	433	427	
412	449	444	426	419	434	425	445	
428	409	416	424	400	447	417	404	
447	429	421	422	405	441	433	443	
491	484	480	471	462	473	478	463	
455	459	475	471	499	467	468	474	
491	485	465	479	450	469	460	468	
455	470	474	466	465	497	462	461	
464	452	491	483	487	461	481	468	
466	487	491	477	479	484	469	470	
485	481	472	484	450	474	488	499	
454	477	473	496	479	487	463	450	
453	492	488	499	462	480	467	477	
459	497	457	494	487	489	499	465	
491	499	450	459	468	495	473	467	
494	497	466	489	478	480	482	496	
466	470	452	474	493	468	491	477	
470	498	476	479	494	483	453	467	
494	497	469	454	477	464	489	486	
469	485	459	462	486	499	461	454	
454	464	480	457	491	486	455	490	
450	491	454	490	475	457	478	486	
463	471	461	485	481	491	455	465	
459	481	487	450	473	460	494	453	
481	465	490	460	495	496	461	479	
470	484	491	479	464	453	492	461	
487	480	490	474	493	497	472	489	
481	454	469	452	475	493	451	453	
487	470	499	497	481	492	488	494	
483	459	477	486	484	470	498	457	
476	467	468	462	452	455	460	487	
460	466	454	474	464	456	499	482	
488	474	476	483	459	491	454	495	
484	464	487	483	498	497	488	494	
458	455	495	479	486	477	484	497	
481	453	470	477	459	472	490	485	
457	497	496	458	487	467	483	490	
488	459	453	472	452	481	486	471	
454	459	498	460	464	466	489	476	
476	479	454	456	491	481	463	495	
476	465	450	473	492	496	454	495	
464	488	499	450	483	465	485	491	
489	493	463	468	485	492	450	491	
468	475	484	479	474	462	451	487	
487	461	492	478	455	468	489	456	
466	458	488	495	484	475	490	492	
468	455	470	458	452	466	469	471	
468	493	464	460	463	473	492	455	
465	486	462	473	457	467	485	479	
497	478	493	473	463	465	475	464	
485	472	462	460	496	473	455	484	
467	499	468	472	483	494	461	463	
455	461	495	458	465	492	459	479	
459	475	452	482	498	493	488	473	
