1	30	4	26	48	24	
30	45	13	4	32	28	
43	42	19	26	22	24	
6	44	3	36	9	5	
42	19	1	10	15	30	
49	20	28	35	6	4	
26	39	14	34	43	48	
30	14	17	32	2	12	
7	24	28	19	2	34	
49	39	20	28	15	37	
5	35	8	41	44	34	
42	30	12	39	38	6	
1	41	29	35	33	34	
28	11	43	4	22	41	
29	37	1	33	2	10	
24	9	32	43	30	36	
36	22	44	9	20	32	
20	10	16	31	26	6	
8	11	33	43	3	30	
10	9	21	4	35	43	
45	19	44	4	9	35	
29	6	2	20	1	11	
7	32	34	28	12	22	
9	1	26	20	32	33	
21	36	0	27	15	11	
42	6	45	13	20	0	
40	17	47	7	18	31	
37	31	26	7	13	34	
32	15	18	10	9	36	
39	6	1	8	26	12	
7	28	25	19	27	45	
26	15	40	28	43	17	
33	40	45	15	12	11	
5	8	38	21	36	17	
24	9	2	12	44	14	
8	34	42	6	31	37	
14	22	27	21	43	3	
1	39	49	44	20	42	
45	25	11	5	40	7	
32	49	9	47	34	16	
23	30	33	22	34	47	
45	1	16	29	20	12	
43	13	1	29	48	46	
14	35	22	20	28	48	
10	35	5	34	42	33	
10	44	36	5	14	4	
45	20	36	34	17	37	
43	30	33	23	7	35	
46	9	16	23	17	38	
17	32	42	1	49	39	
76	59	94	75	84	73	
83	50	65	55	77	59	
69	92	99	62	54	61	
60	55	63	80	91	75	
79	63	95	99	69	72	
60	55	70	65	86	74	
85	80	73	87	53	79	
61	72	80	99	64	92	
69	84	81	83	54	92	
91	70	68	69	56	77	
79	64	72	58	90	81	
78	83	87	59	80	60	
71	51	73	60	77	75	
98	62	66	71	73	59	
53	67	83	93	96	91	
76	57	60	81	61	62	
84	77	85	81	52	98	
63	70	56	82	69	62	
54	72	86	80	81	97	
95	84	68	97	64	55	
77	83	64	90	53	56	
90	66	58	86	83	55	
76	61	83	85	84	63	
82	55	61	64	59	53	
71	54	87	56	81	57	
56	97	69	87	53	72	
51	64	88	72	90	96	
56	51	52	55	74	96	
75	84	50	61	99	62	
72	62	89	66	69	70	
71	85	91	80	70	75	
67	66	93	95	88	87	
65	87	55	56	99	81	
82	68	50	59	75	52	
69	64	87	90	92	57	
64	94	78	67	70	57	
70	64	63	92	83	89	
82	90	62	84	77	69	
70	55	51	69	82	59	
94	98	84	87	65	59	
93	60	67	86	66	63	
52	99	53	73	87	67	
75	76	68	64	91	66	
83	77	65	98	90	87	
72	68	96	76	82	85	
61	86	72	66	65	76	
62	81	85	73	52	74	
73	82	78	97	85	54	
50	58	63	57	88	52	
57	75	67	80	61	98	
122	134	149	121	123	143	
118	130	136	122	100	149	
137	146	106	112	113	101	
100	149	125	121	118	111	
105	128	146	126	135	136	
111	113	133	140	116	106	
102	136	131	135	117	113	
121	114	138	127	122	148	
136	140	107	133	118	103	
132	117	108	121	105	146	
132	114	115	122	108	144	
119	112	141	140	129	132	
117	134	110	138	136	123	
144	138	137	120	123	149	
104	114	112	119	141	136	
109	132	110	130	100	117	
107	141	132	136	112	131	
132	129	114	134	108	139	
105	131	104	123	147	117	
101	113	109	102	112	147	
100	112	144	109	147	135	
133	135	117	130	118	143	
137	133	146	138	101	119	
114	111	122	134	117	109	
104	102	101	137	130	145	
140	130	116	102	134	112	
127	147	149	104	102	139	
103	131	147	109	106	149	
111	126	148	115	100	130	
140	104	136	148	137	134	
127	128	111	147	110	123	
135	119	137	122	113	118	
123	144	149	116	130	108	
143	148	134	117	105	136	
132	105	126	110	118	146	
121	145	138	112	111	105	
148	129	109	147	128	114	
129	123	103	108	143	124	
121	120	134	118	149	126	
103	107	132	116	115	122	
101	139	146	130	142	113	
138	124	136	130	102	131	
132	101	116	138	126	125	
115	103	113	138	108	137	
146	120	117	137	127	122	
136	134	101	130	148	109	
101	122	141	134	143	130	
114	142	108	140	104	126	
101	139	107	124	110	126	
136	131	134	123	104	101	
160	176	178	170	196	183	
168	187	176	172	174	162	
157	165	199	191	169	180	
181	163	190	176	167	158	
183	153	162	184	190	198	
179	190	166	150	169	194	
163	168	194	162	184	182	
186	151	163	172	187	157	
196	187	151	177	193	191	
187	179	184	168	183	186	
185	165	193	177	172	188	
169	172	164	179	163	171	
196	153	191	178	152	184	
183	168	155	199	167	175	
151	170	197	192	190	175	
151	160	153	165	162	172	
193	157	168	192	167	181	
153	192	195	176	182	186	
179	190	167	171	198	193	
184	171	186	152	175	192	
179	170	196	171	184	187	
174	160	165	158	190	187	
153	155	160	184	188	156	
197	186	160	188	164	190	
196	178	179	164	175	160	
167	154	174	159	182	185	
182	199	158	187	165	176	
196	163	159	182	185	175	
168	191	162	180	166	193	
159	169	156	176	189	183	
158	166	189	176	181	180	
166	156	159	165	152	173	
164	179	172	161	154	190	
196	150	193	181	175	166	
165	195	160	180	152	179	
166	182	157	194	196	159	
184	188	154	190	157	161	
169	164	156	192	195	177	
163	187	166	156	164	195	
174	175	179	186	192	196	
158	197	193	162	151	195	
154	170	158	180	167	186	
177	196	158	185	189	192	
159	193	152	171	160	167	
194	161	158	173	195	190	
190	160	166	195	155	162	
155	162	185	194	188	158	
168	186	172	182	171	179	
178	157	160	180	175	199	
153	155	187	191	164	182	
200	218	226	204	230	214	
206	226	229	213	232	218	
248	243	226	238	207	222	
205	227	232	233	203	212	
244	227	219	226	217	207	
219	229	230	231	247	207	
216	233	244	230	215	245	
228	203	231	248	235	226	
220	208	233	201	242	243	
216	221	207	234	241	223	
248	205	234	247	223	243	
237	235	225	228	246	222	
236	231	245	216	247	204	
216	218	221	212	204	222	
225	209	205	236	231	227	
225	212	213	248	233	209	
225	216	237	220	227	203	
208	225	216	221	235	206	
207	231	233	241	234	244	
213	232	246	223	228	231	
242	243	212	230	222	248	
246	244	230	223	209	203	
249	220	202	201	206	224	
212	231	205	230	202	224	
214	216	222	229	238	236	
207	224	204	240	232	220	
248	246	216	221	217	205	
222	242	213	206	245	247	
230	215	202	247	233	248	
205	207	246	240	228	241	
231	221	245	246	204	208	
206	210	228	235	249	231	
211	233	200	214	238	215	
217	202	241	248	204	200	
219	246	227	204	230	209	
238	211	243	203	225	210	
200	206	246	233	216	217	
209	223	248	210	208	239	
209	224	210	229	234	205	
241	229	205	222	210	214	
221	236	244	234	203	201	
233	237	248	227	210	230	
235	230	218	223	201	213	
214	229	203	232	234	204	
211	227	222	214	243	237	
210	224	233	236	234	229	
207	209	206	215	244	231	
235	233	211	214	245	240	
240	247	217	223	235	201	
243	246	233	213	221	248	
271	294	296	277	255	250	
254	266	281	265	274	275	
251	287	274	256	258	266	
273	294	296	271	284	251	
279	293	297	253	266	269	
261	292	272	290	285	277	
251	294	272	256	270	271	
274	296	259	267	271	286	
265	292	269	274	291	276	
262	275	252	284	294	282	
288	291	293	281	280	264	
262	288	274	256	255	258	
287	256	259	294	254	277	
269	274	294	254	270	252	
261	289	287	273	260	274	
279	252	282	257	296	287	
282	281	252	272	258	283	
255	287	258	253	269	283	
262	284	299	283	279	270	
284	262	276	250	294	286	
296	280	259	250	277	281	
267	271	263	278	260	257	
262	287	282	272	255	277	
292	298	264	260	288	266	
261	253	265	285	297	268	
282	296	254	298	271	264	
253	263	267	275	288	292	
294	272	290	270	285	269	
291	279	260	287	271	270	
285	265	257	252	279	286	
252	293	265	268	266	282	
257	294	281	270	285	289	
286	287	251	270	272	264	
271	290	274	264	273	283	
254	270	268	275	273	255	
275	287	266	281	262	273	
265	281	284	293	285	275	
278	272	284	292	291	295	
294	252	297	279	265	298	
269	261	263	271	250	275	
275	263	261	273	251	265	
274	278	279	290	265	288	
267	262	255	269	251	276	
297	260	275	291	267	269	
262	264	257	281	254	295	
280	297	292	285	256	286	
297	262	284	299	251	296	
259	265	270	276	261	274	
289	276	277	253	293	296	
250	291	257	271	288	262	
346	333	300	325	314	302	
321	312	319	320	302	334	
312	303	332	320	310	319	
308	310	332	334	333	304	
309	324	311	347	312	325	
345	301	327	326	315	310	
306	315	305	319	334	344	
322	308	335	325	307	349	
348	337	320	307	317	316	
301	308	321	323	341	315	
347	303	336	344	342	346	
337	319	348	308	316	336	
328	347	313	316	314	332	
305	318	349	337	330	344	
312	322	339	323	308	329	
309	310	300	317	322	303	
308	327	320	343	307	303	
340	336	332	326	300	311	
325	305	315	347	321	300	
328	303	331	310	301	329	
307	331	328	345	339	347	
332	302	306	345	309	307	
348	346	309	339	310	334	
347	339	348	321	315	345	
313	339	319	306	340	307	
318	337	310	306	341	326	
333	317	302	336	327	310	
324	305	327	316	334	303	
326	322	342	314	327	325	
348	317	307	340	308	328	
327	319	330	331	338	342	
325	306	301	338	331	336	
330	341	327	320	348	336	
308	314	321	309	340	326	
308	333	323	311	301	324	
317	303	327	347	306	315	
303	347	349	305	317	310	
301	312	342	332	322	304	
337	325	318	348	309	316	
306	319	342	310	335	304	
347	339	349	311	305	303	
340	336	328	342	302	322	
306	301	309	346	307	343	
305	331	316	310	307	314	
339	308	318	322	317	329	
323	334	318	308	339	316	
313	341	316	318	302	335	
309	328	312	338	340	330	
332	328	346	341	342	336	
335	342	309	321	313	328	
388	382	358	376	361	360	
370	399	359	367	352	361	
367	377	358	356	391	350	
394	387	352	397	356	381	
397	361	399	392	359	380	
358	369	364	355	393	389	
377	391	371	350	387	366	
355	371	395	391	382	388	
357	377	380	378	369	370	
369	366	358	375	396	365	
386	396	350	378	354	397	
392	353	354	396	373	385	
357	393	371	358	394	350	
361	398	352	378	387	386	
364	392	378	371	393	381	
357	380	378	359	365	392	
392	394	383	367	356	368	
368	385	355	359	370	381	
360	372	365	361	380	369	
392	375	362	373	391	369	
377	390	398	372	353	370	
376	377	369	394	379	353	
365	385	351	359	358	386	
352	361	368	363	351	353	
384	362	363	382	364	355	
366	361	354	353	388	392	
352	357	364	396	363	370	
388	357	372	355	363	378	
390	355	365	378	360	398	
385	372	387	380	362	364	
396	383	374	364	384	369	
397	385	352	374	359	387	
362	384	394	381	365	395	
361	360	391	381	392	363	
366	370	381	394	399	360	
398	397	350	386	356	381	
399	398	378	350	366	382	
394	368	373	358	354	361	
350	356	372	351	369	392	
353	372	351	398	380	381	
375	397	357	370	355	394	
386	378	389	362	385	366	
387	363	396	374	364	388	
393	353	391	381	389	380	
391	361	368	362	392	393	
377	398	383	355	373	392	
398	362	392	367	380	387	
365	390	367	399	376	389	
368	375	385	353	395	399	
397	395	375	365	380	386	
422	434	404	424	439	423	
427	445	407	440	431	436	
415	434	417	432	433	421	
444	412	422	438	431	427	
433	411	400	431	428	439	
402	428	449	403	425	407	
427	416	404	430	429	410	
449	431	442	413	402	430	
433	424	419	430	431	407	
442	403	410	401	424	418	
438	412	448	427	423	440	
407	401	405	425	409	437	
411	409	414	445	415	425	
422	428	416	441	407	414	
429	442	416	420	444	433	
407	445	402	438	408	405	
401	403	408	442	405	423	
440	420	421	428	406	426	
402	409	441	440	425	436	
413	443	406	434	438	445	
409	433	411	404	413	427	
433	430	426	427	436	434	
413	449	426	431	418	439	
428	402	433	432	448	410	
434	422	442	405	447	407	
438	406	416	437	448	413	
429	420	407	400	438	444	
403	449	402	413	433	417	
437	411	439	403	404	408	
425	400	404	449	415	405	
422	435	417	433	440	428	
418	413	443	437	422	414	
412	418	448	436	431	447	
422	436	414	407	425	400	
407	437	412	434	427	435	
416	411	408	412	421	403	
431	443	449	428	409	410	
414	444	411	430	439	443	
445	406	442	415	436	420	
426	446	445	415	427	420	
429	434	428	409	436	403	
435	415	412	403	409	421	
444	401	433	426	418	410	
439	440	431	434	423	418	
436	405	424	403	420	435	
406	411	434	447	419	430	
413	449	408	401	435	440	
405	408	401	433	445	443	
416	436	438	443	422	441	
420	406	405	439	430	415	
478	497	466	491	492	465	
463	476	485	484	483	480	
486	478	452	453	493	496	
466	487	478	467	482	460	
491	482	472	498	496	477	
481	482	480	456	454	485	
477	486	459	493	455	456	
453	481	476	466	489	494	
473	495	474	479	489	499	
472	499	456	452	474	483	
465	496	453	457	489	475	
487	497	495	492	494	490	
479	472	474	459	467	480	
499	465	459	488	474	472	
466	496	499	469	473	475	
453	474	464	450	454	451	
463	479	470	450	451	482	
482	495	468	484	452	493	
455	492	469	456	487	454	
462	460	486	496	473	497	
458	492	479	460	451	461	
493	480	478	489	484	481	
469	455	497	491	467	453	
455	475	499	464	461	481	
493	466	463	489	491	480	
451	454	496	490	487	455	
477	498	493	478	489	474	
451	495	463	457	496	474	
472	495	489	483	464	490	
469	472	462	493	457	491	
497	488	496	469	464	459	
451	491	466	476	470	461	
484	490	465	472	453	479	
492	474	497	452	488	466	
472	453	457	495	464	461	
493	450	492	474	457	466	
454	466	461	450	472	481	
469	484	485	467	474	451	
485	482	460	488	469	451	
485	452	464	497	498	489	
463	495	494	484	486	487	
482	489	470	457	495	497	
483	456	481	450	458	472	
498	487	455	459	497	499	
462	473	474	454	495	480	
490	496	470	471	478	495	
494	460	465	492	474	462	
471	451	463	492	495	488	
467	463	464	497	451	496	
470	479	465	494	475	452	
44	37	0	42	48	15	5	
35	15	43	32	45	37	30	
34	13	2	16	42	49	26	
15	34	43	14	7	38	2	
11	8	40	47	37	21	16	
3	43	29	15	2	11	14	
3	44	25	7	9	47	17	
22	43	1	35	10	27	36	
23	34	43	7	32	18	28	
0	32	28	19	15	37	26	
42	13	30	5	46	8	7	
16	4	38	7	21	43	25	
16	31	3	38	34	22	24	
31	39	46	23	36	4	17	
41	21	40	9	7	34	36	
43	8	33	18	4	7	32	
11	40	0	38	15	27	2	
34	49	37	20	11	1	5	
10	26	47	30	5	22	9	
10	1	47	18	41	24	7	
19	28	25	27	8	45	34	
6	16	21	29	5	37	17	
27	25	44	1	42	32	26	
19	2	17	30	18	11	38	
8	2	27	6	9	20	26	
10	4	2	9	21	15	47	
17	28	23	13	42	20	39	
34	47	39	9	8	2	25	
3	22	9	25	32	10	33	
21	28	23	17	36	22	0	
11	12	42	7	18	22	14	
16	24	6	28	43	25	14	
45	20	11	25	6	10	14	
34	41	6	12	2	46	23	
34	0	36	46	19	13	14	
41	12	18	39	48	14	7	
29	22	42	25	34	14	49	
23	27	10	35	39	9	1	
28	43	20	38	8	49	41	
27	48	15	46	7	47	9	
41	19	25	24	20	29	3	
31	25	42	24	10	20	49	
10	48	17	15	7	32	20	
21	24	11	40	26	23	42	
40	11	10	34	18	8	1	
46	27	2	44	40	9	23	
41	3	45	22	14	44	0	
12	10	24	36	21	46	0	
45	4	31	46	1	20	29	
26	24	23	12	2	37	45	
91	55	94	64	88	81	83	
76	81	74	94	72	54	79	
80	82	61	71	92	81	74	
97	91	83	54	76	58	62	
85	95	77	63	76	72	53	
95	82	56	73	63	55	99	
73	98	65	59	67	95	83	
50	56	67	97	76	59	78	
61	83	56	97	89	60	54	
89	61	73	86	91	69	64	
61	55	84	86	89	91	97	
71	96	64	79	68	55	81	
97	85	65	63	67	96	77	
80	79	63	95	54	51	87	
83	93	57	96	98	52	50	
84	76	71	91	69	97	73	
83	76	98	77	95	82	87	
58	81	94	50	98	52	55	
98	86	78	59	90	87	93	
53	50	98	76	68	73	71	
78	96	52	88	99	92	65	
88	85	65	89	58	74	67	
92	57	97	70	79	78	60	
57	79	90	83	76	61	78	
74	63	84	72	99	62	53	
67	97	57	68	64	82	65	
62	76	55	60	70	74	80	
85	89	79	96	80	95	54	
72	87	61	82	65	58	63	
64	96	87	99	97	59	84	
96	86	54	50	56	51	60	
63	84	80	86	93	72	65	
99	63	54	96	79	82	72	
94	86	55	84	93	53	71	
67	69	87	64	56	86	93	
91	93	84	73	62	72	51	
64	82	65	71	92	59	90	
88	71	81	75	51	63	56	
73	72	60	98	63	64	91	
82	69	83	61	85	92	56	
97	64	85	74	57	77	50	
85	50	69	63	65	57	72	
86	62	64	93	54	52	89	
54	80	72	64	61	59	53	
73	76	53	75	89	91	61	
91	73	52	97	71	79	60	
88	50	71	98	61	69	77	
57	87	83	65	80	66	69	
65	86	73	60	62	61	93	
69	92	62	65	97	53	87	
148	133	132	143	137	103	120	
138	102	109	149	141	105	144	
141	149	138	124	132	125	145	
105	141	110	128	148	145	111	
119	115	138	101	142	111	145	
138	109	130	117	144	135	118	
139	136	140	146	122	142	119	
109	137	125	133	144	101	113	
120	101	113	123	118	144	115	
118	105	134	104	142	123	149	
120	103	116	122	114	107	139	
135	149	123	106	144	127	101	
119	101	105	133	132	111	109	
133	116	139	115	112	127	134	
108	124	107	133	149	143	132	
119	135	141	146	136	139	114	
105	139	100	145	135	111	104	
131	113	128	146	108	112	149	
146	149	142	126	145	119	140	
139	126	120	114	100	103	108	
130	145	133	137	121	103	117	
106	119	105	137	141	121	138	
125	145	134	132	149	105	147	
102	111	122	119	112	134	136	
140	141	111	102	106	145	148	
139	101	124	119	117	110	143	
142	125	134	104	101	120	105	
149	140	137	101	143	131	126	
130	141	138	111	139	146	135	
124	140	145	123	122	132	103	
123	148	114	141	115	144	107	
131	114	120	103	102	113	123	
109	127	122	145	143	126	128	
135	136	115	100	107	143	133	
133	118	137	104	130	116	107	
117	110	126	133	116	149	141	
145	119	105	115	149	141	112	
136	137	107	134	105	120	149	
110	111	127	116	143	101	113	
125	101	148	126	137	102	114	
105	143	118	144	134	123	119	
149	102	109	138	136	148	118	
108	126	146	103	102	122	116	
129	126	141	136	110	104	149	
103	116	106	135	129	112	121	
101	129	115	139	137	106	109	
141	130	147	101	143	110	138	
111	141	101	131	123	124	105	
134	139	145	108	146	118	103	
119	144	143	145	122	139	114	
191	193	170	153	161	166	152	
176	193	181	188	154	161	182	
153	185	158	176	167	193	162	
192	154	179	176	184	175	193	
176	196	199	180	159	181	170	
154	194	161	177	162	190	151	
190	182	153	164	170	185	186	
170	163	157	167	179	158	194	
158	193	163	186	157	170	169	
151	179	152	188	161	197	183	
196	157	189	173	150	168	179	
162	183	176	166	175	189	154	
168	164	163	195	178	181	190	
188	177	196	197	182	153	183	
186	191	168	167	173	159	185	
198	170	174	162	161	182	186	
188	196	190	158	197	187	186	
193	154	191	188	192	156	181	
177	181	179	182	173	183	190	
154	170	155	183	195	175	164	
193	154	182	163	169	158	197	
168	176	187	193	151	189	178	
160	155	150	167	158	183	187	
177	192	180	171	199	190	172	
179	168	159	186	177	165	166	
177	168	189	160	165	184	181	
186	174	194	162	171	181	172	
184	180	185	154	190	194	159	
162	192	172	164	181	184	180	
183	179	196	176	195	164	157	
193	198	156	162	152	192	167	
191	154	186	152	168	198	164	
186	160	194	182	169	161	150	
197	185	178	168	165	151	198	
154	171	151	156	168	166	196	
164	171	199	191	167	195	160	
195	194	177	164	154	156	163	
174	159	160	152	187	178	197	
154	166	188	163	162	152	180	
176	161	196	174	164	191	181	
163	199	183	189	154	170	192	
171	151	190	181	154	158	186	
175	198	153	187	155	195	183	
185	163	155	191	160	152	196	
192	175	163	191	184	182	199	
169	175	151	183	197	179	195	
170	154	181	178	159	186	173	
191	198	173	180	186	187	166	
150	171	185	181	194	158	172	
169	189	181	155	188	177	160	
215	232	213	200	222	201	246	
208	216	209	238	218	237	242	
240	227	225	207	239	247	204	
206	209	208	205	246	240	221	
239	209	234	231	214	201	210	
235	246	240	243	202	249	221	
209	217	243	221	210	230	203	
247	227	239	246	225	217	243	
242	231	245	212	200	217	241	
201	232	223	207	202	204	200	
217	215	218	219	216	237	205	
239	240	234	238	209	217	226	
232	249	213	233	208	246	217	
204	225	208	233	212	238	214	
245	217	243	239	247	246	248	
221	239	208	222	214	241	207	
205	232	203	223	226	212	234	
210	222	209	239	217	232	211	
210	240	229	239	214	238	209	
249	201	210	232	234	236	224	
237	245	238	221	207	201	234	
235	232	209	233	220	224	230	
241	234	219	244	218	207	223	
206	245	238	212	221	243	213	
249	244	222	237	200	227	221	
201	236	239	246	224	205	235	
201	205	202	239	224	236	226	
245	226	231	242	225	249	239	
208	213	216	200	222	245	220	
233	205	245	216	217	218	213	
240	231	217	234	222	220	246	
230	209	233	214	243	237	217	
243	205	238	202	222	224	239	
216	238	201	242	246	239	249	
245	206	233	243	224	215	231	
249	221	227	241	222	205	214	
232	207	249	240	218	245	214	
219	229	218	238	242	214	241	
240	222	230	226	206	203	223	
239	232	242	227	238	247	205	
236	210	226	225	228	231	234	
223	228	235	216	242	244	213	
238	212	235	206	232	219	207	
201	238	211	236	227	203	202	
230	241	244	238	237	224	235	
217	225	206	208	226	211	216	
228	210	229	200	215	244	219	
211	201	246	236	225	205	234	
231	230	233	200	202	244	220	
209	220	221	200	219	212	224	
264	269	263	258	297	265	283	
259	284	258	283	291	290	272	
260	299	257	281	250	270	272	
273	279	286	262	288	295	297	
289	290	285	251	287	282	268	
287	274	292	270	257	284	252	
290	256	259	292	258	295	277	
274	284	291	281	250	259	256	
292	262	290	258	299	253	277	
286	292	294	250	269	278	279	
256	266	252	298	250	260	296	
271	285	273	281	287	260	295	
283	290	266	274	276	257	294	
261	274	297	298	296	270	253	
252	282	276	279	278	283	260	
266	264	278	294	273	286	289	
296	259	252	266	271	295	277	
284	289	251	256	263	267	286	
272	290	256	258	294	287	297	
268	279	256	296	282	276	257	
278	271	251	286	287	256	276	
282	254	251	291	253	290	278	
253	261	259	292	257	265	296	
254	289	294	286	287	250	267	
280	273	253	265	289	293	278	
277	265	296	253	262	297	274	
298	257	289	288	285	253	255	
259	262	280	286	273	295	294	
273	287	289	260	286	261	253	
262	280	278	295	252	265	254	
253	299	289	275	276	293	271	
274	291	261	281	298	268	260	
299	258	263	256	286	254	268	
283	267	295	297	274	292	262	
251	286	299	281	259	256	284	
266	267	284	279	275	287	283	
264	295	257	258	282	294	269	
253	255	254	298	261	265	296	
259	283	253	294	256	267	282	
261	292	282	255	288	291	299	
253	283	271	255	289	260	270	
297	292	261	268	283	253	259	
276	285	288	264	281	283	274	
289	255	259	294	253	288	272	
261	299	251	266	280	252	290	
264	278	292	252	263	290	296	
254	270	275	288	272	283	286	
297	289	253	275	278	292	288	
276	299	284	263	253	292	298	
266	258	280	278	257	286	297	
315	347	331	321	344	316	335	
331	334	338	305	340	320	311	
344	336	330	332	320	304	314	
342	337	326	331	345	321	306	
325	300	331	333	314	324	345	
339	335	327	310	317	349	331	
342	312	306	308	345	305	332	
332	316	338	346	317	319	324	
300	326	314	333	320	334	311	
324	308	321	344	346	301	315	
315	313	324	303	317	320	345	
322	326	332	327	302	328	318	
314	340	311	337	312	329	315	
333	324	316	310	340	334	325	
323	310	344	329	300	336	309	
310	343	347	345	341	325	318	
326	300	323	334	328	318	308	
323	337	331	346	302	304	347	
311	339	336	320	326	344	318	
322	306	317	314	333	324	301	
317	341	306	334	315	343	335	
348	349	330	312	309	338	341	
342	347	346	336	340	300	331	
327	311	334	333	308	314	300	
311	325	307	347	327	331	324	
314	315	325	304	319	312	317	
336	332	322	321	323	317	329	
309	311	317	349	341	302	328	
324	315	305	300	313	302	332	
314	302	329	308	319	328	341	
304	340	302	319	314	322	335	
346	309	349	334	337	327	339	
302	330	309	306	321	325	304	
327	313	332	333	304	349	339	
344	316	341	321	305	319	306	
303	326	321	332	342	327	324	
301	305	308	319	349	341	306	
326	301	305	322	342	300	308	
313	349	336	316	309	342	311	
330	336	323	333	345	305	342	
337	348	345	309	347	341	325	
317	318	332	331	315	309	329	
319	334	347	325	305	322	320	
312	325	331	316	326	311	335	
323	321	347	304	349	319	303	
347	335	326	320	314	348	309	
345	331	326	336	313	302	303	
303	300	328	337	320	315	348	
335	344	338	339	329	345	311	
323	330	348	303	326	304	343	
385	368	369	392	356	360	390	
393	371	384	397	359	360	351	
360	385	371	381	384	394	390	
355	367	383	376	357	395	351	
364	374	357	350	365	362	396	
385	352	381	356	394	367	351	
356	358	381	353	359	396	377	
380	353	351	370	368	375	377	
362	364	355	359	361	369	399	
378	361	397	371	366	367	396	
385	383	358	367	389	373	363	
370	367	393	386	389	363	356	
384	389	366	359	376	390	375	
353	397	399	398	391	359	378	
374	378	370	360	366	367	350	
361	351	381	393	371	377	366	
372	359	390	352	371	378	368	
357	379	390	395	360	380	350	
374	393	370	360	376	390	384	
354	352	393	363	371	383	385	
392	388	382	366	376	394	365	
367	364	350	376	362	365	361	
370	396	389	355	372	371	350	
352	364	384	375	361	394	376	
377	374	366	384	372	354	353	
356	365	366	377	385	372	384	
377	364	350	369	363	365	383	
393	367	387	358	374	371	397	
351	388	370	398	399	375	365	
377	371	382	396	373	367	361	
365	355	381	385	357	364	352	
385	390	365	362	374	388	381	
359	356	360	351	353	382	364	
356	395	394	393	369	353	381	
390	394	376	381	351	372	397	
375	374	393	388	356	387	351	
368	375	360	381	369	350	392	
389	373	362	368	386	383	374	
399	360	376	395	398	379	377	
396	355	385	369	383	395	389	
368	396	360	385	390	366	367	
368	396	362	388	365	369	386	
377	351	388	387	395	376	353	
388	372	384	369	373	359	352	
385	398	380	393	387	381	391	
397	373	386	355	351	398	370	
350	375	397	376	355	353	367	
379	362	360	351	367	361	399	
378	353	373	354	388	381	390	
371	353	386	384	398	391	365	
420	449	409	443	444	425	417	
415	428	402	420	436	419	441	
429	418	408	448	430	442	412	
437	423	429	409	434	422	407	
412	435	446	437	433	439	429	
435	410	439	406	446	429	424	
410	433	406	434	412	446	447	
436	443	432	428	412	424	434	
441	403	424	419	446	434	426	
446	442	437	426	410	439	449	
401	413	439	445	447	443	428	
407	438	444	408	402	415	400	
436	438	413	425	433	400	432	
433	408	402	418	443	444	440	
402	435	408	420	423	430	434	
419	404	409	416	439	425	420	
439	406	422	447	428	426	444	
449	433	418	414	415	405	406	
449	430	401	417	405	433	415	
426	427	407	418	420	436	424	
405	418	434	440	413	444	429	
412	429	424	409	403	419	410	
404	400	433	440	445	439	431	
422	411	433	414	409	426	440	
405	415	426	442	446	418	411	
414	420	429	439	432	428	402	
409	422	426	408	437	413	434	
426	449	416	407	421	440	447	
417	447	414	424	413	446	403	
426	404	430	401	405	439	429	
417	413	408	423	421	446	414	
429	426	446	417	406	414	400	
424	407	421	429	442	439	426	
438	415	448	401	402	403	435	
444	438	415	441	448	414	410	
405	443	445	436	415	403	426	
424	434	428	415	448	447	444	
424	404	411	402	421	415	423	
435	437	449	417	423	428	440	
425	402	434	415	435	407	439	
444	400	402	409	439	441	426	
408	416	446	448	441	433	425	
424	426	421	402	406	436	427	
414	417	402	449	432	446	439	
416	433	410	421	407	413	446	
436	439	433	400	442	401	411	
403	421	407	435	413	400	430	
400	441	421	416	415	419	410	
406	407	432	421	426	423	429	
408	425	421	434	427	435	444	
463	473	453	490	478	452	466	
458	489	451	479	486	474	455	
497	454	485	452	499	496	450	
452	455	477	498	495	474	482	
455	484	489	464	483	469	495	
461	492	468	455	477	457	462	
482	468	472	481	465	478	462	
491	473	498	483	499	493	464	
481	468	483	486	495	462	484	
469	491	464	476	461	452	458	
450	483	455	463	456	490	485	
453	480	464	485	463	490	462	
479	468	466	498	475	464	484	
458	479	475	468	490	496	452	
451	473	456	472	498	484	450	
484	493	474	465	461	482	481	
455	493	465	486	492	456	499	
497	482	474	483	463	455	495	
487	470	490	499	467	452	460	
498	461	499	459	460	476	484	
469	492	479	491	454	499	483	
478	483	492	490	460	455	482	
485	466	486	489	458	482	478	
469	468	462	483	481	492	470	
494	475	488	473	481	478	495	
482	476	490	475	466	472	451	
477	483	454	478	455	485	459	
451	479	469	477	474	462	494	
492	462	463	484	451	475	481	
487	464	485	471	459	497	452	
456	451	496	450	484	499	452	
470	452	464	497	458	457	465	
462	465	472	463	495	488	489	
488	489	455	452	480	495	450	
473	493	471	479	490	496	465	
483	454	486	490	476	461	473	
472	486	495	471	485	479	489	
456	463	458	466	477	472	491	
457	496	499	459	480	490	492	
479	454	459	475	489	485	483	
463	473	483	453	455	477	497	
498	453	473	479	454	467	477	
471	460	450	469	462	497	490	
488	472	470	491	489	464	492	
453	485	484	468	466	490	477	
458	463	472	490	484	478	496	
483	461	497	452	492	462	471	
455	487	451	483	462	464	496	
454	497	471	460	467	466	456	
479	487	485	496	471	490	468	
49	10	36	37	20	23	29	43	
6	24	19	29	26	5	15	8	
46	16	9	29	43	21	14	11	
35	44	39	20	26	15	14	0	
19	21	38	42	2	30	18	44	
35	24	7	39	33	42	17	6	
38	49	46	6	10	42	8	34	
19	49	18	38	46	34	24	26	
34	19	46	35	4	27	22	47	
40	7	12	2	45	35	11	25	
5	19	37	44	20	3	46	25	
29	15	7	6	47	48	21	28	
32	10	2	24	42	9	0	16	
46	25	11	19	34	48	28	3	
13	45	36	18	47	0	26	25	
30	36	8	22	7	35	6	37	
15	49	29	39	0	21	35	31	
45	6	44	18	46	31	13	47	
35	25	16	3	45	5	9	22	
32	41	33	18	19	0	17	1	
4	38	37	7	6	15	25	13	
7	37	19	33	6	46	44	40	
46	21	11	33	30	6	4	27	
26	11	27	8	21	40	5	46	
13	3	34	37	47	16	35	4	
10	41	32	14	9	2	48	42	
47	30	2	10	43	41	3	5	
20	11	48	17	27	19	49	25	
46	49	21	18	2	48	9	17	
22	8	17	14	38	18	45	41	
4	2	46	11	20	48	29	0	
19	44	46	40	31	6	20	32	
2	49	16	4	31	0	38	45	
28	46	24	3	31	29	39	6	
22	21	26	10	48	29	44	12	
12	11	10	24	41	15	31	20	
22	41	46	16	3	20	28	29	
23	34	37	2	33	19	29	13	
19	33	40	12	10	6	30	7	
32	48	35	49	33	44	1	41	
18	41	23	34	27	11	12	21	
36	13	0	26	35	48	24	9	
24	10	4	22	23	25	14	33	
40	28	33	0	42	6	18	9	
7	10	6	32	41	42	15	9	
5	15	1	34	48	26	31	24	
18	27	10	28	26	42	0	24	
18	34	44	45	17	9	28	38	
38	7	29	28	8	39	6	12	
34	24	33	39	32	47	2	4	
57	85	75	62	65	93	66	56	
53	71	83	69	81	89	86	65	
85	62	53	77	98	76	57	90	
78	68	60	84	79	66	74	72	
50	79	89	72	55	88	63	54	
73	61	56	67	64	98	94	92	
79	71	62	84	53	77	68	83	
97	57	50	91	86	65	68	77	
64	88	68	52	73	53	82	80	
91	68	61	83	63	65	94	51	
84	65	59	63	54	51	68	98	
68	87	76	69	58	91	57	52	
50	92	87	97	65	57	60	83	
58	66	71	95	97	79	81	77	
55	79	90	98	58	95	61	59	
60	74	88	75	77	76	56	97	
99	96	69	57	86	70	80	98	
90	74	82	52	57	98	64	80	
74	72	65	91	80	51	89	76	
84	55	90	88	70	59	96	67	
53	65	74	99	66	78	51	82	
74	63	60	79	55	96	76	62	
66	59	74	95	64	86	56	90	
58	64	88	82	76	54	61	52	
67	55	99	64	50	96	63	71	
84	86	80	97	68	53	55	95	
56	96	51	70	79	52	81	78	
69	75	99	73	60	97	79	96	
87	68	56	93	91	89	64	67	
51	71	84	53	87	54	83	62	
54	77	89	81	62	51	87	92	
51	93	99	71	85	86	91	96	
88	85	54	56	67	63	69	97	
86	75	83	79	60	90	55	91	
50	87	60	97	61	79	71	74	
61	52	63	88	76	91	80	59	
61	80	86	94	84	82	69	89	
76	62	92	67	73	83	66	68	
65	67	98	89	92	66	69	85	
57	62	66	85	70	55	65	56	
92	65	57	56	95	93	83	88	
52	90	64	57	67	60	97	51	
52	62	88	90	93	84	56	54	
73	68	67	87	78	76	94	69	
81	73	79	58	53	76	71	72	
88	63	76	92	96	83	72	66	
88	85	80	94	69	90	93	53	
96	77	72	97	67	80	83	91	
77	51	59	92	69	83	98	64	
70	83	67	86	88	95	68	72	
131	145	104	108	101	129	142	121	
148	132	138	135	114	123	104	126	
129	101	145	138	149	132	143	115	
148	110	106	112	122	107	129	149	
145	120	110	122	119	127	115	129	
101	138	129	124	113	108	122	134	
132	143	106	109	102	136	141	105	
141	140	130	116	125	119	120	106	
111	129	113	130	135	133	116	128	
148	147	105	124	137	135	132	106	
136	103	143	107	148	122	131	139	
127	132	121	144	112	110	129	106	
138	123	115	110	126	129	119	108	
149	112	105	118	148	141	107	129	
127	111	131	129	107	124	128	147	
123	119	124	130	140	146	131	126	
145	137	109	102	134	100	146	104	
139	130	143	127	149	132	135	121	
131	132	146	147	118	139	110	136	
124	146	129	104	111	140	149	125	
118	142	125	127	130	145	104	107	
149	101	105	111	123	127	107	147	
107	123	143	141	119	113	130	147	
111	100	147	129	107	123	112	120	
145	111	140	129	102	141	116	136	
108	145	148	137	139	149	147	105	
146	115	116	135	108	110	117	118	
127	131	126	115	123	105	117	103	
138	128	102	116	108	110	120	135	
136	118	133	134	146	101	103	144	
102	112	110	125	137	148	124	106	
144	149	138	107	131	100	115	134	
113	134	107	149	132	103	137	117	
107	124	131	139	126	144	110	102	
111	145	137	130	113	146	139	101	
120	145	118	136	130	113	147	112	
119	137	129	102	145	114	100	116	
102	113	112	130	119	115	145	146	
130	133	110	116	101	118	145	125	
116	101	123	119	100	124	139	120	
138	149	116	124	112	107	101	140	
113	108	100	136	114	109	122	134	
129	130	109	120	122	135	116	141	
120	140	110	121	137	106	117	125	
106	104	100	138	147	128	109	118	
125	123	126	145	143	109	133	137	
132	140	126	128	110	111	129	123	
122	132	149	110	125	104	147	145	
122	129	106	135	105	117	107	121	
121	120	145	135	123	119	109	147	
197	198	177	182	170	168	172	152	
181	157	172	177	190	197	176	167	
192	160	181	171	156	151	155	194	
186	176	199	163	193	195	170	156	
150	160	178	195	181	170	196	163	
165	151	159	170	169	195	178	183	
177	187	198	159	150	168	193	197	
154	166	164	199	163	196	160	169	
168	162	191	174	158	167	185	184	
161	185	175	199	196	166	168	188	
167	163	191	177	171	158	178	194	
175	198	169	156	188	159	196	194	
171	173	158	177	163	185	179	153	
197	153	167	160	174	152	177	165	
150	165	156	175	152	159	177	194	
165	180	173	184	159	177	189	185	
166	197	188	161	152	175	155	162	
188	158	155	181	170	186	179	167	
165	160	198	184	158	179	162	152	
196	171	193	158	180	170	195	167	
156	198	163	170	160	169	195	153	
179	193	176	195	150	166	158	157	
162	190	171	181	197	193	180	165	
177	168	160	155	180	172	190	193	
189	173	157	197	162	167	186	194	
161	187	153	198	164	172	152	196	
180	179	187	188	177	190	155	154	
157	154	195	164	189	186	196	197	
152	169	155	180	161	194	192	179	
174	185	195	165	154	188	193	177	
167	193	172	190	162	175	157	158	
153	157	159	190	189	154	192	168	
192	161	177	150	188	172	176	194	
178	183	184	199	188	189	194	162	
189	152	173	185	170	159	162	167	
196	194	154	157	176	190	172	151	
177	199	180	179	182	175	196	193	
163	194	161	175	170	166	164	190	
191	159	187	151	182	185	156	153	
161	179	176	173	175	156	193	182	
154	159	170	174	196	198	188	197	
174	172	180	162	195	175	152	153	
185	184	176	157	174	181	178	153	
168	158	184	163	178	161	196	191	
183	199	184	189	157	158	193	162	
197	167	185	196	166	157	180	191	
189	176	177	160	198	197	179	157	
188	181	186	182	187	177	171	189	
178	198	156	164	176	153	160	188	
160	171	167	190	172	192	155	152	
230	203	244	241	201	212	239	234	
216	207	224	200	240	217	229	241	
236	209	202	217	221	244	231	237	
200	243	220	236	202	235	211	232	
200	208	236	237	240	246	215	245	
200	233	223	208	241	206	234	242	
227	212	238	226	233	209	216	228	
230	235	224	228	223	201	241	247	
241	229	222	237	204	206	224	230	
208	202	239	235	212	215	233	249	
245	224	205	211	215	231	220	243	
240	206	216	219	224	228	236	202	
216	243	230	247	245	218	225	226	
243	221	218	246	237	201	211	232	
223	247	229	207	233	217	241	210	
248	216	234	242	239	219	223	209	
240	230	208	244	236	243	217	237	
246	234	221	205	208	248	230	236	
212	215	248	210	202	234	201	236	
222	227	225	239	208	241	245	214	
216	240	238	243	215	235	248	221	
215	208	212	216	210	203	224	242	
238	244	241	231	242	204	223	200	
231	245	233	206	244	217	242	229	
203	202	206	216	231	235	236	200	
230	245	212	202	235	214	232	225	
224	231	202	234	248	204	227	241	
226	235	228	244	217	234	249	247	
216	222	221	214	226	218	230	203	
213	223	242	247	222	202	216	230	
226	219	246	229	234	208	227	228	
226	230	225	210	247	215	237	227	
239	214	232	204	246	223	226	238	
211	239	229	224	222	247	218	216	
249	237	214	228	208	203	247	226	
226	243	221	201	231	223	232	215	
216	237	232	239	205	212	238	219	
230	238	243	211	219	247	246	240	
225	232	222	215	201	212	209	224	
215	242	236	218	203	206	209	225	
218	229	226	238	202	207	205	200	
203	220	241	206	218	210	214	232	
202	211	207	230	203	231	235	218	
201	223	219	241	239	238	208	243	
246	243	200	229	222	247	203	219	
211	246	249	235	240	209	214	216	
234	215	233	248	247	212	249	213	
205	249	223	233	240	226	208	243	
242	241	234	225	247	214	211	248	
208	217	227	225	219	231	242	230	
277	265	255	278	252	251	285	258	
295	281	254	265	282	298	299	286	
263	286	288	287	290	283	280	269	
253	271	262	299	261	293	298	275	
279	271	278	254	275	261	287	270	
256	276	289	278	251	296	294	255	
297	299	259	263	298	269	264	261	
256	276	255	258	282	286	298	289	
274	294	290	291	269	297	260	259	
256	278	269	267	271	290	280	287	
256	284	279	272	268	261	269	258	
276	299	294	277	288	262	259	284	
255	259	253	282	269	283	291	290	
265	266	299	275	261	291	258	295	
264	261	253	283	287	257	250	296	
251	277	299	285	291	289	298	284	
261	257	275	285	280	259	262	271	
287	284	266	263	297	270	264	295	
263	269	278	260	281	297	259	276	
262	269	285	253	264	292	255	293	
264	289	278	298	250	267	265	257	
289	270	292	297	259	262	254	295	
263	250	276	260	279	278	292	272	
288	282	292	278	299	289	280	260	
256	280	267	284	254	286	279	294	
264	260	280	261	285	270	283	287	
270	258	282	254	262	267	293	255	
257	279	292	261	294	263	251	254	
251	292	274	262	279	291	253	272	
267	286	254	284	260	292	259	253	
260	286	290	277	256	265	281	294	
270	273	272	269	257	271	267	266	
278	294	283	292	273	286	255	299	
258	282	254	285	268	278	296	267	
293	271	253	251	254	263	262	255	
262	259	263	273	297	274	294	251	
263	265	283	277	267	294	269	278	
271	284	279	250	256	277	297	265	
278	258	263	284	255	250	275	290	
259	260	298	276	283	265	255	266	
269	288	278	299	254	294	283	297	
293	285	287	257	271	297	264	272	
288	253	295	298	271	256	263	292	
261	274	266	258	269	270	299	253	
294	297	299	268	271	261	281	276	
293	272	294	280	258	284	278	277	
271	258	268	266	291	251	274	252	
291	288	253	298	271	270	272	251	
252	253	278	257	299	287	271	269	
263	281	258	268	291	278	290	261	
316	305	307	334	302	315	322	312	
319	339	343	318	308	328	300	312	
300	307	311	319	332	318	340	304	
327	345	304	309	316	306	341	308	
338	334	330	307	339	343	311	331	
303	346	334	308	307	304	324	315	
321	346	341	309	329	334	344	304	
312	342	307	347	314	305	308	327	
347	315	340	349	319	323	338	326	
332	305	341	349	326	324	328	344	
349	328	340	338	308	335	343	300	
342	312	301	340	344	326	328	314	
329	342	312	304	334	320	305	324	
332	307	330	301	328	346	313	321	
334	308	346	330	324	313	349	303	
319	332	309	307	302	316	318	325	
341	337	319	323	326	302	317	309	
323	315	332	309	302	318	314	312	
305	343	316	314	324	347	325	333	
334	309	312	311	347	305	338	325	
311	334	345	322	342	316	335	346	
311	324	321	320	332	340	309	334	
328	309	335	315	332	307	327	348	
336	307	325	314	323	331	310	335	
301	332	313	349	305	336	300	317	
300	349	309	317	306	319	333	322	
329	345	307	300	325	343	323	318	
316	304	342	302	313	330	312	336	
341	326	316	308	344	328	313	347	
310	347	334	312	311	321	317	327	
343	333	342	318	320	330	313	311	
333	338	320	306	302	308	339	310	
346	302	313	303	308	309	348	324	
332	318	303	346	340	309	310	316	
349	305	334	307	308	311	324	321	
331	322	333	311	332	309	308	306	
323	346	324	320	328	333	345	314	
303	312	318	307	305	328	349	341	
339	304	329	333	322	347	305	306	
305	346	327	304	325	301	310	307	
316	345	313	317	301	322	336	314	
348	324	347	340	335	316	321	334	
313	345	349	302	340	322	321	324	
315	349	346	305	330	307	323	322	
307	340	349	327	331	306	301	305	
349	319	327	329	336	322	320	311	
337	333	346	313	349	312	329	334	
343	304	320	344	327	312	328	338	
328	321	335	300	306	348	312	337	
308	340	320	336	328	309	338	332	
388	359	361	366	364	374	370	367	
390	396	361	377	393	366	352	351	
375	351	389	371	399	392	380	370	
352	373	388	374	377	378	350	375	
393	358	364	374	384	377	381	394	
390	350	387	386	395	358	391	374	
354	351	387	360	361	385	377	355	
361	378	362	365	351	363	384	369	
371	369	397	354	392	360	375	359	
369	376	357	370	368	374	362	365	
362	361	391	388	371	368	350	367	
390	393	383	368	382	378	356	395	
359	377	356	369	367	351	378	385	
383	376	397	389	352	371	399	378	
353	357	358	361	367	380	363	368	
384	374	379	369	350	353	387	355	
358	362	382	391	383	356	387	386	
354	365	359	371	372	360	398	353	
376	362	397	398	393	396	383	385	
366	365	374	376	352	394	388	364	
378	356	367	360	387	382	350	388	
394	364	359	379	397	369	356	387	
389	359	398	367	357	369	361	370	
371	389	382	369	351	392	366	383	
361	399	381	362	376	363	368	372	
364	356	383	385	386	361	379	384	
356	377	371	366	399	388	382	365	
355	370	383	396	397	392	374	395	
354	371	361	364	353	397	369	380	
358	398	391	371	366	390	363	369	
385	364	393	372	396	352	380	356	
368	357	385	377	369	387	356	353	
372	394	355	389	354	366	356	395	
382	351	373	358	378	355	354	352	
354	377	394	362	399	384	355	385	
397	394	381	355	368	358	362	373	
367	385	364	379	396	392	368	370	
350	385	384	398	355	390	396	362	
371	391	372	393	367	354	399	365	
372	355	351	390	385	374	378	376	
375	386	395	372	388	354	357	391	
394	355	352	378	375	389	376	354	
366	388	384	393	354	378	387	380	
368	363	381	364	386	388	376	367	
358	375	362	363	381	368	359	369	
394	395	366	380	357	399	352	365	
365	386	364	399	372	371	391	383	
358	376	356	384	396	375	370	355	
383	397	387	382	366	369	359	373	
353	371	354	379	374	378	357	395	
406	412	433	414	420	437	416	445	
405	429	410	433	426	434	406	448	
408	417	427	401	425	430	406	429	
436	410	430	408	416	440	414	424	
417	412	441	426	448	403	430	431	
447	400	412	405	419	416	440	421	
412	427	416	419	429	410	424	443	
426	446	418	429	421	413	422	417	
431	412	401	405	446	441	415	429	
405	441	407	415	413	445	433	429	
442	400	401	431	402	429	404	412	
448	433	447	432	414	408	440	439	
402	415	435	411	421	422	445	418	
436	440	406	405	425	446	404	443	
402	406	438	409	416	412	426	404	
418	400	448	412	430	432	447	419	
418	448	415	421	412	401	413	403	
404	424	435	407	436	411	430	438	
428	434	414	439	445	400	424	437	
402	443	449	401	447	446	442	448	
440	434	432	424	422	403	428	401	
418	440	415	416	405	401	420	449	
428	449	432	429	445	427	440	408	
423	431	425	433	412	436	427	406	
417	415	434	443	439	405	449	418	
416	431	447	430	411	420	439	422	
446	409	437	403	404	436	434	430	
442	424	414	406	426	432	407	425	
428	431	429	433	419	423	404	405	
411	417	438	428	421	402	432	405	
426	446	431	402	440	414	418	412	
422	434	415	433	404	440	445	426	
431	401	447	449	405	440	448	424	
420	417	437	426	438	432	442	449	
426	437	438	419	412	416	409	400	
407	431	449	437	417	432	426	441	
411	400	410	409	407	440	427	428	
407	405	442	410	406	408	414	446	
426	433	409	407	418	443	400	427	
412	408	426	401	403	405	439	424	
446	427	413	421	425	434	432	441	
446	435	413	414	418	432	430	421	
403	413	438	429	443	426	404	440	
445	405	426	407	409	400	403	408	
433	425	436	435	441	405	419	427	
402	413	412	441	404	405	406	442	
429	436	403	416	406	411	425	415	
442	419	424	449	413	401	436	441	
445	430	426	443	441	419	444	401	
447	445	403	415	406	430	433	409	
476	450	494	470	485	478	469	455	
462	495	466	460	453	478	474	485	
467	494	486	454	461	485	460	474	
462	470	456	493	496	458	484	464	
464	483	466	496	498	486	478	472	
488	453	455	460	478	467	464	466	
461	459	491	497	463	457	455	488	
488	465	461	491	454	462	480	452	
453	499	489	456	469	483	495	492	
479	492	482	465	484	473	475	470	
484	487	460	452	485	469	481	457	
490	480	461	489	451	468	473	492	
491	494	481	480	456	496	470	461	
494	478	461	468	469	476	459	493	
476	469	460	482	454	450	464	478	
481	462	489	480	495	492	476	475	
461	489	496	493	464	480	463	483	
470	458	487	450	484	472	462	491	
488	451	450	478	495	477	453	499	
493	496	489	460	459	479	497	490	
479	485	484	487	474	453	482	491	
478	466	491	476	464	484	490	451	
454	465	469	490	476	484	453	477	
467	493	457	479	491	450	492	469	
482	492	498	497	454	472	494	493	
465	459	494	487	457	490	454	475	
481	491	490	465	484	482	488	475	
471	457	462	451	477	458	455	499	
471	470	493	485	463	460	496	466	
490	489	474	452	481	467	488	462	
476	486	450	497	494	479	498	466	
493	492	487	454	464	490	495	489	
494	461	450	467	485	477	459	471	
482	473	457	466	455	474	471	452	
451	470	486	450	496	493	463	482	
456	473	484	493	461	483	457	499	
465	486	497	485	466	495	463	489	
484	462	459	482	477	488	463	485	
462	482	489	493	481	483	474	486	
462	497	468	499	493	475	465	467	
475	492	495	467	471	463	486	482	
458	473	477	457	450	472	478	491	
454	463	450	468	471	462	481	460	
457	482	484	476	472	491	486	452	
486	494	493	492	461	496	485	490	
458	473	490	497	495	470	452	467	
465	467	455	468	490	484	476	452	
455	470	467	466	490	477	494	474	
496	489	483	482	480	471	486	470	
456	491	499	457	450	461	488	458	
76	272	207	
8	337	319	
28	156	214	
167	29	175	
79	371	110	
492	405	309	
357	85	224	
498	265	257	
236	310	137	
134	455	133	
203	191	78	
476	444	157	
199	177	469	
246	146	237	
238	351	75	
269	347	95	
495	302	394	
475	253	361	
3	289	398	
272	152	241	
289	80	253	
183	294	134	
159	453	127	
235	382	281	
397	178	113	
71	117	456	
80	173	325	
437	235	466	
22	142	250	
256	16	202	
274	247	168	
180	127	366	
45	171	379	
491	66	343	
41	145	53	
94	286	349	
12	193	129	
242	407	344	
240	409	67	
194	461	110	
159	300	319	
6	468	196	
300	315	477	
379	460	199	
330	273	138	
38	247	84	
194	251	201	
369	113	484	
209	272	397	
491	296	301	
25	305	121	68	
411	34	472	450	
396	287	377	432	
445	190	97	303	
7	224	292	298	
6	234	426	498	
478	207	157	221	
427	64	224	371	
349	403	33	161	
134	387	390	498	
277	94	5	7	
120	1	404	402	
4	268	119	155	
340	182	187	165	
196	404	358	168	
240	439	263	367	
484	323	289	3	
290	268	110	465	
271	359	49	221	
235	319	165	188	
409	444	185	302	
489	273	336	91	
160	354	335	40	
229	375	70	20	
241	37	282	211	
68	347	437	135	
74	45	200	369	
34	161	36	74	
177	336	310	447	
372	438	115	200	
334	309	433	204	
85	4	444	33	
200	98	458	91	
299	482	137	88	
54	140	324	270	
259	268	399	83	
370	6	331	134	
107	444	442	432	
206	305	356	457	
493	301	205	284	
63	62	209	162	
45	267	385	238	
350	43	40	478	
389	166	88	189	
318	317	339	70	
105	294	322	437	
277	227	379	243	
170	239	89	197	
91	130	173	241	
69	48	266	304	
400	207	351	352	392	
479	43	333	286	275	
60	288	447	306	10	
429	416	267	397	244	
475	69	329	168	163	
297	293	270	99	348	
495	70	248	95	107	
400	58	279	273	221	
247	349	177	7	258	
409	427	215	77	58	
450	405	158	252	4	
234	265	166	174	185	
203	206	113	161	28	
160	31	222	39	17	
381	411	314	317	249	
339	328	54	218	487	
137	498	462	197	386	
292	188	396	429	131	
20	265	480	286	408	
33	155	233	130	98	
126	425	450	310	328	
206	122	175	46	57	
128	91	457	106	231	
298	303	417	241	270	
486	197	292	7	319	
480	138	376	183	94	
156	187	388	369	15	
407	11	486	215	228	
395	443	344	441	292	
322	335	313	431	80	
449	258	29	102	218	
425	364	381	427	496	
137	71	219	417	316	
298	358	486	292	421	
183	444	346	55	122	
112	394	148	130	109	
318	375	481	5	117	
166	9	141	361	13	
60	499	157	491	170	
238	174	43	88	212	
469	80	66	422	489	
119	442	189	148	4	
90	433	286	148	22	
311	496	77	428	101	
16	101	54	320	394	
2	278	290	410	433	
354	163	272	192	184	
141	255	350	110	217	
291	207	111	306	375	
115	190	83	354	277	
