8	16	10	29	12	9	
27	47	34	5	19	36	
47	23	19	41	14	25	
41	3	17	36	34	28	
18	44	49	12	27	24	
48	46	5	9	24	44	
1	13	16	34	18	30	
41	31	0	39	18	10	
7	3	36	11	38	29	
46	45	34	27	22	44	
23	47	40	27	8	24	
4	16	9	24	41	26	
20	47	29	46	0	42	
6	16	38	41	46	15	
5	20	38	3	33	49	
31	35	6	48	39	26	
18	16	44	19	47	22	
37	8	38	10	20	15	
6	0	43	36	3	15	
45	22	0	34	49	12	
37	44	8	2	20	4	
2	33	12	39	13	26	
24	31	16	49	7	22	
46	42	39	15	36	45	
22	8	17	21	15	25	
0	11	34	42	9	40	
26	15	36	17	30	21	
2	30	46	31	17	36	
5	23	34	37	33	29	
15	48	9	22	23	3	
42	28	39	1	43	41	
5	35	10	43	2	33	
22	6	31	36	7	29	
22	12	38	30	41	33	
8	41	13	24	27	21	
46	14	35	2	3	37	
47	21	28	16	44	12	
48	44	3	9	1	45	
19	24	31	28	7	29	
38	9	7	12	28	46	
47	2	12	34	19	39	
25	39	37	11	29	7	
29	25	4	16	48	12	
15	44	27	8	46	38	
7	13	8	12	36	11	
18	11	2	3	42	26	
14	28	27	39	32	45	
41	33	49	28	42	27	
1	46	15	13	28	41	
43	31	49	8	48	21	
81	87	50	73	61	88	
68	91	53	89	84	75	
90	88	73	59	92	61	
73	58	81	72	61	87	
67	91	97	53	80	92	
51	68	84	91	65	77	
59	77	75	78	53	54	
54	77	61	51	75	89	
91	72	59	50	77	64	
95	83	69	50	77	97	
97	59	76	78	98	84	
71	72	59	67	58	90	
55	54	88	80	96	76	
74	89	72	97	65	76	
55	81	96	64	88	60	
52	71	85	92	75	70	
86	91	80	62	51	79	
70	81	75	54	87	78	
89	78	65	96	90	53	
69	63	71	59	53	74	
71	64	75	96	58	88	
56	89	73	92	96	79	
54	83	87	96	86	64	
51	54	67	83	62	77	
80	82	60	64	87	77	
58	53	79	76	96	54	
80	58	66	51	73	90	
93	69	82	65	64	89	
78	83	86	71	70	56	
76	59	54	88	57	60	
70	56	74	58	90	89	
57	73	93	75	81	69	
69	60	72	58	80	94	
57	90	70	92	80	56	
50	69	91	57	87	64	
57	73	67	99	55	53	
97	86	82	51	69	66	
83	79	53	52	70	91	
90	50	84	96	94	81	
54	62	91	60	92	68	
72	85	86	50	54	71	
58	79	60	77	88	61	
75	77	83	79	82	98	
80	60	63	58	51	97	
82	54	59	56	52	78	
75	84	80	50	62	52	
71	78	80	68	74	92	
71	79	68	52	74	95	
52	81	60	96	71	72	
93	63	90	92	67	77	
105	121	142	136	107	109	
130	105	129	149	118	113	
106	140	135	111	132	113	
120	110	109	133	127	145	
109	126	125	146	105	137	
106	101	103	102	144	118	
147	101	112	132	145	144	
109	102	142	130	133	126	
131	146	130	104	108	124	
138	119	136	108	133	130	
130	141	138	116	100	135	
144	115	129	145	111	137	
135	127	100	144	132	116	
123	146	106	100	130	117	
113	112	120	100	118	138	
116	141	100	126	139	143	
125	139	107	126	140	116	
110	122	102	121	135	115	
135	147	115	126	101	133	
149	129	136	137	144	116	
114	132	106	122	141	127	
126	101	117	128	147	137	
118	126	140	102	129	106	
138	106	129	149	144	125	
123	122	107	125	118	129	
143	121	131	102	107	126	
139	110	149	123	108	127	
122	119	102	125	116	112	
117	128	138	133	104	140	
128	100	136	125	119	105	
123	141	113	104	144	128	
127	143	144	125	139	128	
120	131	126	116	135	107	
104	131	113	138	115	139	
100	128	124	135	122	114	
103	144	109	108	133	145	
135	144	138	118	124	133	
125	133	123	144	127	146	
137	103	115	126	138	112	
138	134	121	140	144	103	
122	129	131	119	128	140	
147	104	118	145	117	107	
134	147	112	102	138	145	
128	127	111	134	126	100	
117	147	122	129	149	110	
100	124	137	123	145	121	
136	122	131	108	124	113	
107	114	145	141	118	144	
102	149	126	145	110	136	
144	140	114	143	101	108	
186	189	194	157	179	175	
184	162	170	191	198	153	
184	193	198	166	160	171	
176	173	160	170	179	199	
182	163	153	162	161	169	
162	169	190	198	151	188	
183	186	169	165	158	171	
177	156	166	197	152	187	
193	151	163	158	179	182	
165	192	159	152	195	163	
173	178	182	198	175	171	
162	184	186	167	187	196	
171	182	177	197	163	151	
196	186	193	199	191	178	
188	180	187	165	185	178	
168	165	198	170	166	162	
182	166	186	167	168	183	
186	168	150	178	192	177	
162	197	164	193	185	188	
175	166	183	155	173	190	
166	193	167	161	168	191	
187	162	156	184	190	197	
166	191	184	162	178	180	
199	193	187	170	166	153	
189	195	180	198	190	168	
198	153	156	171	170	164	
187	178	175	156	183	180	
152	153	183	158	182	186	
177	163	166	195	180	157	
193	174	179	198	187	159	
185	189	165	184	162	167	
197	154	150	180	165	182	
159	183	161	157	181	180	
166	190	196	170	169	155	
180	158	175	157	172	152	
189	162	186	160	198	179	
187	169	195	158	168	191	
177	163	176	162	191	170	
195	157	184	175	164	180	
159	197	178	179	198	182	
165	195	161	170	176	178	
192	173	157	169	196	167	
173	168	186	159	177	195	
178	180	153	164	172	181	
198	186	160	171	165	176	
185	193	171	197	195	161	
154	180	161	183	153	197	
197	195	164	160	185	192	
174	179	168	196	158	180	
187	195	156	166	190	189	
211	242	228	202	210	239	
234	232	206	226	219	208	
240	247	226	222	221	243	
203	224	229	237	246	236	
238	236	242	229	202	203	
221	246	232	200	208	207	
204	218	232	228	208	234	
222	246	245	249	206	207	
212	236	231	241	202	210	
245	238	219	229	235	212	
238	219	212	221	233	225	
240	249	239	223	216	225	
245	202	213	248	242	226	
220	235	226	207	245	246	
225	207	209	204	227	214	
222	207	210	204	236	205	
240	200	246	224	243	237	
236	249	225	211	206	217	
236	209	221	234	211	238	
218	219	207	245	234	216	
240	232	201	210	205	224	
247	232	227	231	210	215	
228	223	230	220	236	201	
247	236	235	217	249	206	
214	232	207	239	225	246	
234	243	203	228	211	224	
237	203	227	229	209	238	
244	201	246	235	218	221	
205	202	221	230	237	220	
207	221	202	204	201	213	
226	220	201	205	235	243	
208	221	220	216	210	241	
225	204	245	214	216	203	
215	205	226	229	201	247	
220	212	246	211	238	213	
204	210	243	214	235	222	
236	215	212	217	201	227	
225	211	203	208	236	245	
232	224	225	231	206	221	
202	210	216	204	221	235	
201	200	203	218	202	209	
228	243	245	211	226	205	
243	225	214	209	213	221	
241	217	222	236	205	204	
211	242	245	249	237	240	
204	217	221	232	242	225	
237	246	236	221	211	226	
206	233	241	210	247	249	
234	223	219	239	218	246	
216	242	208	237	232	202	
285	278	281	297	250	277	
255	267	281	284	257	271	
268	260	250	264	269	285	
294	267	277	283	271	291	
291	271	285	274	284	296	
264	271	258	256	293	290	
281	274	258	260	294	293	
256	265	259	262	271	272	
262	274	277	278	276	260	
277	250	296	265	289	275	
297	288	279	294	283	268	
285	279	256	261	277	284	
261	254	281	284	278	277	
255	268	258	299	265	257	
278	270	292	269	267	299	
274	255	263	257	293	256	
265	278	267	296	255	252	
253	256	284	262	271	286	
254	263	274	278	270	280	
263	260	259	266	254	289	
272	288	254	278	271	274	
299	286	273	297	269	255	
276	257	295	251	288	278	
255	286	250	258	295	297	
285	274	283	256	271	299	
297	260	262	298	285	272	
276	261	294	291	250	258	
267	281	290	251	268	296	
270	251	288	284	258	256	
278	265	292	273	294	289	
271	298	270	255	258	280	
283	291	261	289	296	259	
295	291	256	288	281	272	
291	281	273	254	293	261	
291	258	295	263	268	251	
271	261	250	257	299	275	
282	283	292	297	279	290	
256	269	270	294	263	291	
296	279	272	255	277	299	
269	267	261	271	252	257	
277	297	293	298	271	299	
267	278	296	266	250	288	
262	277	261	280	284	275	
265	255	257	279	299	277	
293	251	292	275	264	272	
299	273	264	298	280	250	
278	276	295	280	255	283	
260	273	289	295	292	259	
294	283	251	255	278	254	
266	253	296	281	282	283	
322	343	307	336	346	347	
345	340	300	343	313	342	
315	309	349	321	343	317	
341	311	326	337	334	320	
326	313	346	314	334	317	
345	319	325	343	335	324	
323	330	302	345	342	322	
337	310	326	304	344	336	
329	309	343	318	340	310	
344	341	339	306	301	346	
302	322	309	328	324	331	
302	316	313	348	343	319	
347	331	307	304	302	326	
325	317	337	302	328	333	
333	307	346	317	316	308	
337	300	347	306	314	328	
336	348	303	330	312	321	
306	340	304	322	339	301	
335	340	301	327	325	328	
335	326	329	307	316	314	
322	305	325	338	315	336	
347	331	309	305	322	301	
346	319	316	331	309	300	
310	336	327	314	347	345	
302	306	307	342	311	308	
345	301	349	303	304	341	
343	311	308	341	334	318	
345	304	313	301	340	317	
347	321	305	308	306	338	
323	347	345	326	300	341	
338	307	324	316	302	328	
348	304	339	311	326	341	
329	324	314	340	345	344	
345	316	338	337	311	340	
326	308	347	344	349	335	
301	342	318	300	340	302	
334	307	345	347	313	306	
318	301	331	309	346	342	
343	345	328	348	319	308	
309	326	346	338	343	315	
311	310	312	332	301	313	
318	312	317	328	331	337	
342	348	304	302	347	331	
305	334	338	320	313	348	
328	339	313	304	322	314	
331	327	339	341	335	342	
343	334	322	308	309	329	
327	345	330	329	321	336	
300	303	346	348	344	311	
320	338	345	329	318	321	
380	350	379	353	367	365	
366	355	362	379	396	374	
394	363	374	365	397	362	
387	351	389	357	361	388	
353	360	356	372	358	386	
377	399	380	362	356	388	
366	352	390	353	395	388	
378	394	397	358	370	386	
376	362	363	360	399	389	
361	373	379	365	356	372	
390	391	352	374	361	393	
373	384	350	371	374	389	
355	379	372	361	376	367	
385	371	390	395	372	391	
371	361	368	365	379	360	
352	399	357	350	375	371	
368	377	384	352	358	385	
381	364	392	351	386	365	
388	375	383	351	398	389	
353	388	384	386	379	358	
372	356	369	394	371	387	
371	359	353	375	354	372	
375	390	382	381	392	380	
396	361	358	381	394	377	
375	359	374	386	383	363	
353	385	364	359	360	376	
379	385	366	356	352	367	
354	356	362	351	392	395	
366	381	384	351	350	355	
370	390	362	361	387	375	
368	363	358	387	396	391	
384	392	390	396	389	352	
390	359	384	382	388	367	
383	365	395	398	378	375	
379	398	389	365	356	397	
374	363	380	368	357	379	
380	384	389	350	377	368	
355	397	367	364	352	380	
365	395	372	380	396	358	
382	374	358	387	370	369	
376	367	374	395	369	382	
355	365	382	377	363	364	
367	350	390	371	368	354	
365	372	352	386	351	390	
370	389	397	357	382	353	
368	360	354	371	385	357	
399	373	361	370	358	354	
387	378	370	355	365	389	
371	385	381	358	397	350	
392	373	377	359	396	367	
432	445	410	429	433	419	
436	443	437	421	416	410	
406	446	417	438	449	434	
422	427	405	442	440	444	
425	403	441	422	440	400	
439	427	411	436	412	400	
429	444	446	418	428	431	
401	442	439	430	413	400	
436	437	419	430	420	438	
432	445	401	414	403	413	
410	406	423	428	402	446	
437	443	418	403	414	422	
434	431	405	415	438	445	
404	402	446	440	432	445	
430	444	433	420	439	422	
445	418	405	415	423	421	
410	429	428	434	442	409	
439	410	420	427	421	447	
417	439	420	436	427	430	
416	424	423	439	414	403	
402	434	421	439	410	437	
439	427	447	418	440	446	
401	415	437	410	417	448	
401	428	414	420	416	411	
400	403	432	442	437	431	
417	401	445	429	435	425	
444	434	429	420	447	416	
428	412	415	437	433	438	
441	440	433	416	437	412	
416	426	441	418	449	432	
401	425	402	411	426	436	
415	409	429	413	435	411	
434	419	401	426	409	411	
443	437	448	420	441	409	
412	406	421	409	429	441	
410	419	420	415	428	424	
436	415	447	412	442	417	
446	402	404	421	445	427	
433	422	438	411	402	408	
446	426	405	410	441	418	
411	433	434	436	446	440	
448	440	445	449	442	441	
428	441	443	434	446	433	
431	420	413	436	424	404	
403	440	408	400	402	420	
421	404	413	446	440	426	
419	415	430	427	441	406	
444	412	432	417	449	414	
448	408	440	431	400	404	
429	403	415	447	427	441	
470	477	458	478	450	493	
468	490	481	496	482	491	
477	460	484	450	462	469	
499	491	450	466	474	493	
490	474	458	451	496	455	
473	453	478	481	455	471	
453	460	464	482	476	475	
451	484	490	495	488	455	
456	450	471	482	461	499	
465	456	454	473	483	498	
466	465	458	485	454	467	
485	458	459	497	464	484	
455	477	460	474	490	463	
462	491	493	452	480	478	
498	452	454	470	474	482	
486	498	466	471	464	463	
482	489	476	479	471	456	
451	467	460	450	475	456	
471	495	487	497	467	492	
471	498	468	475	488	460	
466	473	469	488	498	490	
468	459	483	486	450	472	
480	486	482	470	484	473	
474	459	452	450	498	454	
468	450	483	495	459	492	
496	477	499	489	495	483	
490	454	484	476	496	497	
471	464	457	461	475	479	
450	499	490	474	456	482	
493	494	482	455	480	460	
478	475	468	498	457	452	
465	471	491	459	482	489	
495	466	478	457	475	450	
451	487	475	461	486	488	
490	450	487	485	488	460	
452	450	455	456	479	489	
455	487	458	491	471	474	
455	453	487	460	462	489	
457	459	465	471	452	455	
497	455	471	495	474	477	
453	496	456	473	479	494	
474	481	460	468	478	463	
496	481	492	450	460	476	
494	473	460	482	451	492	
490	488	496	487	467	476	
480	489	478	463	496	458	
450	481	472	471	479	455	
463	497	486	490	466	480	
470	453	456	469	464	462	
488	469	476	497	499	450	
39	8	1	49	23	15	34	
49	17	11	32	1	7	41	
44	45	6	41	21	4	19	
47	48	19	0	28	4	36	
38	41	25	27	19	35	44	
43	30	13	38	5	6	42	
46	45	2	36	41	35	8	
17	43	3	19	32	20	8	
26	18	7	35	5	25	31	
5	35	3	21	44	18	14	
6	45	37	22	39	49	12	
35	46	38	44	20	37	3	
39	15	35	21	33	0	2	
11	16	41	5	12	48	40	
34	3	0	26	18	19	22	
44	20	5	30	2	4	14	
1	36	19	48	26	22	3	
24	13	30	41	42	14	2	
35	46	6	31	36	10	11	
13	31	6	11	49	46	30	
17	21	33	38	10	48	4	
39	40	25	43	14	32	2	
4	30	49	5	20	48	42	
39	28	15	2	22	37	27	
28	44	7	4	42	0	22	
31	39	43	47	32	37	14	
15	3	8	11	33	31	2	
4	6	29	14	49	38	22	
21	10	7	45	0	48	31	
20	17	33	48	39	25	11	
14	45	0	40	4	33	29	
13	16	46	28	22	17	2	
15	20	33	44	32	47	18	
22	1	20	39	14	38	35	
8	18	10	29	12	38	48	
18	27	5	35	40	28	29	
9	40	44	16	19	20	38	
26	28	9	21	25	44	11	
17	28	4	2	5	38	43	
23	21	28	31	49	6	18	
49	43	1	18	13	28	0	
37	13	4	6	1	9	43	
10	15	34	18	39	2	13	
41	42	25	35	43	46	11	
11	20	42	18	16	49	2	
0	30	29	7	48	22	13	
49	18	36	27	0	6	37	
7	23	30	14	0	5	27	
35	37	23	12	43	14	15	
18	32	49	39	42	45	14	
89	76	99	66	73	52	81	
64	60	93	99	62	82	50	
81	71	94	91	53	69	50	
54	98	52	96	83	76	88	
85	73	93	90	89	74	62	
85	75	67	86	84	79	57	
62	89	95	70	71	85	56	
71	76	60	65	77	52	53	
94	72	50	88	75	60	91	
56	65	94	98	74	95	58	
95	58	80	63	72	91	97	
57	52	51	64	84	60	72	
74	72	68	65	87	63	83	
51	52	92	63	66	55	97	
72	60	68	69	73	53	52	
95	76	59	52	90	99	82	
86	51	77	62	68	85	76	
83	75	91	85	56	81	87	
78	87	99	51	65	62	74	
85	79	71	99	92	59	62	
66	67	91	80	92	57	89	
84	74	85	97	83	59	92	
58	77	74	78	75	88	86	
56	93	77	99	55	89	64	
56	87	72	95	52	82	66	
80	73	74	97	72	65	66	
94	93	58	68	54	99	96	
63	94	55	54	97	68	74	
54	75	57	74	81	61	51	
54	67	53	61	75	50	87	
62	73	97	71	61	70	99	
67	76	69	96	78	84	65	
51	72	79	85	95	65	78	
58	88	74	52	56	86	70	
84	50	98	80	58	61	77	
78	52	70	96	84	56	73	
50	96	70	81	79	72	61	
72	52	60	80	53	74	76	
62	77	71	52	56	59	64	
54	87	65	59	64	76	56	
84	85	68	94	64	65	88	
92	95	94	97	61	85	98	
98	63	78	83	61	91	56	
90	77	60	85	55	86	87	
86	62	65	73	90	70	98	
62	78	72	89	81	68	67	
95	61	59	84	97	71	88	
51	75	76	91	95	82	96	
91	73	99	65	81	78	95	
95	98	55	80	77	67	50	
139	130	143	121	104	100	107	
131	124	146	121	130	136	117	
113	140	141	114	142	111	120	
102	107	145	123	139	120	141	
117	118	113	111	127	107	108	
147	135	132	108	111	131	106	
113	128	126	119	124	146	135	
128	144	102	138	132	110	143	
146	120	137	105	148	126	141	
113	112	105	132	136	116	133	
123	148	146	141	105	133	118	
142	126	133	115	118	109	148	
134	113	117	138	102	137	140	
117	111	130	139	138	127	113	
130	100	146	119	129	140	128	
130	148	124	149	133	137	116	
102	147	129	139	104	110	142	
106	101	145	131	125	102	100	
142	118	105	107	129	122	111	
127	108	123	103	141	138	105	
137	134	125	132	112	121	101	
142	133	107	139	137	129	113	
114	101	142	125	145	130	128	
100	107	134	140	142	145	117	
102	129	147	142	110	128	133	
123	103	104	147	115	107	117	
114	127	139	146	104	133	103	
125	112	145	106	115	110	142	
113	141	116	123	149	111	103	
126	100	108	140	124	138	107	
131	113	107	109	115	133	114	
119	110	120	105	115	129	128	
117	106	142	129	109	100	131	
128	111	109	123	143	140	118	
131	129	128	138	108	137	141	
113	140	135	142	124	104	102	
102	109	116	143	104	110	112	
115	140	105	137	114	104	131	
127	101	124	131	102	100	118	
131	109	136	117	130	104	134	
105	114	118	129	143	128	110	
110	117	126	131	125	119	120	
114	143	108	147	122	131	130	
123	121	126	133	139	148	143	
144	135	118	117	136	119	148	
105	122	132	101	113	118	128	
135	146	120	103	145	121	140	
128	113	100	121	130	139	112	
128	119	103	147	105	145	143	
141	110	131	134	103	126	106	
155	180	152	160	162	164	196	
157	179	163	191	177	187	164	
192	190	182	188	165	166	157	
193	150	189	165	173	162	167	
188	195	158	154	181	182	187	
158	178	189	193	181	166	190	
195	153	163	161	159	198	158	
195	161	166	165	172	180	150	
195	187	179	193	159	191	157	
166	152	174	164	185	177	179	
160	186	162	188	167	172	171	
191	173	165	162	167	187	184	
192	190	188	150	160	168	164	
191	156	155	174	176	184	173	
197	157	166	150	185	176	186	
159	158	184	151	152	167	169	
179	181	193	151	150	174	178	
183	162	155	199	192	154	181	
152	174	163	196	182	199	187	
159	181	186	175	173	196	183	
157	176	178	151	156	179	185	
158	171	179	191	182	161	160	
173	193	183	158	166	182	185	
179	166	164	170	188	157	156	
176	173	190	166	198	194	156	
183	167	156	199	181	194	168	
174	173	160	187	186	161	156	
188	184	154	165	156	189	160	
194	171	177	181	178	188	160	
196	154	179	172	162	167	173	
176	152	185	195	196	168	165	
165	151	168	153	172	199	174	
153	184	173	194	165	157	155	
198	185	167	170	194	161	150	
173	195	171	167	180	160	199	
152	169	151	185	160	158	172	
196	197	194	190	162	199	193	
179	175	174	164	159	190	180	
158	167	168	163	185	195	161	
196	172	168	163	186	157	169	
192	156	158	179	176	159	185	
192	150	151	197	172	179	196	
150	173	190	186	187	151	156	
195	153	167	155	185	171	186	
154	168	176	179	158	160	155	
194	157	198	189	172	155	168	
155	181	152	185	168	178	161	
178	186	181	150	167	179	151	
189	182	194	163	183	156	162	
187	195	188	180	155	164	172	
238	240	225	210	231	220	247	
203	205	231	243	239	202	208	
227	232	236	237	219	243	207	
211	229	207	235	234	227	204	
221	222	208	204	224	210	219	
219	245	247	205	241	248	239	
224	208	231	213	248	216	225	
222	202	211	200	225	229	233	
221	243	239	209	219	212	226	
243	217	214	249	218	227	246	
202	228	218	236	231	227	201	
233	215	204	244	236	228	201	
223	230	241	243	209	220	225	
223	226	228	203	247	200	230	
246	245	234	235	232	243	230	
231	235	204	206	212	243	230	
208	205	244	210	224	242	245	
230	203	248	212	245	242	237	
205	231	224	216	202	208	213	
249	240	227	247	244	243	220	
222	243	221	231	242	235	207	
233	238	230	244	206	241	231	
248	246	215	233	218	206	221	
201	205	237	213	211	232	231	
216	208	219	200	243	244	201	
231	205	243	214	204	216	229	
205	219	223	238	203	242	206	
249	212	238	211	230	228	231	
209	243	200	228	247	207	230	
239	202	212	224	237	244	205	
205	207	212	238	235	249	234	
234	233	237	228	209	222	247	
238	206	249	222	242	239	203	
237	208	226	222	233	244	249	
249	233	232	248	236	225	208	
239	226	248	212	222	204	220	
230	227	208	229	211	247	238	
245	236	231	226	237	214	211	
234	244	233	208	200	201	237	
237	214	229	244	201	200	224	
221	200	215	207	209	217	234	
229	233	238	234	224	205	219	
237	247	211	235	234	215	228	
228	234	216	224	249	210	231	
238	247	221	211	213	227	200	
241	204	210	206	214	223	215	
237	202	216	236	245	247	213	
228	241	214	238	226	220	231	
200	239	245	209	238	216	217	
246	207	215	205	222	235	236	
269	287	291	253	254	255	261	
255	298	293	271	270	296	256	
263	254	274	264	292	299	262	
298	286	282	294	276	270	250	
260	258	294	298	293	285	274	
253	256	257	276	266	289	293	
298	252	287	291	261	295	263	
261	276	296	299	282	266	285	
298	275	272	261	297	262	270	
295	263	282	281	264	285	290	
252	294	278	268	264	281	287	
264	275	299	293	252	255	279	
295	250	284	258	282	290	251	
268	295	279	294	256	263	282	
257	299	261	298	251	271	274	
279	269	283	250	284	276	298	
260	297	288	280	279	254	294	
284	283	264	268	256	267	276	
251	272	287	250	255	279	296	
250	297	279	268	263	262	257	
256	280	253	285	296	275	271	
280	294	288	282	256	299	290	
264	260	282	295	255	266	286	
253	252	272	256	265	276	289	
290	269	255	284	285	282	262	
252	273	281	288	276	266	253	
253	270	278	299	292	272	255	
259	267	268	280	274	293	279	
255	296	252	278	281	274	270	
268	255	280	293	250	264	278	
260	255	299	274	277	280	296	
285	258	276	260	255	262	254	
295	271	256	260	274	265	270	
274	254	264	260	273	275	285	
254	265	296	295	292	262	255	
263	258	280	257	262	252	273	
253	293	277	280	294	260	298	
257	261	293	262	284	270	260	
291	263	294	250	265	279	267	
277	282	275	287	252	269	263	
291	268	294	253	278	270	261	
291	286	272	259	275	264	278	
258	297	293	285	262	257	250	
294	265	291	277	259	260	266	
269	291	284	267	281	283	279	
261	263	267	269	258	282	257	
254	276	289	257	297	283	250	
285	269	291	294	293	287	296	
262	266	282	255	268	278	256	
251	285	252	261	255	260	276	
311	334	338	340	312	343	320	
336	345	311	323	302	349	328	
347	340	344	338	337	311	328	
315	336	343	328	341	323	305	
308	305	312	302	309	328	340	
301	322	330	314	332	312	315	
323	338	302	310	348	305	349	
319	306	333	331	303	312	341	
303	323	306	334	335	330	345	
302	306	344	346	300	349	322	
309	320	301	300	311	337	328	
309	310	311	303	343	304	342	
337	317	320	325	343	310	312	
348	347	349	323	324	315	306	
303	347	319	307	336	316	339	
310	340	348	318	336	338	322	
329	344	339	328	340	338	304	
302	316	307	311	303	308	321	
344	349	339	334	305	326	319	
339	307	304	310	338	311	315	
304	309	303	328	311	322	348	
311	327	306	315	333	319	338	
330	307	329	325	317	328	314	
348	349	308	341	317	343	312	
333	310	326	320	338	343	313	
333	303	327	347	307	312	341	
324	314	320	321	312	340	310	
318	319	341	323	310	331	307	
312	317	319	339	328	344	305	
338	305	326	327	323	313	334	
340	346	330	312	327	322	307	
340	348	320	349	321	304	316	
308	345	317	325	347	306	313	
303	314	316	335	333	328	348	
347	322	316	318	312	310	306	
344	339	303	307	349	335	347	
344	333	331	349	301	326	339	
334	300	324	340	309	315	331	
342	349	343	316	337	323	338	
330	338	345	306	310	314	347	
320	308	312	302	321	331	317	
341	338	343	307	349	344	342	
349	327	318	315	328	322	311	
305	343	346	310	319	336	312	
333	346	302	321	320	335	313	
314	343	322	317	300	340	330	
313	343	300	347	336	348	333	
322	309	347	304	334	336	318	
308	342	313	346	310	331	337	
312	323	307	339	324	313	329	
383	373	382	376	381	356	392	
376	387	357	392	398	386	368	
397	381	387	368	369	390	358	
391	387	379	357	374	376	372	
360	350	377	366	395	372	362	
383	386	385	355	378	365	368	
394	376	353	383	391	371	366	
364	380	384	394	353	358	393	
382	350	389	356	373	394	355	
363	371	396	388	377	380	357	
382	383	372	387	377	381	393	
389	372	384	397	350	373	367	
397	379	380	376	369	396	373	
398	388	351	386	356	377	367	
388	363	374	365	371	392	364	
398	367	377	382	390	397	354	
395	352	373	366	391	364	377	
350	355	394	362	382	392	352	
375	376	382	386	390	364	384	
379	389	396	352	366	397	360	
363	366	394	389	367	390	379	
370	399	351	380	379	369	381	
383	360	391	350	376	373	362	
367	360	374	381	395	368	379	
357	372	359	363	387	370	358	
380	382	365	393	372	373	399	
396	384	389	359	388	366	392	
367	376	374	357	377	375	365	
392	384	356	391	372	362	376	
356	397	353	362	361	377	392	
395	381	360	363	396	377	375	
370	373	395	357	372	396	365	
393	359	367	388	379	380	364	
358	361	372	367	392	365	364	
375	394	377	351	396	353	388	
387	364	382	380	360	368	371	
376	392	393	399	386	354	352	
362	386	395	397	387	367	359	
360	355	376	375	385	368	372	
370	355	354	356	350	399	375	
355	382	386	384	379	373	359	
362	361	396	373	376	372	383	
380	358	357	361	352	360	386	
363	373	395	393	383	372	354	
365	359	373	364	372	351	385	
362	399	380	368	382	386	360	
387	368	356	379	355	382	363	
397	387	372	374	379	376	384	
385	383	381	366	399	398	378	
372	353	376	394	398	355	395	
413	449	441	426	418	403	435	
428	402	409	436	420	411	417	
438	434	421	444	447	424	443	
411	400	445	404	416	428	424	
439	431	427	432	433	423	448	
434	446	440	412	422	437	436	
414	422	442	406	439	404	441	
429	412	414	436	403	409	401	
446	407	440	413	436	424	442	
444	418	449	431	423	428	415	
410	449	421	438	412	409	448	
440	435	418	402	436	405	442	
413	429	405	414	408	410	446	
406	447	431	404	411	436	413	
437	449	401	400	433	444	421	
429	432	426	436	404	414	424	
447	437	405	407	445	417	414	
429	418	426	431	430	436	415	
411	417	438	402	418	446	400	
408	427	432	425	436	424	413	
432	421	404	429	402	415	416	
417	426	412	443	416	435	422	
407	443	404	420	429	436	435	
446	445	418	404	415	447	420	
436	426	444	419	432	446	407	
411	427	423	416	426	433	417	
421	428	434	443	407	422	414	
439	403	404	441	446	447	407	
400	412	430	405	431	448	444	
407	421	401	410	449	402	405	
449	442	444	415	432	425	413	
406	411	440	420	442	428	444	
445	446	440	422	444	419	402	
405	421	433	415	412	443	440	
441	403	437	436	419	421	411	
438	404	439	432	446	415	429	
448	442	421	443	435	420	441	
437	408	409	436	400	412	440	
427	437	428	440	422	429	401	
422	443	437	404	408	409	426	
409	415	425	423	442	443	445	
410	424	423	428	445	425	446	
431	439	412	421	401	444	440	
430	435	447	436	428	407	442	
413	423	406	408	426	439	421	
427	418	414	440	430	433	413	
434	418	427	449	446	440	405	
429	427	436	447	440	403	430	
436	445	443	448	424	418	416	
432	448	403	424	447	430	400	
452	493	479	482	494	492	478	
499	457	450	477	474	459	472	
474	489	453	497	473	469	458	
451	493	463	473	464	471	456	
469	477	496	470	498	465	475	
456	490	454	471	457	460	477	
491	461	456	468	497	479	454	
479	492	469	466	481	480	482	
480	453	463	457	490	469	476	
461	476	454	471	468	495	485	
499	463	457	490	454	466	488	
476	459	493	488	483	484	499	
485	493	475	456	483	469	453	
453	461	464	463	457	499	476	
499	453	463	489	492	480	457	
486	452	451	489	498	499	485	
466	481	472	458	476	468	473	
465	486	458	489	454	473	474	
470	498	453	469	455	459	479	
475	456	488	464	458	459	477	
476	479	468	480	462	458	499	
483	469	454	493	463	496	478	
462	492	490	481	474	485	476	
495	498	471	496	487	486	474	
478	484	476	463	486	450	470	
458	461	477	491	499	454	481	
463	450	457	495	481	474	465	
490	491	477	464	474	496	472	
494	498	469	461	487	491	450	
483	466	465	475	455	473	485	
499	482	454	455	494	487	469	
456	497	476	481	494	475	480	
462	450	454	497	466	498	455	
496	467	475	497	463	487	482	
467	486	470	479	497	495	473	
498	476	477	472	474	475	491	
468	463	474	451	493	485	481	
489	461	499	462	488	494	452	
468	472	462	491	458	490	470	
494	497	491	492	464	459	452	
486	489	468	483	454	493	450	
494	457	490	475	484	486	469	
460	453	473	450	480	495	463	
499	471	483	473	478	481	461	
456	476	475	491	462	487	497	
459	497	454	482	460	496	488	
460	483	497	476	485	481	494	
473	497	459	483	492	489	498	
451	461	464	452	453	450	470	
495	458	489	455	491	486	490	
9	17	46	45	7	22	28	19	
25	33	47	41	12	39	3	21	
0	34	7	18	21	1	16	8	
49	0	21	8	15	4	12	36	
16	26	23	8	24	42	40	11	
13	17	11	9	43	47	23	32	
38	30	45	19	21	48	33	42	
22	12	40	7	6	49	17	48	
19	14	11	43	21	16	34	22	
37	27	40	45	28	23	0	18	
7	42	19	39	13	45	5	34	
33	38	7	13	41	37	45	26	
26	4	5	47	13	8	20	23	
23	37	4	19	22	31	24	17	
11	38	14	49	43	7	32	16	
11	48	4	6	0	41	17	19	
12	42	16	2	49	19	14	6	
25	16	26	12	48	23	37	32	
8	38	34	21	32	18	17	5	
46	24	30	47	6	41	43	21	
47	22	42	34	27	25	6	40	
39	19	38	44	21	35	18	20	
29	44	19	43	28	14	4	23	
22	13	11	4	31	16	39	36	
38	44	45	1	23	17	27	4	
24	19	25	3	2	15	38	23	
48	49	43	13	38	14	15	22	
43	10	49	17	46	14	22	36	
26	23	25	36	32	42	16	24	
49	15	25	34	37	2	17	24	
36	5	32	6	30	4	3	19	
37	7	32	16	21	48	8	3	
25	2	18	28	36	10	30	13	
4	2	29	16	7	34	12	48	
8	49	11	15	45	43	14	44	
43	30	20	36	3	18	27	10	
35	4	7	30	2	46	13	36	
48	11	14	33	45	1	8	35	
6	49	9	5	3	35	42	43	
42	49	30	7	32	24	29	45	
15	28	32	13	39	0	1	34	
44	2	9	31	38	46	28	15	
32	13	15	5	46	25	17	37	
38	33	29	14	32	37	30	17	
36	3	46	27	17	19	15	34	
47	38	4	37	33	48	26	39	
19	1	49	23	35	29	41	3	
26	1	36	0	33	30	24	49	
33	9	31	3	23	46	29	8	
10	28	6	5	23	26	3	4	
54	73	99	59	82	88	85	65	
56	70	55	57	87	68	61	74	
92	98	80	84	85	65	94	83	
61	70	84	58	53	87	92	57	
86	82	61	51	91	73	71	92	
71	63	66	78	54	64	72	51	
96	82	85	80	71	66	73	59	
84	88	54	68	56	55	73	53	
93	64	67	73	89	65	75	58	
94	79	68	57	76	78	83	73	
97	51	99	53	60	86	63	61	
81	58	54	74	79	93	53	75	
90	67	60	84	70	91	83	54	
89	52	61	80	93	68	55	76	
74	65	79	91	90	76	88	82	
66	69	67	77	95	84	61	52	
81	97	93	92	50	66	88	62	
89	70	59	63	79	60	76	99	
67	74	84	71	59	70	90	68	
96	70	86	88	94	87	71	78	
61	82	63	59	62	99	70	65	
63	69	52	91	89	77	64	85	
63	72	83	73	50	99	92	67	
91	84	82	60	76	88	71	83	
75	77	72	52	80	81	82	55	
91	61	58	98	57	73	54	71	
74	77	88	97	85	54	79	69	
96	62	82	81	60	74	67	78	
90	86	69	70	77	73	68	60	
76	81	62	73	55	87	56	99	
62	75	73	85	53	74	60	80	
79	98	74	56	84	93	65	63	
88	51	78	95	84	56	57	82	
76	55	70	61	58	78	87	86	
97	68	64	87	58	81	66	69	
85	92	77	89	51	79	94	87	
90	82	53	94	60	52	57	69	
84	53	81	57	55	56	93	87	
61	51	82	72	67	62	87	79	
95	77	88	72	92	96	51	84	
61	59	65	79	98	69	93	99	
71	68	91	87	66	83	61	69	
50	92	80	52	99	76	64	89	
51	80	67	94	63	70	97	58	
93	88	91	72	75	80	53	90	
55	75	94	83	56	76	82	77	
58	78	64	87	97	88	82	89	
62	59	97	58	93	96	77	80	
83	68	63	92	88	99	75	74	
92	81	95	54	59	64	51	70	
123	100	126	119	101	124	144	125	
110	129	136	105	145	106	135	111	
112	121	124	137	117	108	101	123	
142	108	101	127	143	141	113	134	
139	134	117	129	132	106	137	105	
102	132	124	119	131	147	128	116	
124	105	102	121	135	104	131	142	
118	140	111	127	128	131	136	100	
130	134	109	129	100	123	126	149	
120	119	135	113	112	106	100	142	
138	147	139	148	105	118	143	107	
149	115	109	122	145	147	103	124	
144	120	110	149	128	107	139	104	
135	106	124	123	134	139	143	111	
107	114	131	141	144	129	142	124	
147	148	101	128	146	134	126	138	
135	122	145	102	111	148	121	119	
110	148	125	137	104	122	121	144	
133	116	129	114	108	102	115	136	
121	135	103	136	118	130	145	107	
114	126	105	143	121	118	149	104	
149	116	120	138	142	109	126	108	
115	139	134	144	133	109	149	143	
144	136	101	137	108	122	121	114	
108	144	101	109	135	145	140	105	
128	143	111	115	136	144	126	140	
146	103	122	119	136	142	143	141	
119	128	100	103	117	135	106	112	
148	117	114	129	125	116	106	134	
107	143	139	100	130	119	123	132	
139	119	130	145	122	116	107	112	
139	149	140	113	138	145	116	121	
137	111	110	149	135	109	129	134	
143	132	129	104	142	149	114	135	
131	143	130	128	142	137	102	111	
148	130	100	102	128	139	129	112	
147	102	107	104	112	118	120	132	
143	138	132	118	111	127	140	133	
101	146	123	103	115	111	114	138	
146	142	124	133	115	143	148	138	
119	123	141	101	120	118	107	133	
144	103	117	137	148	127	147	115	
143	138	120	104	130	144	111	102	
129	100	113	115	108	142	102	140	
143	118	120	127	139	125	131	144	
133	126	149	112	125	110	108	101	
112	143	100	115	137	121	139	134	
107	103	100	105	140	145	108	124	
126	148	108	146	119	124	149	115	
132	106	113	135	115	116	103	142	
183	163	171	192	152	169	164	167	
151	182	165	174	177	187	155	196	
197	172	183	181	189	155	195	173	
169	194	160	161	181	191	167	197	
191	182	170	184	173	195	154	160	
189	165	166	170	174	196	176	184	
169	188	173	157	187	182	174	172	
187	169	166	190	189	170	163	196	
158	163	164	180	168	179	189	165	
195	188	187	183	154	162	178	161	
170	186	151	153	197	161	158	154	
161	173	158	193	182	167	151	184	
156	167	177	166	197	184	181	175	
193	161	174	188	190	172	166	195	
185	178	169	168	179	162	165	170	
168	172	154	160	175	150	180	165	
162	159	196	189	172	179	199	177	
199	193	186	176	187	160	170	188	
166	156	179	196	175	163	164	158	
169	155	178	186	193	184	183	196	
197	153	161	164	182	168	185	179	
182	193	164	191	180	165	170	179	
191	182	169	167	151	178	188	187	
168	192	165	174	183	151	157	153	
175	197	190	176	174	167	182	170	
174	190	167	171	169	160	172	150	
169	173	163	152	155	189	171	177	
191	187	178	197	180	193	158	153	
152	169	151	196	192	198	187	179	
150	162	189	156	197	151	174	196	
190	168	184	150	193	169	162	191	
163	197	182	189	173	154	166	178	
158	160	152	174	164	166	188	173	
166	160	178	192	174	164	154	193	
181	189	185	193	195	175	184	194	
154	181	188	155	189	197	195	191	
155	177	179	160	199	189	154	164	
188	166	196	178	186	156	173	179	
198	159	153	197	183	162	155	192	
196	164	172	170	175	161	179	160	
177	178	196	197	159	175	172	167	
184	199	166	185	169	179	195	165	
159	182	190	156	174	166	157	154	
199	187	173	183	179	150	172	153	
192	157	194	184	180	190	181	161	
174	155	182	169	161	151	163	162	
161	167	195	194	168	150	185	196	
165	158	175	171	180	198	178	183	
175	159	150	184	181	153	173	163	
171	161	158	189	185	165	150	153	
232	234	221	242	218	222	210	239	
223	209	236	234	224	225	201	200	
203	207	240	218	237	208	235	213	
208	219	249	247	222	205	239	200	
247	229	248	230	204	237	209	242	
205	242	231	201	225	220	208	221	
224	218	219	226	222	216	214	247	
236	230	218	229	246	209	205	237	
229	213	231	214	215	206	237	222	
208	202	238	212	241	214	203	205	
205	223	243	231	238	208	201	226	
200	219	222	247	201	228	240	217	
235	204	201	223	202	211	210	213	
246	206	229	214	213	225	248	218	
200	226	221	201	211	205	213	227	
218	205	231	229	213	207	219	236	
233	240	201	221	230	216	249	220	
234	219	207	244	224	211	223	226	
208	229	209	213	200	236	218	204	
206	246	231	244	213	221	237	222	
225	201	217	216	226	214	213	208	
237	239	240	227	247	207	205	220	
230	245	210	215	226	207	200	238	
225	239	218	249	207	210	230	202	
201	218	203	209	217	205	223	247	
218	240	235	232	215	224	221	233	
247	228	219	218	204	242	232	200	
221	234	248	213	245	214	201	224	
223	236	247	201	211	208	219	243	
239	208	210	202	236	213	231	232	
211	223	239	212	202	240	204	215	
249	202	219	207	242	243	244	245	
207	211	239	249	202	226	225	247	
205	244	235	229	245	232	213	248	
206	220	202	237	247	248	226	221	
206	237	243	240	210	227	213	231	
249	229	238	207	208	237	216	201	
200	208	212	201	235	210	248	230	
223	204	249	219	208	242	240	233	
240	228	216	218	231	242	234	238	
227	243	228	207	220	233	211	208	
248	220	224	243	226	235	202	219	
205	212	225	208	204	241	229	249	
220	230	205	212	242	221	234	208	
245	224	223	206	210	231	228	238	
220	241	218	244	246	231	233	210	
214	212	236	213	219	229	202	210	
237	216	241	227	202	200	248	207	
240	213	215	226	208	235	232	248	
205	234	238	230	231	215	235	220	
294	280	273	260	268	279	295	257	
280	257	262	266	265	259	278	256	
276	279	261	294	295	264	286	272	
282	272	295	290	260	256	294	265	
265	292	261	255	297	287	271	253	
272	253	277	270	258	266	285	283	
294	279	255	275	269	292	282	287	
278	253	283	270	292	265	264	257	
261	274	284	292	276	256	271	267	
295	269	292	284	268	283	279	253	
282	258	262	260	256	275	251	294	
283	252	255	286	275	297	267	265	
275	255	252	265	271	258	289	263	
281	274	272	289	262	298	259	256	
271	273	277	264	263	288	266	259	
265	299	279	272	260	295	253	264	
257	275	295	254	262	265	258	280	
263	292	250	260	280	275	254	251	
293	252	280	297	260	285	268	287	
255	298	250	264	281	275	279	296	
280	285	264	286	290	294	257	272	
291	265	266	297	252	288	251	285	
260	284	299	280	272	254	250	283	
262	281	260	271	253	254	297	273	
278	280	285	257	269	286	276	262	
269	297	250	260	261	298	288	251	
289	275	269	267	264	254	263	265	
291	263	287	286	271	250	293	264	
255	259	252	268	289	296	282	283	
255	295	299	259	263	276	285	264	
279	253	267	288	258	296	254	273	
297	290	291	261	251	266	260	267	
265	271	297	282	293	253	292	288	
298	296	266	251	279	283	275	295	
277	251	289	287	285	291	299	288	
293	252	257	291	260	266	297	299	
279	287	258	253	271	260	262	275	
280	251	259	260	295	275	269	285	
258	252	291	257	270	280	293	266	
250	268	278	258	259	290	284	255	
268	251	261	297	273	293	296	287	
253	250	296	251	280	298	266	279	
266	285	262	274	275	254	280	260	
268	282	269	299	285	261	293	251	
271	273	251	265	283	263	293	277	
265	274	251	272	285	271	263	255	
295	292	254	294	270	281	279	276	
289	295	291	254	273	275	293	282	
256	252	274	291	266	257	277	288	
291	295	289	264	284	255	252	273	
305	337	320	302	344	339	349	319	
337	327	348	341	324	332	346	325	
311	301	306	300	320	321	330	302	
302	305	335	344	306	338	341	339	
308	333	317	304	303	318	338	343	
317	349	301	337	326	305	341	330	
346	302	304	310	305	347	326	348	
321	311	339	326	300	306	328	332	
310	348	302	345	342	315	300	307	
315	304	327	317	307	337	330	305	
348	335	349	327	313	333	317	310	
319	337	344	311	346	342	325	302	
307	301	336	348	331	312	344	317	
320	347	311	312	345	315	338	339	
314	316	309	347	345	329	328	335	
340	343	335	331	300	329	302	305	
313	333	310	323	302	303	319	328	
340	343	321	303	317	305	338	334	
331	323	309	333	306	327	335	328	
344	320	333	306	302	347	307	304	
348	336	300	337	311	341	314	320	
340	308	320	332	309	325	338	339	
301	335	320	307	321	333	324	328	
315	310	344	303	330	320	331	327	
332	326	312	305	341	329	330	335	
300	303	329	324	345	344	341	317	
309	335	329	302	332	303	315	307	
341	309	338	318	319	323	315	312	
349	324	322	317	346	333	323	313	
329	333	334	301	322	346	311	317	
303	329	341	334	322	339	336	324	
314	330	338	334	343	329	331	308	
348	335	345	325	304	317	321	300	
349	335	342	330	315	318	338	333	
304	314	322	312	311	327	300	321	
329	303	319	326	328	320	304	314	
339	342	347	349	348	317	343	341	
327	330	334	316	339	349	336	329	
329	331	337	341	316	338	328	314	
319	313	304	316	328	322	312	341	
338	328	301	337	330	344	300	314	
324	337	313	325	302	341	321	323	
336	346	308	310	305	349	341	329	
332	312	310	337	344	347	346	333	
306	342	344	336	328	325	339	318	
304	305	303	349	320	328	343	308	
317	312	314	300	326	313	315	337	
316	349	332	325	342	330	300	305	
303	320	306	317	326	330	310	315	
335	330	331	304	303	345	328	313	
387	350	372	354	386	368	380	392	
367	377	392	376	372	362	391	359	
363	366	381	350	399	365	352	391	
358	378	359	373	398	355	390	384	
351	399	370	397	369	356	380	392	
351	367	365	373	379	366	377	383	
364	397	389	351	367	390	380	375	
351	375	396	364	381	354	370	353	
374	383	390	351	388	387	368	356	
368	375	353	370	361	360	399	377	
389	382	367	354	398	394	384	393	
385	369	375	388	376	386	377	396	
377	386	367	363	369	382	378	391	
381	395	389	354	373	351	361	371	
369	366	397	396	395	375	389	350	
397	384	358	373	378	390	372	352	
357	380	399	379	367	378	395	352	
385	390	355	373	378	366	360	398	
397	354	351	358	374	370	353	393	
363	387	388	380	379	365	391	375	
397	391	367	352	379	376	368	362	
379	351	358	397	356	355	380	368	
399	386	365	394	383	360	381	380	
384	356	353	352	387	392	372	359	
375	374	399	386	382	379	360	359	
385	363	392	398	380	371	391	357	
397	394	367	386	388	374	351	359	
351	361	357	350	356	374	354	376	
358	393	361	398	379	387	357	375	
367	356	358	372	360	385	355	353	
377	381	386	360	389	387	363	388	
394	391	360	388	369	363	368	385	
383	391	370	362	350	375	363	367	
384	373	350	382	358	374	385	357	
362	360	398	374	353	365	359	377	
384	377	378	394	362	398	388	358	
388	386	351	392	361	374	363	366	
368	379	369	384	383	357	397	352	
392	397	370	362	375	387	383	377	
388	397	356	394	355	351	369	375	
391	360	390	385	384	396	350	382	
357	363	397	375	362	358	399	384	
352	372	378	361	396	392	385	359	
385	362	375	393	370	387	361	396	
361	358	394	350	384	364	386	391	
388	371	366	365	368	397	399	392	
375	387	371	392	383	358	369	350	
365	360	380	357	367	355	372	359	
362	353	364	365	386	355	363	358	
358	398	355	387	382	381	383	385	
422	413	414	434	432	442	435	415	
436	425	438	423	411	406	414	439	
435	438	447	407	442	416	401	421	
408	416	442	409	400	407	435	410	
426	411	410	413	422	408	429	441	
433	443	434	439	429	409	401	419	
438	449	436	409	416	427	441	413	
403	434	408	422	441	428	447	420	
417	422	411	406	408	443	404	446	
405	406	404	444	411	403	420	430	
426	424	410	442	423	447	402	414	
441	417	433	431	409	430	432	423	
441	443	448	444	416	435	417	410	
411	423	402	401	400	448	418	404	
403	411	427	438	448	418	409	437	
432	439	401	428	438	424	448	420	
439	404	438	415	432	444	412	428	
423	421	401	418	428	409	413	410	
415	407	438	426	409	440	439	434	
440	413	418	408	416	421	448	434	
408	416	437	405	447	422	419	448	
449	419	432	441	412	436	437	408	
432	435	430	404	443	433	448	408	
435	403	431	443	420	432	419	416	
412	445	422	410	437	443	432	446	
445	425	424	408	434	421	410	446	
402	421	434	400	415	408	404	419	
419	424	402	431	415	432	427	404	
416	433	436	422	409	406	448	434	
406	430	419	444	411	446	445	441	
405	431	403	448	434	424	439	414	
425	404	426	437	418	416	439	407	
409	422	424	408	425	432	449	420	
401	426	418	407	441	421	408	443	
404	439	416	441	423	414	449	408	
447	415	404	409	413	405	430	420	
408	431	438	435	442	414	439	416	
427	407	445	435	429	404	430	402	
432	424	426	400	415	445	435	434	
445	417	447	440	435	427	401	408	
423	437	424	431	404	403	418	426	
437	409	448	433	446	412	421	444	
420	447	425	446	412	419	417	416	
420	433	425	404	412	405	410	427	
444	445	428	427	443	433	429	410	
444	445	418	435	423	419	415	438	
413	427	417	433	406	425	436	445	
420	442	431	424	448	433	413	445	
428	441	427	422	403	408	446	449	
445	427	424	416	404	449	403	400	
493	452	476	461	489	463	458	466	
498	492	482	458	464	483	463	467	
497	488	483	458	477	452	470	450	
451	463	492	497	479	490	499	487	
481	488	459	474	451	468	476	490	
464	486	450	471	479	451	452	485	
492	463	483	491	459	485	489	488	
481	496	461	466	498	472	471	478	
474	497	483	472	488	454	496	485	
456	464	479	480	493	486	494	484	
458	463	466	467	462	481	483	492	
464	477	463	469	472	495	467	454	
452	476	497	499	461	456	480	483	
465	467	484	472	468	471	473	480	
480	474	454	492	458	487	482	484	
484	483	463	462	470	452	490	468	
461	486	454	497	466	493	499	494	
475	454	459	458	460	482	462	496	
487	468	461	476	474	462	495	470	
484	490	499	495	457	467	472	492	
459	450	474	460	496	470	490	484	
479	476	469	460	491	478	454	490	
472	463	456	451	459	457	488	498	
484	457	455	491	462	479	481	474	
489	469	487	454	492	493	465	471	
496	493	488	466	479	460	481	482	
486	497	466	496	450	455	499	457	
492	490	498	467	466	482	493	471	
491	452	471	490	480	470	460	469	
467	453	478	450	469	473	459	490	
491	460	473	467	476	457	499	478	
478	493	481	479	477	491	461	465	
495	456	462	488	481	464	479	494	
464	453	455	454	498	482	462	468	
470	467	493	482	455	496	465	487	
472	452	475	473	466	477	460	470	
499	471	454	495	489	498	457	451	
460	499	495	491	486	470	455	469	
490	480	477	495	466	457	468	479	
484	468	461	490	458	482	481	465	
452	456	474	480	489	455	496	478	
494	467	470	462	481	464	492	450	
454	498	458	478	481	493	466	494	
479	451	463	497	474	460	490	481	
496	456	460	476	464	459	485	471	
468	480	451	459	481	460	461	462	
452	467	493	482	464	468	473	483	
490	483	480	474	467	461	451	492	
479	452	459	489	466	488	468	491	
482	494	483	454	457	450	476	479	
108	28	135	
379	228	328	
356	361	311	
35	365	356	
272	40	426	
61	409	154	
34	434	39	
100	225	62	
435	188	63	
30	151	173	
8	428	479	
264	199	307	
308	293	32	
322	385	63	
135	419	490	
215	443	251	
332	180	447	
291	213	299	
202	399	286	
78	289	8	
283	196	478	
367	48	198	
91	266	340	
370	74	376	
150	257	117	
79	113	313	
33	42	105	
165	236	119	
414	344	222	
391	87	269	
267	20	41	
191	346	266	
409	263	215	
196	487	478	
123	459	26	
142	264	381	
1	149	437	
429	336	194	
85	179	377	
274	347	388	
233	443	369	
101	310	188	
150	218	39	
154	257	477	
442	243	428	
88	388	35	
289	335	495	
310	447	426	
84	487	396	
223	405	360	
202	60	92	
434	398	176	
258	5	460	
455	383	118	
295	312	374	
428	223	379	
179	395	60	
205	78	486	
224	297	100	
305	101	146	
305	25	253	
75	474	116	
422	82	102	
374	403	263	
76	125	254	
51	159	357	
283	443	464	
146	40	286	
65	437	435	
473	301	435	
376	335	318	
304	434	125	
384	60	41	
262	252	113	
291	60	116	
123	493	98	
304	209	149	
32	24	236	
86	332	329	
24	92	142	
338	438	13	
267	269	499	
370	188	335	
362	222	432	
4	116	197	
54	396	161	
95	3	231	
107	480	447	
154	150	155	
332	37	30	
495	322	324	
76	56	349	
390	492	147	
24	131	342	
490	118	246	
128	15	0	
150	3	404	
215	13	419	
492	450	463	
58	204	232	
333	127	298	
345	367	72	
48	236	82	
316	37	434	
108	424	171	
314	365	348	
244	491	488	
406	203	377	
210	233	330	
249	116	117	
311	35	347	
31	146	116	
5	314	173	
0	9	427	
19	188	454	
100	187	203	
409	334	337	
11	202	408	
86	435	276	
447	84	324	
401	476	307	
471	339	304	
391	133	126	
467	224	443	
18	76	280	
38	329	278	
449	186	180	
308	455	336	
166	55	351	
69	290	164	
29	368	393	
411	335	295	
135	376	42	
288	158	38	
33	486	489	
456	6	498	
330	481	65	
40	218	396	
250	372	328	
394	38	2	
448	334	324	
239	132	46	
175	261	228	
489	97	91	
191	17	6	
67	407	287	
109	246	196	
20	418	194	
473	343	261	
97	457	61	
183	71	388	
381	19	299	
213	74	432	
426	190	4	
202	357	291	
30	485	382	
315	69	79	
186	238	212	
407	40	248	
236	401	268	
397	292	77	
492	472	336	
99	111	272	
40	373	5	
480	195	450	
293	434	256	
274	157	117	
250	311	366	
266	293	145	
233	312	56	
460	99	183	
61	159	276	
434	365	261	
261	168	169	
464	227	151	
164	380	50	
136	264	356	
345	481	187	
400	160	342	
27	11	491	
297	41	75	
354	51	221	
449	462	421	
438	322	231	
378	197	487	
371	269	472	
246	9	374	
50	341	13	
454	192	57	
211	480	116	
38	286	410	
33	34	473	
336	427	444	
259	176	270	
260	297	80	
168	273	112	
447	176	160	
119	25	180	
338	445	137	
221	485	5	
351	354	253	0	
285	10	400	64	
359	492	163	378	
27	435	404	473	
188	275	283	288	
459	283	350	85	
389	469	397	260	
486	379	206	1	
386	134	186	38	
404	143	258	356	
426	401	387	171	
206	11	73	380	
18	185	29	264	
243	439	362	429	
185	106	491	16	
385	116	304	290	
250	126	230	433	
72	407	133	167	
294	61	131	303	
111	224	376	53	
478	137	242	3	
209	267	180	337	
494	389	311	369	
142	36	308	290	
434	277	226	58	
157	126	468	57	
142	469	261	254	
378	337	79	137	
283	430	231	281	
140	438	199	125	
79	69	4	250	
101	110	182	333	
261	54	13	184	
468	488	206	470	
494	423	386	372	
40	4	48	417	
120	498	289	106	
335	442	7	444	
30	405	368	388	
71	89	122	183	
197	381	206	160	
275	326	31	68	
228	367	333	484	
448	300	388	95	
442	478	274	417	
165	143	375	288	
499	55	428	147	
140	214	490	76	
306	177	367	39	
353	171	31	328	
88	13	354	294	
148	188	123	375	
61	307	154	427	
183	18	257	265	
268	110	158	437	
451	224	452	365	
272	41	289	401	
317	470	481	402	
178	5	55	170	
135	58	303	435	
55	61	50	57	
28	285	26	389	
199	423	87	164	
22	435	219	35	
200	379	428	419	
473	329	135	258	
164	494	67	408	
268	95	58	30	
53	399	468	421	
72	218	323	56	
411	272	463	11	
204	203	273	227	
5	47	287	14	
321	95	333	101	
7	179	391	426	
174	450	202	196	
258	152	458	251	
454	55	103	216	
428	409	464	347	
453	274	376	56	
402	355	164	234	
222	283	152	158	
168	290	221	197	
120	355	300	279	
257	387	466	140	
284	415	328	472	
137	80	337	200	
299	64	55	419	
360	32	194	484	
115	69	95	33	
387	133	176	342	
290	186	432	145	
282	433	351	257	
443	408	216	19	
306	91	388	432	
493	121	325	406	
388	79	55	20	
208	21	46	136	
116	53	315	399	
42	317	472	89	
498	274	318	256	
137	206	293	348	
259	298	77	493	
415	402	46	259	
132	114	416	223	
483	72	209	210	
180	385	48	67	
487	17	274	441	
262	51	80	214	
98	113	213	220	
50	404	194	434	
96	84	95	23	
430	19	335	419	
6	385	347	75	
403	447	207	251	
33	51	341	320	
494	282	138	448	
100	421	190	485	
429	390	464	393	
103	16	387	333	
389	212	224	385	
164	94	391	446	
57	400	414	201	
236	287	147	238	
383	168	319	28	
101	238	452	125	
4	486	100	223	
241	66	352	497	
119	0	321	382	
474	467	146	35	
214	446	160	71	
440	461	113	74	
205	466	496	98	
267	88	295	224	
423	357	246	387	
428	108	263	37	
148	415	316	411	
258	389	75	167	
50	185	255	237	
18	183	484	128	
186	287	265	334	
499	147	173	493	
106	5	234	76	
427	79	321	264	
242	297	64	0	
11	211	281	82	
17	447	253	414	
25	24	203	423	
281	29	143	370	
58	367	186	410	
387	324	319	56	
489	205	78	208	
297	419	372	40	
353	3	482	44	
365	347	48	386	
220	398	368	294	
447	314	432	470	
82	151	224	451	
67	414	360	279	
185	362	311	29	
251	104	294	57	
83	57	115	109	
226	34	303	265	
321	420	61	136	
329	439	47	28	
447	64	458	280	
420	111	324	103	
99	294	374	496	
449	39	329	374	
261	289	51	414	
209	433	364	294	
155	375	383	103	
479	225	122	214	
406	168	194	387	
222	384	22	188	
365	180	361	424	
85	195	221	27	
59	232	393	24	
123	4	67	178	
292	215	210	100	
459	81	236	87	
367	298	128	484	
77	171	34	377	
110	445	247	143	
94	434	13	243	
241	34	364	244	
94	471	26	325	
123	74	12	431	
126	83	412	91	
465	172	189	313	
254	267	346	285	
254	456	202	361	
33	258	273	34	
198	488	249	36	
87	29	467	45	
436	152	195	158	
333	115	429	147	
136	269	49	313	
499	88	233	313	
341	57	355	449	
231	352	22	246	121	
349	431	89	180	39	
463	413	332	298	487	
299	117	87	187	380	
185	48	333	383	461	
353	40	333	462	31	
137	151	378	99	396	
127	244	284	499	353	
255	341	106	363	50	
406	440	172	194	82	
200	230	14	62	466	
492	19	72	306	475	
307	173	107	333	205	
73	210	15	446	176	
10	95	62	81	122	
195	442	87	256	350	
28	150	124	380	94	
262	363	254	157	4	
397	298	202	357	380	
328	144	463	46	400	
224	401	176	327	49	
464	459	383	401	497	
122	317	126	265	27	
136	146	345	326	368	
427	446	266	405	89	
133	308	105	205	472	
323	368	218	370	227	
364	182	363	189	157	
60	350	319	184	267	
280	489	230	171	440	
476	34	98	269	220	
90	72	364	288	258	
301	189	393	452	316	
91	255	363	265	407	
167	213	466	101	477	
101	427	381	470	96	
409	366	393	123	270	
151	1	425	285	339	
348	309	131	434	12	
180	273	204	226	12	
96	142	269	409	184	
152	430	231	333	187	
118	458	295	359	178	
195	418	19	63	464	
105	397	208	86	274	
442	414	262	16	41	
474	110	144	153	133	
232	280	317	338	459	
117	123	58	97	465	
469	234	495	474	100	
266	183	471	96	78	
77	265	363	35	291	
362	200	26	319	31	
109	143	485	36	117	
81	36	215	83	430	
5	364	185	354	448	
82	308	65	477	317	
25	36	184	373	99	
176	43	196	477	433	
425	445	75	438	413	
488	413	46	121	336	
456	343	487	46	335	
458	312	392	221	104	
10	266	237	37	29	
376	176	402	54	417	
360	185	86	96	71	
269	363	194	435	36	
51	399	415	252	72	
314	135	454	347	415	
360	134	197	286	146	
352	491	410	266	320	
244	474	398	200	426	
257	361	244	249	21	
20	13	60	430	217	
110	222	196	406	459	
78	159	211	101	196	
307	280	217	69	488	
66	15	209	142	40	
368	89	215	148	239	
321	456	347	206	40	
380	240	180	238	49	
237	171	364	197	111	
468	494	446	379	476	
77	394	122	388	45	
189	323	370	367	86	
238	362	402	348	85	
2	96	356	311	380	
441	35	368	481	433	
16	281	476	450	271	
321	426	128	259	36	
120	304	440	392	123	
213	309	125	249	411	
394	286	39	499	471	
161	250	374	251	253	
153	201	99	372	185	
251	107	118	93	253	
248	482	130	164	269	
143	50	127	179	187	
432	346	453	205	258	
423	30	289	119	454	
300	15	130	348	187	
19	408	153	451	262	
358	408	189	346	234	
220	160	355	432	404	
292	4	14	266	186	
163	122	391	197	185	
111	205	257	444	465	
225	37	378	21	17	
477	478	191	70	358	
155	328	315	272	56	
441	365	239	200	482	
57	135	324	481	17	
210	183	369	198	124	
128	450	301	214	472	
167	197	364	84	406	
7	368	430	59	155	
197	62	108	21	10	
373	115	169	231	61	
339	311	473	350	80	
208	476	479	447	364	
6	264	44	220	101	
351	281	121	346	87	
499	317	100	310	111	
167	15	160	387	329	
99	457	424	480	68	
468	106	376	488	9	
184	287	359	99	288	
398	286	378	407	8	
132	349	316	254	382	
117	45	31	390	419	
54	68	428	361	492	
99	385	464	53	347	
463	134	106	91	7	
240	23	436	447	439	
22	238	157	235	109	
388	395	74	309	358	
170	68	495	396	485	
475	309	496	445	448	
62	321	242	232	229	
417	55	454	366	47	
62	398	397	19	235	
237	42	369	129	120	
129	249	50	14	281	
434	375	303	126	238	
334	50	228	5	67	
425	98	433	309	305	
373	112	228	170	272	
72	441	497	68	54	
137	222	314	225	254	
414	276	252	172	105	
484	456	146	410	455	
426	402	96	331	313	
19	75	44	386	497	
486	447	225	350	356	
27	115	71	94	209	
139	406	198	51	86	
403	424	73	17	221	
204	171	18	292	310	
398	470	1	326	313	
78	352	432	66	162	
108	188	427	323	268	
167	454	54	229	180	
482	499	216	217	308	
487	275	159	68	177	
192	54	289	214	430	
279	232	71	62	168	
407	455	420	207	272	
32	73	400	221	491	
283	200	15	256	159	
312	230	254	127	17	
313	299	271	366	54	
96	248	282	58	134	
298	226	321	400	456	
117	468	328	299	76	
402	228	160	70	414	
414	413	181	394	213	
417	201	244	346	76	
15	192	166	43	370	
470	57	121	167	270	
457	476	319	470	28	
373	461	27	127	328	
101	485	239	58	65	
472	229	239	303	94	
195	480	73	124	106	
74	35	445	399	333	
128	368	338	122	67	
399	356	299	4	404	
287	294	390	51	39	
26	135	246	238	407	
223	457	51	65	262	
323	157	396	270	202	
134	89	488	476	178	
119	318	344	408	378	
54	360	276	444	343	
332	233	161	54	441	
322	285	155	82	106	
239	404	305	278	342	
321	367	13	492	107	
113	437	234	427	59	
229	428	14	262	2	
